/*--------------------------------*- C++ -*----------------------------------*\
| =========                 |                                                 |
| \\      /  F ield         | OpenFOAM: The Open Source CFD Toolbox           |
|  \\    /   O peration     | Version:  v2012                                 |
|   \\  /    A nd           | Website:  www.openfoam.com                      |
|    \\/     M anipulation  |                                                 |
\*---------------------------------------------------------------------------*/
FoamFile
{
    version     2.0;
    format      ascii;
    class       volScalarField;
    location    "1e-06";
    object      k;
}
// * * * * * * * * * * * * * * * * * * * * * * * * * * * * * * * * * * * * * //

dimensions      [0 2 -2 0 0 0 0];


internalField   nonuniform List<scalar> 
10203
(
0.147857
0.139809
0.136255
0.141947
0.143858
0.139123
0.131329
0.136012
0.138745
0.134539
0.12582
0.12632
0.129715
0.128415
0.120118
0.116753
0.120994
0.121691
0.116493
0.109482
0.114001
0.118046
0.114784
0.107582
0.107456
0.111463
0.112058
0.103669
0.098806
0.101942
0.10085
0.0985266
0.0909579
0.0923695
0.0946412
0.0925996
0.0854768
0.0828136
0.0847946
0.0816518
0.0790027
0.0716635
0.0736045
0.0752001
0.0721025
0.0659021
0.0642348
0.0668831
0.0686646
0.0637208
0.0589807
0.0618627
0.0656412
0.06549
0.0628184
0.0623483
0.0667028
0.0703729
0.0677928
0.0648205
0.0671383
0.0697839
0.068524
0.0645882
0.0634191
0.0652257
0.065825
0.062878
0.0594442
0.0610525
0.0638241
0.0648029
0.189327
0.187124
0.186464
0.183925
0.180519
0.181226
0.179363
0.178022
0.172479
0.173739
0.17118
0.170148
0.16664
0.165566
0.16344
0.162843
0.160351
0.156682
0.157214
0.156288
0.155178
0.151337
0.152009
0.150557
0.149798
0.146798
0.14543
0.142468
0.141856
0.138157
0.128597
0.132378
0.129339
0.128174
0.124018
0.121863
0.118878
0.118132
0.114682
0.108707
0.108867
0.105625
0.104437
0.100576
0.0988132
0.0968677
0.0963575
0.0940047
0.0924436
0.0913258
0.0898343
0.089465
0.0879465
0.0889232
0.0894245
0.0893181
0.0891607
0.0898912
0.0900309
0.0897728
0.0893062
0.087973
0.087677
0.0865577
0.0862204
0.0847566
0.0831116
0.0829313
0.0824049
0.0820042
0.0814105
0.0829047
0.256976
0.253243
0.252234
0.248265
0.24028
0.243196
0.240681
0.23932
0.232852
0.234446
0.231884
0.230879
0.227293
0.226216
0.224061
0.223374
0.220607
0.21397
0.217098
0.21541
0.214303
0.209701
0.209971
0.207685
0.206802
0.203172
0.200726
0.197166
0.196252
0.191897
0.17936
0.183643
0.179682
0.178425
0.173128
0.169874
0.16592
0.165001
0.160821
0.151099
0.153717
0.149759
0.14849
0.144023
0.141862
0.139453
0.138822
0.136094
0.132741
0.132143
0.090411
0.129188
0.126753
0.126738
0.126145
0.125831
0.12477
0.123513
0.123609
0.122523
0.121985
0.119961
0.119283
0.117805
0.11739
0.115765
0.112583
0.113697
0.113024
0.112659
0.111952
0.113295
0.26127
0.256197
0.255101
0.251161
0.253953
0.245944
0.243306
0.241955
0.238252
0.237231
0.234453
0.233424
0.230235
0.229502
0.226626
0.225886
0.223204
0.226447
0.21962
0.21782
0.216708
0.213558
0.212473
0.209932
0.209015
0.205534
0.203937
0.199253
0.198282
0.193915
0.190165
0.185569
0.181467
0.180186
0.175139
0.171868
0.167495
0.166538
0.162359
0.163398
0.155151
0.1511
0.149814
0.145718
0.143295
0.140666
0.140007
0.137303
0.137875
0.133248
0.130719
0.130201
0.128133
0.127784
0.127019
0.126682
0.12563
0.127186
0.12438
0.123258
0.122702
0.120963
0.120093
0.118488
0.11806
0.116456
0.117827
0.114361
0.113655
0.113288
0.112743
0.114033
0.322379
0.316239
0.314817
0.309758
0.306447
0.302724
0.299439
0.298065
0.292737
0.292678
0.289702
0.28866
0.285202
0.284335
0.281364
0.280501
0.277637
0.275992
0.273339
0.270839
0.269709
0.265378
0.264179
0.260876
0.259817
0.255576
0.252887
0.247746
0.246515
0.241525
0.23316
0.231416
0.226536
0.22516
0.219211
0.215127
0.209943
0.208781
0.203969
0.199366
0.195327
0.190429
0.189062
0.184255
0.181388
0.178263
0.177482
0.174417
0.172735
0.169311
0.16634
0.165385
0.162485
0.161563
0.160052
0.159562
0.157861
0.15744
0.155205
0.153484
0.152848
0.150482
0.149356
0.147437
0.146929
0.145113
0.144255
0.142741
0.14192
0.14156
0.140895
0.142212
0.377162
0.370434
0.368759
0.362677
0.353421
0.354141
0.350354
0.348902
0.341707
0.342896
0.339787
0.338704
0.334824
0.33373
0.330845
0.32989
0.326764
0.320124
0.321778
0.318717
0.317505
0.311781
0.310721
0.306814
0.305614
0.300566
0.296708
0.291411
0.289984
0.284358
0.271299
0.272746
0.267212
0.265718
0.25886
0.254068
0.248287
0.246956
0.241509
0.231726
0.231591
0.225976
0.224499
0.218916
0.21573
0.212249
0.211367
0.20793
0.20368
0.201989
0.198393
0.197338
0.193608
0.192351
0.190318
0.189706
0.187465
0.184818
0.18375
0.181566
0.18085
0.177865
0.176584
0.174418
0.173845
0.171813
0.168366
0.169206
0.168312
0.167949
0.167144
0.168585
0.383671
0.375334
0.37353
0.36747
0.36752
0.358705
0.354732
0.353305
0.349159
0.347457
0.344074
0.342957
0.339546
0.338853
0.335081
0.334048
0.33103
0.332981
0.325919
0.322697
0.321482
0.317395
0.314792
0.310553
0.309305
0.304423
0.301533
0.294895
0.293381
0.287732
0.282371
0.275977
0.270237
0.26871
0.262129
0.257298
0.250978
0.249587
0.244126
0.242516
0.234029
0.228267
0.226768
0.221607
0.218097
0.214325
0.213404
0.209988
0.20968
0.203896
0.200187
0.199114
0.195819
0.194163
0.191908
0.191261
0.189035
0.189435
0.185208
0.182955
0.182229
0.179582
0.178053
0.175713
0.175115
0.173104
0.174134
0.170446
0.169498
0.169127
0.168531
0.169912
0.434206
0.42556
0.423546
0.416536
0.410147
0.406507
0.402112
0.400567
0.394076
0.394108
0.390613
0.389443
0.38549
0.384552
0.380949
0.379841
0.376506
0.372889
0.370741
0.367033
0.36571
0.359965
0.357826
0.353075
0.351693
0.345996
0.341944
0.33533
0.333655
0.327392
0.31693
0.31431
0.307993
0.306345
0.298842
0.293419
0.286643
0.285108
0.279041
0.271976
0.267833
0.261459
0.259844
0.253856
0.250169
0.246127
0.24512
0.241328
0.238146
0.234535
0.230289
0.229109
0.224939
0.223127
0.220461
0.219711
0.217
0.214974
0.212315
0.209677
0.208875
0.205588
0.204014
0.201481
0.200824
0.198604
0.196615
0.19577
0.194784
0.19441
0.193651
0.195237
0.441793
0.431349
0.429182
0.422213
0.425091
0.411892
0.407274
0.405767
0.402871
0.399485
0.395658
0.394451
0.391076
0.390532
0.385924
0.384721
0.381524
0.386482
0.375603
0.371707
0.370388
0.366628
0.362619
0.357482
0.356045
0.350561
0.347553
0.339444
0.337663
0.331381
0.328352
0.318129
0.311565
0.309881
0.302728
0.297225
0.289825
0.288218
0.282141
0.283124
0.270718
0.264171
0.262532
0.257074
0.252971
0.248588
0.247533
0.243774
0.244685
0.236806
0.232429
0.231232
0.227613
0.225301
0.22238
0.22159
0.218907
0.220086
0.214094
0.211374
0.210561
0.207704
0.205805
0.203064
0.202375
0.200185
0.202825
0.197282
0.196229
0.195845
0.195355
0.19685
0.494455
0.484106
0.481693
0.473569
0.467419
0.462027
0.457006
0.455264
0.448739
0.448285
0.44442
0.443094
0.438862
0.438041
0.433874
0.432569
0.428903
0.425995
0.422323
0.417953
0.41643
0.410201
0.407338
0.401751
0.40013
0.393637
0.389198
0.38148
0.379529
0.372528
0.362584
0.357889
0.35074
0.348875
0.340542
0.334483
0.326739
0.324968
0.31818
0.311419
0.305636
0.298487
0.296681
0.29012
0.286003
0.281403
0.280237
0.276007
0.273114
0.268319
0.26339
0.262033
0.257268
0.254982
0.251693
0.25078
0.247562
0.245656
0.241961
0.238881
0.237959
0.234301
0.232511
0.229622
0.228863
0.226427
0.225071
0.223375
0.222294
0.221878
0.221113
0.222893
0.544954
0.535376
0.532762
0.523448
0.508769
0.510768
0.505455
0.503445
0.492991
0.495719
0.491969
0.490516
0.485255
0.48389
0.480593
0.47921
0.474986
0.464497
0.467762
0.46299
0.46123
0.452236
0.450724
0.444846
0.443045
0.435465
0.429165
0.422429
0.42034
0.412607
0.395145
0.396636
0.388998
0.386943
0.377323
0.37067
0.362862
0.360945
0.353436
0.339612
0.339872
0.332214
0.33023
0.322421
0.318369
0.313706
0.312438
0.307689
0.300438
0.299318
0.293876
0.292343
0.286261
0.284093
0.280556
0.279527
0.275753
0.270174
0.269453
0.26607
0.265033
0.260458
0.258872
0.255955
0.255136
0.252439
0.246882
0.249289
0.248215
0.247757
0.246611
0.248683
0.555065
0.543153
0.540322
0.53104
0.524031
0.518014
0.512376
0.51041
0.503548
0.502941
0.498721
0.49721
0.492611
0.491893
0.487243
0.485724
0.481669
0.478409
0.474282
0.469255
0.467495
0.46058
0.457186
0.450783
0.448905
0.441572
0.436676
0.427992
0.425753
0.417993
0.40755
0.401826
0.393843
0.391738
0.382518
0.375866
0.367199
0.36518
0.357655
0.350274
0.343828
0.335931
0.333915
0.326721
0.32224
0.317095
0.315759
0.311053
0.307982
0.302475
0.296856
0.295298
0.289861
0.287164
0.283267
0.282183
0.27845
0.276337
0.272001
0.268502
0.267451
0.263392
0.261456
0.258228
0.25736
0.254702
0.253472
0.25146
0.250285
0.249813
0.249008
0.251016
0.603133
0.59248
0.589491
0.578999
0.563766
0.564965
0.559117
0.556835
0.54551
0.548542
0.544527
0.542886
0.537062
0.535669
0.532171
0.530595
0.525901
0.515249
0.517913
0.512547
0.510533
0.500474
0.498795
0.492242
0.490196
0.481719
0.474754
0.467472
0.465134
0.456656
0.438774
0.439277
0.430906
0.428614
0.418017
0.410826
0.402335
0.400196
0.391958
0.377952
0.377249
0.368928
0.366735
0.358124
0.353843
0.348756
0.347328
0.342065
0.334282
0.332859
0.326762
0.325022
0.318078
0.31566
0.311616
0.310427
0.30613
0.299992
0.299089
0.295343
0.294174
0.28907
0.28748
0.284324
0.283406
0.280479
0.274806
0.277187
0.276042
0.275523
0.274219
0.276553
0.614316
0.60098
0.597737
0.587316
0.579323
0.572887
0.566643
0.56443
0.557142
0.556456
0.551866
0.550162
0.545146
0.544495
0.539402
0.537666
0.53319
0.529415
0.525026
0.519361
0.517361
0.509723
0.505895
0.49872
0.496588
0.488437
0.483081
0.47356
0.471045
0.462558
0.45149
0.444986
0.436213
0.433869
0.423784
0.41661
0.407102
0.404843
0.396612
0.388508
0.381617
0.373019
0.370796
0.362951
0.358165
0.352497
0.350989
0.345797
0.342303
0.336361
0.33006
0.3283
0.322153
0.319111
0.314635
0.313382
0.309151
0.30664
0.301946
0.29806
0.296881
0.292416
0.290405
0.28687
0.285893
0.283022
0.281642
0.279625
0.278356
0.277825
0.276947
0.279206
0.662999
0.651663
0.64828
0.636452
0.619414
0.621042
0.614675
0.612041
0.599254
0.603062
0.598857
0.596983
0.59037
0.588823
0.5854
0.583618
0.578338
0.566417
0.569604
0.563674
0.561348
0.54982
0.548298
0.541169
0.538851
0.529358
0.521467
0.514021
0.511429
0.502152
0.482764
0.483358
0.474284
0.471722
0.459979
0.452245
0.443231
0.440857
0.431831
0.416492
0.415991
0.407027
0.404592
0.39498
0.390546
0.385103
0.383495
0.377636
0.368737
0.367577
0.360747
0.35883
0.350824
0.348262
0.343769
0.342406
0.337545
0.330401
0.329825
0.325737
0.324416
0.318653
0.317161
0.313831
0.312803
0.309609
0.303233
0.306182
0.304961
0.304357
0.302774
0.305389
0.675387
0.661
0.657314
0.645597
0.635532
0.629744
0.622894
0.620354
0.611941
0.611774
0.606868
0.604925
0.599263
0.598582
0.5933
0.591327
0.586319
0.58105
0.577402
0.57112
0.56882
0.559999
0.556136
0.548269
0.545852
0.536764
0.530696
0.520712
0.517909
0.508641
0.496101
0.489665
0.480115
0.4775
0.466385
0.458705
0.448484
0.44597
0.436973
0.427435
0.420829
0.411538
0.409074
0.400379
0.395384
0.389235
0.387534
0.381777
0.377219
0.371469
0.362534
0.362465
0.355408
0.352144
0.347127
0.345689
0.340921
0.337506
0.333019
0.328764
0.327437
0.322442
0.32047
0.316671
0.315575
0.312456
0.310369
0.308911
0.307537
0.306922
0.30586
0.3084
0.724855
0.713356
0.709571
0.696196
0.675951
0.679359
0.672511
0.669422
0.654431
0.659572
0.655309
0.653153
0.645452
0.643561
0.640611
0.638616
0.632604
0.618189
0.623154
0.616722
0.614012
0.600517
0.599527
0.591985
0.589367
0.578692
0.569537
0.562427
0.559591
0.549439
0.527291
0.529209
0.519495
0.516622
0.503507
0.495192
0.485898
0.483282
0.473377
0.455465
0.456418
0.446842
0.44412
0.433233
0.428729
0.423047
0.421242
0.414681
0.403974
0.403759
0.364437
0.394053
0.384727
0.382145
0.377305
0.375756
0.370268
0.361581
0.361933
0.357537
0.356033
0.349424
0.348143
0.344739
0.343592
0.340071
0.332275
0.336507
0.335208
0.334488
0.332457
0.33536
0.734267
0.718633
0.714523
0.701654
0.690902
0.684446
0.676999
0.674159
0.665223
0.665012
0.659716
0.657554
0.651371
0.650665
0.645034
0.642831
0.637332
0.631724
0.627676
0.620784
0.618227
0.608629
0.604466
0.595902
0.593227
0.583338
0.576748
0.566197
0.563124
0.553166
0.540167
0.532949
0.522677
0.519816
0.507829
0.499712
0.488811
0.486059
0.476379
0.466354
0.459216
0.449294
0.446611
0.437151
0.431951
0.425324
0.423438
0.417133
0.411782
0.405992
0.396614
0.396079
0.388161
0.384687
0.379155
0.377545
0.372273
0.368121
0.363763
0.359176
0.357713
0.352227
0.350332
0.3463
0.345094
0.341743
0.339172
0.338077
0.336596
0.335902
0.33463
0.337443
0.744132
0.724274
0.719854
0.707569
0.706662
0.689803
0.681748
0.679206
0.676801
0.67068
0.664365
0.662219
0.657869
0.657988
0.649681
0.647279
0.642383
0.645956
0.632413
0.625068
0.622697
0.617621
0.609605
0.600038
0.597323
0.588376
0.584252
0.570178
0.566869
0.557142
0.551573
0.536896
0.526063
0.523231
0.512613
0.504405
0.49191
0.48903
0.479609
0.4771
0.462178
0.451894
0.449266
0.441552
0.43529
0.427733
0.425773
0.419765
0.420299
0.408345
0.400354
0.398236
0.392052
0.387319
0.381113
0.379446
0.374429
0.375294
0.365698
0.360919
0.359505
0.355401
0.352602
0.347958
0.346696
0.343543
0.346634
0.339734
0.33807
0.337409
0.33706
0.339585
0.796263
0.780044
0.775482
0.761132
0.748793
0.742465
0.734435
0.731145
0.720717
0.721195
0.715658
0.713205
0.706084
0.70514
0.699671
0.697222
0.691043
0.684365
0.680706
0.673274
0.670358
0.659284
0.655381
0.646312
0.643339
0.632414
0.62487
0.614394
0.611047
0.600292
0.585904
0.578808
0.56787
0.564707
0.551513
0.542928
0.531634
0.528628
0.518126
0.507012
0.49993
0.489379
0.486416
0.47581
0.470534
0.463564
0.461466
0.454471
0.447742
0.442492
0.434116
0.431605
0.422465
0.418973
0.413041
0.411239
0.405377
0.399993
0.396329
0.391438
0.389795
0.383552
0.381897
0.377743
0.376411
0.372745
0.36925
0.368947
0.36735
0.366535
0.364823
0.367935
0.811089
0.790561
0.785564
0.771643
0.765457
0.752275
0.743503
0.740468
0.735588
0.731145
0.724487
0.721986
0.716635
0.71663
0.708417
0.705698
0.700096
0.699394
0.689449
0.681486
0.678705
0.671705
0.664404
0.654207
0.651129
0.641084
0.635931
0.621903
0.618245
0.607648
0.598377
0.586018
0.574379
0.571189
0.55929
0.550646
0.537544
0.534342
0.524038
0.517486
0.505447
0.494425
0.491477
0.482589
0.476279
0.468212
0.465992
0.459273
0.457258
0.446941
0.438224
0.435737
0.428333
0.423593
0.41685
0.414951
0.409334
0.408193
0.40001
0.394863
0.39325
0.388434
0.385873
0.380975
0.379549
0.376076
0.376887
0.372093
0.370255
0.369453
0.368726
0.371587
0.865006
0.84965
0.844595
0.828057
0.810896
0.807733
0.799229
0.795183
0.780916
0.783873
0.778543
0.775653
0.766701
0.765088
0.76095
0.758247
0.750982
0.74051
0.740065
0.732275
0.728773
0.714593
0.712141
0.703018
0.699649
0.687119
0.677652
0.668564
0.66496
0.653117
0.634441
0.630123
0.61865
0.615045
0.599886
0.590672
0.579589
0.576289
0.564645
0.549897
0.545282
0.534142
0.530761
0.518207
0.51307
0.506088
0.503727
0.495763
0.486252
0.482925
0.473863
0.470942
0.459863
0.456674
0.450601
0.448563
0.44191
0.434176
0.432376
0.427221
0.425305
0.417754
0.416582
0.412541
0.411044
0.406888
0.401202
0.402913
0.401207
0.400189
0.397613
0.40105
0.881213
0.861142
0.85555
0.839519
0.827472
0.818452
0.809037
0.805289
0.796748
0.794788
0.788084
0.78513
0.778139
0.777677
0.770422
0.767383
0.760794
0.755396
0.749592
0.741159
0.737817
0.727922
0.722081
0.711596
0.708098
0.696584
0.689702
0.676763
0.672774
0.66114
0.647801
0.638064
0.625743
0.622108
0.608416
0.599281
0.586055
0.582514
0.571126
0.5604
0.551362
0.539651
0.536294
0.525656
0.519505
0.511177
0.508666
0.501043
0.495791
0.487835
0.478359
0.475473
0.466323
0.46187
0.454789
0.452629
0.44628
0.442461
0.436453
0.43098
0.429103
0.423162
0.421075
0.416097
0.414484
0.410571
0.408706
0.4064
0.404391
0.40339
0.401947
0.405189
0.937102
0.923603
0.918131
0.898847
0.874262
0.876655
0.867891
0.862829
0.843177
0.84958
0.844931
0.841518
0.830081
0.827411
0.825479
0.822586
0.813901
0.797464
0.802477
0.794602
0.790341
0.772066
0.771684
0.763038
0.759234
0.744686
0.732712
0.725949
0.722185
0.709045
0.683812
0.684399
0.672654
0.668515
0.650841
0.64082
0.630586
0.62701
0.613966
0.593331
0.593381
0.581794
0.577891
0.562787
0.557853
0.551274
0.548642
0.539466
0.525942
0.525805
0.516149
0.51272
0.499154
0.496436
0.490572
0.488287
0.480664
0.469593
0.470721
0.465398
0.463128
0.453816
0.453249
0.44964
0.44797
0.443155
0.433876
0.438969
0.437209
0.435916
0.432088
0.435786
0.950196
0.930414
0.924257
0.906161
0.891339
0.883363
0.873345
0.868858
0.857621
0.857046
0.850318
0.846921
0.838336
0.837294
0.830996
0.827664
0.820087
0.812722
0.808355
0.799525
0.795642
0.783422
0.778547
0.767896
0.764
0.751103
0.742655
0.730789
0.726509
0.713893
0.698601
0.689489
0.676604
0.672537
0.657112
0.647449
0.634302
0.630446
0.617993
0.605567
0.597149
0.584844
0.581074
0.56865
0.562616
0.554171
0.551379
0.542813
0.535307
0.528803
0.51863
0.515336
0.504379
0.500221
0.492948
0.490542
0.483438
0.477611
0.473201
0.467461
0.46531
0.458147
0.456567
0.451656
0.449865
0.445459
0.441944
0.441113
0.43895
0.437737
0.435413
0.438986
0.964215
0.937612
0.930841
0.914147
0.907807
0.890321
0.879048
0.875287
0.871692
0.864732
0.855932
0.852628
0.847432
0.847631
0.836716
0.832994
0.826736
0.82736
0.814423
0.804661
0.801258
0.795249
0.785617
0.772972
0.769037
0.758129
0.75325
0.735826
0.731061
0.719074
0.71052
0.694788
0.680773
0.67683
0.664091
0.65436
0.638218
0.634111
0.622349
0.616338
0.601078
0.588045
0.584455
0.575191
0.56752
0.557204
0.554273
0.546433
0.54499
0.531917
0.521231
0.518117
0.510216
0.504096
0.495432
0.492923
0.486442
0.4861
0.475779
0.469628
0.467632
0.463028
0.459958
0.453762
0.451867
0.447953
0.449885
0.443335
0.440775
0.439663
0.439169
0.442248
1.02393
1.00557
0.998928
0.977954
0.959142
0.953154
0.942782
0.937181
0.921703
0.923338
0.917195
0.913226
0.902142
0.900142
0.89588
0.892327
0.883299
0.873091
0.871172
0.862291
0.857621
0.841923
0.83871
0.828575
0.824225
0.809353
0.798788
0.789049
0.784582
0.77069
0.751579
0.744801
0.731677
0.727046
0.709114
0.698737
0.686468
0.682316
0.668424
0.652956
0.646429
0.633683
0.629351
0.614343
0.608537
0.600514
0.597425
0.587583
0.577337
0.572842
0.562092
0.558253
0.544762
0.541136
0.534124
0.531452
0.523338
0.515104
0.512793
0.506904
0.504367
0.495364
0.494462
0.490028
0.488046
0.482922
0.477218
0.478372
0.476125
0.474602
0.470878
0.474729
1.04292
1.01855
1.01109
0.991198
0.976251
0.965322
0.953481
0.948495
0.939106
0.935934
0.927608
0.923607
0.915556
0.914773
0.906311
0.902241
0.894428
0.888255
0.881882
0.871974
0.867675
0.857203
0.850291
0.838049
0.833549
0.820466
0.812793
0.798261
0.793179
0.779806
0.765223
0.753995
0.739542
0.734943
0.71942
0.709118
0.69373
0.689214
0.675922
0.663709
0.653428
0.639788
0.635577
0.623473
0.616327
0.606219
0.602907
0.593754
0.58741
0.578495
0.567096
0.563386
0.552763
0.547457
0.538839
0.535994
0.528484
0.523995
0.517502
0.511092
0.508673
0.502146
0.499972
0.494035
0.491882
0.487238
0.484967
0.48241
0.479658
0.478207
0.476305
0.479846
1.10611
1.09137
1.08446
1.05923
1.02992
1.03191
1.02173
1.01441
0.990521
0.997258
0.992813
0.988078
0.972939
0.969353
0.968992
0.965407
0.954134
0.935654
0.941738
0.933481
0.927584
0.905655
0.905921
0.897486
0.89259
0.874683
0.860661
0.855084
0.850694
0.834932
0.806564
0.807044
0.794272
0.788839
0.76704
0.755615
0.745457
0.741068
0.725089
0.701453
0.701685
0.68884
0.683688
0.664704
0.659334
0.652616
0.649228
0.637563
0.621567
0.622119
0.611043
0.606419
0.589139
0.58642
0.580406
0.577451
0.56788
0.554816
0.557076
0.55126
0.548136
0.536275
0.536284
0.532994
0.530807
0.524572
0.513585
0.519729
0.517574
0.515584
0.509671
0.513695
1.12208
1.09951
1.09144
1.0682
1.04971
1.04008
1.02786
1.02151
1.00787
1.00652
0.998911
0.994206
0.983249
0.981339
0.97538
0.971043
0.96157
0.953105
0.948803
0.938973
0.933734
0.919675
0.914513
0.903047
0.898003
0.882714
0.872676
0.860838
0.855547
0.840748
0.823601
0.813404
0.798784
0.7935
0.775125
0.764067
0.749838
0.744964
0.730039
0.715701
0.706357
0.692318
0.687426
0.672356
0.665529
0.656011
0.652344
0.641735
0.632544
0.625829
0.613877
0.609514
0.596028
0.591408
0.583198
0.580034
0.571366
0.564281
0.560158
0.553613
0.550718
0.542047
0.540699
0.53537
0.532977
0.527461
0.523077
0.522412
0.519559
0.517722
0.514099
0.517947
1.13925
1.10806
1.09898
1.07814
1.06619
1.04852
1.0342
1.02914
1.02319
1.01611
1.00522
1.00071
0.99453
0.994059
0.981947
0.976965
0.969668
0.967527
0.956052
0.944657
0.9403
0.933223
0.923422
0.908812
0.90374
0.891589
0.88548
0.866767
0.860649
0.847022
0.835719
0.820008
0.803519
0.798504
0.784073
0.77304
0.754422
0.749129
0.735469
0.726272
0.711201
0.695933
0.691411
0.680684
0.671997
0.659542
0.65565
0.646319
0.642567
0.629655
0.61683
0.612828
0.603474
0.596564
0.586095
0.582769
0.575206
0.573241
0.56333
0.55607
0.553481
0.548404
0.545255
0.537826
0.535264
0.530631
0.531009
0.525168
0.521621
0.519991
0.519096
0.522352
1.2076
1.18774
1.17937
1.15155
1.12662
1.12063
1.10855
1.10027
1.08002
1.08173
1.07581
1.07027
1.05519
1.05194
1.04954
1.04519
1.03335
1.02036
1.02045
1.01139
1.00484
0.985588
0.98305
0.973473
0.967863
0.949517
0.936811
0.92863
0.923447
0.906724
0.883532
0.877503
0.863389
0.857232
0.834911
0.822885
0.810839
0.80573
0.788558
0.769119
0.763515
0.749473
0.743668
0.724545
0.718105
0.710041
0.706059
0.69346
0.680391
0.676985
0.664826
0.659586
0.642219
0.638484
0.631456
0.627991
0.617719
0.607264
0.606364
0.59997
0.596403
0.584705
0.584289
0.580276
0.577665
0.57089
0.563017
0.56556
0.562832
0.560451
0.554367
0.558369
1.22505
1.19661
1.18674
1.16188
1.14314
1.12966
1.11491
1.10812
1.09687
1.09213
1.08219
1.07679
1.0671
1.06514
1.05634
1.05104
1.04177
1.03485
1.02818
1.01706
1.01153
1.00028
0.992749
0.979323
0.973592
0.958892
0.949801
0.934855
0.928496
0.913232
0.897569
0.884655
0.868114
0.86225
0.844447
0.832539
0.815546
0.809818
0.794226
0.780209
0.768728
0.753103
0.747737
0.733502
0.725263
0.713667
0.709341
0.698297
0.690178
0.681108
0.66778
0.662975
0.650291
0.644281
0.634436
0.630717
0.621784
0.615932
0.609793
0.602419
0.599223
0.591589
0.589446
0.582818
0.579951
0.574243
0.570876
0.568567
0.564901
0.562771
0.559753
0.563338
1.24486
1.20581
1.19477
1.17319
1.16469
1.13887
1.12144
1.11656
1.1142
1.10276
1.08874
1.08375
1.07979
1.07947
1.06326
1.05721
1.05085
1.05342
1.03601
1.02288
1.01868
1.01532
1.00266
0.985342
0.979676
0.969027
0.964546
0.941204
0.933813
0.92024
0.913214
0.891964
0.87305
0.86765
0.854712
0.842781
0.820429
0.814202
0.800405
0.794908
0.774052
0.756851
0.752078
0.743012
0.732631
0.717411
0.712834
0.703574
0.70289
0.6853
0.670846
0.666614
0.658809
0.650165
0.637506
0.633612
0.626235
0.627231
0.613272
0.604965
0.602251
0.598928
0.594665
0.585419
0.582363
0.577908
0.581465
0.571598
0.567036
0.56524
0.565606
0.568395
1.31926
1.29391
1.28376
1.25316
1.23
1.21767
1.20323
1.19394
1.1764
1.17355
1.16583
1.15935
1.14469
1.14127
1.13676
1.13149
1.11927
1.10988
1.10583
1.09595
1.08873
1.07228
1.06711
1.05634
1.04992
1.03155
1.01982
1.00918
1.00303
0.985414
0.965681
0.954825
0.939166
0.932177
0.909654
0.896649
0.882461
0.876476
0.858104
0.841106
0.831156
0.815753
0.809212
0.790279
0.782417
0.772795
0.768098
0.754619
0.74344
0.737016
0.723691
0.717771
0.700666
0.695592
0.687389
0.683306
0.672383
0.663734
0.660377
0.653296
0.64922
0.638015
0.636877
0.631981
0.628847
0.621536
0.615709
0.615583
0.612143
0.609301
0.603248
0.606949
1.3426
1.30971
1.29787
1.27011
1.24829
1.2327
1.21521
1.20757
1.19546
1.18939
1.17755
1.17121
1.16159
1.15898
1.14877
1.14244
1.13297
1.1256
1.11874
1.10666
1.10056
1.08996
1.08186
1.06719
1.06061
1.04597
1.03667
1.02024
1.01275
0.996717
0.980069
0.966603
0.948225
0.94153
0.923369
0.910288
0.891129
0.884393
0.867728
0.852636
0.840042
0.822734
0.816684
0.802375
0.792949
0.779556
0.774424
0.76271
0.754305
0.744169
0.729447
0.724025
0.711358
0.704303
0.693001
0.688587
0.679224
0.673468
0.666364
0.658096
0.654453
0.647312
0.64456
0.636748
0.63328
0.627241
0.623962
0.620772
0.616179
0.613627
0.610889
0.614093
1.42409
1.40498
1.39537
1.35654
1.31848
1.31678
1.30381
1.29102
1.25977
1.26412
1.26028
1.25257
1.23027
1.22489
1.22703
1.22245
1.20592
1.18543
1.19265
1.18547
1.17583
1.14923
1.15004
1.14383
1.13677
1.11296
1.09672
1.09343
1.08837
1.06728
1.03443
1.03375
1.02027
1.0118
0.982141
0.967901
0.958229
0.952352
0.930004
0.901614
0.901109
0.886838
0.87868
0.852559
0.845778
0.839512
0.834632
0.817726
0.798166
0.799654
0.78713
0.779669
0.755813
0.752569
0.747247
0.742917
0.729138
0.713238
0.717057
0.710906
0.705577
0.688893
0.689318
0.687295
0.684012
0.674345
0.66068
0.667902
0.665253
0.661418
0.65094
0.654711
1.44581
1.41623
1.40405
1.36953
1.3439
1.32826
1.31135
1.30053
1.28261
1.27699
1.26788
1.26021
1.24504
1.24068
1.23533
1.22909
1.21615
1.20723
1.20231
1.19202
1.18381
1.16843
1.1621
1.15088
1.14347
1.12471
1.1128
1.10131
1.09419
1.07536
1.05601
1.04302
1.02597
1.01785
0.994386
0.979919
0.964148
0.957138
0.937154
0.919821
0.907933
0.891191
0.88366
0.86419
0.854917
0.844057
0.838504
0.823897
0.812682
0.805094
0.790671
0.783854
0.766442
0.760149
0.750999
0.746154
0.734378
0.725932
0.72163
0.713837
0.709065
0.697948
0.696106
0.690509
0.686722
0.678681
0.673188
0.671952
0.667741
0.664275
0.657974
0.661146
1.46769
1.428
1.41363
1.38395
1.36107
1.34023
1.31896
1.31104
1.29943
1.29064
1.27566
1.26851
1.26011
1.25688
1.2438
1.23616
1.22744
1.22168
1.21227
1.19866
1.19253
1.18411
1.17486
1.15806
1.15067
1.13742
1.12861
1.10934
1.10032
1.08427
1.06896
1.05278
1.03185
1.02449
1.00704
0.992691
0.970267
0.962305
0.945178
0.930799
0.915039
0.895601
0.88907
0.875548
0.86469
0.848711
0.842659
0.830839
0.82324
0.810695
0.794286
0.788451
0.776595
0.76822
0.754822
0.749619
0.740306
0.735533
0.726315
0.716833
0.71289
0.706898
0.703317
0.693755
0.68959
0.683574
0.681357
0.676089
0.67026
0.667368
0.665409
0.668015
1.55854
1.53224
1.52082
1.47777
1.44148
1.43125
1.41542
1.4011
1.37237
1.37085
1.36487
1.3561
1.33382
1.32816
1.32769
1.32238
1.30516
1.28919
1.29136
1.28385
1.27334
1.25013
1.24811
1.24109
1.23327
1.20951
1.19489
1.18881
1.18306
1.16075
1.13205
1.12559
1.11064
1.10112
1.07088
1.05539
1.0432
1.03652
1.01238
0.986906
0.980961
0.965431
0.956293
0.930181
0.921672
0.91377
0.908217
0.89005
0.872991
0.870652
0.857249
0.848884
0.82525
0.820369
0.813903
0.808972
0.794186
0.78064
0.781215
0.774511
0.768443
0.752107
0.751546
0.748654
0.744876
0.734298
0.723162
0.726897
0.723595
0.719105
0.708366
0.711516
1.58162
1.54472
1.53022
1.49289
1.46517
1.44406
1.4234
1.41189
1.39492
1.38515
1.37296
1.36444
1.35041
1.34496
1.33665
1.3294
1.31687
1.30932
1.30199
1.29065
1.28221
1.26984
1.26153
1.24861
1.2405
1.22313
1.21176
1.19748
1.1892
1.17004
1.15231
1.13607
1.11672
1.10782
1.08496
1.06873
1.04971
1.04164
1.02073
1.00362
0.988669
0.97005
0.961869
0.943273
0.932011
0.918731
0.912376
0.897331
0.886761
0.876794
0.860998
0.853604
0.837201
0.82904
0.818001
0.812462
0.800423
0.792811
0.786399
0.777611
0.772375
0.762463
0.759335
0.752173
0.747789
0.739451
0.734751
0.731513
0.726235
0.722304
0.716654
0.718859
1.60623
1.55729
1.54032
1.50897
1.48587
1.45702
1.43104
1.42344
1.41318
1.40002
1.38088
1.37327
1.36664
1.36269
1.34544
1.33664
1.32924
1.32631
1.31261
1.29722
1.29163
1.28656
1.27545
1.25594
1.24806
1.23713
1.22943
1.206
1.19547
1.17995
1.1675
1.14679
1.12271
1.11497
1.0989
1.08299
1.05615
1.047
1.02977
1.01716
0.996421
0.974501
0.967776
0.955671
0.942915
0.9236
0.916718
0.905217
0.899377
0.882892
0.86464
0.85867
0.848316
0.8381
0.822
0.816096
0.807223
0.804301
0.791519
0.780629
0.776591
0.772324
0.767451
0.755573
0.750781
0.745078
0.744821
0.736053
0.728778
0.725689
0.724966
0.726588
1.70438
1.66833
1.65464
1.60861
1.57359
1.55311
1.53272
1.51811
1.49272
1.48409
1.47416
1.46481
1.44426
1.43758
1.43282
1.4266
1.41008
1.39879
1.39502
1.38618
1.37593
1.35786
1.35223
1.34311
1.33491
1.31313
1.3002
1.28988
1.28308
1.26075
1.23706
1.22387
1.20621
1.19618
1.16707
1.14956
1.13314
1.12552
1.10049
1.07823
1.06572
1.048
1.03852
1.01401
1.00292
0.992021
0.985825
0.967383
0.953204
0.94595
0.931024
0.922394
0.900595
0.893164
0.884361
0.878896
0.863966
0.853164
0.849367
0.841467
0.835191
0.820625
0.818223
0.813317
0.809077
0.798289
0.790108
0.789336
0.784766
0.780025
0.770245
0.772144
1.72837
1.68157
1.66446
1.62553
1.59353
1.56689
1.54064
1.52997
1.51314
1.49952
1.4823
1.47361
1.4618
1.45504
1.44201
1.43369
1.42294
1.41538
1.40623
1.39281
1.38548
1.37657
1.36672
1.35068
1.34241
1.32811
1.31741
1.29896
1.28926
1.27106
1.25373
1.2353
1.21232
1.20335
1.18233
1.16406
1.1399
1.13075
1.1099
1.09162
1.07405
1.05259
1.04455
1.0278
1.01431
0.99713
0.990102
0.975665
0.965246
0.952553
0.934736
0.927546
0.913118
0.902812
0.888581
0.882502
0.871137
0.864038
0.85496
0.844535
0.839479
0.831687
0.826907
0.816943
0.812068
0.804208
0.799769
0.794336
0.787384
0.783481
0.779426
0.780313
1.75877
1.69451
1.67507
1.64307
1.62496
1.58037
1.54817
1.54231
1.53741
1.5154
1.49013
1.48288
1.47971
1.47571
1.45081
1.44109
1.43615
1.44081
1.41705
1.39919
1.39543
1.39722
1.38158
1.35795
1.35027
1.34338
1.33929
1.30762
1.29565
1.28177
1.27727
1.24655
1.21829
1.21097
1.19802
1.18035
1.14644
1.13631
1.11975
1.11327
1.08209
1.057
1.05089
1.04204
1.0263
1.00206
0.994628
0.984312
0.983969
0.958863
0.938344
0.933029
0.926073
0.912683
0.892636
0.886313
0.878662
0.880977
0.860269
0.847528
0.844052
0.843041
0.835745
0.820392
0.815191
0.810437
0.815527
0.799046
0.789909
0.787137
0.788763
0.788819
1.85654
1.80894
1.79216
1.74508
1.70968
1.67864
1.65162
1.63823
1.61632
1.60034
1.5844
1.57493
1.55785
1.54936
1.53884
1.53125
1.51713
1.5097
1.50014
1.48873
1.47998
1.46821
1.459
1.44625
1.43792
1.42038
1.40873
1.39332
1.38471
1.36399
1.34563
1.32567
1.30376
1.29383
1.26771
1.24755
1.22512
1.21619
1.19156
1.172
1.15273
1.13164
1.12252
1.10126
1.08707
1.07169
1.06473
1.04734
1.03551
1.02324
1.00596
0.997777
0.979391
0.968902
0.956399
0.950322
0.936421
0.927883
0.919507
0.909569
0.903668
0.8923
0.887479
0.879234
0.874417
0.86437
0.858781
0.853356
0.846739
0.842183
0.834732
0.834922
1.88651
1.82755
1.80775
1.76697
1.73339
1.69674
1.6637
1.65458
1.63781
1.61959
1.59634
1.58784
1.57793
1.57044
1.55156
1.54224
1.53351
1.52855
1.51473
1.49895
1.49333
1.48794
1.47694
1.45741
1.44931
1.43851
1.42963
1.40588
1.39469
1.37808
1.36342
1.34052
1.31329
1.30468
1.28545
1.26539
1.2349
1.22465
1.20407
1.18726
1.1637
1.13881
1.13135
1.11652
1.101
1.07919
1.07156
1.05815
1.0497
1.03205
1.01189
1.00537
0.993086
0.980764
0.962672
0.956124
0.945841
0.940856
0.926989
0.914511
0.910029
0.904479
0.898031
0.884558
0.879217
0.8722
0.869923
0.85991
0.850896
0.847335
0.845113
0.844715
1.99057
1.94327
1.92697
1.87062
1.82601
1.79553
1.76765
1.75125
1.72025
1.70488
1.69031
1.68001
1.65644
1.64633
1.63883
1.63215
1.61422
1.60241
1.59699
1.58794
1.57765
1.56071
1.55446
1.54548
1.53718
1.51595
1.50296
1.49179
1.48461
1.46121
1.43679
1.42028
1.39973
1.38875
1.35645
1.33463
1.3141
1.30545
1.27657
1.2511
1.23438
1.2138
1.2035
1.17666
1.16248
1.14908
1.14224
1.12171
1.106
1.09661
1.08009
1.07084
1.04754
1.03768
1.02706
1.02104
1.00443
0.992406
0.986646
0.97729
0.970457
0.954699
0.95034
0.943861
0.939126
0.926709
0.917325
0.914361
0.908152
0.902886
0.891599
0.89132
2.01994
1.96283
1.94286
1.89334
1.84925
1.81437
1.7802
1.76794
1.74319
1.72445
1.70262
1.69299
1.67734
1.66689
1.65193
1.6431
1.63082
1.62092
1.61198
1.59834
1.59104
1.58165
1.5726
1.55697
1.54862
1.53469
1.52324
1.50492
1.49471
1.47564
1.45562
1.43583
1.4097
1.39984
1.37521
1.35256
1.32438
1.31407
1.28945
1.26631
1.2459
1.22125
1.2125
1.19286
1.17667
1.15693
1.1492
1.13283
1.11972
1.10593
1.08627
1.07861
1.06224
1.04993
1.03369
1.02697
1.01416
1.00489
0.994621
0.98246
0.976981
0.967749
0.961263
0.949486
0.944035
0.934764
0.928175
0.921339
0.91249
0.908152
0.902575
0.90135
2.12621
2.08062
2.06488
1.9992
1.94149
1.91455
1.88526
1.86609
1.82336
1.81052
1.79688
1.78589
1.75542
1.74318
1.73901
1.73326
1.71172
1.69285
1.69399
1.68714
1.67563
1.65217
1.65045
1.64519
1.63712
1.61252
1.59722
1.59158
1.58593
1.56028
1.52727
1.51696
1.49767
1.48577
1.44695
1.42338
1.40473
1.39638
1.36324
1.32916
1.31726
1.29697
1.28563
1.25274
1.23901
1.2275
1.22087
1.19741
1.17561
1.17117
1.15542
1.14526
1.11658
1.10792
1.09914
1.09323
1.07407
1.05652
1.05527
1.04643
1.03874
1.01817
1.0146
1.00972
1.00509
0.990361
0.975123
0.976439
0.970559
0.964641
0.949422
0.948734
2.15534
2.09605
2.07574
2.01875
1.97035
1.9303
1.89412
1.87924
1.85017
1.82766
1.80578
1.79526
1.77541
1.76282
1.74902
1.74056
1.7256
1.71573
1.70619
1.69409
1.68573
1.67521
1.66634
1.65342
1.64503
1.62941
1.61772
1.60188
1.59249
1.57185
1.55197
1.53024
1.50464
1.49383
1.46527
1.4403
1.41255
1.40211
1.37395
1.34928
1.32685
1.3021
1.29233
1.26933
1.25203
1.23335
1.22554
1.20682
1.1926
1.17888
1.1596
1.15106
1.13204
1.11915
1.10407
1.09725
1.08238
1.07192
1.06194
1.04992
1.04364
1.03176
1.02474
1.01396
1.00841
0.997173
0.989467
0.98236
0.973524
0.968544
0.960329
0.958174
2.1874
2.11148
2.08784
2.03911
1.99941
1.9462
1.90248
1.89331
1.87353
1.84565
1.81446
1.80547
1.79446
1.78409
1.75881
1.74843
1.74004
1.73779
1.71835
1.70078
1.69657
1.69525
1.68288
1.66139
1.65354
1.64622
1.63991
1.61191
1.59944
1.58417
1.57339
1.54371
1.51145
1.50264
1.48292
1.45868
1.42026
1.40838
1.38542
1.36861
1.33642
1.307
1.29957
1.28466
1.2658
1.23906
1.23061
1.21687
1.20998
1.18646
1.16365
1.15744
1.14614
1.13091
1.10886
1.10161
1.09133
1.08807
1.06846
1.05332
1.04902
1.04437
1.03532
1.01802
1.01196
1.00455
1.00385
0.988109
0.976368
0.972792
0.970868
0.96816
2.29592
2.23348
2.21298
2.14834
2.09544
2.04949
2.01055
1.99329
1.95915
1.93326
1.9106
1.89924
1.87507
1.86068
1.84719
1.83909
1.82147
1.8115
1.80132
1.7906
1.78132
1.76956
1.76146
1.75103
1.74272
1.72577
1.71467
1.70085
1.69232
1.67046
1.65009
1.62764
1.60249
1.59084
1.55837
1.53133
1.50329
1.49272
1.46082
1.43423
1.40968
1.38451
1.37378
1.34745
1.32926
1.31135
1.3035
1.28253
1.26754
1.25354
1.23464
1.22531
1.2037
1.19048
1.17639
1.1695
1.15267
1.14146
1.1313
1.11942
1.11234
1.09776
1.09028
1.08019
1.07456
1.06132
1.0526
1.04489
1.03599
1.03038
1.01959
1.01662
2.32859
2.25435
2.2299
2.17309
2.1212
2.0697
2.02328
2.01126
1.98218
1.95424
1.92304
1.91287
1.89643
1.88274
1.86048
1.8502
1.83883
1.83083
1.81672
1.80072
1.79525
1.79004
1.78058
1.76251
1.75448
1.74535
1.7368
1.71449
1.70266
1.6861
1.6697
1.64455
1.61285
1.60288
1.57844
1.55145
1.51419
1.50187
1.47501
1.4509
1.42202
1.39207
1.38348
1.3642
1.34484
1.31952
1.31081
1.29475
1.2828
1.26351
1.24095
1.23381
1.21902
1.20412
1.18338
1.17585
1.16361
1.15572
1.14
1.12477
1.11959
1.11162
1.10255
1.08614
1.0798
1.07039
1.06482
1.05245
1.04044
1.03615
1.03136
1.02784
2.443
2.37911
2.35857
2.28539
2.22386
2.17531
2.1335
2.11344
2.0713
2.0436
2.02028
2.00798
1.97834
1.9619
1.94933
1.94172
1.92094
1.90789
1.89993
1.8909
1.88053
1.86597
1.86005
1.85273
1.84458
1.82596
1.81504
1.80468
1.79737
1.77428
1.75067
1.73064
1.70645
1.69384
1.65654
1.62745
1.59939
1.58869
1.55239
1.52069
1.49651
1.47094
1.4591
1.42849
1.40982
1.39291
1.3851
1.36167
1.34405
1.33172
1.31346
1.30324
1.27834
1.26538
1.25256
1.24564
1.22668
1.21312
1.20448
1.19285
1.18489
1.16693
1.15929
1.15
1.14427
1.12873
1.11703
1.11042
1.10147
1.09517
1.08134
1.07769
2.47519
2.40089
2.37576
2.31117
2.24937
2.19632
2.1467
2.13191
2.09521
2.06497
2.03306
2.02176
2.00044
1.98361
1.96298
1.95281
1.93861
1.92687
1.91567
1.90109
1.89455
1.88711
1.87931
1.86443
1.85635
1.8461
1.8367
1.81881
1.80776
1.79035
1.77095
1.74831
1.71726
1.70625
1.67777
1.64792
1.61087
1.59807
1.56716
1.53736
1.50944
1.47875
1.46903
1.44605
1.42568
1.40142
1.39252
1.37432
1.35904
1.34222
1.31999
1.31198
1.29456
1.27948
1.25991
1.25216
1.2381
1.22716
1.21375
1.19845
1.19241
1.18171
1.17207
1.15629
1.14966
1.13822
1.12913
1.11847
1.1061
1.10111
1.09377
1.08923
2.59302
2.52847
2.50794
2.42655
2.35511
2.30464
2.25931
2.23654
2.18539
2.15614
2.13159
2.11838
2.08312
2.06433
2.05251
2.0453
2.02144
2.00446
1.99928
1.99166
1.98039
1.96279
1.95955
1.9552
1.94732
1.92748
1.91667
1.91032
1.90428
1.88054
1.85338
1.83687
1.81375
1.80029
1.75826
1.72709
1.6987
1.68781
1.64689
1.60895
1.58552
1.55914
1.54624
1.51119
1.49211
1.47601
1.46827
1.44259
1.42173
1.41174
1.39412
1.38314
1.35497
1.34255
1.33094
1.32403
1.30313
1.28663
1.2802
1.26883
1.26002
1.23861
1.23091
1.22219
1.21633
1.19846
1.183
1.17794
1.16875
1.16176
1.14488
1.14056
2.62658
2.55103
2.52528
2.4534
2.38368
2.32644
2.27295
2.25553
2.21228
2.17805
2.14468
2.1323
2.10644
2.08664
2.06643
2.05633
2.03947
2.0255
2.01526
2.00188
1.99444
1.9859
1.97905
1.96703
1.95902
1.94832
1.93924
1.92485
1.91466
1.89699
1.87688
1.85528
1.82499
1.81305
1.78116
1.74852
1.71077
1.69743
1.66229
1.62797
1.599
1.56718
1.55638
1.53013
1.50845
1.48483
1.47576
1.45566
1.43844
1.4227
1.40085
1.39208
1.3727
1.35722
1.33863
1.33069
1.31507
1.30235
1.29002
1.27466
1.26783
1.25482
1.24435
1.22883
1.22188
1.20838
1.19683
1.18644
1.17356
1.16789
1.15822
1.15257
2.43762
2.38822
2.36286
2.30217
2.27104
2.24466
2.23052
2.18967
2.16815
2.15677
2.14986
2.12305
2.10192
2.09934
2.09282
2.08084
2.06033
2.0598
2.05827
2.05073
2.03023
2.01965
2.01765
2.01288
1.98914
1.95891
1.94648
1.92463
1.91045
1.86407
1.83076
1.80177
1.79057
1.74479
1.69998
1.67697
1.6493
1.63535
1.59583
1.5762
1.5607
1.55299
1.52533
1.50117
1.49367
1.47671
1.46506
1.4339
1.42214
1.41167
1.40481
1.38222
1.3627
1.35874
1.34762
1.33803
1.31327
1.30552
1.29712
1.29111
1.27085
1.25128
1.24771
1.23805
1.23039
1.21046
1.20537
2.46022
2.40228
2.38234
2.33301
2.29368
2.25802
2.24457
2.21436
2.19165
2.17091
2.16083
2.14143
2.12626
2.11554
2.10303
2.09487
2.08585
2.07964
2.07015
2.06233
2.0518
2.04389
2.03248
2.0232
2.00592
1.98703
1.96564
1.93627
1.92357
1.88895
1.85368
1.81445
1.80044
1.76089
1.72277
1.69101
1.65757
1.64569
1.61639
1.59319
1.56977
1.56056
1.53879
1.52065
1.50507
1.48362
1.47421
1.4534
1.43751
1.4197
1.4116
1.39468
1.38118
1.36912
1.3537
1.34614
1.33122
1.31975
1.30413
1.29683
1.28125
1.26791
1.25668
1.24305
1.2367
1.22486
1.21799
2.57415
2.52014
2.49235
2.42221
2.38844
2.3595
2.34441
2.29808
2.2735
2.26203
2.2553
2.2257
2.20064
2.20004
2.1942
2.18166
2.1587
2.16059
2.16159
2.15447
2.13394
2.12395
2.12629
2.12279
2.09979
2.06757
2.05944
2.03914
2.0244
1.97439
1.939
1.90907
1.89742
1.84656
1.79458
1.77117
1.74158
1.72656
1.68262
1.66213
1.64688
1.63917
1.60977
1.58268
1.57749
1.56119
1.54899
1.51534
1.50425
1.49483
1.48803
1.46406
1.44184
1.44031
1.42948
1.41917
1.39136
1.38345
1.37517
1.36895
1.34623
1.32252
1.32002
1.3096
1.30124
1.27831
1.27227
2.59449
2.53124
2.50936
2.45501
2.40953
2.37021
2.35574
2.32218
2.29655
2.27382
2.26346
2.24229
2.22695
2.21417
2.20169
2.19333
2.1849
2.17884
2.17087
2.16334
2.15418
2.14832
2.13885
2.13016
2.11447
2.09869
2.07693
2.04816
2.03512
1.99937
1.96177
1.91975
1.90482
1.8613
1.82031
1.78378
1.74791
1.73516
1.7035
1.6784
1.65427
1.64482
1.62205
1.60406
1.58758
1.56632
1.55659
1.53546
1.51904
1.50141
1.49315
1.47565
1.46244
1.44969
1.43405
1.42599
1.4101
1.39748
1.38107
1.37333
1.35596
1.34154
1.32827
1.31342
1.3065
1.29295
1.28472
2.61521
2.54127
2.52744
2.48463
2.43208
2.38046
2.36829
2.34481
2.32192
2.28539
2.27255
2.25923
2.25301
2.22844
2.2088
2.20588
2.20789
2.19812
2.17973
2.17304
2.17376
2.17467
2.151
2.13808
2.12995
2.12649
2.09487
2.05666
2.04687
2.02307
1.9871
1.93022
1.91317
1.87698
1.84661
1.7965
1.75379
1.74457
1.72262
1.69598
1.66134
1.65108
1.63495
1.62627
1.59755
1.57115
1.56503
1.55368
1.5349
1.50767
1.49885
1.48792
1.4845
1.45888
1.43838
1.43363
1.4274
1.41256
1.38664
1.37815
1.36642
1.36153
1.33632
1.31698
1.31234
1.30684
1.29823
2.73313
2.66387
2.64041
2.58079
2.52896
2.48502
2.46947
2.43234
2.40352
2.37824
2.36749
2.34455
2.32867
2.31382
2.30095
2.29248
2.28456
2.27869
2.272
2.26482
2.25741
2.25392
2.24648
2.23836
2.22503
2.21282
2.19178
2.16408
2.15099
2.11501
2.0755
2.03034
2.01441
1.96674
1.92211
1.88021
1.84097
1.82733
1.79313
1.76586
1.74057
1.73085
1.70724
1.68946
1.67221
1.65115
1.64124
1.6202
1.60341
1.58584
1.57743
1.5597
1.54705
1.53371
1.51791
1.50948
1.49298
1.47924
1.46171
1.45347
1.43432
1.41864
1.40296
1.38649
1.37897
1.36371
1.35395
2.75764
2.67761
2.66205
2.61167
2.5543
2.49825
2.48498
2.45685
2.43023
2.3924
2.37912
2.3637
2.35456
2.33038
2.31046
2.3073
2.30819
2.29979
2.28328
2.27688
2.2788
2.28098
2.26125
2.24895
2.24313
2.24079
2.21272
2.17572
2.16582
2.14135
2.10355
2.04399
2.02567
1.98539
1.94907
1.89557
1.8492
1.83909
1.81373
1.78523
1.74967
1.73909
1.72203
1.71176
1.68419
1.65791
1.65166
1.63975
1.62118
1.59409
1.58504
1.57399
1.5696
1.54502
1.52411
1.5191
1.51193
1.4964
1.46918
1.46008
1.44673
1.43907
1.41284
1.39155
1.3864
1.37893
1.36887
1.34936
1.34259
2.87918
2.80401
2.77856
2.71224
2.65407
2.60517
2.5883
2.54638
2.51358
2.48577
2.47463
2.44949
2.43203
2.41571
2.40237
2.39366
2.38551
2.38002
2.37484
2.36806
2.36226
2.36105
2.35655
2.34934
2.33875
2.32992
2.31146
2.28606
2.27293
2.23727
2.19641
2.14866
2.13166
2.07941
2.02957
1.98228
1.93904
1.92421
1.8865
1.8567
1.83012
1.82009
1.7954
1.77724
1.75992
1.73941
1.72934
1.70841
1.69154
1.67432
1.66581
1.64797
1.63564
1.62247
1.60682
1.598
1.58092
1.56628
1.54775
1.53896
1.51784
1.50009
1.48219
1.46372
1.45549
1.43803
1.42644
1.41457
1.40868
2.90493
2.81825
2.80125
2.74402
2.68053
2.61886
2.60441
2.57143
2.5406
2.5002
2.48638
2.46885
2.45743
2.43248
2.41178
2.40855
2.40876
2.40108
2.38604
2.38003
2.38354
2.38762
2.3714
2.3598
2.35704
2.35753
2.33302
2.29796
2.28831
2.26462
2.22577
2.16316
2.14351
2.09927
2.05741
1.99858
1.94757
1.93655
1.90774
1.87674
1.83951
1.82854
1.81063
1.7995
1.77234
1.74629
1.74013
1.72845
1.71003
1.6829
1.67368
1.66295
1.65861
1.63447
1.61324
1.6082
1.60083
1.58457
1.55571
1.54596
1.53114
1.52124
1.49279
1.46902
1.46336
1.45398
1.44209
1.42098
1.41374
1.40786
1.41338
1.41048
3.0308
2.9496
2.92232
2.84923
2.78409
2.72911
2.71069
2.66348
2.62567
2.59425
2.58245
2.55487
2.53535
2.5174
2.50302
2.49421
2.48569
2.48031
2.47618
2.46984
2.46601
2.46711
2.46556
2.45925
2.45222
2.44757
2.43273
2.41044
2.39774
2.36399
2.32274
2.2726
2.25449
2.19807
2.14242
2.08916
2.04095
2.02484
1.98313
1.95022
1.92159
1.91107
1.88521
1.86627
1.84897
1.82898
1.81897
1.79877
1.78201
1.76502
1.75643
1.73899
1.72721
1.71447
1.69912
1.69013
1.67314
1.65779
1.6381
1.6287
1.60579
1.58572
1.56526
1.54422
1.53523
1.51545
1.50159
1.48808
1.48174
1.4699
1.46708
1.47111
3.05784
2.96436
2.94626
2.88294
2.81203
2.74332
2.72758
2.68957
2.6537
2.60899
2.59439
2.57448
2.56111
2.53427
2.51227
2.50912
2.50893
2.50126
2.48716
2.48163
2.48705
2.49346
2.48028
2.46947
2.47048
2.47541
2.4547
2.42249
2.41355
2.39246
2.35373
2.28795
2.26698
2.21931
2.1725
2.10662
2.04989
2.03797
2.00564
1.97133
1.93132
1.91982
1.90099
1.88945
1.86178
1.83592
1.83009
1.81949
1.80126
1.77389
1.76457
1.75465
1.75138
1.72713
1.70578
1.70093
1.69427
1.67738
1.64657
1.63614
1.6201
1.60859
1.57663
1.54978
1.54363
1.53233
1.51814
1.49481
1.487
1.48008
1.48475
1.48099
3.10032
3.07168
2.99217
2.91952
2.85751
2.83749
2.78455
2.74066
2.70426
2.69137
2.6607
2.63808
2.61833
2.6023
2.59356
2.58432
2.57867
2.57504
2.56918
2.56747
2.57079
2.57211
2.56668
2.56392
2.56411
2.55408
2.5359
2.52415
2.49425
2.45404
2.40218
2.383
2.32329
2.26136
2.20256
2.14861
2.13108
2.08476
2.04781
2.01602
2.00474
1.97736
1.95694
1.93938
1.91957
1.90981
1.89088
1.8745
1.85763
1.849
1.83248
1.82145
1.80952
1.79465
1.78574
1.7696
1.75391
1.73301
1.72296
1.69863
1.67596
1.65268
1.62845
1.61866
1.59635
1.5798
1.56418
1.55724
1.54404
1.5394
1.54312
2.81179
2.77018
2.719
2.70323
2.68036
2.66506
2.63492
2.61097
2.60808
2.60773
2.59922
2.58537
2.5804
2.58796
2.59703
2.5862
2.57623
2.58165
2.59258
2.5759
2.54755
2.53986
2.52363
2.48664
2.4179
2.39572
2.34568
2.29542
2.22118
2.15766
2.14496
2.10919
2.07032
2.02587
2.01361
1.99363
1.98205
1.95232
1.92624
1.92098
1.91233
1.89437
1.86647
1.8571
1.84858
1.84756
1.82255
1.80123
1.79691
1.79217
1.77483
1.74176
1.73066
1.71386
1.70168
1.66471
1.63403
1.62746
1.61431
1.59743
1.57106
1.56256
1.55466
1.55906
1.55332
2.91082
2.86001
2.81801
2.80379
2.76869
2.74096
2.7194
2.70128
2.69245
2.68143
2.6752
2.67183
2.66646
2.66643
2.67152
2.67611
2.67183
2.67351
2.67827
2.67506
2.66278
2.65246
2.62799
2.59076
2.53929
2.51929
2.45731
2.38908
2.32624
2.26602
2.24677
2.19428
2.15213
2.11609
2.10382
2.07384
2.05067
2.03272
2.01265
2.00304
1.98508
1.96959
1.95317
1.94454
1.92917
1.91864
1.90849
1.89456
1.88589
1.871
1.85568
1.83407
1.82342
1.79791
1.77193
1.7462
1.71822
1.70751
1.68207
1.66272
1.64483
1.63714
1.62226
1.61456
1.61821
3.00904
2.95403
2.91669
2.90521
2.85633
2.81795
2.80185
2.78774
2.77424
2.75068
2.74887
2.75276
2.74807
2.73949
2.74393
2.75987
2.76173
2.76018
2.75735
2.77002
2.77289
2.76205
2.72876
2.69807
2.66135
2.64596
2.5723
2.49161
2.4362
2.37894
2.35417
2.28167
2.23887
2.2083
2.1973
2.15571
2.12321
2.11336
2.0988
2.0858
2.05596
2.0462
2.03935
2.03277
2.01006
1.99298
1.99471
1.98876
1.97686
1.94958
1.94006
1.92861
1.91994
1.88518
1.84824
1.83047
1.80544
1.7913
1.75133
1.7322
1.72091
1.71504
1.69238
1.67366
1.68425
3.03916
2.98117
2.93263
2.91682
2.8768
2.84285
2.81805
2.79666
2.78791
2.77441
2.76681
2.76261
2.75778
2.75912
2.76562
2.77287
2.76974
2.77618
2.78557
2.79003
2.78459
2.7765
2.76016
2.72845
2.67912
2.6586
2.59719
2.52547
2.4579
2.39038
2.36954
2.31063
2.26187
2.22002
2.2065
2.17336
2.14664
2.1274
2.10627
2.09691
2.07969
2.06534
2.04923
2.04065
2.02696
2.01723
2.00905
1.99629
1.98829
1.97556
1.96136
1.93917
1.92798
1.90222
1.87331
1.84469
1.81236
1.80081
1.77259
1.75039
1.72932
1.72068
1.70399
1.69318
1.69568
3.13813
3.07623
3.02959
3.01607
2.96288
2.92139
2.89689
2.87794
2.86461
2.8414
2.83497
2.83577
2.83128
2.82547
2.83221
2.84752
2.84966
2.85396
2.86104
2.87682
2.88593
2.87788
2.85754
2.83421
2.79933
2.78401
2.71365
2.63623
2.57149
2.50685
2.48031
2.40334
2.35214
2.31399
2.30138
2.25634
2.22304
2.20772
2.19133
2.17842
2.15148
2.14113
2.13376
2.12716
2.1068
2.09423
2.09453
2.09001
2.07884
2.05678
2.0477
2.03567
2.02659
1.99227
1.95665
1.93235
1.9032
1.888
1.84636
1.8235
1.80787
1.80094
1.77594
1.75724
1.76278
3.16702
3.10226
3.04604
3.02842
2.98348
2.94336
2.91302
2.88678
2.87821
2.86171
2.85151
2.84502
2.84064
2.84284
2.85029
2.85931
2.85711
2.86862
2.88354
2.89521
2.89697
2.89186
2.88618
2.86299
2.81763
2.79739
2.73985
2.66818
2.59488
2.51936
2.49742
2.43215
2.37612
2.32672
2.31158
2.27498
2.24458
2.22242
2.19918
2.19029
2.17376
2.16028
2.14402
2.13555
2.12419
2.11615
2.10944
2.09788
2.09108
2.08183
2.06967
2.04705
2.03547
2.01077
1.98039
1.94797
1.91088
1.89878
1.86835
1.84271
1.81708
1.80727
1.78868
1.7753
1.77501
3.26615
3.19777
3.14177
3.12605
3.06854
3.02283
2.98893
2.96377
2.95046
2.9261
2.91386
2.9102
2.90579
2.90159
2.90927
2.9234
2.92582
2.93583
2.95242
2.97194
2.98784
2.98316
2.97781
2.96476
2.93463
2.92014
2.85686
2.78498
2.7117
2.6398
2.61192
2.5309
2.47044
2.42364
2.40913
2.36022
2.32506
2.30342
2.2844
2.27165
2.24723
2.23568
2.22755
2.22097
2.20347
2.19539
2.19445
2.19152
2.18148
2.16584
2.15797
2.146
2.13668
2.10425
2.07094
2.0401
2.00673
1.99061
1.94764
1.91972
1.89851
1.89029
1.86282
1.84391
1.84359
3.29279
3.22243
3.15811
3.13867
3.08859
3.04239
3.00456
2.97209
2.96349
2.94299
2.92855
2.91831
2.9142
2.91589
2.92338
2.93317
2.93209
2.94808
2.96914
2.98764
2.99742
2.99569
3.00212
2.9907
2.9523
2.9334
2.88298
2.81461
2.73593
2.65275
2.6302
2.559
2.49523
2.43698
2.42009
2.37949
2.34536
2.31849
2.29226
2.28396
2.26786
2.25459
2.2378
2.22954
2.22082
2.21542
2.20949
2.19934
2.19414
2.18942
2.18029
2.1578
2.14611
2.12381
2.09399
2.05691
2.01491
2.00255
1.96988
1.93983
1.90825
1.89711
1.87639
1.86098
1.85636
3.38843
3.31488
3.25043
3.23262
3.17108
3.12007
3.07634
3.04357
3.03013
3.00254
2.98328
2.97358
2.969
2.96443
2.97109
2.98331
2.98603
3.00094
3.02576
3.04989
3.07313
3.07237
3.08278
3.08259
3.06102
3.04829
2.99621
2.93234
2.85334
2.77536
2.74683
2.66255
2.59253
2.5364
2.51976
2.4667
2.42823
2.39971
2.37706
2.36459
2.34195
2.3286
2.31936
2.31278
2.29848
2.29434
2.29265
2.29135
2.28291
2.27437
2.26876
2.25776
2.24847
2.21974
2.18959
2.15305
2.1153
2.09853
2.05394
2.0198
1.99203
1.98226
1.95217
1.93233
1.92576
3.41241
3.33849
3.26623
3.24525
3.19022
3.13842
3.09123
3.05117
3.04232
3.01671
2.99596
2.98024
2.97613
2.97519
2.98112
2.99034
2.99061
3.00979
3.03664
3.06173
3.08062
3.08251
3.10189
3.10477
3.07703
3.06071
3.02098
2.96057
2.87789
2.78843
2.76602
2.69057
2.6187
2.55023
2.5315
2.48653
2.44905
2.41512
2.38487
2.37721
2.36155
2.34753
2.3294
2.32142
2.31547
2.31372
2.30752
2.29893
2.2957
2.29676
2.29144
2.26973
2.25832
2.24
2.21355
2.17097
2.12388
2.11158
2.07667
2.0413
2.00223
1.98961
1.96644
1.94975
1.93898
3.49868
3.42248
3.35196
3.33246
3.26762
3.21041
3.15711
3.1157
3.10183
3.06833
3.04088
3.02364
3.01851
3.01062
3.01362
3.02288
3.02598
3.0439
3.07483
3.1039
3.13529
3.13903
3.16523
3.17972
3.17102
3.16143
3.12485
3.07246
2.99251
2.91089
2.88269
2.79617
2.7173
2.65161
2.6327
2.57519
2.53133
2.49609
2.46868
2.45655
2.43421
2.41873
2.40785
2.40129
2.3901
2.38864
2.38718
2.38742
2.381
2.37944
2.37741
2.36866
2.35979
2.33664
2.31009
2.26998
2.22782
2.21076
2.16405
2.12318
2.08813
2.07654
2.04349
2.02108
2.00854
3.5195
3.44513
3.36625
3.34443
3.28534
3.22889
3.17085
3.12212
3.11278
3.08063
3.05128
3.02844
3.02393
3.01744
3.01901
3.02643
3.02832
3.04825
3.0786
3.11027
3.13985
3.14543
3.17827
3.19699
3.18398
3.17182
3.1468
3.10038
3.01645
2.92329
2.90202
2.82568
2.7457
2.66548
2.64487
2.59554
2.55545
2.51164
2.47608
2.46917
2.45407
2.43792
2.4173
2.40966
2.40638
2.4092
2.40137
2.39439
2.39338
2.40155
2.40045
2.38023
2.36964
2.35711
2.33756
2.28857
2.23639
2.22453
2.18836
2.14699
2.0985
2.08427
2.05827
2.04122
2.02201
3.58918
3.51458
3.44184
3.42189
3.35459
3.29043
3.22927
3.17877
3.16416
3.12169
3.08473
3.05841
3.05249
3.03763
3.03364
3.03808
3.04187
3.05941
3.09369
3.12669
3.16708
3.17555
3.21711
3.24826
3.25708
3.25243
3.23558
3.19814
3.12504
3.0441
3.01734
2.92953
2.84395
2.76949
2.74847
2.68554
2.6332
2.59276
2.55959
2.54762
2.52311
2.50533
2.4923
2.48577
2.47688
2.47578
2.47635
2.47816
2.47395
2.47827
2.48123
2.47654
2.46872
2.45278
2.42887
2.38976
2.34398
2.32702
2.27777
2.23036
2.18764
2.17402
2.13718
2.10856
2.09187
3.63534
3.56763
3.5011
3.48399
3.41113
3.34004
3.2776
3.22258
3.20497
3.15068
3.10695
3.07294
3.06565
3.04215
3.03007
3.02832
3.03085
3.0468
3.07755
3.11573
3.1619
3.17464
3.22705
3.27288
3.30232
3.30532
3.30264
3.27256
3.22142
3.15369
3.12513
3.02692
2.94248
2.87126
2.85144
2.77433
2.71183
2.67224
2.6396
2.62362
2.58721
2.56995
2.56108
2.55618
2.5411
2.53612
2.54415
2.55302
2.5471
2.54603
2.55666
2.56481
2.56107
2.54315
2.51632
2.489
2.45009
2.42977
2.36621
2.31707
2.2771
2.26509
2.21629
2.17596
2.16063
3.64755
3.58102
3.51053
3.49148
3.42429
3.35484
3.28719
3.22768
3.21232
3.15953
3.11132
3.07395
3.06689
3.04183
3.02765
3.02417
3.02844
3.04114
3.07288
3.10936
3.15835
3.1712
3.22697
3.2767
3.30676
3.30886
3.31568
3.2969
3.24057
3.1659
3.14231
3.05742
2.96868
2.88627
2.86343
2.79568
2.73479
2.68777
2.64754
2.63571
2.60724
2.58628
2.56981
2.56326
2.55553
2.55397
2.55611
2.55911
2.55733
2.56673
2.57538
2.57553
2.5694
2.56257
2.54327
2.50777
2.45991
2.4439
2.3935
2.34051
2.28898
2.27308
2.23196
2.19622
2.17416
3.66107
3.60743
3.54445
3.52814
3.46135
3.39121
3.31935
3.25529
3.2375
3.17576
3.11802
3.07029
3.06111
3.02683
3.00215
2.98872
2.98975
2.99876
3.02443
3.06224
3.1123
3.13011
3.19778
3.2631
3.31229
3.32209
3.34969
3.35201
3.31496
3.25812
3.23468
3.15037
3.06309
2.98381
2.96192
2.88283
2.81701
2.76446
2.72356
2.70746
2.67024
2.64585
2.6307
2.6251
2.61144
2.60947
2.61312
2.62184
2.61855
2.62693
2.64074
2.652
2.64986
2.64381
2.63113
2.60189
2.563
2.54403
2.48531
2.42956
2.37922
2.36451
2.31131
2.269
2.24139
3.66018
3.60963
3.54832
3.53224
3.4681
3.39763
3.32465
3.25794
3.24159
3.17819
3.11743
3.06824
3.0595
3.02051
2.99224
2.97903
2.98382
2.98589
3.00823
3.04567
3.10298
3.11884
3.18418
3.25227
3.30902
3.32001
3.35297
3.36146
3.32843
3.26812
3.24954
3.17421
3.08708
2.99856
2.97454
2.90343
2.83732
2.77996
2.73132
2.71967
2.68674
2.66058
2.63866
2.6319
2.62357
2.62205
2.62308
2.62689
2.62732
2.64162
2.65579
2.66125
2.65744
2.66075
2.65193
2.62002
2.57273
2.55877
2.51038
2.45341
2.39177
2.37354
2.3277
2.28706
2.25517
3.63011
3.59873
3.5477
3.53473
3.47729
3.41139
3.33407
3.26365
3.24569
3.17593
3.10431
3.04248
3.03108
2.98214
2.94149
2.91309
2.91296
2.90892
2.92368
2.95547
3.0069
3.02843
3.10566
3.18985
3.26289
3.28205
3.34194
3.38298
3.37021
3.33387
3.31808
3.25308
3.17016
3.0884
3.06555
2.9866
2.91613
2.8531
2.80334
2.78704
2.74572
2.71353
2.69131
2.6848
2.6699
2.66697
2.66711
2.67496
2.67412
2.68877
2.70652
2.72237
2.7224
2.7287
2.73032
2.70519
2.66989
2.65364
2.6016
2.54177
2.48265
2.46526
2.40754
2.35963
2.32087
3.612
3.58477
3.5436
3.53334
3.47491
3.40627
3.33287
3.26255
3.24481
3.16969
3.09664
3.03646
3.02565
2.96771
2.91909
2.89642
2.90284
2.88727
2.888
2.92479
2.9909
3.00719
3.07233
3.1567
3.24935
3.27176
3.3315
3.37221
3.37454
3.33978
3.32777
3.2705
3.19159
3.10138
3.07752
3.00595
2.93817
2.86817
2.8103
2.7988
2.76144
2.72754
2.69801
2.69084
2.67957
2.67654
2.6743
2.67841
2.68035
2.69854
2.71752
2.72919
2.72822
2.74191
2.74758
2.72134
2.67856
2.66772
2.62639
2.56775
2.4952
2.47488
2.42438
2.38063
2.33482
3.53404
3.53155
3.50031
3.4937
3.44858
3.39154
3.31308
3.2402
3.22218
3.14506
3.05993
2.98425
2.97066
2.90344
2.84335
2.79509
2.79439
2.77044
2.77114
2.78455
2.83404
2.85709
2.93785
3.03769
3.13783
3.16901
3.2623
3.34945
3.37094
3.36723
3.36125
3.32228
3.25361
3.17757
3.15592
3.08011
3.00481
2.93602
2.8777
2.86109
2.81255
2.77228
2.74201
2.73442
2.715
2.70622
2.70326
2.7092
2.71011
2.72708
2.74881
2.77077
2.77369
2.7916
2.80512
2.79237
2.76542
2.75318
2.70985
2.65064
2.58588
2.56629
2.50438
2.44581
2.39921
3.40741
3.43014
3.4164
3.41289
3.38673
3.33514
3.26324
3.18608
3.17227
3.09095
2.99786
2.90562
2.88981
2.81361
2.73383
2.66206
2.6501
2.61839
2.59969
2.59674
2.62291
2.65213
2.74525
2.85127
2.96369
2.999
3.13466
3.25021
3.31739
3.34597
3.35229
3.33935
3.29234
3.23116
3.21413
3.14039
3.0652
2.99574
2.93571
2.91606
2.85744
2.81132
2.7761
2.76783
2.73988
2.72383
2.71765
2.72105
2.7221
2.73702
2.76136
2.78946
2.79584
2.82067
2.84113
2.84533
2.83396
2.8235
2.7829
2.73022
2.67076
2.65347
2.58176
2.51459
2.46184
3.36863
3.39927
3.39629
3.39815
3.36745
3.31888
3.24902
3.17841
3.15996
3.07502
2.97962
2.89208
2.87607
2.78767
2.70286
2.63344
2.63191
2.5809
2.55249
2.54666
2.59049
2.61153
2.68551
2.79415
2.92613
2.971
3.09548
3.22109
3.29842
3.34046
3.34579
3.34107
3.29871
3.23827
3.22058
3.1537
3.08023
3.00754
2.94221
2.92565
2.86963
2.82051
2.78053
2.77169
2.74484
2.72738
2.71876
2.72095
2.72244
2.73761
2.76141
2.7899
2.79633
2.82458
2.84942
2.85379
2.84016
2.83307
2.80265
2.75035
2.68323
2.66246
2.59847
2.53283
2.47527
3.18835
3.24955
3.26601
3.27065
3.26246
3.22586
3.16348
3.09095
3.07721
2.99137
2.89027
2.78756
2.76879
2.67109
2.56638
2.47351
2.45875
2.39629
2.34099
2.31984
2.33245
2.35769
2.43163
2.54562
2.68437
2.73218
2.89637
3.05773
3.17896
3.25621
3.27782
3.31125
3.29776
3.25713
3.24526
3.18977
3.12534
3.05174
2.98703
2.96811
2.90619
2.84917
2.80251
2.7923
2.75655
2.73144
2.71505
2.71148
2.71286
2.72493
2.74848
2.77938
2.78885
2.82501
2.86265
2.87916
2.88263
2.87899
2.85974
2.81664
2.7575
2.73954
2.67022
2.60142
2.53471
3.12993
3.19514
3.23454
3.24715
3.22973
3.19005
3.13808
3.07716
3.05671
2.96211
2.86135
2.76854
2.7503
2.6372
2.52402
2.4387
2.43732
2.35226
2.28114
2.25883
2.29463
2.30824
2.35569
2.46337
2.63396
2.69212
2.83767
2.99375
3.14046
3.24216
3.25765
3.29132
3.28782
3.25711
3.24649
3.19448
3.13106
3.0594
2.99131
2.97527
2.91379
2.85515
2.80487
2.79486
2.75764
2.72852
2.71184
2.70907
2.70904
2.71649
2.73912
2.77504
2.78521
2.82049
2.85669
2.88052
2.88555
2.88396
2.87093
2.83199
2.76798
2.74799
2.68537
2.61876
2.54788
2.90779
3.00694
3.05402
3.06924
3.08139
3.06967
3.01408
2.9517
2.9381
2.85509
2.74659
2.6365
2.61563
2.50031
2.37652
2.25903
2.2423
2.14828
2.06809
2.01514
2.00911
2.02542
2.07498
2.18469
2.33655
2.39454
2.57625
2.78734
2.95219
3.0858
3.12165
3.20725
3.23666
3.22911
3.22623
3.19435
3.14796
3.07886
3.01555
2.9984
2.93417
2.8684
2.81128
2.79958
2.7532
2.71678
2.68731
2.6751
2.67524
2.67939
2.69769
2.73009
2.74288
2.78562
2.83962
2.86986
2.89325
2.89676
2.90012
2.8738
2.82414
2.80802
2.74525
2.67537
2.60108
2.64099
2.76108
2.8283
2.84518
2.89079
2.88995
2.85003
2.78672
2.78475
2.70791
2.59972
2.47682
2.45602
2.34068
2.20257
2.06252
2.03231
1.93245
1.83573
1.75836
1.71655
1.73407
1.78234
1.8746
2.01224
2.06232
2.27695
2.50383
2.70796
2.86986
2.92721
3.06144
3.13089
3.15231
3.1575
3.15471
3.12241
3.06836
3.01
2.99638
2.93198
2.86326
2.79778
2.78452
2.73041
2.68156
2.64047
2.61391
2.61567
2.61384
2.62397
2.64906
2.66201
2.71438
2.77242
2.82064
2.85942
2.87144
2.89496
2.88785
2.85367
2.84264
2.78653
2.71746
2.6438
2.56555
2.69285
2.77779
2.80558
2.83787
2.84129
2.80774
2.76254
2.74842
2.66696
2.55917
2.44929
2.42771
2.29732
2.15614
2.02223
2.00595
1.88268
1.7751
1.69665
1.67534
1.6814
1.70209
1.79212
1.94956
2.01351
2.1984
2.42699
2.64449
2.8365
2.88251
3.01558
3.09592
3.13487
3.14379
3.13962
3.11265
3.06236
3.00833
2.99362
2.92934
2.85898
2.79409
2.78181
2.7226
2.67001
2.6274
2.60536
2.60229
2.59197
2.59923
2.63237
2.64861
2.69156
2.75072
2.80408
2.85272
2.86271
2.88933
2.88686
2.85621
2.84498
2.79366
2.72763
2.65204
2.25947
2.40696
2.50718
2.53563
2.59822
2.61857
2.60025
2.55552
2.55289
2.48053
2.37886
2.26073
2.23903
2.11109
1.96045
1.81271
1.783
1.65698
1.5275
1.43952
1.38836
1.39577
1.40482
1.48049
1.62071
1.67565
1.87621
2.10838
2.3582
2.56717
2.63395
2.81071
2.93578
3.00371
3.02109
3.05092
3.04732
3.01113
2.965
2.95543
2.89725
2.82575
2.75306
2.7389
2.67323
2.60856
2.55092
2.51059
2.50895
2.48879
2.48568
2.50503
2.52066
2.57048
2.6371
2.70302
2.76543
2.78594
2.83823
2.85957
2.84624
2.8409
2.80365
2.74973
2.67343
2.16797
2.31125
2.44442
2.48514
2.52787
2.53871
2.54093
2.52275
2.50435
2.41591
2.31991
2.22504
2.20452
2.05577
1.89773
1.7664
1.75546
1.60422
1.45933
1.37325
1.34764
1.34353
1.32577
1.39115
1.55818
1.62353
1.79406
2.01108
2.28124
2.52936
2.57692
2.73916
2.87506
2.9758
2.99756
3.02035
3.0135
2.99336
2.95748
2.94428
2.87948
2.80927
2.74367
2.73196
2.65652
2.58121
2.52907
2.49756
2.48781
2.44984
2.44219
2.47989
2.49936
2.5323
2.58478
2.67115
2.7523
2.76586
2.811
2.83923
2.84084
2.83784
2.80106
2.74471
2.6748
1.86504
2.0243
2.14064
2.17832
2.25415
2.30395
2.29578
2.27199
2.2684
2.21175
2.11468
2.00538
1.98469
1.8541
1.70329
1.54775
1.52096
1.37853
1.24253
1.13422
1.07684
1.0755
1.06448
1.1224
1.24834
1.30286
1.48411
1.72523
1.98192
2.22607
2.29576
2.51126
2.68156
2.7963
2.82662
2.88904
2.91913
2.90217
2.87402
2.86763
2.818
2.74697
2.67159
2.65777
2.5796
2.50094
2.42286
2.36772
2.35979
2.31873
2.2951
2.30451
2.32202
2.36174
2.43728
2.51422
2.60392
2.63044
2.71067
2.76371
2.78119
2.78495
2.76871
2.73276
2.66316
1.54532
1.69775
1.81695
1.84941
1.94626
1.9985
2.01079
1.98563
1.99684
1.9487
1.86578
1.75616
1.73888
1.62129
1.47149
1.31743
1.2824
1.15197
1.01338
0.905096
0.83393
0.834994
0.824193
0.867183
0.972481
1.01425
1.19501
1.41868
1.67922
1.92021
2.00274
2.24459
2.44436
2.58371
2.61952
2.72036
2.77081
2.77712
2.75638
2.75936
2.72005
2.654
2.57326
2.55763
2.47843
2.38496
2.29335
2.21306
2.20748
2.15168
2.1108
2.09717
2.1086
2.15202
2.21901
2.30967
2.40401
2.44421
2.55232
2.6329
2.67322
2.68224
2.69429
2.67118
2.61617
1.46532
1.61416
1.74754
1.79195
1.86721
1.91865
1.93938
1.94142
1.93355
1.87798
1.79801
1.71046
1.69308
1.55993
1.41121
1.26934
1.25092
1.1013
0.960254
0.854541
0.801229
0.793569
0.769251
0.809598
0.923574
0.973442
1.12845
1.34578
1.60741
1.87542
1.94067
2.17116
2.37575
2.54089
2.58297
2.67238
2.72622
2.74394
2.73943
2.73418
2.68969
2.62498
2.55455
2.54225
2.45077
2.35217
2.26218
2.1937
2.17676
2.10472
2.0584
2.05971
2.07721
2.09591
2.1564
2.25607
2.37588
2.40372
2.50117
2.58769
2.64976
2.66538
2.67112
2.64819
2.59987
1.17061
1.31065
1.42766
1.46371
1.55066
1.61228
1.63644
1.63057
1.63659
1.59908
1.53066
1.4405
1.42504
1.31342
1.1778
1.04068
1.01319
0.886755
0.754469
0.664019
0.606342
0.60165
0.580228
0.613906
0.705431
0.743232
0.886226
1.07672
1.33038
1.57499
1.65166
1.89786
2.12465
2.29696
2.3438
2.46809
2.55622
2.58467
2.58691
2.59177
2.56504
2.50648
2.42977
2.41545
2.32725
2.2242
2.11616
2.02291
2.0079
1.92472
1.86203
1.8331
1.84257
1.85921
1.91656
2.01295
2.12718
2.1689
2.29524
2.41058
2.48833
2.50955
2.54798
2.55544
2.51203
0.917481
1.03291
1.12642
1.15092
1.24672
1.30762
1.32815
1.31354
1.33414
1.31266
1.25116
1.16156
1.15155
1.06615
0.947391
0.820226
0.790864
0.694296
0.593631
0.511207
0.458539
0.458472
0.451329
0.476528
0.542107
0.567048
0.696217
0.870813
1.0806
1.29705
1.37544
1.6301
1.85593
2.03327
2.07988
2.23906
2.34491
2.39368
2.40281
2.42046
2.41163
2.36
2.28019
2.26527
2.18544
2.07781
1.9558
1.83943
1.82918
1.7407
1.65708
1.59976
1.60021
1.61705
1.66748
1.74935
1.85348
1.90602
2.06037
2.19235
2.28742
2.31095
2.38884
2.41625
2.39228
0.852898
0.963507
1.06451
1.09942
1.17066
1.22862
1.25579
1.26561
1.26574
1.23623
1.18002
1.11243
1.10047
1.00127
0.888105
0.776642
0.759762
0.651165
0.552204
0.479686
0.440519
0.435059
0.420597
0.445676
0.51451
0.54433
0.653054
0.815541
1.02299
1.2531
1.31782
1.55368
1.78233
1.97969
2.03446
2.175
2.28555
2.34503
2.37561
2.38108
2.366
2.31773
2.25205
2.24095
2.14677
2.03665
1.91829
1.81692
1.79306
1.68789
1.60152
1.55901
1.56599
1.55468
1.59677
1.68603
1.81511
1.85273
1.98909
2.12845
2.24716
2.28128
2.34562
2.37657
2.36004
0.638686
0.722978
0.804946
0.828966
0.893
0.933892
0.967623
0.968012
0.976857
0.948966
0.909765
0.85044
0.841446
0.764271
0.669884
0.586859
0.569252
0.493449
0.415614
0.372
0.344777
0.343194
0.335567
0.355335
0.407548
0.427803
0.514609
0.635546
0.815893
1.00659
1.07022
1.28548
1.51186
1.70517
1.75888
1.91921
2.04276
2.12281
2.15911
2.1771
2.17667
2.14125
2.07611
2.06423
1.98008
1.86665
1.74435
1.6253
1.60514
1.48975
1.39148
1.32775
1.32661
1.31128
1.33107
1.4194
1.53158
1.57812
1.72471
1.88266
2.01487
2.05094
2.15004
2.20602
2.20906
0.489521
0.549989
0.597694
0.608891
0.671962
0.715029
0.724864
0.712313
0.731197
0.726153
0.686475
0.627273
0.623394
0.579224
0.512688
0.440921
0.425681
0.381673
0.338823
0.304686
0.286009
0.287205
0.289416
0.304816
0.338219
0.349771
0.420174
0.523857
0.6531
0.802818
0.859053
1.06736
1.26666
1.43757
1.48304
1.66591
1.80637
1.88316
1.92039
1.95242
1.97969
1.94786
1.87806
1.86647
1.80149
1.69796
1.56162
1.42634
1.4148
1.30887
1.1951
1.10497
1.09648
1.08669
1.11268
1.16685
1.25869
1.31026
1.48104
1.63888
1.76848
1.80084
1.93684
2.02451
2.03553
0.447782
0.502117
0.556118
0.574681
0.615283
0.649081
0.668889
0.675165
0.676627
0.658754
0.628708
0.590614
0.584027
0.528139
0.467628
0.414297
0.405995
0.357065
0.315287
0.29106
0.279288
0.278344
0.27708
0.291847
0.32619
0.340351
0.397903
0.48754
0.615078
0.769206
0.816175
0.997026
1.19594
1.3828
1.43743
1.59262
1.73134
1.82221
1.88364
1.90007
1.91503
1.88996
1.8402
1.83293
1.74989
1.64416
1.51798
1.40222
1.37474
1.25057
1.13861
1.06628
1.06343
1.02663
1.03954
1.1069
1.21986
1.25724
1.40042
1.56525
1.71935
1.76494
1.87861
1.96569
1.98918
0.343114
0.375839
0.411915
0.422017
0.451545
0.469105
0.487185
0.487018
0.492257
0.476385
0.458625
0.431807
0.428448
0.39316
0.352827
0.322019
0.316093
0.289793
0.265672
0.254178
0.248438
0.248804
0.250071
0.260709
0.284545
0.293494
0.3354
0.397728
0.495495
0.612004
0.651669
0.799283
0.971826
1.13827
1.18527
1.33977
1.46971
1.5735
1.63373
1.6602
1.68401
1.67165
1.62648
1.61927
1.55088
1.44605
1.32874
1.20671
1.18576
1.06176
0.94851
0.86683
0.858294
0.822469
0.818084
0.880697
0.973209
1.01337
1.15139
1.31513
1.46975
1.51171
1.64674
1.74285
1.79246
0.323973
0.352007
0.38771
0.400772
0.419877
0.434896
0.452237
0.463515
0.459127
0.440988
0.42477
0.409117
0.405498
0.367606
0.332953
0.308159
0.306501
0.27895
0.25849
0.248413
0.245136
0.244725
0.24537
0.255022
0.278052
0.287325
0.32346
0.380467
0.470654
0.591342
0.620742
0.752493
0.913425
1.09279
1.14276
1.27559
1.39533
1.51152
1.5985
1.60711
1.61552
1.6058
1.58586
1.58448
1.49757
1.38697
1.28337
1.18154
1.1484
1.01106
0.898844
0.834122
0.830798
0.776081
0.765245
0.830358
0.942584
0.967397
1.08447
1.24254
1.42266
1.47362
1.58777
1.67344
1.73971
0.267111
0.283745
0.302573
0.308855
0.322747
0.333409
0.342463
0.34483
0.345296
0.336622
0.327043
0.314448
0.312461
0.293035
0.273943
0.259602
0.257708
0.244883
0.234916
0.23024
0.22876
0.228987
0.230722
0.237951
0.252878
0.258887
0.28456
0.326179
0.391059
0.475775
0.502049
0.611318
0.74631
0.886465
0.928422
1.05773
1.18422
1.28064
1.35314
1.37324
1.40575
1.40047
1.3703
1.36744
1.30264
1.21402
1.10296
0.997268
0.971796
0.854358
0.745866
0.669898
0.661639
0.616116
0.607484
0.65155
0.734885
0.763502
0.881214
1.03264
1.18735
1.23314
1.3634
1.47887
1.54066
0.232452
0.240664
0.250747
0.253411
0.262171
0.266849
0.272937
0.272777
0.274785
0.269778
0.26536
0.258276
0.257793
0.248674
0.238755
0.23189
0.230744
0.22532
0.220546
0.218666
0.218237
0.218733
0.220613
0.225687
0.235672
0.239323
0.257339
0.285322
0.331901
0.391444
0.411978
0.494998
0.600984
0.71357
0.745757
0.862083
0.967641
1.06212
1.12328
1.14952
1.18422
1.18679
1.15884
1.15538
1.10671
1.02254
0.927081
0.824787
0.807996
0.70349
0.607177
0.535636
0.526014
0.489112
0.474541
0.509818
0.571838
0.598647
0.701542
0.835616
0.975255
1.01308
1.14938
1.26066
1.33885
0.22627
0.233004
0.242842
0.246544
0.251486
0.255465
0.261082
0.264918
0.263472
0.258109
0.254389
0.251183
0.250488
0.240778
0.232689
0.227766
0.227875
0.221917
0.217762
0.216391
0.216904
0.217055
0.21842
0.222985
0.232811
0.236703
0.251919
0.276966
0.319644
0.380667
0.395677
0.467718
0.564405
0.682955
0.717235
0.814308
0.909146
1.01034
1.09284
1.10248
1.12101
1.12522
1.12091
1.12254
1.05573
0.967555
0.886579
0.804116
0.776417
0.663626
0.572365
0.515568
0.509325
0.462354
0.446423
0.481943
0.553747
0.570886
0.657355
0.783336
0.938227
0.983042
1.0981
1.19729
1.28752
0.208813
0.212028
0.216292
0.217801
0.220924
0.223383
0.226127
0.227274
0.227479
0.225751
0.224472
0.222577
0.222496
0.218827
0.215457
0.213089
0.213034
0.21087
0.209425
0.20911
0.209744
0.210108
0.211678
0.215082
0.221297
0.223784
0.234276
0.251834
0.280728
0.320843
0.3332
0.38831
0.462653
0.547733
0.573851
0.658701
0.74782
0.824494
0.886615
0.90329
0.935863
0.940667
0.925314
0.92517
0.878708
0.81259
0.730969
0.652968
0.63389
0.546553
0.469169
0.415835
0.409009
0.375646
0.365109
0.38859
0.438341
0.454956
0.531345
0.639758
0.762347
0.798832
0.913225
1.02466
1.10215
0.197953
0.199034
0.200935
0.201477
0.203229
0.20403
0.205998
0.206473
0.20713
0.206559
0.206722
0.206175
0.206389
0.205313
0.204017
0.203518
0.203537
0.203217
0.2029
0.203492
0.204281
0.204724
0.206154
0.20859
0.212726
0.214225
0.221398
0.232434
0.252185
0.278305
0.287352
0.325634
0.379257
0.441275
0.459434
0.528256
0.594346
0.661528
0.707835
0.726881
0.755483
0.763415
0.748151
0.746882
0.714521
0.654787
0.591564
0.523258
0.512131
0.442894
0.383456
0.341582
0.335978
0.313936
0.305133
0.324188
0.359208
0.373039
0.433665
0.520147
0.619232
0.646549
0.752116
0.847869
0.928403
0.191565
0.191742
0.191872
0.191895
0.193212
0.194273
0.194649
0.194669
0.195544
0.196527
0.196683
0.196348
0.196659
0.197249
0.19729
0.197128
0.197108
0.197885
0.198645
0.199243
0.199941
0.200414
0.202001
0.203793
0.206207
0.206975
0.212169
0.220457
0.232228
0.248307
0.254719
0.284275
0.320765
0.360789
0.371753
0.428783
0.48619
0.528952
0.559322
0.579133
0.615199
0.617559
0.595992
0.593515
0.577565
0.537128
0.476735
0.418584
0.414585
0.369431
0.322974
0.289193
0.285084
0.273022
0.271437
0.28172
0.305682
0.316452
0.368267
0.434327
0.506477
0.524702
0.619992
0.715328
0.77609
0.189873
0.189809
0.190278
0.190603
0.190962
0.191527
0.192378
0.193249
0.193385
0.193745
0.194318
0.194893
0.195145
0.195175
0.195412
0.195918
0.196287
0.19667
0.197322
0.19819
0.199279
0.199595
0.200743
0.202398
0.204978
0.206024
0.209954
0.216669
0.227792
0.244175
0.248954
0.271849
0.304869
0.346784
0.359998
0.403372
0.451798
0.49889
0.540165
0.549749
0.570488
0.57622
0.570733
0.571658
0.541337
0.499311
0.452206
0.408018
0.396533
0.346992
0.307253
0.282159
0.279157
0.26393
0.26092
0.273357
0.299581
0.307621
0.348766
0.410222
0.487388
0.510905
0.588764
0.670901
0.738815
0.185557
0.18499
0.184926
0.184986
0.185073
0.185069
0.18592
0.186516
0.186805
0.187269
0.188227
0.189005
0.189317
0.189959
0.190669
0.19163
0.191945
0.192828
0.193668
0.194781
0.195749
0.196091
0.197112
0.198348
0.199998
0.200606
0.20315
0.206824
0.214218
0.224022
0.227348
0.241646
0.263557
0.290934
0.299226
0.330573
0.361572
0.398825
0.425764
0.435691
0.45114
0.45752
0.451018
0.450914
0.431764
0.397083
0.365907
0.331946
0.326025
0.291721
0.265612
0.248767
0.246776
0.238358
0.2361
0.246514
0.26431
0.270663
0.300804
0.346586
0.403624
0.420105
0.484758
0.548335
0.610181
0.182536
0.181771
0.181278
0.1812
0.181215
0.181327
0.181699
0.182113
0.18248
0.183294
0.184196
0.184998
0.185324
0.186393
0.187397
0.188393
0.188631
0.189799
0.190888
0.191895
0.192713
0.19306
0.194075
0.194979
0.195913
0.196208
0.197918
0.200378
0.204382
0.209863
0.212146
0.221975
0.235415
0.251682
0.2563
0.279022
0.302179
0.324474
0.340327
0.349462
0.364609
0.367627
0.359523
0.358784
0.349472
0.327757
0.302769
0.27794
0.275912
0.255605
0.238104
0.22656
0.225309
0.221329
0.221528
0.227757
0.23953
0.244331
0.26759
0.30015
0.339756
0.350283
0.40278
0.457258
0.50252
0.181755
0.180943
0.180607
0.180659
0.180343
0.180346
0.180818
0.181561
0.181638
0.182264
0.183233
0.18437
0.184668
0.185493
0.186515
0.187733
0.188177
0.189087
0.190069
0.191154
0.192244
0.192466
0.193194
0.194016
0.195137
0.195594
0.196683
0.198559
0.202238
0.208093
0.20952
0.21692
0.228583
0.245501
0.25088
0.267398
0.286339
0.309213
0.330656
0.333953
0.341413
0.345098
0.345876
0.346916
0.33038
0.309219
0.290699
0.272948
0.267579
0.246444
0.231777
0.223694
0.222928
0.217695
0.217461
0.223994
0.236845
0.240208
0.258762
0.288052
0.329603
0.342574
0.384696
0.430402
0.477532
0.179485
0.178602
0.17807
0.178025
0.177731
0.1777
0.178035
0.178592
0.178762
0.179497
0.1805
0.18156
0.181874
0.182902
0.18406
0.185219
0.185584
0.186623
0.187717
0.188698
0.189584
0.189825
0.190544
0.191177
0.191762
0.192011
0.192617
0.19357
0.195389
0.198371
0.199334
0.203728
0.210783
0.220407
0.223491
0.234342
0.246535
0.260769
0.272934
0.276382
0.282595
0.285471
0.284077
0.284468
0.275677
0.262505
0.250319
0.238362
0.235891
0.223533
0.214747
0.209529
0.209072
0.206426
0.20665
0.211077
0.21941
0.222052
0.235377
0.256033
0.283771
0.292312
0.324289
0.360138
0.394262
0.177538
0.176626
0.176045
0.175953
0.175671
0.175552
0.175878
0.176337
0.176543
0.177254
0.178287
0.179322
0.179634
0.18074
0.18189
0.18306
0.183358
0.184451
0.185451
0.186438
0.187175
0.187419
0.188049
0.188504
0.188785
0.188885
0.189161
0.189322
0.190093
0.191294
0.191888
0.194154
0.198096
0.203427
0.205064
0.211968
0.218564
0.227847
0.234422
0.237364
0.241495
0.243754
0.242377
0.242472
0.238449
0.229807
0.223313
0.21572
0.214894
0.207884
0.202748
0.199478
0.199196
0.197967
0.198003
0.201199
0.206482
0.208484
0.217748
0.231655
0.249861
0.255031
0.278342
0.301976
0.328164
0.175945
0.175057
0.174381
0.174259
0.174032
0.173986
0.17417
0.174541
0.174775
0.175571
0.176513
0.177465
0.177759
0.178958
0.180123
0.181173
0.181394
0.182531
0.183583
0.1844
0.184966
0.185205
0.185848
0.186139
0.186096
0.186078
0.186186
0.186107
0.185958
0.186012
0.18638
0.187643
0.189473
0.191865
0.192624
0.197194
0.202022
0.206332
0.20953
0.211891
0.216238
0.217189
0.215349
0.215294
0.214418
0.210676
0.205633
0.200826
0.20084
0.197578
0.194305
0.191998
0.191807
0.191489
0.191976
0.193632
0.196749
0.198222
0.205125
0.214219
0.225077
0.22787
0.244549
0.263323
0.278292
0.175464
0.174578
0.174041
0.173993
0.173599
0.173492
0.173758
0.174292
0.174384
0.175045
0.17601
0.177133
0.177417
0.178427
0.179557
0.180747
0.181114
0.182038
0.182953
0.183831
0.184616
0.184758
0.185137
0.185381
0.185559
0.185671
0.185402
0.185059
0.184987
0.185367
0.185394
0.185776
0.187198
0.190075
0.191107
0.193816
0.197265
0.202129
0.206986
0.207678
0.209349
0.210714
0.211702
0.21216
0.209072
0.205222
0.20232
0.199471
0.198524
0.194617
0.192068
0.190925
0.190936
0.189937
0.190046
0.192024
0.195709
0.196598
0.201457
0.209412
0.221346
0.225159
0.237413
0.251302
0.26737
0.174096
0.173245
0.172679
0.172602
0.17227
0.172187
0.172406
0.172855
0.172985
0.173657
0.17458
0.175592
0.175868
0.176897
0.178018
0.179085
0.17939
0.180308
0.181224
0.181962
0.182565
0.182712
0.18307
0.183204
0.183125
0.183145
0.182793
0.182297
0.181749
0.181429
0.181385
0.181152
0.181471
0.182573
0.18306
0.184525
0.186453
0.189181
0.191777
0.192495
0.193947
0.195093
0.195572
0.195872
0.194766
0.192935
0.191367
0.189737
0.189425
0.187464
0.186092
0.185377
0.185411
0.185003
0.185229
0.186399
0.188523
0.189171
0.192298
0.197267
0.204248
0.206458
0.214522
0.223624
0.233458
0.172861
0.172047
0.17151
0.17142
0.171136
0.171025
0.171273
0.171672
0.171819
0.172448
0.173349
0.174284
0.174543
0.17554
0.17658
0.177586
0.177832
0.17872
0.1795
0.180202
0.180661
0.180803
0.181081
0.18111
0.180898
0.180851
0.180441
0.179704
0.178999
0.178269
0.178183
0.177527
0.17719
0.177298
0.177451
0.17808
0.178707
0.180458
0.181821
0.182455
0.183508
0.184562
0.185001
0.18522
0.185161
0.184155
0.183768
0.182908
0.182939
0.182024
0.181378
0.180961
0.180998
0.180934
0.18102
0.181842
0.18296
0.183426
0.185251
0.188014
0.191821
0.192959
0.198024
0.20271
0.209268
0.171813
0.171057
0.170525
0.17043
0.170202
0.170147
0.170352
0.170716
0.170873
0.171516
0.172346
0.1732
0.173434
0.174408
0.175379
0.176273
0.176461
0.177311
0.178046
0.178618
0.178939
0.179072
0.179317
0.179253
0.178901
0.1788
0.178369
0.177596
0.176665
0.175668
0.175567
0.174756
0.174006
0.173493
0.173464
0.173622
0.173904
0.174594
0.175246
0.175772
0.176834
0.177627
0.177983
0.178157
0.178713
0.178651
0.178468
0.178054
0.178244
0.178038
0.177691
0.177362
0.177377
0.17752
0.177683
0.178049
0.178503
0.178849
0.179965
0.18124
0.182799
0.18323
0.186213
0.189319
0.192352
0.171487
0.170743
0.170326
0.170282
0.169955
0.169864
0.170131
0.170594
0.170668
0.171221
0.172059
0.173019
0.173239
0.174073
0.174983
0.175987
0.17627
0.176956
0.17754
0.178178
0.178685
0.178736
0.17874
0.178639
0.178518
0.178519
0.177819
0.17686
0.176095
0.175356
0.175078
0.173892
0.173091
0.172912
0.172977
0.172578
0.172465
0.173441
0.174611
0.174671
0.174984
0.175875
0.177046
0.177347
0.177251
0.177001
0.177439
0.177601
0.177455
0.176818
0.176624
0.176828
0.176946
0.176657
0.176503
0.177198
0.178049
0.178108
0.178371
0.179319
0.181522
0.18231
0.183799
0.185157
0.188845
0.17066
0.16998
0.169557
0.169501
0.169251
0.169222
0.169455
0.169871
0.169972
0.170556
0.171335
0.172184
0.172391
0.173211
0.174078
0.17492
0.175147
0.175794
0.176382
0.176857
0.177203
0.177253
0.177276
0.177116
0.176807
0.176755
0.176075
0.17518
0.174195
0.173258
0.172994
0.171829
0.170821
0.170213
0.170164
0.169636
0.169433
0.169779
0.170427
0.170539
0.171026
0.171779
0.17265
0.1729
0.173261
0.173565
0.173937
0.174177
0.174175
0.174001
0.173894
0.173954
0.174034
0.173882
0.173867
0.174113
0.174472
0.174509
0.174528
0.174702
0.175333
0.175643
0.176059
0.176671
0.178073
0.169971
0.169351
0.16897
0.168913
0.168721
0.168714
0.168971
0.169366
0.169481
0.170047
0.1708
0.171574
0.171766
0.172538
0.173332
0.174073
0.174253
0.174844
0.175357
0.175742
0.175963
0.176007
0.17599
0.17577
0.175354
0.175258
0.174579
0.173657
0.172595
0.171536
0.171282
0.170092
0.168984
0.168169
0.168051
0.167449
0.167095
0.167219
0.167597
0.167725
0.168201
0.168922
0.169685
0.169898
0.170469
0.170944
0.171395
0.171658
0.171727
0.171727
0.171679
0.17165
0.171688
0.171585
0.171513
0.171563
0.171593
0.17161
0.171399
0.171101
0.170878
0.170901
0.170636
0.170351
0.170736
0.169475
0.168919
0.168597
0.168545
0.168404
0.168406
0.168708
0.169103
0.169221
0.169766
0.170498
0.171218
0.171391
0.172107
0.172816
0.173484
0.173626
0.174152
0.174546
0.174888
0.175013
0.175043
0.174966
0.174681
0.1742
0.17407
0.173376
0.172363
0.171318
0.170187
0.169941
0.168721
0.167572
0.166664
0.166508
0.165872
0.165386
0.165462
0.165708
0.165836
0.166285
0.166995
0.167715
0.1679
0.168569
0.169063
0.169611
0.169875
0.169974
0.170036
0.170016
0.169933
0.169934
0.16984
0.169607
0.169614
0.169417
0.169413
0.169019
0.168425
0.167736
0.167594
0.166936
0.165972
0.165966
0.169231
0.16875
0.168483
0.168442
0.168347
0.16841
0.168716
0.169126
0.169239
0.169787
0.170481
0.171162
0.171316
0.171975
0.172617
0.173211
0.173324
0.17378
0.174116
0.174369
0.174419
0.17443
0.174296
0.173948
0.173408
0.173253
0.172534
0.171513
0.170419
0.169248
0.169003
0.167784
0.166616
0.165667
0.16549
0.164846
0.164378
0.164368
0.164562
0.164677
0.165142
0.165827
0.166529
0.166697
0.167407
0.167978
0.168516
0.168793
0.168892
0.169004
0.168995
0.168898
0.168872
0.168771
0.168523
0.168396
0.168047
0.168006
0.167478
0.166684
0.165731
0.165501
0.164618
0.163574
0.163144
0.169301
0.168895
0.168698
0.168677
0.168612
0.168721
0.169058
0.169509
0.169603
0.170143
0.170817
0.171486
0.17162
0.17221
0.172796
0.173338
0.173441
0.173817
0.174096
0.174281
0.174288
0.174271
0.174068
0.173667
0.173083
0.172914
0.172148
0.171124
0.16999
0.168811
0.168553
0.167335
0.166167
0.165221
0.165039
0.164383
0.163953
0.163912
0.164111
0.164201
0.164674
0.165355
0.166079
0.166235
0.166951
0.167588
0.168146
0.168488
0.168566
0.16872
0.168765
0.168745
0.168713
0.168594
0.168351
0.168149
0.167717
0.167612
0.16692
0.165987
0.164915
0.164648
0.163604
0.162536
0.161968
0.169756
0.169423
0.169347
0.169357
0.169294
0.169405
0.16984
0.170368
0.170425
0.170907
0.171604
0.172314
0.172429
0.172915
0.173438
0.174007
0.174124
0.174402
0.174576
0.17477
0.174793
0.174736
0.174411
0.173966
0.173401
0.173233
0.172374
0.171289
0.170185
0.16904
0.168746
0.167467
0.166327
0.165452
0.165277
0.164576
0.164136
0.164167
0.16443
0.164472
0.164889
0.165614
0.166442
0.166601
0.167286
0.167936
0.168664
0.169182
0.169219
0.169366
0.169595
0.169857
0.169852
0.169705
0.169374
0.169319
0.168899
0.168685
0.167657
0.166614
0.165588
0.165322
0.164082
0.162867
0.16248
0.170047
0.169756
0.169567
0.169517
0.169612
0.169833
0.170157
0.170531
0.170713
0.17137
0.17201
0.172522
0.172644
0.173302
0.173863
0.174256
0.174267
0.174679
0.174962
0.175059
0.174931
0.174922
0.174721
0.174268
0.17356
0.173345
0.17258
0.171554
0.170372
0.169133
0.168883
0.167703
0.166561
0.165579
0.165375
0.164778
0.164414
0.164358
0.164517
0.164626
0.165178
0.165897
0.166583
0.166716
0.167551
0.168337
0.168947
0.169321
0.169474
0.169934
0.170205
0.170179
0.170099
0.170304
0.170286
0.169883
0.169131
0.169063
0.16836
0.167246
0.165864
0.165504
0.164467
0.163461
0.162908
0.171279
0.171068
0.170976
0.170931
0.171094
0.171314
0.171756
0.172163
0.172365
0.173011
0.173706
0.174218
0.174328
0.174976
0.175498
0.175924
0.175899
0.176323
0.176526
0.1767
0.176534
0.176518
0.17628
0.175793
0.175049
0.174782
0.174016
0.172889
0.171757
0.170457
0.170213
0.16902
0.167909
0.166923
0.166691
0.166146
0.16575
0.165795
0.165939
0.166067
0.166643
0.167454
0.168193
0.168312
0.169292
0.170161
0.171081
0.171654
0.171886
0.172656
0.173385
0.173681
0.173591
0.174181
0.174172
0.174028
0.173036
0.172964
0.172058
0.170744
0.169116
0.168639
0.167574
0.166378
0.166129
0.173411
0.173286
0.173328
0.173293
0.173527
0.17371
0.174353
0.174831
0.175057
0.175688
0.176504
0.177068
0.177169
0.177835
0.178338
0.178903
0.17885
0.179335
0.179413
0.179825
0.179682
0.179663
0.179374
0.178868
0.178137
0.177811
0.177021
0.175656
0.174684
0.173308
0.173053
0.171771
0.170693
0.169714
0.169446
0.168923
0.168406
0.168659
0.168816
0.168954
0.169535
0.170524
0.171432
0.171548
0.172774
0.173769
0.175379
0.176423
0.176786
0.178101
0.179702
0.1807
0.180643
0.181852
0.181779
0.182276
0.181042
0.180923
0.179596
0.177916
0.175927
0.17528
0.173996
0.172248
0.172555
0.176926
0.176908
0.17713
0.177115
0.177433
0.177529
0.178515
0.179134
0.179394
0.180028
0.181076
0.181788
0.181889
0.182634
0.183177
0.184056
0.18399
0.184628
0.184501
0.185447
0.18543
0.185409
0.18506
0.184558
0.183901
0.183497
0.182639
0.180787
0.180145
0.178644
0.178351
0.176864
0.175782
0.174805
0.174478
0.173925
0.173147
0.173759
0.173968
0.174105
0.1747
0.176008
0.177283
0.177424
0.179092
0.180348
0.183237
0.185192
0.185758
0.188025
0.191027
0.193215
0.193267
0.195356
0.195248
0.196695
0.195214
0.194962
0.192941
0.190592
0.187995
0.187117
0.185269
0.182557
0.183574
0.182692
0.182821
0.183315
0.183334
0.183768
0.18372
0.185288
0.186179
0.186496
0.187197
0.188656
0.189693
0.189812
0.190751
0.191476
0.192929
0.192887
0.193825
0.193475
0.195337
0.195616
0.195588
0.195172
0.194696
0.194167
0.193659
0.192638
0.190003
0.189824
0.18811
0.187715
0.185843
0.184666
0.183651
0.183232
0.182549
0.181384
0.182493
0.182822
0.182943
0.183606
0.185448
0.187403
0.187618
0.190015
0.191909
0.196699
0.200165
0.20101
0.20477
0.209718
0.213625
0.21387
0.217051
0.2172
0.219523
0.21772
0.217214
0.214101
0.210631
0.207054
0.205885
0.203018
0.199081
0.200715
0.192286
0.192638
0.193544
0.193627
0.194232
0.19414
0.196498
0.197888
0.198296
0.199217
0.201323
0.202958
0.203126
0.204431
0.205598
0.207965
0.208015
0.209459
0.209204
0.212175
0.212979
0.212932
0.212418
0.211964
0.211568
0.210927
0.209559
0.206147
0.206117
0.204048
0.203447
0.20095
0.199509
0.19838
0.197826
0.196857
0.19533
0.196928
0.197494
0.197569
0.198416
0.201062
0.204104
0.204464
0.20793
0.211122
0.218294
0.223911
0.225103
0.230888
0.238187
0.244183
0.244708
0.249024
0.250189
0.252519
0.250232
0.249307
0.244674
0.23958
0.234651
0.23311
0.228792
0.223724
0.225503
0.208253
0.208925
0.210428
0.210628
0.21149
0.211571
0.214965
0.217192
0.217742
0.219114
0.222182
0.224785
0.225045
0.226949
0.228891
0.232603
0.232837
0.235031
0.235338
0.239509
0.241034
0.240941
0.240223
0.239705
0.239342
0.23852
0.236509
0.232376
0.231935
0.229292
0.228359
0.224917
0.222978
0.221617
0.220879
0.21943
0.217602
0.219646
0.220602
0.2206
0.221785
0.225535
0.230075
0.230668
0.235509
0.240713
0.250457
0.258643
0.260194
0.268269
0.277925
0.285999
0.286823
0.292082
0.294538
0.296145
0.293256
0.29183
0.28554
0.278726
0.272381
0.270428
0.264415
0.258244
0.259695
0.234209
0.235308
0.237622
0.238005
0.239255
0.239694
0.244534
0.248005
0.24878
0.25092
0.255278
0.259227
0.25964
0.262428
0.265557
0.270886
0.271411
0.274549
0.275876
0.2811
0.28338
0.283176
0.282128
0.281363
0.280784
0.27971
0.276727
0.271623
0.270364
0.266853
0.265465
0.260737
0.258036
0.256246
0.255266
0.253117
0.250938
0.253396
0.25483
0.254739
0.25644
0.261463
0.267677
0.268551
0.274863
0.282449
0.294417
0.305012
0.306847
0.316997
0.328488
0.33809
0.339167
0.344977
0.348609
0.349099
0.345813
0.34399
0.336605
0.32853
0.32087
0.318632
0.310942
0.3043
0.304382
0.274794
0.276436
0.279717
0.28034
0.282133
0.28308
0.289692
0.294689
0.295799
0.299045
0.304854
0.310264
0.310871
0.314759
0.3193
0.326177
0.327
0.33111
0.333557
0.339544
0.342438
0.342101
0.34072
0.339559
0.338492
0.337089
0.33296
0.32657
0.324254
0.319554
0.317656
0.311409
0.307675
0.305103
0.303796
0.30069
0.297913
0.300435
0.30206
0.301854
0.304023
0.31002
0.317447
0.318571
0.326017
0.335851
0.348775
0.360899
0.362857
0.374469
0.386707
0.396755
0.397957
0.403799
0.408371
0.407441
0.403969
0.401978
0.39441
0.385452
0.376493
0.374168
0.365182
0.35937
0.356715
0.335257
0.337455
0.341543
0.342382
0.344795
0.346147
0.354436
0.36078
0.362359
0.366951
0.37381
0.380109
0.380878
0.385849
0.391665
0.399175
0.400165
0.404956
0.408743
0.414376
0.417364
0.416981
0.415725
0.413997
0.411548
0.409892
0.404626
0.398561
0.393185
0.387139
0.384696
0.377642
0.372316
0.368138
0.366477
0.362223
0.359467
0.360154
0.361274
0.360778
0.363163
0.368874
0.376191
0.377376
0.385192
0.396497
0.408584
0.420884
0.422805
0.434964
0.446683
0.455901
0.457044
0.46231
0.467165
0.464346
0.460282
0.458234
0.450572
0.440673
0.430414
0.428133
0.418499
0.414064
0.408397
0.417475
0.420158
0.42245
0.42316
0.426683
0.430687
0.436702
0.442993
0.445163
0.4529
0.458441
0.463317
0.464103
0.470707
0.477743
0.482662
0.48336
0.488494
0.495442
0.497071
0.498489
0.49812
0.497991
0.495039
0.489195
0.487256
0.481396
0.477641
0.466886
0.459092
0.456532
0.450309
0.442904
0.435831
0.433941
0.429147
0.427834
0.424059
0.423795
0.42312
0.426241
0.430025
0.435381
0.436392
0.444268
0.456316
0.465803
0.47692
0.478871
0.491293
0.501334
0.508158
0.509039
0.513287
0.517652
0.511703
0.50588
0.503764
0.495664
0.484414
0.472698
0.470454
0.460883
0.457594
0.449597
0.506153
0.508583
0.506099
0.505873
0.511285
0.517273
0.519181
0.52312
0.526223
0.537068
0.540306
0.541458
0.542209
0.55077
0.557629
0.558035
0.557633
0.562912
0.569735
0.568328
0.566474
0.566335
0.567032
0.562198
0.552437
0.550112
0.544304
0.539326
0.526909
0.517135
0.515156
0.509947
0.501064
0.49117
0.48918
0.484783
0.482993
0.476932
0.474893
0.47471
0.478595
0.480787
0.483614
0.484453
0.492691
0.504032
0.51136
0.520549
0.5228
0.535248
0.54302
0.546524
0.546965
0.54966
0.550724
0.542543
0.534194
0.531978
0.522445
0.509917
0.497549
0.495331
0.48624
0.481
0.474517
0.608352
0.608396
0.610855
0.611716
0.610829
0.612339
0.615601
0.620744
0.620715
0.624386
0.628043
0.631886
0.632212
0.633086
0.634877
0.637028
0.637743
0.636599
0.635695
0.632844
0.630455
0.629192
0.622927
0.615408
0.607628
0.606015
0.596529
0.587337
0.577014
0.568433
0.565963
0.55634
0.547973
0.541427
0.54016
0.533613
0.529022
0.526298
0.525832
0.525193
0.525203
0.528477
0.533765
0.53491
0.540127
0.547623
0.556239
0.564658
0.565932
0.572505
0.577357
0.57853
0.57827
0.574736
0.568494
0.557474
0.546105
0.54338
0.530755
0.517889
0.507167
0.505353
0.497
0.490869
0.486875
0.653915
0.652887
0.653734
0.653894
0.652551
0.652021
0.653199
0.655366
0.655436
0.658536
0.660448
0.660339
0.660157
0.659053
0.657358
0.654749
0.65423
0.650517
0.646822
0.640352
0.635051
0.63381
0.627598
0.618669
0.60926
0.607447
0.598403
0.589589
0.579009
0.57064
0.56884
0.561228
0.554012
0.548388
0.547435
0.542951
0.539912
0.538356
0.538849
0.538889
0.540652
0.544295
0.548707
0.549724
0.554807
0.561364
0.568148
0.574293
0.575413
0.579886
0.580158
0.575956
0.574657
0.566853
0.557158
0.5428
0.530239
0.527638
0.515859
0.504109
0.494563
0.493008
0.486319
0.482249
0.479587
0.660568
0.658932
0.658756
0.658519
0.65612
0.654635
0.653112
0.653199
0.653013
0.654836
0.655488
0.652363
0.651633
0.647692
0.642396
0.638265
0.637309
0.631637
0.624576
0.61856
0.613362
0.612181
0.605771
0.596329
0.588434
0.586785
0.578071
0.568773
0.5614
0.554913
0.553512
0.547115
0.542506
0.539297
0.538736
0.536066
0.534377
0.534911
0.536598
0.537002
0.539792
0.543502
0.547262
0.548132
0.552589
0.55768
0.562792
0.566673
0.567325
0.56805
0.564307
0.556752
0.554828
0.543933
0.53018
0.518088
0.506323
0.503826
0.492179
0.482413
0.475298
0.474083
0.468628
0.464634
0.465093
0.625429
0.623425
0.621998
0.621164
0.616696
0.611147
0.609871
0.607835
0.607592
0.606656
0.604167
0.597383
0.596109
0.590764
0.584684
0.580264
0.579024
0.573841
0.565686
0.561965
0.557655
0.556908
0.552186
0.544311
0.53884
0.537707
0.532915
0.527491
0.525467
0.523196
0.522956
0.521691
0.521559
0.521765
0.521834
0.522938
0.525191
0.527483
0.530198
0.531016
0.534273
0.536202
0.537705
0.538
0.539736
0.540058
0.539099
0.536387
0.535825
0.529689
0.520079
0.508697
0.506302
0.494675
0.480601
0.471153
0.461564
0.459768
0.451814
0.445593
0.441144
0.440392
0.437798
0.435942
0.43763
)
;

boundaryField
{
    inlet
    {
        type            turbulentIntensityKineticEnergyInlet;
        intensity       0.03;
        value           nonuniform List<scalar> 0();
    }
    outlet
    {
        type            zeroGradient;
    }
    front
    {
        type            empty;
    }
    back
    {
        type            empty;
    }
    hub
    {
        type            fixedValue;
        value           nonuniform List<scalar> 
72
(
0.0184017
0.0193107
0.0193107
0.0213193
0.0225957
0.0253309
0.0267595
0.0267595
0.0280947
0.0302953
0.0310264
0.0310264
0.0315633
0.0313506
0.0301704
0.0301704
0.0292219
0.026636
0.0249888
0.0214566
0.0214566
0.0196313
0.0154356
0.0133061
0.0133061
0.00956136
0.00800241
0.00608377
0.00608377
0.0077236
0.0138349
0.020658
0.0237585
0.0237585
0.0290161
0.03066
0.031908
0.031908
0.0314513
0.0286029
0.0262995
0.0209976
0.0209976
0.0182941
0.013098
0.00950622
0.00950622
0.00812333
0.00596777
0.00516672
0.00402356
0.00402356
0.00332781
0.00314712
0.00310869
0.00310869
0.0030538
0.00286128
0.00259279
0.00256383
0.00256383
0.00268625
0.00276679
0.00297052
0.00297052
0.0031655
0.00327048
0.00336248
0.00330096
0.00330096
0.0031849
0.00294269
)
;
    }
    tip
    {
        type            kqRWallFunction;
        value           nonuniform List<scalar> 
65
(
0.625429
0.623425
0.621998
0.621164
0.616696
0.611147
0.609871
0.607835
0.607592
0.606656
0.604167
0.597383
0.596109
0.590764
0.584684
0.580264
0.579024
0.573841
0.565686
0.561965
0.557655
0.556908
0.552186
0.544311
0.53884
0.537707
0.532915
0.527491
0.525467
0.523196
0.522956
0.521691
0.521559
0.521765
0.521834
0.522938
0.525191
0.527483
0.530198
0.531016
0.534273
0.536202
0.537705
0.538
0.539736
0.540058
0.539099
0.536387
0.535825
0.529689
0.520079
0.508697
0.506302
0.494675
0.480601
0.471153
0.461564
0.459768
0.451814
0.445593
0.441144
0.440392
0.437798
0.435942
0.43763
)
;
    }
    procBoundary7to5
    {
        type            processor;
        value           nonuniform List<scalar> 
104
(
2.74588
2.68131
2.66075
2.57176
2.4901
2.4901
2.52363
2.62922
2.66588
2.70367
2.81241
2.85068
2.96465
3.00336
3.12174
3.16195
3.18712
3.18712
3.11474
3.09613
3.02826
2.94862
2.87172
2.85475
2.85475
2.97061
3.08779
3.10517
3.21964
3.2378
3.34864
3.36661
3.46944
3.4863
3.57512
3.58933
3.65719
3.69619
3.70037
3.69581
3.69116
3.63295
3.61687
3.50033
3.33417
3.29849
3.08097
3.03273
2.76684
2.46534
2.40303
2.07955
2.01068
1.68599
1.37091
1.30924
1.02973
0.790003
0.745628
0.560367
0.424311
0.400206
0.314451
0.301431
0.253816
0.225603
0.221519
0.206569
0.197325
0.191358
0.190317
0.186367
0.183405
0.182858
0.180549
0.178588
0.176897
0.176558
0.175094
0.173797
0.172665
0.172443
0.171497
0.170724
0.170157
0.169841
0.169846
0.170275
0.170428
0.171586
0.173653
0.177106
0.182813
0.192347
0.208247
0.234132
0.274611
0.3349
0.415479
0.500788
0.610984
0.656837
0.664048
0.630435
)
;
    }
    procBoundary7to6
    {
        type            processor;
        value           nonuniform List<scalar> 
58
(
0.147007
0.190547
0.260572
0.264214
0.327287
0.383902
0.389668
0.441868
0.448701
0.503321
0.556179
0.565211
0.615756
0.625698
0.67732
0.688302
0.74127
0.748432
0.756353
0.8122
0.82531
0.88392
0.898254
0.959719
0.969862
0.981132
1.04695
1.06404
1.13413
1.14703
1.16132
1.23683
1.25192
1.26823
1.35075
1.37319
1.4623
1.48157
1.50168
1.59943
1.62155
1.64367
1.74896
1.77296
1.79771
1.90603
1.93469
2.04523
2.07537
2.18698
2.21539
2.24295
2.35939
2.39089
2.50997
2.54263
2.66313
2.6974
)
;
    }
    procBoundary7to8
    {
        type            processor;
        value           nonuniform List<scalar> 
84
(
1.41279
1.47803
1.48271
1.54958
1.55416
1.62386
1.69462
1.6998
1.7712
1.77679
1.84937
1.85515
1.92812
1.93399
2.00652
2.01222
2.08442
2.15383
2.15982
2.22625
2.23229
2.29601
2.30171
2.36336
2.42113
2.42709
2.48141
2.48694
2.53665
2.57553
2.57979
2.60032
2.60141
2.59233
2.54698
2.53949
2.45504
2.33888
2.32247
2.17688
2.00658
1.98176
1.79169
1.76476
1.56502
1.36528
1.33879
1.14657
0.967513
0.805851
0.785197
0.645785
0.52738
0.513384
0.418296
0.34322
0.286279
0.280245
0.240492
0.212733
0.193675
0.191879
0.179415
0.171132
0.165917
0.162969
0.161896
0.162709
0.162914
0.166309
0.173022
0.184452
0.202142
0.227569
0.262237
0.30694
0.358675
0.409204
0.44904
0.473142
0.486947
0.481006
0.467339
0.438724
)
;
    }
    procBoundary7to9
    {
        type            processor;
        value           nonuniform List<scalar> 
71
(
0.0640749
0.0849084
0.115074
0.115684
0.143879
0.170409
0.17155
0.1971
0.198492
0.224821
0.251007
0.253013
0.279022
0.281267
0.30805
0.310553
0.338301
0.339676
0.341129
0.370354
0.373188
0.403916
0.407027
0.439417
0.44118
0.443015
0.477696
0.481176
0.518098
0.520167
0.522302
0.562152
0.564362
0.566624
0.609911
0.61402
0.660614
0.663404
0.666238
0.71641
0.719465
0.722439
0.774818
0.777969
0.780987
0.834056
0.838628
0.891873
0.896698
0.950568
0.954237
0.957789
1.01314
1.01823
1.07477
1.08013
1.13804
1.14369
1.20313
1.20904
1.27009
1.27507
1.27978
1.34325
1.34325
1.33771
1.33783
1.39821
1.39821
1.3967
1.40106
)
;
    }
}


// ************************************************************************* //
