/*--------------------------------*- C++ -*----------------------------------*\
| =========                 |                                                 |
| \\      /  F ield         | OpenFOAM: The Open Source CFD Toolbox           |
|  \\    /   O peration     | Version:  v2012                                 |
|   \\  /    A nd           | Website:  www.openfoam.com                      |
|    \\/     M anipulation  |                                                 |
\*---------------------------------------------------------------------------*/
FoamFile
{
    version     2.0;
    format      ascii;
    class       volScalarField;
    location    "1e-06";
    object      kMean;
}
// * * * * * * * * * * * * * * * * * * * * * * * * * * * * * * * * * * * * * //

dimensions      [0 2 -2 0 0 0 0];


internalField   nonuniform List<scalar> 
10203
(
0.148094
0.139991
0.136416
0.142157
0.144095
0.139305
0.131456
0.136185
0.138967
0.134709
0.125942
0.12645
0.129882
0.128573
0.120223
0.116856
0.12112
0.121841
0.116608
0.109562
0.114119
0.118199
0.114925
0.107697
0.107573
0.11161
0.112211
0.103788
0.0989011
0.102064
0.100997
0.0986284
0.0910296
0.0924532
0.0947385
0.0926859
0.0855374
0.0828615
0.0848638
0.0817293
0.0790682
0.0717133
0.0736657
0.0752804
0.0721786
0.0659599
0.0642884
0.066953
0.0687443
0.0637879
0.059037
0.0619324
0.0657256
0.0655689
0.062882
0.06241
0.066783
0.0704654
0.0678696
0.0648782
0.0672114
0.0698747
0.0686065
0.0646512
0.0634766
0.0652978
0.0659047
0.0629423
0.059492
0.0611097
0.063896
0.0648727
0.189152
0.186971
0.186321
0.18378
0.18041
0.181091
0.179236
0.177891
0.172347
0.173598
0.171045
0.170013
0.166491
0.165411
0.163295
0.162707
0.160203
0.156554
0.157066
0.156156
0.155039
0.151191
0.151865
0.150428
0.149671
0.146662
0.145294
0.142343
0.141742
0.138036
0.128498
0.132265
0.129238
0.128071
0.123914
0.121763
0.11879
0.118048
0.114596
0.108646
0.108785
0.10555
0.10436
0.100497
0.0987347
0.0967964
0.0962897
0.0939337
0.092379
0.091262
0.0899621
0.0894088
0.0878917
0.0888735
0.0893823
0.0892779
0.0891228
0.0898606
0.0899992
0.089743
0.089278
0.0879467
0.0876499
0.0865302
0.086194
0.0847304
0.0830919
0.082904
0.0823777
0.0819783
0.0813851
0.0828793
0.257603
0.253863
0.252849
0.248851
0.240707
0.243773
0.241253
0.239881
0.233353
0.234992
0.232426
0.231415
0.227814
0.226738
0.224593
0.223904
0.221123
0.214354
0.217609
0.215916
0.214799
0.21016
0.210446
0.208154
0.207265
0.203617
0.201151
0.197595
0.196679
0.192306
0.179641
0.184021
0.180051
0.178787
0.173468
0.170203
0.166243
0.165321
0.161125
0.151286
0.154003
0.150038
0.148763
0.144278
0.142116
0.139705
0.13907
0.136332
0.132939
0.132368
0.0903001
0.129401
0.12695
0.126931
0.126332
0.126016
0.124944
0.123661
0.123771
0.122685
0.122139
0.120113
0.119437
0.117956
0.11754
0.11591
0.112695
0.113838
0.113164
0.112798
0.112085
0.113426
0.260674
0.255613
0.254526
0.250617
0.253566
0.245423
0.242787
0.241449
0.237797
0.236719
0.233932
0.232912
0.229735
0.228992
0.226107
0.225371
0.222699
0.226071
0.219118
0.217322
0.216223
0.213112
0.212006
0.20947
0.208561
0.2051
0.203517
0.198829
0.197861
0.193512
0.189887
0.185189
0.181094
0.179822
0.174799
0.171535
0.167169
0.166216
0.162054
0.163208
0.154864
0.150821
0.149542
0.145464
0.143041
0.140417
0.139761
0.137069
0.137679
0.133028
0.130663
0.129997
0.127947
0.127603
0.126845
0.126511
0.125471
0.127052
0.124233
0.123113
0.122563
0.120833
0.119961
0.118357
0.11793
0.116331
0.11773
0.114236
0.113532
0.113168
0.112629
0.113919
0.322198
0.316051
0.314635
0.309582
0.306344
0.302553
0.299272
0.297902
0.292603
0.29252
0.289545
0.288507
0.285056
0.284191
0.281216
0.280356
0.277495
0.275909
0.273199
0.2707
0.269573
0.265259
0.264046
0.260742
0.259687
0.25545
0.252767
0.247619
0.24639
0.241403
0.23309
0.231298
0.22642
0.225047
0.219105
0.215023
0.20984
0.20868
0.203872
0.199313
0.195236
0.190341
0.188976
0.184176
0.181309
0.178185
0.177406
0.174344
0.172685
0.169242
0.166274
0.165319
0.162425
0.1615
0.15999
0.159501
0.157801
0.157395
0.155145
0.153424
0.15279
0.150426
0.149299
0.14738
0.146874
0.145059
0.144221
0.142689
0.141869
0.14151
0.140847
0.142164
0.378138
0.371418
0.369732
0.363609
0.354035
0.355051
0.351255
0.349789
0.34247
0.343764
0.34066
0.339568
0.335663
0.334566
0.331701
0.33074
0.327598
0.32069
0.3226
0.319529
0.318304
0.312505
0.311486
0.307571
0.306361
0.301284
0.297387
0.292107
0.290673
0.285023
0.271721
0.273371
0.267822
0.266317
0.259423
0.254616
0.248825
0.247488
0.242018
0.232021
0.23207
0.22644
0.224955
0.219341
0.216155
0.212668
0.211781
0.20833
0.203989
0.202368
0.198759
0.197696
0.193939
0.192682
0.190641
0.190023
0.187769
0.185061
0.184039
0.181848
0.181127
0.178126
0.176848
0.17468
0.174103
0.172063
0.168542
0.16945
0.168553
0.168187
0.167373
0.168816
0.382692
0.374349
0.37256
0.366542
0.366915
0.357808
0.353845
0.352431
0.348408
0.346591
0.343201
0.342096
0.338712
0.338017
0.334224
0.333199
0.330197
0.332422
0.325093
0.32188
0.32068
0.316672
0.314017
0.309785
0.308548
0.303695
0.30084
0.294183
0.292677
0.287051
0.281936
0.275333
0.269607
0.268091
0.261549
0.25673
0.250421
0.249038
0.2436
0.242207
0.233535
0.227788
0.226299
0.22117
0.217659
0.213894
0.212979
0.209579
0.209366
0.203508
0.199812
0.198748
0.195482
0.193825
0.191577
0.190936
0.188723
0.189186
0.184909
0.182662
0.181943
0.179312
0.177779
0.175442
0.174848
0.172844
0.173953
0.170192
0.169247
0.168882
0.168296
0.169675
0.435288
0.426658
0.424633
0.417577
0.410809
0.407524
0.40312
0.401559
0.394908
0.39508
0.39159
0.390411
0.386424
0.385483
0.381905
0.380791
0.377437
0.373497
0.371658
0.367941
0.366604
0.360762
0.358684
0.353926
0.352532
0.346801
0.342703
0.336113
0.334431
0.328142
0.317397
0.315016
0.308682
0.307022
0.299477
0.294038
0.287254
0.285711
0.279619
0.272301
0.268377
0.261987
0.260363
0.254338
0.250654
0.246606
0.245593
0.241785
0.238491
0.23497
0.230711
0.229523
0.22532
0.223511
0.220838
0.220082
0.217356
0.215254
0.212656
0.210011
0.209202
0.205895
0.204326
0.20179
0.20113
0.198901
0.196816
0.19606
0.19507
0.194691
0.193921
0.195509
0.440586
0.430124
0.427977
0.421061
0.424383
0.41078
0.406174
0.404685
0.401971
0.398416
0.394582
0.393391
0.390056
0.38951
0.384871
0.38368
0.380503
0.385834
0.37459
0.370703
0.369403
0.365758
0.361667
0.356537
0.355113
0.349668
0.346706
0.338568
0.336797
0.330544
0.327834
0.317336
0.310791
0.309122
0.302019
0.29653
0.289141
0.287545
0.281498
0.282779
0.270112
0.263584
0.261958
0.256543
0.252436
0.24806
0.247013
0.243274
0.244311
0.236329
0.231967
0.230781
0.227201
0.224882
0.221968
0.221185
0.218517
0.219781
0.213719
0.211005
0.2102
0.207366
0.20546
0.202722
0.202039
0.199858
0.202607
0.196964
0.195915
0.195538
0.195062
0.196553
0.494213
0.483826
0.48142
0.473312
0.46728
0.46178
0.456762
0.455029
0.448574
0.448064
0.444194
0.442874
0.438662
0.437852
0.43366
0.432358
0.4287
0.425886
0.422118
0.417747
0.41623
0.410043
0.407146
0.401553
0.399935
0.393453
0.389042
0.381291
0.379342
0.372347
0.36251
0.357714
0.350567
0.348705
0.340389
0.334334
0.326583
0.324814
0.318035
0.31134
0.305498
0.298353
0.296551
0.290007
0.285887
0.281284
0.280121
0.275896
0.273055
0.268212
0.263286
0.261933
0.257181
0.254888
0.251597
0.250686
0.247471
0.245604
0.24187
0.23879
0.237872
0.234222
0.232428
0.229537
0.22878
0.226347
0.225028
0.223297
0.222217
0.221803
0.221044
0.222823
0.546358
0.536869
0.53424
0.524856
0.50961
0.512146
0.506824
0.50479
0.494053
0.497029
0.493298
0.49183
0.486502
0.485114
0.481891
0.480499
0.476243
0.465265
0.469008
0.464228
0.462445
0.453275
0.451885
0.446009
0.444193
0.436557
0.430156
0.423503
0.421406
0.413634
0.395704
0.397604
0.389946
0.387874
0.378182
0.371505
0.363704
0.361776
0.35423
0.340038
0.340624
0.332946
0.330949
0.323074
0.319033
0.314371
0.313095
0.308321
0.300868
0.299925
0.294467
0.292922
0.286783
0.28463
0.28109
0.280053
0.276259
0.270532
0.269942
0.266551
0.265505
0.260893
0.259319
0.256401
0.255576
0.252866
0.247146
0.249705
0.248626
0.248161
0.246993
0.249071
0.553626
0.541604
0.538795
0.52959
0.523171
0.516607
0.510978
0.509041
0.502488
0.501606
0.497362
0.495871
0.491349
0.490657
0.485917
0.48441
0.480389
0.477636
0.473006
0.467983
0.466249
0.459533
0.455992
0.449579
0.447718
0.440445
0.435661
0.426872
0.424645
0.416924
0.406968
0.400811
0.392845
0.390759
0.38162
0.37499
0.366311
0.364304
0.35682
0.349816
0.343037
0.335159
0.333161
0.326041
0.321545
0.316396
0.31507
0.310392
0.307543
0.301838
0.296235
0.294692
0.289319
0.2866
0.282704
0.281629
0.277917
0.275969
0.271482
0.26799
0.26695
0.262934
0.260982
0.257752
0.256892
0.254249
0.253195
0.251018
0.249847
0.249384
0.248605
0.250607
0.604569
0.594047
0.591045
0.580472
0.56464
0.566409
0.560554
0.558246
0.546578
0.54991
0.545922
0.544263
0.538355
0.536929
0.533532
0.531947
0.527214
0.516044
0.519219
0.513849
0.51181
0.501532
0.500009
0.493468
0.491407
0.482864
0.475771
0.468606
0.46626
0.45774
0.439355
0.4403
0.431913
0.429602
0.41892
0.411704
0.403231
0.401082
0.392803
0.378419
0.378051
0.369712
0.367504
0.358814
0.35455
0.349471
0.348034
0.342743
0.334727
0.333513
0.327401
0.325647
0.318634
0.316239
0.312196
0.310999
0.306679
0.300365
0.299623
0.295869
0.29469
0.289539
0.287966
0.284813
0.283888
0.280945
0.275088
0.277643
0.276494
0.275966
0.274635
0.276975
0.612774
0.599274
0.596053
0.585726
0.578392
0.571343
0.565106
0.562929
0.55603
0.555001
0.550375
0.548695
0.54378
0.543169
0.537949
0.536225
0.531793
0.528583
0.523629
0.517963
0.515994
0.508611
0.504591
0.497395
0.495282
0.487206
0.481997
0.472328
0.469823
0.461382
0.450866
0.44387
0.43511
0.432789
0.422805
0.415655
0.406119
0.403874
0.395691
0.388
0.380742
0.372164
0.369961
0.36221
0.357401
0.351721
0.350225
0.345066
0.341834
0.335654
0.329369
0.327625
0.32156
0.318486
0.314005
0.312762
0.308557
0.306244
0.301364
0.297485
0.296319
0.291911
0.289876
0.286335
0.285367
0.282514
0.281339
0.279129
0.277865
0.277344
0.276501
0.278751
0.66451
0.653361
0.649964
0.638041
0.62034
0.622602
0.61623
0.613564
0.60036
0.604531
0.600366
0.598472
0.591749
0.590153
0.58687
0.58508
0.579751
0.567257
0.571014
0.565085
0.562728
0.550928
0.549604
0.5425
0.540164
0.53059
0.522537
0.515253
0.512654
0.503328
0.48337
0.484467
0.475381
0.472798
0.46095
0.453187
0.444209
0.441824
0.432749
0.416991
0.416866
0.407886
0.405433
0.39572
0.391312
0.385885
0.384268
0.378376
0.369207
0.368294
0.361486
0.359516
0.351423
0.348894
0.344408
0.343037
0.338149
0.330797
0.330415
0.32632
0.324987
0.319163
0.317695
0.314372
0.313337
0.310124
0.303537
0.306685
0.30546
0.304847
0.303227
0.305852
0.673765
0.659145
0.655481
0.643878
0.634558
0.628074
0.621224
0.618729
0.61079
0.610214
0.605252
0.603336
0.597808
0.597187
0.591728
0.589766
0.584814
0.580183
0.575892
0.569601
0.567339
0.558835
0.554734
0.546827
0.544432
0.535439
0.529558
0.519371
0.516577
0.507363
0.495465
0.488452
0.478911
0.476321
0.465332
0.457682
0.44741
0.444909
0.435969
0.426909
0.419872
0.4106
0.40816
0.399583
0.394556
0.388384
0.386695
0.380978
0.376724
0.370691
0.36256
0.361722
0.354769
0.351461
0.346431
0.345004
0.340267
0.337086
0.332375
0.328127
0.326814
0.321892
0.31989
0.316078
0.314992
0.311896
0.310046
0.308362
0.306993
0.306389
0.305372
0.307902
0.726568
0.715345
0.711546
0.69804
0.676959
0.681171
0.674322
0.671189
0.655654
0.661258
0.65706
0.654877
0.647021
0.645057
0.642313
0.64031
0.63423
0.6191
0.624784
0.618362
0.61561
0.601756
0.601028
0.593535
0.590894
0.580109
0.570735
0.56386
0.561018
0.550802
0.527929
0.530491
0.520771
0.51787
0.504613
0.496261
0.487031
0.484402
0.474435
0.455983
0.457425
0.447835
0.445089
0.434068
0.429599
0.423948
0.422131
0.415527
0.404489
0.404582
0.363702
0.394842
0.3854
0.382866
0.378043
0.376482
0.370961
0.362017
0.362611
0.35821
0.35669
0.349999
0.348751
0.345362
0.344206
0.340661
0.332605
0.337083
0.335781
0.335049
0.332968
0.335882
0.734336
0.718703
0.714595
0.701716
0.690939
0.684516
0.677066
0.674226
0.665267
0.665081
0.65978
0.657618
0.651422
0.650729
0.645094
0.642891
0.637387
0.631757
0.627732
0.620838
0.618279
0.608656
0.604518
0.59595
0.593276
0.583379
0.576792
0.566241
0.563168
0.553206
0.54026
0.532989
0.522714
0.519854
0.507856
0.499749
0.488844
0.486093
0.47641
0.46639
0.459248
0.449324
0.446641
0.437171
0.431981
0.425352
0.423467
0.417159
0.411791
0.406019
0.39733
0.396105
0.388178
0.384712
0.379178
0.377568
0.372294
0.368129
0.363785
0.359196
0.357733
0.352241
0.350353
0.346319
0.345113
0.341761
0.339179
0.338096
0.336614
0.33592
0.334645
0.337463
0.742398
0.722269
0.717878
0.705735
0.705644
0.688008
0.679959
0.677473
0.675616
0.669014
0.662638
0.660526
0.656351
0.656511
0.648001
0.645613
0.640788
0.645055
0.630797
0.62344
0.621117
0.616431
0.608106
0.598491
0.595803
0.586975
0.58305
0.568742
0.565445
0.555781
0.550776
0.5356
0.524776
0.521974
0.511512
0.503319
0.490765
0.487901
0.478546
0.476521
0.461162
0.450898
0.448297
0.440733
0.434416
0.426832
0.424885
0.418924
0.4198
0.407522
0.399575
0.397451
0.391396
0.386596
0.380375
0.378721
0.373739
0.37487
0.365016
0.360243
0.358847
0.354835
0.351989
0.347332
0.346081
0.342953
0.346308
0.339157
0.337497
0.33685
0.336557
0.339064
0.797828
0.781898
0.777323
0.762837
0.749812
0.744149
0.736127
0.732788
0.721828
0.722761
0.717293
0.714813
0.707514
0.706519
0.701261
0.698805
0.692551
0.685281
0.682228
0.674811
0.671851
0.660391
0.656783
0.647767
0.644771
0.633725
0.625973
0.615741
0.61239
0.601569
0.586679
0.580015
0.569075
0.565884
0.552535
0.543932
0.53271
0.529691
0.519126
0.507609
0.500889
0.490328
0.487341
0.476582
0.471362
0.464428
0.462318
0.455277
0.448231
0.443284
0.434897
0.432364
0.423092
0.419666
0.413753
0.411941
0.406043
0.400406
0.396987
0.39209
0.390431
0.384093
0.382485
0.378349
0.377007
0.373315
0.369581
0.369507
0.367908
0.36708
0.36531
0.368441
0.8094
0.788508
0.783533
0.769781
0.764306
0.750453
0.741669
0.738704
0.734424
0.729475
0.722723
0.72026
0.715126
0.715193
0.706708
0.703998
0.698485
0.698385
0.687809
0.679819
0.677094
0.670541
0.662896
0.652619
0.649568
0.639669
0.634762
0.620428
0.616775
0.606251
0.597527
0.584689
0.573042
0.569886
0.558176
0.549556
0.536352
0.533166
0.522938
0.516804
0.504393
0.493383
0.490467
0.48176
0.475385
0.467267
0.465061
0.458399
0.456724
0.44608
0.437372
0.434912
0.427666
0.422846
0.416071
0.414185
0.40861
0.407745
0.399291
0.394146
0.392553
0.387853
0.385236
0.380311
0.378896
0.375455
0.376514
0.371481
0.369645
0.36886
0.368205
0.371046
0.866612
0.85164
0.846579
0.82987
0.812054
0.809526
0.801045
0.796937
0.782056
0.785519
0.780292
0.77737
0.768194
0.766501
0.762647
0.75994
0.75258
0.741544
0.741685
0.733926
0.73037
0.715734
0.713618
0.704583
0.701188
0.688508
0.678782
0.670012
0.666409
0.654487
0.635254
0.631412
0.619952
0.616314
0.600962
0.591718
0.58075
0.577438
0.565718
0.550575
0.546311
0.53517
0.53176
0.519018
0.513945
0.507021
0.504649
0.496629
0.486792
0.483779
0.47471
0.471763
0.460522
0.457411
0.451375
0.449326
0.442629
0.434627
0.433088
0.427932
0.425996
0.418325
0.417209
0.413201
0.411693
0.407504
0.40158
0.403519
0.401814
0.400781
0.39813
0.401585
0.879475
0.858941
0.853363
0.83754
0.826264
0.816522
0.807072
0.80341
0.79557
0.793047
0.786201
0.78329
0.776566
0.776212
0.768602
0.765565
0.759091
0.754344
0.747855
0.739372
0.736099
0.726727
0.720502
0.709891
0.706422
0.69509
0.688504
0.675181
0.671191
0.659645
0.646983
0.63665
0.6243
0.620705
0.607244
0.598149
0.584769
0.581241
0.569947
0.559702
0.550231
0.538522
0.535203
0.524785
0.518565
0.510155
0.507658
0.500105
0.49522
0.486906
0.477432
0.474579
0.465621
0.461078
0.453941
0.451796
0.4455
0.44198
0.435674
0.430199
0.428347
0.422548
0.420398
0.415375
0.413773
0.409899
0.408309
0.405739
0.403728
0.402747
0.401395
0.404619
0.938895
0.925906
0.920437
0.90092
0.875418
0.878703
0.869982
0.864833
0.844387
0.851423
0.846934
0.843479
0.831748
0.828957
0.827414
0.824524
0.81571
0.798493
0.804317
0.7965
0.792165
0.773314
0.773342
0.76484
0.761006
0.746257
0.733956
0.727614
0.72386
0.710613
0.684557
0.685864
0.674156
0.669974
0.652049
0.641977
0.631916
0.62833
0.615185
0.593958
0.594549
0.582971
0.579029
0.563684
0.558821
0.552337
0.549693
0.540442
0.526513
0.526771
0.517115
0.513652
0.499881
0.497254
0.491454
0.489156
0.481475
0.470077
0.471527
0.466209
0.463912
0.454447
0.453943
0.450389
0.448707
0.443847
0.434256
0.43965
0.437895
0.436583
0.432658
0.436371
0.950236
0.930476
0.924323
0.906207
0.89143
0.88343
0.873408
0.868917
0.857702
0.857111
0.850379
0.846979
0.838372
0.837346
0.831053
0.827719
0.820132
0.812805
0.808409
0.799575
0.795688
0.783461
0.778596
0.76794
0.764043
0.751132
0.742682
0.73083
0.72655
0.713926
0.698742
0.689527
0.676638
0.67257
0.657129
0.64748
0.634333
0.630477
0.618018
0.605642
0.597179
0.584871
0.581101
0.568663
0.562644
0.554197
0.551405
0.542834
0.535326
0.528828
0.518653
0.515359
0.50439
0.500244
0.492969
0.490563
0.483455
0.477623
0.473222
0.46748
0.465329
0.458156
0.456587
0.451674
0.449883
0.445475
0.441965
0.441131
0.438967
0.437753
0.435423
0.439004
0.962406
0.935259
0.928506
0.912074
0.906522
0.888281
0.876968
0.873317
0.87043
0.862913
0.853945
0.850695
0.845834
0.846127
0.834798
0.831079
0.824967
0.826246
0.812593
0.802765
0.799451
0.794015
0.783961
0.77116
0.767263
0.756583
0.75202
0.734151
0.729383
0.717506
0.709541
0.693299
0.679243
0.67535
0.662894
0.653187
0.636862
0.632769
0.621121
0.615585
0.599893
0.586857
0.583314
0.574314
0.566548
0.556132
0.553217
0.545462
0.544404
0.530945
0.520257
0.517183
0.509511
0.503274
0.494543
0.492051
0.485635
0.485611
0.474966
0.46881
0.466844
0.462412
0.45926
0.453009
0.451127
0.447261
0.449475
0.44265
0.440086
0.438998
0.438615
0.441666
1.02554
1.0077
1.00106
0.979839
0.96042
0.955036
0.944722
0.939023
0.922879
0.925019
0.919048
0.915034
0.903628
0.901534
0.897669
0.894121
0.884948
0.874222
0.872869
0.864058
0.859306
0.843065
0.840231
0.830254
0.825873
0.81078
0.799916
0.790601
0.786149
0.772144
0.752505
0.746163
0.733087
0.728411
0.710205
0.699799
0.687719
0.683559
0.66956
0.65371
0.647527
0.634799
0.630426
0.615156
0.609439
0.601523
0.598424
0.5885
0.577925
0.57376
0.563016
0.55914
0.545425
0.541907
0.534968
0.532284
0.524104
0.515593
0.513563
0.507682
0.505117
0.495943
0.495118
0.490747
0.488754
0.48358
0.477637
0.479023
0.476786
0.475242
0.471405
0.47528
1.04115
1.01618
1.00871
0.989125
0.974915
0.963299
0.951376
0.946519
0.937909
0.934166
0.92561
0.921665
0.913994
0.913332
0.904395
0.900311
0.892674
0.887109
0.88007
0.870058
0.865861
0.85602
0.848678
0.836217
0.831751
0.818931
0.811589
0.796569
0.791465
0.77822
0.7643
0.752504
0.737972
0.733428
0.718228
0.707971
0.692339
0.68783
0.674671
0.662931
0.652224
0.63856
0.634401
0.622599
0.615363
0.605111
0.601813
0.592762
0.586789
0.577497
0.566081
0.562418
0.552057
0.546635
0.537915
0.535084
0.527653
0.523474
0.516663
0.510236
0.507853
0.501526
0.499272
0.493249
0.491108
0.486524
0.484528
0.4817
0.478935
0.477513
0.475743
0.479263
1.10791
1.0938
1.08692
1.06136
1.03111
1.03403
1.02394
1.0165
0.991694
0.999103
0.994907
0.99012
0.974576
0.970862
0.971002
0.967438
0.955975
0.936707
0.943633
0.93549
0.929486
0.90686
0.907595
0.899398
0.894469
0.876279
0.861899
0.856847
0.852491
0.836579
0.807349
0.808566
0.795884
0.790394
0.768253
0.756772
0.746877
0.742485
0.726365
0.702107
0.702912
0.690108
0.684902
0.665593
0.660315
0.653754
0.650356
0.638584
0.622158
0.623144
0.61209
0.607418
0.589861
0.58726
0.581357
0.57839
0.568735
0.555318
0.557935
0.552139
0.548978
0.536906
0.536995
0.533802
0.531604
0.525304
0.513981
0.520451
0.518315
0.516299
0.510245
0.514285
1.12211
1.09957
1.0915
1.06824
1.04989
1.04015
1.02792
1.02156
1.00801
1.00658
0.998971
0.994261
0.983281
0.981381
0.975437
0.971095
0.961607
0.953267
0.948857
0.939022
0.933776
0.919745
0.914558
0.903092
0.898045
0.882736
0.8727
0.86088
0.855587
0.840777
0.823799
0.813441
0.798817
0.793531
0.775137
0.76409
0.749869
0.744994
0.730059
0.715833
0.706388
0.692345
0.687452
0.672369
0.665554
0.656037
0.652369
0.641752
0.632595
0.625854
0.613899
0.609534
0.596041
0.59143
0.583219
0.580055
0.57138
0.564316
0.560179
0.553632
0.550735
0.542056
0.540718
0.535388
0.532995
0.527475
0.523128
0.52243
0.519576
0.517738
0.514107
0.517963
1.13742
1.10557
1.09647
1.07601
1.06474
1.04643
1.032
1.02711
1.02188
1.01431
1.00314
0.998709
0.99297
0.992609
0.979962
0.974964
0.967885
0.966289
0.954181
0.942655
0.938428
0.93198
0.921769
0.906893
0.901864
0.890033
0.884255
0.865003
0.858856
0.845387
0.834637
0.818466
0.801873
0.796927
0.782874
0.771877
0.752972
0.747687
0.734189
0.72542
0.709959
0.694656
0.690201
0.679811
0.671019
0.658392
0.654516
0.645308
0.64191
0.628624
0.615773
0.611828
0.602768
0.595728
0.585136
0.581826
0.57436
0.572697
0.562466
0.555182
0.552637
0.547789
0.544547
0.537016
0.534466
0.529907
0.530543
0.524444
0.520878
0.519282
0.518542
0.52177
1.20935
1.19014
1.18181
1.15361
1.12805
1.12269
1.11074
1.1023
1.08128
1.0835
1.07787
1.07226
1.05673
1.05338
1.05151
1.04718
1.03511
1.02161
1.02229
1.01338
1.00669
0.986797
0.984664
0.975365
0.969716
0.951043
0.938021
0.93037
0.925232
0.908335
0.884541
0.878992
0.864993
0.858769
0.836065
0.823999
0.812246
0.807137
0.789802
0.769941
0.76472
0.750737
0.744868
0.725391
0.719052
0.711171
0.707179
0.694455
0.681053
0.677997
0.665871
0.660575
0.64291
0.6393
0.632404
0.628926
0.618554
0.607815
0.607214
0.600847
0.597237
0.585305
0.584979
0.581081
0.57846
0.571607
0.563482
0.566273
0.563572
0.561159
0.554912
0.558937
1.22505
1.19666
1.1868
1.16192
1.14305
1.12973
1.11497
1.10817
1.09693
1.09219
1.08225
1.07685
1.06714
1.06517
1.0564
1.05109
1.04181
1.03478
1.02823
1.0171
1.01157
1.00032
0.992799
0.979369
0.973633
0.958918
0.949798
0.934899
0.928535
0.913261
0.897565
0.884696
0.868148
0.86228
0.844465
0.832562
0.815577
0.809847
0.794245
0.78015
0.768761
0.75313
0.747763
0.73352
0.72529
0.713693
0.709366
0.698314
0.69014
0.681135
0.667802
0.662995
0.650308
0.644306
0.634458
0.630737
0.621799
0.615901
0.609815
0.602438
0.599241
0.591602
0.589467
0.582837
0.579969
0.574257
0.570845
0.568586
0.564918
0.562787
0.559763
0.563355
1.2431
1.20332
1.19227
1.17112
1.16338
1.13682
1.11927
1.11458
1.11292
1.10102
1.0867
1.0818
1.0783
1.0781
1.06132
1.05525
1.04914
1.05232
1.03418
1.0209
1.01686
1.01411
1.00106
0.983442
0.977826
0.967532
0.963382
0.939459
0.932033
0.91864
0.912197
0.890448
0.871407
0.866087
0.853554
0.841656
0.818987
0.812766
0.799153
0.794146
0.772826
0.75558
0.750887
0.742167
0.731681
0.716267
0.711705
0.702589
0.702288
0.684279
0.669788
0.665624
0.658125
0.649348
0.63655
0.632673
0.625409
0.626732
0.612415
0.604078
0.601416
0.598335
0.593977
0.584614
0.581571
0.577201
0.581045
0.570885
0.566297
0.564539
0.565075
0.567832
1.32087
1.29613
1.28603
1.25502
1.23141
1.21956
1.20526
1.19579
1.17765
1.17515
1.16773
1.16118
1.14607
1.14257
1.13857
1.13333
1.12087
1.1111
1.10752
1.0978
1.09043
1.07344
1.06859
1.0581
1.05165
1.03294
1.02094
1.0108
1.00471
0.986903
0.96673
0.956202
0.940675
0.933614
0.910706
0.897668
0.883782
0.877802
0.859253
0.841933
0.832287
0.816953
0.810343
0.791064
0.783292
0.773866
0.769161
0.755544
0.744089
0.737972
0.724691
0.718709
0.701313
0.696352
0.688294
0.6842
0.673164
0.664272
0.661183
0.654136
0.650012
0.638573
0.637521
0.632752
0.629609
0.62221
0.616172
0.616261
0.612854
0.609976
0.603751
0.607478
1.34077
1.30723
1.29532
1.26804
1.2468
1.2307
1.21303
1.20559
1.19421
1.18772
1.17551
1.16925
1.16015
1.15762
1.14686
1.14048
1.13129
1.12436
1.11697
1.10468
1.09874
1.08879
1.08032
1.06529
1.05874
1.0445
1.03546
1.01851
1.01093
0.995107
0.979009
0.965108
0.946544
0.939934
0.922221
0.909175
0.889664
0.882913
0.866462
0.851768
0.838818
0.821427
0.815463
0.801539
0.792017
0.778385
0.773257
0.761711
0.753618
0.743142
0.728351
0.723004
0.71068
0.703499
0.692015
0.68761
0.678382
0.672894
0.665496
0.657172
0.653589
0.646721
0.643882
0.635916
0.632455
0.626518
0.623476
0.620045
0.615409
0.612901
0.610357
0.613538
1.42585
1.40744
1.39793
1.35862
1.3197
1.31883
1.30608
1.29306
1.26088
1.26583
1.26236
1.25459
1.23174
1.22628
1.22899
1.22448
1.20765
1.18648
1.19446
1.18751
1.1777
1.15034
1.15161
1.14578
1.13868
1.11447
1.09792
1.09522
1.09025
1.06893
1.03527
1.03524
1.02195
1.01341
0.983271
0.968999
0.959686
0.953835
0.931267
0.902296
0.902329
0.888172
0.879932
0.853376
0.84671
0.84069
0.835813
0.818737
0.798768
0.800689
0.78824
0.780705
0.756482
0.753378
0.748244
0.743909
0.729992
0.713749
0.717928
0.711836
0.70645
0.689476
0.690001
0.688141
0.684855
0.675082
0.661085
0.668632
0.666037
0.662161
0.651475
0.655267
1.44587
1.41628
1.40411
1.36955
1.34418
1.32833
1.31142
1.30057
1.28283
1.27704
1.26795
1.26026
1.2451
1.24073
1.23539
1.22914
1.21618
1.20749
1.20236
1.19207
1.18384
1.16857
1.16214
1.15093
1.14351
1.12474
1.11286
1.10135
1.09423
1.07538
1.05626
1.04305
1.026
1.01788
0.994412
0.979939
0.96418
0.957167
0.937166
0.920009
0.907962
0.89122
0.883683
0.864225
0.854937
0.844084
0.838529
0.823908
0.812788
0.80512
0.790694
0.783872
0.766477
0.760167
0.751022
0.746174
0.734388
0.726012
0.721651
0.713857
0.709081
0.697972
0.696121
0.690529
0.68674
0.678691
0.673278
0.671971
0.667759
0.66429
0.657986
0.661158
1.46579
1.4255
1.41104
1.38189
1.35947
1.33825
1.31677
1.30909
1.29807
1.289
1.27363
1.26657
1.25869
1.25552
1.24191
1.23421
1.2258
1.22037
1.21053
1.19667
1.19074
1.18288
1.17335
1.15615
1.1488
1.13597
1.12738
1.1076
1.09849
1.08268
1.06778
1.0513
1.03015
1.02288
1.00589
0.991581
0.968799
0.960815
0.94393
0.929867
0.913826
0.89429
0.887858
0.874708
0.863772
0.847541
0.841489
0.829857
0.822511
0.809675
0.793181
0.787433
0.775909
0.767429
0.753835
0.748638
0.73948
0.734929
0.725456
0.715907
0.712031
0.706311
0.702656
0.692929
0.688767
0.682867
0.680843
0.675376
0.669493
0.66665
0.664893
0.667476
1.5603
1.53459
1.5233
1.47973
1.44286
1.43319
1.41761
1.40303
1.37357
1.37246
1.36685
1.35801
1.33519
1.3295
1.32954
1.32431
1.30677
1.29036
1.29306
1.28579
1.2751
1.25127
1.24959
1.24295
1.2351
1.21092
1.19609
1.19052
1.18489
1.16233
1.13303
1.12701
1.11228
1.10266
1.07196
1.05644
1.04461
1.03796
1.01358
0.98769
0.982126
0.966727
0.957498
0.930967
0.922558
0.914905
0.90936
0.891007
0.873654
0.871642
0.858329
0.849882
0.8259
0.82114
0.814868
0.809937
0.794998
0.781199
0.782051
0.775416
0.769285
0.752666
0.752197
0.749473
0.745696
0.735
0.723618
0.727596
0.724357
0.719822
0.70887
0.712045
1.58164
1.54478
1.53029
1.49292
1.4653
1.44413
1.42347
1.41194
1.39508
1.3852
1.37303
1.36449
1.35048
1.345
1.33671
1.32945
1.31691
1.30945
1.30205
1.29071
1.28225
1.26997
1.26157
1.24867
1.24054
1.22317
1.2118
1.19753
1.18924
1.17007
1.15246
1.13611
1.11676
1.10785
1.085
1.06875
1.04974
1.04167
1.02075
1.00371
0.988704
0.970082
0.961895
0.943315
0.932033
0.918761
0.912402
0.897347
0.88681
0.876823
0.861024
0.853624
0.83724
0.829061
0.818027
0.812483
0.800437
0.792847
0.786424
0.777634
0.772393
0.762493
0.759353
0.752195
0.747808
0.739464
0.734793
0.731534
0.726254
0.722319
0.716672
0.718873
1.60449
1.55501
1.53796
1.50711
1.48441
1.45523
1.42907
1.4217
1.4119
1.39856
1.37906
1.37154
1.36536
1.36149
1.34377
1.3349
1.3278
1.32514
1.31106
1.29545
1.29004
1.28541
1.2741
1.25423
1.24639
1.23583
1.22832
1.20443
1.1938
1.17852
1.1664
1.14544
1.12116
1.11351
1.09786
1.08198
1.05482
1.04564
1.02864
1.0163
0.995325
0.973309
0.966682
0.954898
0.942089
0.922536
0.915651
0.904334
0.898711
0.881968
0.863631
0.857745
0.84768
0.837387
0.8211
0.8152
0.80648
0.80375
0.790741
0.779784
0.775811
0.771786
0.766857
0.754824
0.750033
0.744443
0.744352
0.735411
0.728081
0.725039
0.724501
0.726106
1.70599
1.67041
1.65684
1.61032
1.575
1.55482
1.53465
1.5198
1.4939
1.48548
1.47589
1.46647
1.44547
1.43876
1.43443
1.42828
1.41147
1.39995
1.39649
1.38789
1.37747
1.35896
1.35352
1.34475
1.33653
1.31437
1.3013
1.29139
1.28471
1.26214
1.23809
1.22512
1.20766
1.19755
1.16803
1.1505
1.13438
1.1268
1.10154
1.07904
1.06675
1.04915
1.03958
1.01473
1.0037
0.993028
0.986841
0.968222
0.95386
0.946825
0.931986
0.92328
0.901194
0.893846
0.88522
0.879757
0.86468
0.853714
0.850108
0.842275
0.835938
0.821134
0.818797
0.814046
0.809809
0.798906
0.790569
0.789955
0.785444
0.780661
0.770692
0.77261
1.72828
1.68163
1.66453
1.62557
1.59335
1.56697
1.54071
1.53002
1.51312
1.49958
1.48236
1.47367
1.46185
1.45504
1.44208
1.43374
1.42299
1.41526
1.40629
1.39287
1.38552
1.37658
1.36677
1.35074
1.34245
1.32816
1.31736
1.29902
1.2893
1.2711
1.25364
1.23535
1.21236
1.20339
1.18236
1.16407
1.13994
1.13078
1.10992
1.09151
1.07409
1.05262
1.04458
1.02782
1.01433
0.99716
0.990128
0.975685
0.96517
0.952586
0.934761
0.927566
0.913135
0.902834
0.888606
0.882522
0.871154
0.863976
0.854987
0.844557
0.839497
0.831704
0.826927
0.816966
0.812087
0.804224
0.79971
0.794359
0.787403
0.783497
0.779441
0.780327
1.75731
1.69238
1.67291
1.64137
1.62389
1.57871
1.54636
1.54075
1.53637
1.51407
1.48848
1.48132
1.47858
1.4747
1.44928
1.43952
1.43487
1.43998
1.41565
1.39758
1.39401
1.39625
1.38038
1.35638
1.34875
1.34221
1.33839
1.30619
1.29414
1.28047
1.27643
1.24532
1.21685
1.20963
1.19707
1.17945
1.14521
1.13506
1.11872
1.11265
1.08107
1.0559
1.04989
1.04135
1.02554
1.00108
0.993648
0.983505
0.98348
0.958006
0.937412
0.932181
0.925501
0.912027
0.891802
0.885487
0.87798
0.880571
0.859547
0.846748
0.843336
0.842554
0.835199
0.819701
0.814504
0.809858
0.815188
0.798454
0.789268
0.786541
0.78834
0.788379
1.85794
1.81088
1.79419
1.74664
1.71088
1.68021
1.6534
1.63978
1.61742
1.6016
1.58598
1.57644
1.55897
1.55039
1.54031
1.53279
1.51838
1.5107
1.50149
1.49029
1.48137
1.46923
1.46018
1.44776
1.4394
1.42152
1.40968
1.39472
1.38621
1.36527
1.34658
1.32684
1.30512
1.2951
1.26862
1.2484
1.22628
1.21737
1.19252
1.17271
1.15369
1.13272
1.12351
1.10195
1.08779
1.07263
1.06568
1.04812
1.03607
1.02406
1.00687
0.998606
0.979966
0.969541
0.957213
0.951133
0.93709
0.928358
0.92021
0.910331
0.904369
0.892787
0.888017
0.879924
0.875107
0.864947
0.859185
0.853945
0.84738
0.842782
0.835155
0.835356
1.8849
1.82549
1.80564
1.7653
1.73201
1.69517
1.66196
1.65306
1.63665
1.61833
1.59477
1.58635
1.57683
1.5694
1.55013
1.54074
1.53229
1.5275
1.51343
1.49742
1.49197
1.48693
1.4758
1.45592
1.44785
1.43739
1.42864
1.40451
1.39322
1.37682
1.3624
1.33933
1.31189
1.30336
1.28451
1.26448
1.2337
1.22342
1.20306
1.18645
1.16272
1.13774
1.13037
1.11582
1.10027
1.07823
1.0706
1.05736
1.04907
1.03122
1.01097
1.00453
0.992505
0.980123
0.961851
0.955303
0.945169
0.940333
0.926284
0.913738
0.909319
0.903989
0.897499
0.883878
0.878534
0.871629
0.869481
0.859332
0.850262
0.846744
0.844693
0.844281
1.99207
1.94519
1.92902
1.87219
1.82735
1.79708
1.76943
1.75279
1.72136
1.70612
1.69186
1.68151
1.65753
1.6474
1.64026
1.63366
1.61545
1.6035
1.5983
1.58947
1.57903
1.56172
1.55562
1.54696
1.53865
1.51708
1.50398
1.49317
1.48613
1.46249
1.43779
1.42144
1.4011
1.39003
1.35735
1.33551
1.31526
1.30665
1.27754
1.25188
1.23534
1.21488
1.2045
1.17734
1.16321
1.15002
1.1432
1.12249
1.10664
1.09743
1.08101
1.07168
1.04812
1.03832
1.02788
1.02187
1.0051
0.992947
0.987349
0.978063
0.971169
0.955186
0.950881
0.944557
0.939827
0.927292
0.917779
0.914947
0.9088
0.903492
0.892022
0.891757
2.0183
1.96078
1.94074
1.89167
1.84791
1.81283
1.77849
1.76642
1.74213
1.7232
1.70108
1.69152
1.67629
1.66586
1.65054
1.64162
1.62963
1.61993
1.61072
1.59685
1.58971
1.58073
1.57148
1.55552
1.54718
1.53359
1.52225
1.50357
1.49324
1.47438
1.45468
1.43465
1.4083
1.39851
1.37429
1.35164
1.32318
1.31283
1.28844
1.26554
1.24493
1.22018
1.21152
1.1922
1.17593
1.15598
1.14823
1.13204
1.1191
1.1051
1.08535
1.07776
1.06169
1.04929
1.03287
1.02614
1.01348
1.00437
0.993918
0.981681
0.976262
0.967277
0.96073
0.948805
0.943347
0.934189
0.927745
0.920764
0.911855
0.907557
0.902163
0.900915
2.12769
2.08261
2.06703
2.00082
1.94263
1.91614
1.88709
1.86769
1.82431
1.81179
1.79846
1.78742
1.75648
1.74424
1.74046
1.73479
1.71297
1.69377
1.69531
1.68869
1.67702
1.65307
1.65162
1.6467
1.63862
1.61365
1.59822
1.593
1.5875
1.5616
1.52811
1.51816
1.49909
1.48712
1.44785
1.42428
1.40593
1.39763
1.36425
1.32983
1.31823
1.29808
1.28666
1.25339
1.23976
1.22847
1.22186
1.19821
1.17617
1.17201
1.15637
1.14613
1.11713
1.10858
1.09998
1.09409
1.07477
1.05701
1.05599
1.04723
1.03948
1.01865
1.01515
1.01043
1.00582
0.990965
0.975517
0.977034
0.971225
0.965268
0.949842
0.949179
2.15532
2.09609
2.07582
2.01877
1.97038
1.93036
1.89418
1.8793
1.85028
1.82772
1.80585
1.79531
1.77548
1.76285
1.74909
1.74062
1.72565
1.71581
1.70625
1.69415
1.68577
1.67532
1.66639
1.65348
1.64508
1.62947
1.61775
1.60194
1.59254
1.57188
1.55207
1.53028
1.50468
1.49386
1.46532
1.44031
1.41259
1.40214
1.37397
1.34932
1.32689
1.30214
1.29235
1.26938
1.25205
1.23339
1.22557
1.20684
1.19262
1.17891
1.15962
1.15108
1.13208
1.11917
1.1041
1.09727
1.0824
1.07194
1.06197
1.04995
1.04366
1.03179
1.02475
1.01399
1.00843
0.997188
0.989486
0.982384
0.973546
0.96856
0.960352
0.958187
2.1859
2.10942
2.08577
2.03746
1.99818
1.94467
1.90079
1.89188
1.87245
1.84444
1.81295
1.80406
1.79342
1.78315
1.75745
1.74702
1.7389
1.73691
1.71712
1.69934
1.69531
1.69433
1.68181
1.65997
1.65216
1.64516
1.63902
1.61059
1.59801
1.58296
1.57247
1.54256
1.51006
1.50134
1.48198
1.4578
1.41906
1.40717
1.38444
1.3679
1.33547
1.30596
1.29863
1.28399
1.26509
1.23812
1.22967
1.2161
1.20943
1.18565
1.16274
1.15662
1.14557
1.13029
1.10805
1.1008
1.09067
1.0876
1.06776
1.05255
1.04832
1.04389
1.03481
1.01735
1.01129
1.004
1.00347
0.987546
0.975747
0.972219
0.970459
0.967743
2.29729
2.23532
2.21493
2.14981
2.09665
2.05094
2.01223
1.99473
1.96021
1.9344
1.91204
1.90062
1.87608
1.86163
1.8485
1.84047
1.82259
1.81247
1.80251
1.79201
1.78257
1.77053
1.76252
1.75241
1.74408
1.72683
1.71561
1.70215
1.69375
1.67166
1.65107
1.62876
1.60383
1.59207
1.55925
1.53216
1.50441
1.49387
1.46174
1.43496
1.41058
1.38555
1.37472
1.34811
1.32995
1.31225
1.30441
1.28327
1.26813
1.25432
1.23553
1.22611
1.20427
1.19109
1.17719
1.1703
1.15332
1.14196
1.13199
1.12017
1.11302
1.09825
1.0908
1.08087
1.07524
1.06187
1.05303
1.04546
1.03662
1.03096
1.02
1.01703
2.32703
2.25238
2.22793
2.1715
2.11986
2.06826
2.02168
2.00989
1.98106
1.95309
1.92162
1.91153
1.89543
1.8818
1.85922
1.84887
1.83777
1.82988
1.81559
1.79938
1.79407
1.78914
1.77959
1.7612
1.75318
1.74436
1.73588
1.71325
1.70131
1.68494
1.66872
1.64345
1.6115
1.60164
1.57753
1.55057
1.51304
1.50069
1.47406
1.45011
1.42111
1.39107
1.38258
1.36354
1.34415
1.31862
1.3099
1.29401
1.28219
1.26274
1.24008
1.23302
1.21846
1.20352
1.18259
1.17506
1.16297
1.1552
1.13933
1.12402
1.1189
1.11114
1.10204
1.08549
1.07915
1.06986
1.06438
1.05191
1.03984
1.03559
1.03096
1.02743
2.4444
2.3809
2.3605
2.28683
2.22513
2.17672
2.13515
2.11485
2.07234
2.04471
2.02167
2.00931
1.97931
1.96286
1.95059
1.94306
1.92201
1.90887
1.90108
1.89225
1.88174
1.8669
1.86109
1.85407
1.8459
1.82698
1.816
1.80594
1.79878
1.77546
1.75167
1.73173
1.70778
1.69506
1.65741
1.6283
1.60049
1.58984
1.5533
1.52145
1.49739
1.47196
1.46004
1.42913
1.4105
1.3938
1.386
1.3624
1.34467
1.33249
1.31433
1.30404
1.2789
1.26599
1.25335
1.24644
1.22733
1.21367
1.20516
1.1936
1.18557
1.16741
1.15981
1.15068
1.14495
1.12929
1.11748
1.11098
1.1021
1.09575
1.08174
1.07811
2.47363
2.39897
2.37384
2.3096
2.24804
2.19492
2.14514
2.13058
2.09415
2.06385
2.0317
2.02047
1.99949
1.98268
1.96178
1.95154
1.93759
1.92595
1.9146
1.89982
1.89343
1.88627
1.87836
1.86318
1.85511
1.84515
1.8358
1.81762
1.80644
1.78923
1.77001
1.74723
1.71593
1.70502
1.67687
1.64703
1.60973
1.5969
1.56622
1.53658
1.50855
1.47777
1.46815
1.44542
1.425
1.40054
1.39162
1.3736
1.35842
1.34146
1.31912
1.3112
1.29402
1.27889
1.25913
1.25137
1.23747
1.22663
1.21308
1.1977
1.19173
1.18124
1.17157
1.15565
1.14901
1.13769
1.1287
1.11794
1.1055
1.10056
1.09338
1.08883
2.59437
2.53021
2.50984
2.42794
2.35629
2.30601
2.26091
2.23793
2.18633
2.15722
2.13292
2.11967
2.08404
2.06525
2.05372
2.04659
2.02246
2.00537
2.00037
1.99295
1.98154
1.96364
1.96054
1.95647
1.94858
1.92845
1.9176
1.91154
1.90566
1.88169
1.8543
1.83795
1.81506
1.80151
1.7591
1.72792
1.69979
1.68895
1.64778
1.60966
1.58638
1.56014
1.54716
1.5118
1.49278
1.47688
1.46915
1.4433
1.42233
1.41249
1.39498
1.38393
1.35551
1.34316
1.33172
1.32483
1.30377
1.28716
1.28087
1.26958
1.26071
1.23908
1.23143
1.22285
1.21701
1.19902
1.18343
1.17849
1.16937
1.16234
1.14527
1.14097
2.62509
2.54916
2.52342
2.45188
2.38243
2.32508
2.27144
2.25423
2.21133
2.17698
2.14338
2.13105
2.10555
2.08576
2.06529
2.05512
2.0385
2.02469
2.01425
2.00068
1.99338
1.98516
1.97815
1.96584
1.95784
1.94744
1.9384
1.92372
1.91339
1.89591
1.87604
1.85423
1.82369
1.81185
1.7803
1.74765
1.70965
1.69626
1.66136
1.62725
1.59813
1.56623
1.55551
1.52954
1.50779
1.48398
1.47489
1.45496
1.43787
1.42196
1.4
1.39132
1.37219
1.35664
1.33787
1.32992
1.31445
1.30185
1.28937
1.27392
1.26715
1.25438
1.24385
1.2282
1.22123
1.20786
1.19643
1.18592
1.17298
1.16735
1.15785
1.15218
2.43895
2.38977
2.36421
2.30298
2.27209
2.24594
2.23177
2.19051
2.16901
2.15791
2.15109
2.12402
2.10271
2.10038
2.09404
2.08194
2.06108
2.06074
2.05948
2.05194
2.03115
2.02051
2.01883
2.01422
1.99025
1.95971
1.94754
1.92592
1.91166
1.86488
1.83157
1.80284
1.7917
1.74566
1.70061
1.6778
1.65028
1.63625
1.59639
1.57685
1.56154
1.55386
1.52601
1.5017
1.4944
1.47755
1.46583
1.4344
1.42274
1.41244
1.40559
1.38285
1.36318
1.3594
1.34836
1.33871
1.31372
1.30603
1.29778
1.29178
1.27139
1.25167
1.24824
1.23866
1.23096
1.21084
1.20577
2.4589
2.40083
2.38109
2.33217
2.29266
2.25678
2.24337
2.21354
2.19083
2.16984
2.15968
2.14052
2.12558
2.1146
2.1019
2.09387
2.08522
2.07881
2.06904
2.06122
2.05098
2.04314
2.03142
2.02199
2.00489
1.98632
1.96464
1.93501
1.9224
1.88813
1.85283
1.81334
1.79929
1.75997
1.72213
1.69016
1.65665
1.64485
1.61584
1.59256
1.56895
1.55971
1.53811
1.52016
1.50436
1.4828
1.47346
1.45293
1.43694
1.41896
1.41084
1.39408
1.38074
1.36848
1.35297
1.34547
1.3308
1.31927
1.30351
1.29619
1.28073
1.26755
1.25617
1.24248
1.23617
1.22451
1.21761
2.57547
2.52167
2.4937
2.4229
2.38947
2.36074
2.34564
2.29886
2.27431
2.26314
2.2565
2.22663
2.20132
2.20104
2.19538
2.18272
2.15937
2.1615
2.16276
2.15564
2.13482
2.12475
2.12745
2.12411
2.10089
2.06825
2.06048
2.04045
2.02563
1.97518
1.93981
1.91015
1.89857
1.84743
1.79513
1.772
1.74255
1.72746
1.68315
1.66276
1.6477
1.64004
1.61044
1.58314
1.57821
1.56203
1.54976
1.51581
1.50483
1.49559
1.48881
1.46469
1.44228
1.44097
1.43022
1.41985
1.39179
1.38396
1.37583
1.36963
1.34678
1.32286
1.32055
1.31021
1.3018
1.27867
1.27266
2.59453
2.53129
2.50944
2.45508
2.40958
2.37027
2.35582
2.32225
2.29659
2.2739
2.26353
2.24234
2.22702
2.21424
2.20177
2.1934
2.18501
2.1789
2.17095
2.16341
2.15426
2.14837
2.13892
2.13022
2.11453
2.09879
2.07699
2.04822
2.03517
1.99943
1.96178
1.91979
1.90487
1.86132
1.82033
1.78382
1.74795
1.7352
1.70354
1.67842
1.65431
1.64486
1.62208
1.60409
1.58762
1.56635
1.55661
1.53551
1.51906
1.50145
1.49318
1.47568
1.46246
1.44973
1.43408
1.42602
1.41015
1.3975
1.3811
1.37335
1.35598
1.34156
1.3283
1.31345
1.30652
1.29298
1.28474
2.61395
2.53987
2.52633
2.48378
2.43114
2.37929
2.36721
2.34401
2.32123
2.28437
2.2715
2.2584
2.25242
2.22756
2.20775
2.20499
2.20726
2.19738
2.17871
2.17204
2.173
2.17405
2.15001
2.13698
2.12904
2.1258
2.09394
2.05547
2.04579
2.02224
1.98634
1.92914
1.91208
1.87611
1.84603
1.7957
1.7529
1.7438
1.72207
1.69541
1.66057
1.6503
1.63432
1.62585
1.59687
1.57036
1.56434
1.5532
1.53437
1.50695
1.49814
1.48735
1.48412
1.45826
1.43768
1.433
1.42697
1.41211
1.38604
1.37755
1.36593
1.36122
1.33584
1.31644
1.31185
1.30649
1.29789
2.73426
2.66524
2.6416
2.58154
2.5298
2.48612
2.47056
2.4331
2.40419
2.37922
2.36853
2.34537
2.32931
2.31469
2.30199
2.29339
2.28526
2.27946
2.27303
2.26583
2.25822
2.25461
2.2475
2.23951
2.226
2.21356
2.19274
2.16529
2.15207
2.1158
2.07621
2.03136
2.01545
1.96754
1.92264
1.88097
1.84186
1.82813
1.79366
1.76641
1.74132
1.73162
1.70784
1.68989
1.67286
1.65191
1.64192
1.62069
1.60394
1.58655
1.57815
1.56027
1.54746
1.53433
1.51861
1.51011
1.49342
1.47971
1.46234
1.4541
1.43483
1.41896
1.40347
1.38705
1.37948
1.36406
1.35429
2.75645
2.67629
2.66101
2.61085
2.55341
2.49716
2.48397
2.45612
2.4296
2.39147
2.37817
2.36295
2.35398
2.32959
2.30951
2.30651
2.30761
2.29914
2.28237
2.27599
2.27813
2.28041
2.26037
2.24796
2.2423
2.24012
2.21187
2.17462
2.16481
2.14055
2.10281
2.04294
2.02463
1.98454
1.94848
1.89481
1.84837
1.83837
1.8132
1.78469
1.74896
1.73836
1.72145
1.71134
1.68356
1.65717
1.65101
1.63929
1.62068
1.59341
1.58437
1.57345
1.56922
1.54443
1.52343
1.5185
1.51151
1.49596
1.4686
1.4595
1.44626
1.43874
1.41238
1.39103
1.38593
1.3786
1.36853
1.34891
1.34213
2.88024
2.80532
2.7797
2.71293
2.65487
2.60621
2.58934
2.54708
2.51422
2.48668
2.47561
2.45025
2.43265
2.41651
2.40333
2.3945
2.38616
2.38074
2.37579
2.36899
2.36301
2.3617
2.35749
2.35042
2.33966
2.33065
2.31237
2.28721
2.27398
2.23804
2.1971
2.14965
2.13268
2.08018
2.0301
1.98302
1.9399
1.92498
1.88701
1.85722
1.83083
1.82083
1.79597
1.77767
1.76055
1.74015
1.73
1.70888
1.69204
1.67501
1.6665
1.64853
1.63605
1.62308
1.60751
1.59861
1.58136
1.56674
1.54838
1.53958
1.51833
1.50043
1.48268
1.46428
1.45599
1.43838
1.42677
1.41504
1.40916
2.90377
2.81697
2.80026
2.74322
2.67968
2.61782
2.60345
2.57073
2.54
2.49933
2.48549
2.46816
2.45689
2.43176
2.41092
2.40783
2.40823
2.40049
2.38522
2.37924
2.38294
2.3871
2.37061
2.3589
2.3563
2.35691
2.33224
2.29693
2.28736
2.26386
2.22505
2.16213
2.14251
2.09844
2.05682
1.99783
1.94676
1.93585
1.90723
1.87623
1.83883
1.82785
1.81008
1.79909
1.77175
1.7456
1.73952
1.728
1.70956
1.68226
1.67304
1.66244
1.65824
1.63391
1.61259
1.60762
1.60042
1.58414
1.55515
1.5454
1.53068
1.52091
1.49234
1.46852
1.46291
1.45365
1.44177
1.42056
1.41331
1.40751
1.41312
1.41012
3.03179
2.95085
2.92342
2.84988
2.78483
2.73008
2.7117
2.66412
2.62625
2.59509
2.58336
2.55557
2.53592
2.51813
2.5039
2.49498
2.48629
2.48097
2.47704
2.47069
2.46669
2.46772
2.46643
2.46024
2.45306
2.44826
2.43359
2.41154
2.39874
2.36473
2.32341
2.27357
2.25548
2.19881
2.14293
2.08987
2.04179
2.02559
1.98362
1.95071
1.92226
1.91177
1.88575
1.86667
1.84956
1.82968
1.81959
1.79922
1.78249
1.76568
1.7571
1.73952
1.72761
1.71506
1.69979
1.69073
1.67357
1.65824
1.63871
1.62931
1.60627
1.58604
1.56574
1.54477
1.53572
1.51578
1.50191
1.48853
1.48221
1.47027
1.46734
1.47147
3.05674
2.96313
2.94533
2.88219
2.81121
2.74233
2.72668
2.68892
2.65314
2.60818
2.59357
2.57384
2.56063
2.53363
2.5115
2.50847
2.50846
2.50074
2.48644
2.48093
2.48652
2.49302
2.47959
2.46867
2.46983
2.47487
2.45399
2.42154
2.41267
2.39174
2.35305
2.28696
2.26601
2.2185
2.17192
2.10589
2.0491
2.03729
2.00514
1.97084
1.93067
1.91916
1.90047
1.88908
1.86123
1.83527
1.82953
1.81907
1.80082
1.77328
1.76396
1.75417
1.75103
1.72659
1.70515
1.70037
1.69388
1.67697
1.64602
1.63559
1.61966
1.60828
1.5762
1.5493
1.5432
1.53202
1.51784
1.4944
1.48659
1.47974
1.48452
1.48065
3.10151
3.07274
2.99273
2.92019
2.85843
2.83845
2.78513
2.74117
2.70504
2.69222
2.66135
2.63858
2.619
2.60311
2.59426
2.58485
2.57925
2.57582
2.56994
2.56809
2.57133
2.57289
2.56758
2.56468
2.56472
2.55488
2.53694
2.52511
2.49496
2.45467
2.40313
2.38397
2.32401
2.26183
2.20326
2.14943
2.13182
2.08521
2.04826
2.01666
2.00542
1.97787
1.9573
1.93994
1.92023
1.9104
1.8913
1.87496
1.85826
1.84963
1.833
1.82182
1.81009
1.7953
1.78632
1.77002
1.75435
1.73362
1.72357
1.69911
1.67626
1.65315
1.62898
1.61914
1.59667
1.58011
1.56462
1.55769
1.5444
1.53963
1.54347
2.8113
2.76978
2.71838
2.70264
2.6799
2.66474
2.63446
2.61043
2.60763
2.60741
2.59887
2.58487
2.5799
2.58759
2.59673
2.58571
2.57567
2.58118
2.59219
2.57537
2.54684
2.53921
2.52307
2.48612
2.41712
2.39499
2.34503
2.29501
2.22063
2.15706
2.14445
2.10881
2.06997
2.02539
2.01311
1.99325
1.9818
1.95191
1.92576
1.92056
1.91204
1.89405
1.86601
1.85665
1.84821
1.8473
1.82213
1.80074
1.79647
1.79185
1.7745
1.74133
1.73023
1.71351
1.70144
1.66437
1.63366
1.62713
1.61407
1.59721
1.57077
1.56227
1.55442
1.5589
1.55307
2.91073
2.8599
2.81794
2.80375
2.76866
2.74092
2.71938
2.70127
2.69245
2.68146
2.6752
2.67184
2.66646
2.66646
2.67153
2.67613
2.67183
2.67352
2.67831
2.67505
2.66275
2.65241
2.62796
2.59065
2.53918
2.51917
2.45719
2.38893
2.3261
2.2659
2.24667
2.19423
2.15202
2.11603
2.10377
2.07381
2.05063
2.03269
2.01263
2.00303
1.98509
1.96958
1.95316
1.94453
1.92917
1.91863
1.90848
1.89453
1.88586
1.871
1.85565
1.83403
1.82337
1.79787
1.77187
1.74615
1.71817
1.70746
1.68204
1.66268
1.6448
1.6371
1.62222
1.61453
1.61819
3.00936
2.95441
2.91722
2.90587
2.85673
2.81828
2.8023
2.78827
2.77471
2.75101
2.74928
2.75327
2.74859
2.73989
2.74433
2.76042
2.76238
2.76071
2.75776
2.77063
2.77365
2.76277
2.72925
2.69859
2.66207
2.64672
2.57286
2.49195
2.43672
2.37958
2.35476
2.28193
2.23923
2.2088
2.19784
2.15605
2.12349
2.11375
2.09928
2.08623
2.05624
2.04654
2.03981
2.03325
2.01045
1.9933
1.99514
1.98926
1.97732
1.9499
1.94045
1.9291
1.92045
1.88557
1.84852
1.83084
1.80587
1.79169
1.75155
1.73245
1.72125
1.7154
1.69265
1.67383
1.68452
3.0386
2.98062
2.93197
2.91615
2.87629
2.84243
2.81757
2.79611
2.78745
2.77411
2.76646
2.76218
2.75733
2.75881
2.76533
2.7725
2.76923
2.77581
2.78527
2.7896
2.78397
2.77589
2.75967
2.72787
2.67828
2.65777
2.59643
2.52484
2.45717
2.38962
2.36888
2.31015
2.26138
2.21944
2.20589
2.17291
2.14629
2.12694
2.10572
2.09643
2.07937
2.06496
2.04873
2.04013
2.02656
2.0169
2.0086
1.99575
1.9878
1.97524
1.96099
1.93867
1.92747
1.9018
1.87297
1.84428
1.81191
1.80039
1.7723
1.75009
1.72896
1.7203
1.70368
1.69294
1.69539
3.13853
3.07666
3.03018
3.01682
2.96333
2.9218
2.89737
2.8785
2.86511
2.84178
2.8354
2.83629
2.83182
2.82588
2.83262
2.84805
2.85031
2.85448
2.8615
2.87743
2.88672
2.87862
2.8581
2.83479
2.80016
2.78489
2.71432
2.63674
2.57215
2.50763
2.48103
2.40373
2.35257
2.31459
2.30202
2.25674
2.2234
2.20817
2.19189
2.17891
2.15182
2.14154
2.13429
2.12771
2.10724
2.09461
2.09502
2.09058
2.07936
2.05716
2.04813
2.03624
2.02718
1.99272
1.95701
1.93279
1.90371
1.88846
1.84665
1.8238
1.80828
1.80138
1.77628
1.75749
1.7631
3.16648
3.10173
3.04544
3.02783
2.98301
2.94294
2.91259
2.88632
2.87782
2.86142
2.85123
2.84469
2.84028
2.8426
2.85006
2.85906
2.85674
2.86837
2.8833
2.8949
2.8965
2.8914
2.88578
2.8625
2.8169
2.79668
2.73915
2.66754
2.59419
2.51864
2.49681
2.43165
2.37564
2.32617
2.31101
2.27457
2.24422
2.22201
2.19868
2.18985
2.17345
2.15994
2.14357
2.13508
2.12383
2.11582
2.10904
2.09739
2.09063
2.08152
2.06932
2.04659
2.035
2.01038
1.98004
1.94758
1.91044
1.89838
1.86806
1.84242
1.81675
1.80692
1.7884
1.77506
1.77474
3.26651
3.19815
3.14226
3.12672
3.06893
3.02322
2.98935
2.96425
2.95089
2.92644
2.91422
2.91061
2.90623
2.90193
2.90962
2.92381
2.92634
2.93625
2.95286
2.97245
2.98851
2.98379
2.97833
2.96529
2.93538
2.92094
2.85747
2.78553
2.71231
2.64054
2.6126
2.53131
2.47084
2.4242
2.40974
2.36058
2.3254
2.30382
2.2849
2.2721
2.24757
2.23605
2.22803
2.22146
2.20387
2.19577
2.1949
2.19205
2.18196
2.16621
2.15839
2.14653
2.13724
2.10468
2.07132
2.04053
2.00723
1.99106
1.94793
1.92002
1.89891
1.89071
1.86314
1.84417
1.84389
3.29228
3.22194
3.15757
3.13816
3.08817
3.04199
3.00418
2.97172
2.96317
2.94274
2.92833
2.91807
2.91393
2.91572
2.92323
2.93303
2.93185
2.94794
2.969
2.98746
2.99711
2.99537
3.00183
2.99032
2.95172
2.93282
2.88237
2.81401
2.73531
2.65207
2.62964
2.55851
2.49478
2.43647
2.41955
2.3791
2.34501
2.31812
2.29181
2.28356
2.26756
2.25428
2.2374
2.22912
2.2205
2.21511
2.20913
2.19891
2.19374
2.18913
2.17998
2.15739
2.14568
2.12345
2.09364
2.05654
2.01449
2.00218
1.96959
1.93955
1.90794
1.89679
1.87613
1.86074
1.85611
3.38873
3.31519
3.25084
3.23321
3.17141
3.12039
3.07667
3.04396
3.0305
3.00283
2.98356
2.9739
2.96935
2.9647
2.97137
2.98361
2.98644
3.00126
3.02614
3.05031
3.07368
3.07287
3.08323
3.08306
3.06167
3.04898
2.99676
2.93287
2.85388
2.77604
2.74747
2.66295
2.59289
2.53691
2.52034
2.46703
2.42854
2.40007
2.37751
2.36499
2.34227
2.32894
2.31979
2.31322
2.29884
2.2947
2.29306
2.29183
2.28335
2.27473
2.26915
2.25827
2.24899
2.22015
2.18997
2.15347
2.11579
2.09897
2.05423
2.02008
1.99241
1.98266
1.95246
1.93258
1.92604
3.41196
3.33806
3.26574
3.24482
3.18983
3.13807
3.0909
3.05088
3.04207
3.01651
2.9958
2.9801
2.97595
2.97509
2.98104
2.99031
2.99051
3.00977
3.0366
3.06167
3.08049
3.08234
3.10172
3.10452
3.07662
3.06028
3.02047
2.96005
2.87735
2.78781
2.76551
2.69012
2.6183
2.54975
2.53101
2.48617
2.44873
2.41477
2.38445
2.37686
2.36128
2.34726
2.32905
2.32107
2.3152
2.31346
2.30721
2.29857
2.29536
2.29651
2.29117
2.26937
2.25795
2.23968
2.21323
2.17063
2.12349
2.11123
2.07639
2.04105
2.00194
1.98932
1.9662
1.94954
1.93875
3.49891
3.4227
3.35227
3.33298
3.26788
3.21065
3.15736
3.116
3.10215
3.06855
3.04108
3.02386
3.01879
3.01081
3.01381
3.02308
3.02627
3.04413
3.0751
3.1042
3.13572
3.13941
3.16559
3.18009
3.17157
3.162
3.12533
3.07288
2.99299
2.91151
2.88328
2.7965
2.71757
2.65207
2.63324
2.57548
2.53159
2.49641
2.46909
2.45692
2.43449
2.41902
2.40823
2.40169
2.39042
2.38895
2.38754
2.38785
2.38139
2.37977
2.37775
2.36913
2.36028
2.33703
2.31041
2.27037
2.22828
2.21117
2.16432
2.12342
2.08849
2.07692
2.04376
2.02128
2.0088
3.5192
3.44483
3.3659
3.34416
3.28506
3.22866
3.17061
3.12196
3.11263
3.08051
3.05118
3.02841
3.02386
3.01746
3.01901
3.0265
3.02837
3.04835
3.07866
3.11035
3.13991
3.14544
3.17825
3.19691
3.18381
3.17163
3.14649
3.10006
3.0161
2.92287
2.90171
2.82536
2.7454
2.66513
2.64455
2.59526
2.55524
2.51138
2.47579
2.46893
2.45389
2.43775
2.41706
2.40942
2.4062
2.40905
2.40117
2.39417
2.39315
2.40139
2.40027
2.37999
2.36939
2.35688
2.33735
2.28833
2.23611
2.22429
2.18816
2.14681
2.0983
2.08408
2.05811
2.04109
2.02185
3.58905
3.51442
3.44168
3.42183
3.35446
3.29033
3.22914
3.17865
3.16411
3.12163
3.08466
3.05834
3.05245
3.0376
3.03365
3.03807
3.04186
3.05944
3.09378
3.12675
3.16715
3.17558
3.21719
3.24832
3.25709
3.25241
3.23554
3.19809
3.1249
3.04396
3.01725
2.92942
2.84378
2.76938
2.7484
2.68548
2.63313
2.5927
2.55955
2.54759
2.5231
2.50531
2.49229
2.48577
2.47689
2.4758
2.47636
2.47817
2.47395
2.4783
2.48124
2.47653
2.4687
2.45277
2.42884
2.38971
2.34392
2.32696
2.27772
2.2303
2.18759
2.17396
2.13714
2.10852
2.09183
3.63533
3.56766
3.50117
3.48434
3.41118
3.34008
3.27769
3.22265
3.20512
3.15071
3.107
3.07295
3.06578
3.04218
3.0301
3.02838
3.03096
3.04683
3.0776
3.11585
3.16207
3.17477
3.2272
3.27306
3.30261
3.30563
3.3029
3.27272
3.22168
3.15407
3.12551
3.02703
2.94266
2.87157
2.85184
2.77448
2.71198
2.67245
2.63985
2.62385
2.58736
2.57014
2.56131
2.55643
2.54129
2.5363
2.54439
2.55329
2.54736
2.54623
2.55692
2.56514
2.56142
2.54342
2.51654
2.48927
2.45044
2.43008
2.36636
2.31723
2.27735
2.26537
2.21647
2.17607
2.16081
3.64741
3.58082
3.51034
3.49133
3.42406
3.35463
3.28698
3.22757
3.21223
3.15943
3.11126
3.07401
3.06691
3.04191
3.02778
3.0244
3.02866
3.0414
3.07316
3.10966
3.15872
3.17148
3.22721
3.27689
3.30689
3.30894
3.31565
3.29676
3.2403
3.16556
3.14204
3.05707
2.96831
2.8859
2.86305
2.79537
2.73452
2.6875
2.64724
2.63546
2.60705
2.5861
2.5696
2.56304
2.55537
2.55383
2.55596
2.55894
2.55714
2.56662
2.57526
2.57535
2.5692
2.56238
2.54306
2.50753
2.4596
2.44364
2.39325
2.34027
2.28874
2.27285
2.23176
2.19604
2.174
3.66103
3.60742
3.54444
3.52841
3.46136
3.39123
3.31936
3.25529
3.23764
3.17575
3.11798
3.07021
3.06118
3.02678
3.00211
2.98864
2.98974
2.99869
3.02442
3.06224
3.11233
3.1301
3.19786
3.26321
3.31249
3.32228
3.34991
3.35223
3.31521
3.25852
3.23507
3.15057
3.06331
2.98414
2.96236
2.88301
2.81719
2.76467
2.72383
2.70772
2.67041
2.64604
2.63093
2.62535
2.61163
2.60966
2.61334
2.6221
2.61879
2.62714
2.64098
2.65233
2.65021
2.6441
2.63141
2.6022
2.56339
2.54439
2.48553
2.42977
2.37952
2.36484
2.31153
2.26918
2.24158
3.6602
3.60955
3.54826
3.53223
3.46796
3.39747
3.3245
3.25792
3.24157
3.17812
3.11741
3.06835
3.05959
3.02064
2.99239
2.97931
2.98414
2.98623
3.00859
3.04607
3.10352
3.11926
3.18458
3.25261
3.30938
3.3203
3.35312
3.36145
3.32831
3.26792
3.24938
3.17393
3.08678
2.99824
2.97422
2.90315
2.83706
2.77971
2.73106
2.71946
2.68657
2.66043
2.63849
2.63174
2.62345
2.62195
2.62298
2.6268
2.6272
2.64157
2.65573
2.66115
2.65732
2.66063
2.65177
2.61983
2.57247
2.55855
2.51016
2.4532
2.39155
2.37334
2.32752
2.2869
2.25502
3.63001
3.59864
3.54758
3.53485
3.47722
3.41134
3.33396
3.26354
3.24578
3.17583
3.10417
3.04229
3.03108
2.98199
2.94134
2.9129
2.91286
2.90877
2.92356
2.95536
3.0068
3.02829
3.10562
3.18984
3.26295
3.28208
3.34205
3.38312
3.37036
3.33417
3.31838
3.25323
3.17027
3.08865
3.06594
2.98674
2.91626
2.85326
2.80357
2.78726
2.74585
2.71367
2.69149
2.685
2.67005
2.66712
2.66727
2.67515
2.67431
2.68894
2.7067
2.72264
2.72268
2.72895
2.73055
2.70546
2.67024
2.65396
2.6018
2.54194
2.48293
2.46557
2.40774
2.35976
2.32104
3.61215
3.58479
3.54368
3.53345
3.47491
3.40616
3.33279
3.26262
3.24487
3.16963
3.0966
3.03659
3.02583
2.96781
2.91916
2.89668
2.9032
2.88757
2.88824
2.92517
2.99148
3.00765
3.07273
3.15705
3.24987
3.27218
3.33179
3.37226
3.3746
3.33978
3.32777
3.27034
3.19139
3.10118
3.07736
3.00575
2.938
2.86797
2.81012
2.79866
2.76133
2.72744
2.6979
2.69075
2.67951
2.67651
2.67427
2.67841
2.68033
2.69855
2.71752
2.72918
2.72819
2.74188
2.74751
2.72125
2.67842
2.6676
2.62625
2.5676
2.49506
2.47476
2.42426
2.38052
2.33471
3.53405
3.53152
3.50016
3.49363
3.44844
3.39143
3.31287
3.23996
3.22208
3.14488
3.05972
2.984
2.97053
2.90326
2.84321
2.79491
2.79429
2.77033
2.77114
2.78454
2.83407
2.85711
2.93798
3.03788
3.13799
3.16908
3.26243
3.34965
3.37095
3.36721
3.36123
3.32221
3.25348
3.17745
3.15586
3.08001
3.00469
2.93591
2.87761
2.86105
2.81248
2.77222
2.74196
2.73439
2.71497
2.70621
2.70325
2.70919
2.7101
2.72711
2.74884
2.77079
2.77369
2.79162
2.80515
2.79236
2.76538
2.75314
2.7098
2.65057
2.5858
2.56622
2.5043
2.44572
2.39914
3.40725
3.42994
3.41612
3.41278
3.38652
3.33491
3.26304
3.18579
3.17222
3.09069
2.99763
2.9053
2.88972
2.81331
2.73356
2.66175
2.6499
2.61812
2.59944
2.59651
2.62267
2.6519
2.74512
2.85115
2.96362
2.99881
3.13466
3.25018
3.3174
3.34606
3.35236
3.33936
3.29236
3.23128
3.21436
3.14042
3.06523
2.99579
2.93579
2.91617
2.85748
2.81137
2.77616
2.76795
2.73993
2.72387
2.7177
2.7211
2.72217
2.73708
2.76146
2.7896
2.79598
2.8208
2.84125
2.84547
2.83418
2.8237
2.783
2.73033
2.67094
2.6537
2.58188
2.51467
2.46194
3.36921
3.3997
3.39672
3.39855
3.36766
3.31905
3.24911
3.17863
3.16016
3.07513
2.97966
2.89226
2.87636
2.78782
2.70305
2.6337
2.63241
2.58125
2.55289
2.54714
2.59123
2.61219
2.68617
2.79488
2.92703
2.97181
3.09619
3.22167
3.29886
3.34087
3.34607
3.34114
3.29867
3.23823
3.22052
3.15354
3.08005
3.00736
2.94206
2.92553
2.86951
2.82041
2.78047
2.77164
2.7448
2.72737
2.71878
2.72104
2.72247
2.7377
2.76151
2.79003
2.79643
2.82467
2.84947
2.8538
2.84012
2.83303
2.80255
2.75021
2.68309
2.66234
2.59832
2.53268
2.47516
3.18811
3.24932
3.26565
3.27036
3.26216
3.2256
3.16315
3.09054
3.07706
2.99102
2.88991
2.7871
2.76859
2.6707
2.56596
2.47305
2.45844
2.39589
2.34056
2.31946
2.33203
2.3573
2.43131
2.54535
2.68413
2.73178
2.89621
3.05763
3.17885
3.25619
3.27774
3.31123
3.29774
3.25718
3.24542
3.18977
3.12537
3.05176
2.98709
2.96822
2.90621
2.84918
2.80253
2.79239
2.75656
2.73145
2.71505
2.71147
2.71289
2.72494
2.74852
2.77946
2.78893
2.8251
2.86275
2.87929
2.88282
2.87917
2.85987
2.81674
2.75769
2.73979
2.67035
2.6015
2.53482
3.13056
3.19561
3.23509
3.2476
3.23004
3.19018
3.13822
3.07741
3.05698
2.96215
2.86135
2.76867
2.75061
2.63725
2.52405
2.43884
2.43773
2.35245
2.2813
2.25912
2.2952
2.30872
2.35615
2.46388
2.6348
2.69282
2.83833
2.99422
3.14097
3.24271
3.25798
3.29147
3.28785
3.25721
3.24658
3.19443
3.13094
3.05929
2.99124
2.97522
2.9137
2.85508
2.80484
2.79484
2.75764
2.72852
2.71188
2.70921
2.70914
2.71659
2.73924
2.77523
2.78538
2.82064
2.85677
2.88062
2.88563
2.88401
2.8709
2.83192
2.76792
2.74796
2.68528
2.61866
2.54779
2.90796
3.00707
3.05397
3.06909
3.08127
3.0696
3.01383
2.9514
2.93795
2.85483
2.74626
2.6361
2.61545
2.49996
2.37618
2.25863
2.24209
2.14797
2.06783
2.01492
2.00895
2.02532
2.07497
2.1848
2.33672
2.39457
2.57647
2.78769
2.95238
3.08595
3.12167
3.20734
3.23668
3.22907
3.2262
3.19428
3.14789
3.07874
3.01543
2.99834
2.93407
2.86829
2.81117
2.79952
2.75312
2.71673
2.68725
2.67505
2.6752
2.67938
2.6977
2.7301
2.74289
2.78566
2.83971
2.86989
2.89327
2.89676
2.90012
2.87376
2.82408
2.80797
2.74517
2.67529
2.60098
2.64089
2.76089
2.82798
2.84475
2.89049
2.88962
2.84965
2.78625
2.78453
2.70749
2.59927
2.47631
2.45578
2.34024
2.20209
2.062
2.03204
1.93206
1.83535
1.75801
1.71621
1.73384
1.78217
1.87446
2.01216
2.06203
2.27696
2.50382
2.70794
2.86985
2.92703
3.06142
3.13082
3.15226
3.15746
3.15462
3.12232
3.06829
3.0099
2.99636
2.93189
2.86318
2.79767
2.78454
2.73032
2.68146
2.64039
2.61379
2.61562
2.61376
2.62392
2.64903
2.66197
2.71437
2.77241
2.82066
2.85948
2.87148
2.89499
2.88788
2.85375
2.84277
2.78656
2.71747
2.64383
2.56645
2.69364
2.77856
2.80617
2.83839
2.84174
2.80805
2.76292
2.74879
2.66714
2.55927
2.44941
2.42807
2.29736
2.15616
2.02227
2.00632
1.88276
1.7752
1.69681
1.67572
1.6818
1.70249
1.79268
1.95038
2.01422
2.1992
2.42785
2.64531
2.83742
2.88307
3.01611
3.0963
3.13527
3.1441
3.13978
3.11273
3.06239
3.00841
2.99368
2.92931
2.85895
2.79413
2.78187
2.72262
2.67007
2.62749
2.60559
2.60245
2.59216
2.59946
2.63269
2.64893
2.69184
2.751
2.80435
2.85303
2.86293
2.88946
2.88693
2.85628
2.84506
2.79364
2.72756
2.65199
2.25936
2.4068
2.50688
2.53511
2.5979
2.6182
2.59981
2.55497
2.55254
2.48005
2.37834
2.26014
2.2387
2.11056
1.95988
1.81212
1.78268
1.65649
1.527
1.43912
1.38797
1.39551
1.40455
1.48029
1.62058
1.67531
1.87614
2.1083
2.35813
2.56706
2.63364
2.81061
2.93566
3.00356
3.02091
3.05077
3.04721
3.01097
2.96481
2.95537
2.89712
2.8256
2.75287
2.73885
2.67307
2.60839
2.55073
2.51035
2.50882
2.48862
2.48552
2.50489
2.52052
2.57038
2.63701
2.70295
2.7654
2.78589
2.83821
2.85955
2.84628
2.84097
2.80366
2.74973
2.67343
2.16874
2.31195
2.44527
2.48576
2.52836
2.53901
2.54129
2.52318
2.5047
2.41595
2.31995
2.22516
2.20485
2.05569
1.89758
1.76635
1.75577
1.60415
1.45922
1.37327
1.34787
1.34378
1.32595
1.39145
1.55883
1.62402
1.79467
2.01166
2.28197
2.53026
2.57736
2.73961
2.87543
2.9763
2.99792
3.02057
3.01357
2.99345
2.95764
2.94437
2.87946
2.80925
2.74373
2.73206
2.65655
2.5812
2.52913
2.49776
2.488
2.44992
2.44232
2.48018
2.49965
2.53255
2.58495
2.67145
2.75266
2.7661
2.81114
2.83931
2.84098
2.83798
2.80109
2.74466
2.67478
1.86529
2.02453
2.1407
2.17811
2.2541
2.30392
2.29555
2.27166
2.26818
2.21147
2.11429
2.00488
1.98446
1.85365
1.70282
1.54721
1.52072
1.37808
1.24214
1.13389
1.0766
1.07538
1.06438
1.12245
1.24849
1.30287
1.48434
1.72559
1.98224
2.22636
2.29574
2.5115
2.68175
2.79638
2.82657
2.88905
2.91915
2.90208
2.8739
2.86755
2.81789
2.74683
2.6714
2.65766
2.57943
2.5008
2.42269
2.36755
2.35968
2.31863
2.29502
2.30444
2.32196
2.36174
2.43736
2.51427
2.60398
2.63045
2.71074
2.76375
2.78118
2.78493
2.76867
2.73272
2.66307
1.54531
1.69764
1.81674
1.84888
1.946
1.99812
2.01035
1.98507
1.99644
1.94818
1.86522
1.75553
1.73854
1.62074
1.4709
1.31685
1.28212
1.15151
1.01293
0.904741
0.833649
0.834875
0.824048
0.867117
0.972525
1.01413
1.19511
1.4188
1.67937
1.92028
2.00255
2.24464
2.44438
2.58364
2.61928
2.72025
2.77068
2.77697
2.75615
2.75924
2.71985
2.6538
2.57301
2.55752
2.4782
2.38473
2.29313
2.2128
2.20734
2.15147
2.1106
2.09699
2.10845
2.1519
2.21889
2.30958
2.40394
2.4441
2.55228
2.63285
2.67319
2.6822
2.69424
2.67112
2.61611
1.466
1.61484
1.74826
1.79243
1.86772
1.91909
1.93974
1.94182
1.93385
1.87811
1.79806
1.71051
1.69334
1.55983
1.41105
1.26918
1.25112
1.10112
0.960073
0.854429
0.801253
0.793684
0.769318
0.80979
0.923973
0.973711
1.1289
1.34635
1.60807
1.87625
1.94104
2.17178
2.37631
2.54154
2.58338
2.67277
2.72652
2.74417
2.73972
2.73438
2.6898
2.62503
2.55465
2.54241
2.45082
2.3522
2.26222
2.19386
2.17694
2.1048
2.05851
2.05995
2.07748
2.09616
2.15667
2.25641
2.37634
2.40404
2.50146
2.58792
2.65004
2.66563
2.67126
2.64826
2.59994
1.17076
1.31079
1.42773
1.4635
1.55062
1.61219
1.63626
1.63028
1.63637
1.59876
1.53028
1.44003
1.42481
1.31298
1.17733
1.04019
1.01299
0.886354
0.75407
0.663742
0.606145
0.601579
0.580127
0.613922
0.705569
0.743249
0.886428
1.07697
1.33074
1.57532
1.65166
1.89814
2.1249
2.29712
2.34375
2.46816
2.55627
2.58461
2.58681
2.59169
2.56492
2.50632
2.42955
2.41533
2.32704
2.22398
2.11593
2.02266
2.00776
1.92452
1.86186
1.83295
1.84247
1.85914
1.91655
2.01298
2.12723
2.16889
2.29531
2.41065
2.48836
2.50953
2.54797
2.55542
2.51195
0.917548
1.03289
1.12629
1.15052
1.24659
1.30739
1.3278
1.31306
1.3338
1.31225
1.25067
1.16099
1.15123
1.0657
0.946902
0.819734
0.790637
0.693956
0.593324
0.510954
0.458359
0.458421
0.451262
0.476521
0.542163
0.566995
0.696357
0.871008
1.08079
1.2972
1.3753
1.63026
1.85601
2.03324
2.0796
2.23901
2.3448
2.39351
2.40256
2.42027
2.41143
2.35977
2.27991
2.26511
2.18518
2.07754
1.95551
1.83912
1.82903
1.74045
1.65684
1.59955
1.60007
1.61692
1.66737
1.74925
1.8534
1.90589
2.06035
2.19231
2.28736
2.31083
2.38879
2.41616
2.39218
0.853309
0.963946
1.06496
1.09968
1.17102
1.22895
1.25604
1.26585
1.26592
1.23631
1.18002
1.1124
1.10061
1.00113
0.887919
0.776446
0.759837
0.650974
0.552024
0.479564
0.440481
0.435092
0.420602
0.445764
0.514712
0.544448
0.653327
0.81593
1.02348
1.25374
1.3181
1.55428
1.78293
1.98034
2.03486
2.17548
2.28598
2.34537
2.37598
2.38136
2.36619
2.31785
2.25218
2.24117
2.14682
2.03668
1.91831
1.817
1.79321
1.6879
1.60156
1.55914
1.56619
1.55484
1.59698
1.68631
1.81553
1.85301
1.98943
2.12877
2.24752
2.28158
2.34585
2.37675
2.36018
0.638749
0.723031
0.80499
0.828809
0.892959
0.933754
0.967493
0.967785
0.976663
0.948659
0.909466
0.850091
0.841265
0.763928
0.669521
0.586553
0.569132
0.49321
0.415383
0.371872
0.344689
0.343171
0.33553
0.355355
0.407641
0.427818
0.514745
0.635714
0.816163
1.00686
1.07023
1.28571
1.5121
1.70537
1.75881
1.91931
2.04279
2.1228
2.15901
2.17699
2.17654
2.14107
2.07588
2.0641
1.97985
1.86637
1.74407
1.62501
1.60499
1.48948
1.39125
1.32756
1.3265
1.31118
1.331
1.41942
1.53163
1.57811
1.72478
1.88275
2.01494
2.05092
2.15007
2.20601
2.20902
0.489581
0.550003
0.597623
0.608674
0.671921
0.714939
0.724643
0.712003
0.730998
0.725936
0.686163
0.626904
0.623205
0.578978
0.512418
0.440646
0.425566
0.381515
0.338696
0.304582
0.285941
0.287187
0.289405
0.304832
0.338265
0.349757
0.420273
0.524008
0.653252
0.80296
0.858981
1.06755
1.26678
1.4376
1.48279
1.66593
1.80633
1.88299
1.92014
1.95219
1.97951
1.9476
1.87774
1.86625
1.80123
1.69767
1.56129
1.426
1.41465
1.30862
1.19485
1.10474
1.09637
1.08658
1.11262
1.16679
1.25866
1.31017
1.48109
1.6389
1.76846
1.8007
1.93683
2.02447
2.03542
0.447946
0.502305
0.556329
0.574788
0.615441
0.649217
0.668997
0.675258
0.676689
0.658741
0.628665
0.590561
0.584068
0.52802
0.467494
0.414184
0.406012
0.356963
0.315197
0.291014
0.279274
0.278354
0.277084
0.291886
0.326281
0.340397
0.398036
0.487739
0.615366
0.769596
0.816332
0.997431
1.1964
1.38332
1.43772
1.59304
1.73175
1.82256
1.884
1.90031
1.91523
1.89009
1.84032
1.83315
1.74992
1.64414
1.51795
1.40222
1.37484
1.2505
1.13856
1.0663
1.06356
1.02669
1.03967
1.10711
1.22019
1.25746
1.40072
1.56558
1.71973
1.76522
1.8789
1.96594
1.98938
0.343109
0.375823
0.411892
0.421897
0.45148
0.468987
0.487072
0.486843
0.492105
0.476178
0.458435
0.431604
0.428324
0.392974
0.352649
0.321888
0.316034
0.289698
0.265593
0.254137
0.248412
0.248793
0.250062
0.26072
0.284579
0.293488
0.335457
0.397802
0.495614
0.612128
0.651623
0.799398
0.971948
1.13835
1.18509
1.33978
1.46965
1.5734
1.63353
1.65997
1.6838
1.67141
1.62618
1.61904
1.55059
1.44573
1.32843
1.20637
1.1856
1.06147
0.948254
0.866618
0.858184
0.82233
0.81797
0.880649
0.97317
1.01327
1.15139
1.31514
1.46974
1.51157
1.64672
1.74279
1.79236
0.324058
0.352108
0.387847
0.400842
0.419958
0.434963
0.452314
0.463593
0.459147
0.440959
0.424746
0.409103
0.405523
0.367523
0.332877
0.308109
0.306521
0.278891
0.258447
0.248394
0.245135
0.24473
0.245374
0.255046
0.278111
0.287352
0.323542
0.380594
0.470853
0.591646
0.620846
0.75279
0.913783
1.09326
1.14299
1.27594
1.39565
1.51187
1.59888
1.60731
1.61567
1.60592
1.58601
1.58468
1.49758
1.38691
1.28334
1.18153
1.14847
1.01094
0.898757
0.834109
0.830879
0.776077
0.76529
0.830505
0.942852
0.967539
1.08469
1.24281
1.42303
1.47386
1.58803
1.67364
1.73993
0.267116
0.283753
0.302575
0.308812
0.322724
0.333375
0.342419
0.344761
0.345224
0.336531
0.32696
0.314359
0.312409
0.292947
0.273868
0.259546
0.257689
0.244841
0.234885
0.230224
0.228753
0.228984
0.230722
0.237963
0.252906
0.258893
0.284605
0.326248
0.391165
0.475909
0.502057
0.611467
0.74649
0.886633
0.92839
1.05785
1.18435
1.28068
1.35312
1.37314
1.4057
1.40036
1.37012
1.36732
1.30244
1.21383
1.10271
0.997008
0.971675
0.854135
0.745663
0.669737
0.661576
0.616019
0.607448
0.651571
0.734949
0.763499
0.881316
1.03277
1.18747
1.23313
1.36348
1.47897
1.54067
0.232443
0.240651
0.250733
0.253368
0.262145
0.266805
0.272897
0.272716
0.274732
0.269708
0.265298
0.258213
0.257753
0.248619
0.238706
0.231856
0.230726
0.225295
0.220526
0.218656
0.218231
0.21873
0.220613
0.225693
0.235687
0.239322
0.257366
0.285359
0.331962
0.39151
0.411957
0.495072
0.601071
0.713635
0.745648
0.862111
0.967618
1.06206
1.12313
1.14933
1.18406
1.1866
1.15858
1.15516
1.10647
1.02226
0.926807
0.824505
0.807866
0.703258
0.606976
0.535486
0.525956
0.489024
0.474479
0.509809
0.571843
0.598608
0.701582
0.835671
0.975292
1.01298
1.14939
1.26064
1.33879
0.226291
0.233031
0.242882
0.246566
0.25151
0.255485
0.261108
0.264945
0.263479
0.258101
0.254385
0.251185
0.250498
0.240756
0.23267
0.227758
0.227883
0.221904
0.217753
0.216388
0.216907
0.217056
0.218423
0.222995
0.232836
0.236714
0.251954
0.277022
0.319739
0.38082
0.395729
0.467878
0.564615
0.683247
0.717372
0.814548
0.909374
1.01061
1.09313
1.10262
1.12113
1.12532
1.12103
1.12268
1.05572
0.967486
0.886536
0.804081
0.776451
0.663507
0.572273
0.515528
0.509362
0.462324
0.44643
0.482022
0.553896
0.570958
0.657505
0.783534
0.93851
0.983204
1.09832
1.19749
1.28773
0.20881
0.212026
0.216289
0.217787
0.220915
0.223371
0.226114
0.227255
0.227457
0.225725
0.224449
0.222555
0.222482
0.218804
0.215439
0.213076
0.213028
0.21086
0.209418
0.209107
0.209743
0.210107
0.21168
0.215088
0.221308
0.223786
0.234294
0.251863
0.280774
0.320906
0.333203
0.388386
0.462752
0.547835
0.573832
0.658778
0.747907
0.824532
0.886607
0.903212
0.935827
0.94059
0.925186
0.925076
0.878554
0.812433
0.730782
0.652784
0.633811
0.546392
0.469032
0.415734
0.40898
0.375586
0.365084
0.388605
0.438384
0.454955
0.531414
0.639857
0.762455
0.798829
0.913308
1.02476
1.10219
0.197948
0.199029
0.200932
0.201469
0.203223
0.20402
0.20599
0.206461
0.207118
0.206544
0.206712
0.206163
0.20638
0.205303
0.204008
0.203512
0.203533
0.203212
0.202896
0.203491
0.204281
0.204723
0.206156
0.208594
0.212734
0.214226
0.22141
0.232451
0.252217
0.278346
0.287354
0.32568
0.379322
0.441348
0.459415
0.528315
0.594375
0.66156
0.707816
0.726817
0.755424
0.763333
0.748032
0.746794
0.714391
0.654616
0.591411
0.523101
0.512074
0.442759
0.383349
0.341508
0.335961
0.313898
0.305113
0.32421
0.35925
0.373051
0.433729
0.520234
0.619326
0.646548
0.752198
0.847923
0.928449
0.191561
0.191737
0.191865
0.191886
0.193208
0.194269
0.19464
0.194659
0.195536
0.196521
0.196675
0.196339
0.196652
0.197245
0.197286
0.197124
0.197104
0.197884
0.198645
0.199242
0.199941
0.200413
0.202003
0.203795
0.206209
0.206973
0.212176
0.220468
0.232241
0.248322
0.254711
0.284306
0.320796
0.360808
0.371706
0.428813
0.486213
0.528919
0.55924
0.579037
0.615149
0.617447
0.595826
0.593382
0.57744
0.53699
0.476567
0.418427
0.414527
0.369333
0.322883
0.289124
0.28506
0.272992
0.271426
0.28172
0.305693
0.316443
0.368308
0.434374
0.50651
0.524657
0.620032
0.715373
0.776072
0.189874
0.189811
0.190282
0.190607
0.190966
0.19153
0.192383
0.193255
0.193388
0.193747
0.194321
0.194897
0.195149
0.195176
0.195413
0.195921
0.196291
0.196671
0.197324
0.198192
0.199282
0.199596
0.200745
0.202402
0.204986
0.206028
0.209964
0.216684
0.227818
0.244218
0.248972
0.271901
0.304942
0.346886
0.360048
0.403472
0.451907
0.499006
0.540293
0.54981
0.570555
0.576266
0.570774
0.571718
0.541324
0.499273
0.452162
0.407983
0.396543
0.346934
0.307208
0.282136
0.279168
0.263919
0.260925
0.273383
0.299633
0.307647
0.348832
0.410317
0.48752
0.510977
0.588896
0.671041
0.738951
0.185553
0.184986
0.184923
0.184984
0.185071
0.185065
0.185919
0.186514
0.186802
0.187266
0.188226
0.189004
0.189315
0.189958
0.190668
0.191631
0.191944
0.192828
0.193668
0.194782
0.19575
0.19609
0.197113
0.19835
0.2
0.200606
0.203154
0.206829
0.214228
0.224036
0.227347
0.241662
0.263582
0.290964
0.299216
0.330598
0.361581
0.398842
0.425752
0.43565
0.451102
0.457472
0.450949
0.450858
0.431685
0.396982
0.365828
0.331868
0.325997
0.291655
0.265566
0.248738
0.24677
0.238344
0.236092
0.246525
0.264331
0.270667
0.300834
0.346632
0.403681
0.420108
0.484813
0.54838
0.610224
0.182532
0.181767
0.181274
0.181197
0.181213
0.181325
0.181697
0.182111
0.182477
0.183293
0.184195
0.184998
0.185322
0.186394
0.187397
0.188394
0.18863
0.189801
0.19089
0.191896
0.192714
0.193059
0.194076
0.194979
0.195913
0.196206
0.197919
0.20038
0.204384
0.209865
0.212141
0.221981
0.235422
0.251687
0.256278
0.279028
0.30218
0.324459
0.340286
0.349411
0.364572
0.367568
0.359441
0.358715
0.349403
0.327681
0.302693
0.27787
0.275884
0.255559
0.238068
0.226536
0.2253
0.221318
0.221524
0.227759
0.239536
0.244327
0.267607
0.300173
0.339778
0.350264
0.402805
0.457283
0.502519
0.181753
0.180942
0.180608
0.180662
0.180344
0.180347
0.180821
0.181565
0.181639
0.182267
0.183237
0.184375
0.184671
0.185496
0.186518
0.187738
0.18818
0.189089
0.190071
0.191157
0.192248
0.192467
0.193196
0.194018
0.195141
0.195597
0.196687
0.198564
0.202247
0.20811
0.209528
0.216938
0.228611
0.245545
0.250903
0.267438
0.286383
0.309268
0.330719
0.333979
0.341439
0.345118
0.345901
0.346944
0.330368
0.309197
0.290683
0.272936
0.267584
0.246419
0.231761
0.223689
0.222934
0.217692
0.217465
0.224007
0.236871
0.24022
0.258792
0.288098
0.329674
0.342612
0.384767
0.430477
0.477617
0.179481
0.178599
0.178068
0.178025
0.177729
0.177699
0.178035
0.178593
0.178761
0.179497
0.180501
0.181562
0.181873
0.182903
0.184062
0.185221
0.185584
0.186625
0.187719
0.1887
0.189585
0.189825
0.190545
0.191178
0.191763
0.192011
0.192617
0.193571
0.19539
0.198375
0.199333
0.203732
0.21079
0.220417
0.223486
0.234349
0.246541
0.260773
0.272928
0.276361
0.282579
0.285449
0.284047
0.284442
0.27564
0.262467
0.250286
0.238333
0.235879
0.22351
0.214731
0.20952
0.209071
0.206421
0.206649
0.211081
0.21942
0.222053
0.235391
0.256055
0.2838
0.292315
0.324317
0.36017
0.394287
0.177535
0.176623
0.176043
0.175952
0.17567
0.175551
0.175878
0.176338
0.176543
0.177255
0.178289
0.179324
0.179634
0.180741
0.181892
0.183063
0.183358
0.184453
0.185453
0.18644
0.187176
0.187419
0.18805
0.188505
0.188786
0.188885
0.189161
0.189322
0.190093
0.191295
0.191888
0.194155
0.198099
0.203431
0.20506
0.211972
0.218563
0.227849
0.234415
0.23735
0.241482
0.243739
0.242356
0.242454
0.238427
0.229779
0.223293
0.215701
0.214887
0.207869
0.202737
0.199472
0.199195
0.197964
0.198001
0.201202
0.206488
0.208485
0.217757
0.231668
0.249879
0.255031
0.278362
0.301993
0.328183
0.175941
0.175054
0.174379
0.174258
0.174031
0.173985
0.174169
0.174542
0.174775
0.175573
0.176514
0.177467
0.177758
0.178959
0.180125
0.181175
0.181394
0.182533
0.183585
0.184401
0.184967
0.185205
0.185848
0.186139
0.186095
0.186076
0.186185
0.186105
0.185955
0.18601
0.186378
0.187642
0.189471
0.191862
0.192617
0.197192
0.20202
0.206325
0.209518
0.211877
0.216229
0.217173
0.215328
0.215276
0.214402
0.210659
0.205615
0.20081
0.200833
0.197568
0.194297
0.191991
0.191804
0.191487
0.191975
0.193632
0.196749
0.198219
0.205129
0.214224
0.225081
0.227862
0.244555
0.263332
0.27829
0.175462
0.174577
0.174041
0.173995
0.173599
0.173493
0.173759
0.174295
0.174386
0.175048
0.176014
0.177138
0.177419
0.17843
0.17956
0.180752
0.181117
0.182041
0.182956
0.183834
0.184619
0.18476
0.185139
0.185382
0.18556
0.185673
0.185402
0.185059
0.184988
0.18537
0.185396
0.185779
0.187202
0.190085
0.191113
0.193825
0.197274
0.202143
0.207003
0.207686
0.209356
0.210721
0.211711
0.212168
0.209071
0.205219
0.20232
0.199472
0.198527
0.194613
0.192066
0.190926
0.190939
0.189937
0.190048
0.192028
0.195718
0.196602
0.201465
0.209425
0.221368
0.225172
0.237436
0.251326
0.2674
0.174093
0.173243
0.172678
0.172602
0.172269
0.172187
0.172406
0.172856
0.172985
0.173658
0.174581
0.175594
0.175868
0.176899
0.17802
0.179087
0.17939
0.18031
0.181225
0.181963
0.182566
0.182712
0.18307
0.183204
0.183124
0.183145
0.182791
0.182296
0.181747
0.181428
0.181385
0.181151
0.18147
0.182574
0.183059
0.184525
0.186453
0.189181
0.191776
0.19249
0.193943
0.195089
0.195567
0.195866
0.194759
0.192928
0.191361
0.189732
0.189422
0.187459
0.186089
0.185375
0.18541
0.185002
0.185229
0.1864
0.188525
0.189171
0.192301
0.197272
0.204255
0.206459
0.214529
0.223631
0.233464
0.172858
0.172045
0.171509
0.171421
0.171136
0.171024
0.171274
0.171673
0.171819
0.172449
0.17335
0.174287
0.174543
0.175542
0.176582
0.177588
0.177832
0.178722
0.179501
0.180203
0.180662
0.180804
0.181081
0.18111
0.180898
0.180851
0.18044
0.179702
0.178997
0.178267
0.178183
0.177525
0.177188
0.177297
0.17745
0.17808
0.178705
0.180458
0.181819
0.182452
0.183506
0.184559
0.184998
0.185216
0.185157
0.18415
0.183764
0.182905
0.182938
0.182021
0.181377
0.18096
0.180998
0.180933
0.18102
0.181843
0.182961
0.183427
0.185253
0.188016
0.191824
0.192959
0.198027
0.202711
0.209272
0.17181
0.171055
0.170523
0.17043
0.170202
0.170147
0.170352
0.170717
0.170874
0.171517
0.172348
0.173202
0.173434
0.17441
0.175381
0.176275
0.176461
0.177313
0.178047
0.178619
0.178939
0.179071
0.179317
0.179252
0.178899
0.178799
0.178367
0.177594
0.176663
0.175665
0.175566
0.174753
0.174004
0.173491
0.173462
0.17362
0.173902
0.174592
0.175243
0.175769
0.176832
0.177625
0.177979
0.178153
0.17871
0.178648
0.178465
0.178051
0.178242
0.178037
0.17769
0.17736
0.177376
0.177519
0.177683
0.178048
0.178502
0.178848
0.179964
0.18124
0.182798
0.183227
0.186213
0.189319
0.19235
0.171485
0.170742
0.170326
0.170283
0.169955
0.169864
0.170133
0.170596
0.170669
0.171223
0.172062
0.173023
0.173241
0.174076
0.174986
0.175991
0.176272
0.176959
0.177542
0.178181
0.178688
0.178737
0.178741
0.17864
0.178519
0.178521
0.177818
0.176859
0.176095
0.175356
0.175079
0.173891
0.173091
0.172913
0.17298
0.172579
0.172466
0.173445
0.174616
0.174674
0.174986
0.175878
0.177051
0.177351
0.177252
0.177002
0.177441
0.177604
0.177457
0.176818
0.176625
0.17683
0.176948
0.176658
0.176504
0.1772
0.178052
0.17811
0.178373
0.179322
0.181528
0.182314
0.183804
0.185161
0.188853
0.170658
0.169979
0.169556
0.169501
0.16925
0.169223
0.169456
0.169873
0.169972
0.170557
0.171337
0.172187
0.172392
0.173213
0.17408
0.174923
0.175148
0.175795
0.176383
0.176859
0.177204
0.177254
0.177276
0.177116
0.176807
0.176755
0.176074
0.175178
0.174194
0.173256
0.172993
0.171827
0.170819
0.170211
0.170164
0.169635
0.169433
0.169779
0.170427
0.170538
0.171026
0.171779
0.172651
0.172899
0.17326
0.173565
0.173937
0.174177
0.174175
0.174
0.173894
0.173954
0.174034
0.173881
0.173867
0.174113
0.174473
0.174509
0.174527
0.174702
0.175334
0.175643
0.176058
0.176671
0.178074
0.169969
0.16935
0.16897
0.168913
0.168721
0.168715
0.168972
0.169368
0.169481
0.170048
0.170802
0.171577
0.171767
0.17254
0.173334
0.174075
0.174254
0.174845
0.175358
0.175743
0.175964
0.176008
0.17599
0.175769
0.175354
0.175258
0.174578
0.173655
0.172594
0.171534
0.171282
0.17009
0.168982
0.168168
0.168051
0.167448
0.167095
0.167219
0.167598
0.167725
0.168202
0.168923
0.169686
0.169897
0.170469
0.170944
0.171395
0.171658
0.171727
0.171727
0.171679
0.17165
0.171688
0.171585
0.171513
0.171563
0.171593
0.17161
0.171398
0.171101
0.170877
0.170901
0.170635
0.170351
0.170736
0.169473
0.168918
0.168597
0.168545
0.168404
0.168407
0.16871
0.169105
0.169221
0.169767
0.1705
0.17122
0.171392
0.172109
0.172818
0.173486
0.173626
0.174153
0.174547
0.174889
0.175013
0.175043
0.174966
0.17468
0.174199
0.17407
0.173374
0.172361
0.171316
0.170186
0.169941
0.168719
0.16757
0.166663
0.166508
0.165871
0.165385
0.165463
0.165708
0.165836
0.166285
0.166996
0.167716
0.1679
0.168569
0.169063
0.169611
0.169876
0.169974
0.170035
0.170015
0.169933
0.169934
0.16984
0.169606
0.169614
0.169417
0.169413
0.169019
0.168424
0.167735
0.167594
0.166935
0.165971
0.165966
0.16923
0.168749
0.168482
0.168442
0.168347
0.16841
0.168717
0.169128
0.169239
0.169788
0.170483
0.171164
0.171317
0.171977
0.172619
0.173212
0.173324
0.173781
0.174117
0.17437
0.174419
0.17443
0.174296
0.173948
0.173407
0.173253
0.172532
0.171511
0.170417
0.169247
0.169003
0.167783
0.166614
0.165666
0.165491
0.164845
0.164378
0.164369
0.164562
0.164677
0.165143
0.165828
0.16653
0.166697
0.167408
0.167978
0.168516
0.168793
0.168892
0.169004
0.168995
0.168898
0.168872
0.168771
0.168523
0.168396
0.168047
0.168006
0.167477
0.166683
0.16573
0.165501
0.164616
0.163572
0.163144
0.169299
0.168894
0.168698
0.168677
0.168612
0.168721
0.169059
0.169511
0.169603
0.170144
0.170819
0.171488
0.17162
0.172211
0.172797
0.17334
0.173441
0.173818
0.174097
0.174281
0.174289
0.174272
0.174068
0.173667
0.173082
0.172914
0.172147
0.171122
0.169988
0.16881
0.168553
0.167333
0.166165
0.16522
0.16504
0.164383
0.163953
0.163912
0.164112
0.164201
0.164676
0.165356
0.16608
0.166236
0.166952
0.167589
0.168147
0.168488
0.168567
0.16872
0.168765
0.168745
0.168713
0.168594
0.168351
0.168148
0.167717
0.167612
0.166919
0.165986
0.164914
0.164648
0.163603
0.162535
0.161968
0.169756
0.169423
0.169348
0.169359
0.169295
0.169406
0.169843
0.170372
0.170427
0.170909
0.171607
0.172317
0.17243
0.172917
0.17344
0.17401
0.174126
0.174404
0.174577
0.174771
0.174794
0.174737
0.174412
0.173966
0.173401
0.173234
0.172373
0.171288
0.170184
0.169038
0.168746
0.167466
0.166325
0.165452
0.165278
0.164576
0.164137
0.164168
0.164432
0.164473
0.164891
0.165616
0.166445
0.166602
0.167287
0.167938
0.168666
0.169184
0.16922
0.169368
0.169596
0.169858
0.169854
0.169706
0.169374
0.16932
0.1689
0.168686
0.167657
0.166614
0.165588
0.165323
0.164082
0.162867
0.16248
0.170046
0.169756
0.169566
0.169517
0.169613
0.169834
0.170158
0.170532
0.170713
0.171372
0.172011
0.172524
0.172644
0.173304
0.173864
0.174257
0.174268
0.17468
0.174963
0.17506
0.174931
0.174922
0.174721
0.174267
0.173559
0.173345
0.172579
0.171552
0.17037
0.169131
0.168883
0.167701
0.166559
0.165578
0.165375
0.164778
0.164414
0.164359
0.164517
0.164626
0.165179
0.165898
0.166584
0.166717
0.167552
0.168338
0.168948
0.169322
0.169474
0.169934
0.170206
0.170179
0.170099
0.170304
0.170285
0.169882
0.169129
0.169063
0.168359
0.167244
0.165862
0.165503
0.164466
0.163459
0.162907
0.171279
0.171067
0.170976
0.170932
0.171095
0.171315
0.171757
0.172164
0.172366
0.173013
0.173708
0.17422
0.174328
0.174978
0.175499
0.175925
0.175899
0.176324
0.176526
0.1767
0.176533
0.176519
0.176279
0.175792
0.175048
0.174782
0.174015
0.172887
0.171755
0.170455
0.170213
0.169018
0.167908
0.166922
0.166691
0.166145
0.16575
0.165796
0.16594
0.166068
0.166644
0.167456
0.168195
0.168313
0.169294
0.170162
0.171082
0.171655
0.171886
0.172657
0.173386
0.173682
0.173591
0.174181
0.174171
0.174027
0.173034
0.172964
0.172056
0.170743
0.169114
0.168638
0.167573
0.166377
0.166128
0.173411
0.173286
0.173328
0.173294
0.173528
0.17371
0.174355
0.174832
0.175058
0.175689
0.176506
0.17707
0.177169
0.177837
0.178339
0.178905
0.17885
0.179337
0.179413
0.179826
0.179682
0.179663
0.179374
0.178867
0.178136
0.177811
0.17702
0.175653
0.174682
0.173305
0.173053
0.17177
0.170692
0.169713
0.169446
0.168922
0.168405
0.16866
0.168817
0.168955
0.169536
0.170526
0.171434
0.171548
0.172776
0.17377
0.175382
0.176425
0.176786
0.178103
0.179704
0.180701
0.180642
0.181853
0.181778
0.182276
0.18104
0.180922
0.179593
0.177914
0.175924
0.175279
0.173994
0.172246
0.172555
0.176926
0.176908
0.177131
0.177115
0.177434
0.177529
0.178518
0.179136
0.179395
0.180029
0.181079
0.18179
0.181889
0.182636
0.183179
0.184058
0.183989
0.184629
0.1845
0.185449
0.18543
0.185409
0.185059
0.184556
0.1839
0.183496
0.182637
0.180784
0.180144
0.178642
0.178351
0.176861
0.175781
0.174804
0.174478
0.173924
0.173146
0.173761
0.173969
0.174106
0.174701
0.176011
0.177286
0.177424
0.179095
0.18035
0.183241
0.185195
0.185759
0.188027
0.19103
0.193217
0.193266
0.195357
0.195246
0.196695
0.19521
0.19496
0.192936
0.190588
0.187991
0.187115
0.185266
0.182553
0.183574
0.182692
0.182822
0.183317
0.183334
0.183769
0.183719
0.185292
0.18618
0.186497
0.187198
0.188659
0.189696
0.189813
0.190752
0.191477
0.192932
0.192886
0.193827
0.193473
0.195341
0.195616
0.195588
0.195171
0.194695
0.194165
0.193658
0.192636
0.189998
0.189824
0.188107
0.187714
0.18584
0.184664
0.18365
0.183232
0.182548
0.181382
0.182496
0.182823
0.182944
0.183607
0.185452
0.187406
0.187618
0.190018
0.191912
0.196706
0.20017
0.201011
0.204775
0.209724
0.213629
0.213868
0.217053
0.217197
0.219523
0.217715
0.21721
0.214095
0.210625
0.207049
0.205882
0.203014
0.199076
0.200716
0.192286
0.192638
0.193547
0.193627
0.194234
0.194138
0.196504
0.197891
0.198297
0.199219
0.201328
0.202962
0.203126
0.204434
0.2056
0.20797
0.208014
0.209461
0.209201
0.21218
0.212978
0.212931
0.212416
0.211962
0.211566
0.210925
0.209556
0.206139
0.206117
0.204044
0.203446
0.200945
0.199506
0.198379
0.197825
0.196856
0.195327
0.196931
0.197495
0.197569
0.198418
0.201067
0.204109
0.204465
0.207935
0.211126
0.218305
0.223919
0.225105
0.230895
0.238196
0.24419
0.244706
0.249026
0.250187
0.252519
0.250226
0.249302
0.244666
0.239571
0.234643
0.233107
0.228786
0.223717
0.225504
0.208252
0.208927
0.210432
0.210628
0.211491
0.211569
0.214973
0.217196
0.217743
0.219117
0.222189
0.224792
0.225045
0.226953
0.228894
0.232611
0.232836
0.235035
0.235336
0.239515
0.241034
0.240939
0.24022
0.239702
0.23934
0.238517
0.236504
0.232367
0.231933
0.229286
0.228356
0.22491
0.222975
0.221615
0.220878
0.219428
0.217599
0.219651
0.220605
0.220601
0.221788
0.225541
0.230083
0.230669
0.235517
0.240721
0.250472
0.258656
0.260196
0.268279
0.277938
0.286009
0.286822
0.292086
0.294537
0.296144
0.293248
0.291824
0.285529
0.278716
0.272372
0.270424
0.264407
0.258236
0.259695
0.234208
0.23531
0.237628
0.238005
0.239257
0.239693
0.244545
0.248011
0.248781
0.250924
0.255288
0.259237
0.25964
0.262433
0.265562
0.270897
0.271409
0.274553
0.275874
0.281107
0.28338
0.283174
0.282123
0.281359
0.280781
0.279706
0.276719
0.271612
0.27036
0.266845
0.265462
0.260728
0.258031
0.256243
0.255265
0.253114
0.250935
0.253401
0.254834
0.25474
0.256444
0.261472
0.267688
0.268554
0.274873
0.282461
0.294436
0.305029
0.30685
0.317011
0.328504
0.338103
0.339167
0.344982
0.34861
0.349095
0.345805
0.343985
0.336593
0.328518
0.320859
0.318627
0.310932
0.304291
0.304381
0.274794
0.276439
0.279724
0.28034
0.282136
0.28308
0.289707
0.294698
0.295801
0.299053
0.304867
0.310277
0.310871
0.314767
0.319308
0.326191
0.326999
0.331115
0.333558
0.339552
0.342439
0.342099
0.340715
0.339555
0.338487
0.337084
0.332951
0.326556
0.324249
0.319544
0.317652
0.311398
0.307669
0.305099
0.303795
0.300686
0.297909
0.300441
0.302065
0.301856
0.304028
0.310031
0.317461
0.318575
0.32603
0.335868
0.348796
0.360919
0.362862
0.374486
0.386724
0.396769
0.397958
0.403804
0.408374
0.407437
0.403962
0.401973
0.394398
0.385439
0.376481
0.374163
0.365171
0.359362
0.356711
0.335258
0.33746
0.341553
0.342383
0.3448
0.346146
0.354455
0.360792
0.362363
0.366963
0.373827
0.380125
0.38088
0.385859
0.391677
0.399191
0.400165
0.404963
0.408746
0.414384
0.417365
0.416979
0.41572
0.413992
0.411542
0.409887
0.404614
0.398548
0.393174
0.387127
0.384691
0.377629
0.372307
0.368132
0.366476
0.362218
0.359464
0.360157
0.361278
0.360781
0.36317
0.368886
0.376206
0.377382
0.385207
0.396517
0.408604
0.420906
0.422811
0.434982
0.446701
0.455915
0.457047
0.462316
0.467169
0.464341
0.460276
0.45823
0.450561
0.44066
0.430402
0.428129
0.418488
0.414059
0.408391
0.417485
0.420169
0.422461
0.423167
0.426695
0.430699
0.436719
0.443009
0.445174
0.452925
0.45846
0.463337
0.464112
0.470727
0.477763
0.482679
0.483368
0.488508
0.495458
0.497076
0.498494
0.498124
0.497993
0.495036
0.489187
0.487257
0.481389
0.477638
0.466871
0.459083
0.456532
0.450303
0.442896
0.435825
0.433944
0.429145
0.427838
0.42406
0.423803
0.423127
0.426253
0.430039
0.435399
0.436403
0.444288
0.456341
0.465825
0.476945
0.478882
0.491316
0.501355
0.508175
0.509048
0.513297
0.517661
0.511699
0.505876
0.503764
0.495657
0.484404
0.472688
0.470454
0.460876
0.457594
0.449592
0.506161
0.508582
0.506082
0.505862
0.51129
0.517279
0.519174
0.523114
0.526223
0.537089
0.540308
0.541453
0.542203
0.550783
0.557638
0.558027
0.557622
0.562915
0.569742
0.568316
0.56646
0.566327
0.567028
0.562184
0.552412
0.550101
0.544288
0.539313
0.526883
0.517113
0.515147
0.509936
0.501047
0.491151
0.489173
0.484774
0.482989
0.476921
0.474888
0.474708
0.478601
0.48079
0.483616
0.484452
0.4927
0.504046
0.511367
0.520558
0.5228
0.535261
0.543027
0.546524
0.546961
0.549658
0.550721
0.542529
0.53418
0.531971
0.522432
0.509902
0.497534
0.495326
0.486229
0.480993
0.47451
0.608348
0.608398
0.610862
0.61172
0.610828
0.612343
0.615607
0.620752
0.620717
0.624398
0.628053
0.631897
0.632215
0.633089
0.634882
0.637033
0.637745
0.636596
0.635693
0.632837
0.630447
0.629188
0.622916
0.615394
0.607612
0.606011
0.596512
0.587323
0.576997
0.568419
0.565959
0.556327
0.547962
0.541419
0.540159
0.533606
0.529019
0.526296
0.525834
0.525196
0.525207
0.528485
0.533775
0.534914
0.540135
0.547635
0.556251
0.564668
0.565933
0.572512
0.577361
0.578528
0.578267
0.574728
0.568484
0.557457
0.546088
0.543372
0.53074
0.517874
0.507154
0.505348
0.496991
0.490863
0.48687
0.653934
0.65291
0.653766
0.653925
0.652577
0.652042
0.653228
0.655394
0.655462
0.658564
0.660478
0.660368
0.660186
0.659076
0.657376
0.65477
0.654255
0.650535
0.646833
0.640361
0.63506
0.633827
0.627605
0.618671
0.609264
0.607464
0.598408
0.589589
0.57901
0.570644
0.568855
0.561231
0.554017
0.548397
0.547451
0.542962
0.539921
0.538372
0.538868
0.538907
0.54067
0.544317
0.548732
0.549745
0.554831
0.561386
0.568174
0.574318
0.575432
0.579904
0.580171
0.575965
0.574669
0.566856
0.557154
0.542796
0.530237
0.527646
0.515857
0.504108
0.494566
0.493018
0.486325
0.482255
0.479597
0.660565
0.658933
0.658763
0.658526
0.656123
0.654629
0.653114
0.653197
0.653011
0.654841
0.655496
0.652365
0.651639
0.64769
0.642388
0.638261
0.63731
0.631631
0.624558
0.61855
0.61335
0.612176
0.60576
0.596314
0.588422
0.586782
0.578059
0.568752
0.561388
0.554902
0.55351
0.547104
0.542498
0.539291
0.538734
0.536062
0.534369
0.534912
0.5366
0.537003
0.539795
0.543507
0.547267
0.548134
0.552595
0.557681
0.562798
0.566676
0.567324
0.568047
0.564301
0.556742
0.554824
0.54392
0.530161
0.518075
0.506311
0.503822
0.492168
0.482405
0.475293
0.474082
0.468625
0.464627
0.465096
0.625549
0.623548
0.622119
0.621286
0.616807
0.611257
0.609985
0.60795
0.607709
0.606771
0.604273
0.597477
0.59621
0.590857
0.584772
0.580353
0.579118
0.573928
0.565769
0.56205
0.557741
0.556997
0.552267
0.544382
0.538911
0.537783
0.532984
0.527558
0.525534
0.52326
0.523021
0.521754
0.521622
0.521826
0.521894
0.522997
0.525252
0.527542
0.530257
0.531072
0.534332
0.536259
0.537763
0.538057
0.539796
0.54012
0.539159
0.536448
0.535888
0.529748
0.520132
0.508747
0.506361
0.494724
0.480648
0.4712
0.461609
0.459819
0.45186
0.445638
0.441188
0.440439
0.437843
0.435987
0.437677
)
;

boundaryField
{
    inlet
    {
        type            calculated;
        value           nonuniform List<scalar> 0();
    }
    outlet
    {
        type            calculated;
        value           nonuniform List<scalar> 0();
    }
    front
    {
        type            empty;
    }
    back
    {
        type            empty;
    }
    hub
    {
        type            calculated;
        value           nonuniform List<scalar> 
72
(
0.0184017
0.0193107
0.0193107
0.0213193
0.0225957
0.0253309
0.0267595
0.0267595
0.0280947
0.0302953
0.0310264
0.0310264
0.0315633
0.0313506
0.0301704
0.0301704
0.0292219
0.026636
0.0249888
0.0214566
0.0214566
0.0196313
0.0154356
0.0133061
0.0133061
0.00956136
0.00800241
0.00608377
0.00608377
0.0077236
0.0138349
0.020658
0.0237585
0.0237585
0.0290161
0.03066
0.031908
0.031908
0.0314513
0.0286029
0.0262995
0.0209976
0.0209976
0.0182941
0.013098
0.00950622
0.00950622
0.00812333
0.00596777
0.00516672
0.00402356
0.00402356
0.00332781
0.00314712
0.00310869
0.00310869
0.0030538
0.00286128
0.00259279
0.00256383
0.00256383
0.00268625
0.00276679
0.00297052
0.00297052
0.0031655
0.00327048
0.00336248
0.00330096
0.00330096
0.0031849
0.00294269
)
;
    }
    tip
    {
        type            calculated;
        value           nonuniform List<scalar> 
65
(
0.625549
0.623548
0.622119
0.621286
0.616807
0.611257
0.609985
0.60795
0.607709
0.606771
0.604273
0.597477
0.59621
0.590857
0.584772
0.580353
0.579118
0.573928
0.565769
0.56205
0.557741
0.556997
0.552267
0.544382
0.538911
0.537783
0.532984
0.527558
0.525534
0.52326
0.523021
0.521754
0.521622
0.521826
0.521894
0.522997
0.525252
0.527542
0.530257
0.531072
0.534332
0.536259
0.537763
0.538057
0.539796
0.54012
0.539159
0.536448
0.535888
0.529748
0.520132
0.508747
0.506361
0.494724
0.480648
0.4712
0.461609
0.459819
0.45186
0.445638
0.441188
0.440439
0.437843
0.435987
0.437677
)
;
    }
    procBoundary7to5
    {
        type            processor;
        value           nonuniform List<scalar> 
104
(
2.74712
2.68299
2.6626
2.57309
2.49111
2.49111
2.52252
2.63006
2.66588
2.7027
2.81319
2.84972
2.96539
3.00244
3.1224
3.1611
3.18803
3.18803
3.11384
3.0955
3.02771
2.94803
2.87099
2.85409
2.85409
2.97051
3.08853
3.10442
3.22047
3.23715
3.34938
3.36606
3.47009
3.48587
3.57566
3.5891
3.65714
3.69644
3.70036
3.6959
3.69135
3.63286
3.61717
3.50027
3.33386
3.2991
3.08049
3.03334
2.7667
2.46482
2.40366
2.07904
2.01122
1.68583
1.37054
1.30959
1.02962
0.789799
0.745803
0.5603
0.424224
0.400272
0.3144
0.301466
0.253798
0.225585
0.22153
0.206563
0.197321
0.191354
0.190319
0.186366
0.183403
0.18286
0.180549
0.178588
0.176896
0.176559
0.175094
0.173797
0.172665
0.172445
0.171498
0.170725
0.170158
0.169842
0.169847
0.170277
0.170428
0.171586
0.173653
0.177106
0.182813
0.192347
0.208246
0.234131
0.274609
0.334899
0.415483
0.500777
0.610981
0.656862
0.664048
0.630568
)
;
    }
    procBoundary7to6
    {
        type            processor;
        value           nonuniform List<scalar> 
58
(
0.147245
0.190361
0.261247
0.263585
0.327095
0.384942
0.388627
0.443022
0.447412
0.503039
0.557724
0.563615
0.617358
0.623959
0.679037
0.686433
0.74326
0.748486
0.754365
0.81401
0.823315
0.88583
0.896149
0.961904
0.96989
0.978939
1.0489
1.06187
1.13634
1.14705
1.15909
1.23894
1.25194
1.26605
1.35267
1.37104
1.46439
1.4816
1.49951
1.60142
1.6216
1.64166
1.75074
1.77299
1.79587
1.90768
1.93288
2.04687
2.07361
2.1886
2.21545
2.24119
2.36095
2.3892
2.51146
2.54102
2.66453
2.6959
)
;
    }
    procBoundary7to8
    {
        type            processor;
        value           nonuniform List<scalar> 
84
(
1.41236
1.47846
1.48231
1.54999
1.55387
1.62384
1.69492
1.69946
1.77157
1.77649
1.84973
1.85487
1.92845
1.93375
2.00682
2.01207
2.08438
2.15405
2.15967
2.2265
2.23216
2.29622
2.30164
2.3633
2.42128
2.427
2.48156
2.4869
2.53656
2.5756
2.57978
2.60037
2.60144
2.59223
2.54693
2.5396
2.45494
2.33876
2.32263
2.1768
2.00643
1.98197
1.79154
1.76499
1.56498
1.36515
1.33901
1.14657
0.967512
0.80578
0.785333
0.645796
0.527343
0.513471
0.418306
0.343223
0.286263
0.280276
0.240494
0.212732
0.19367
0.191889
0.179416
0.171132
0.165916
0.162969
0.161896
0.162711
0.162914
0.166309
0.173023
0.184453
0.202143
0.22757
0.262239
0.306942
0.358676
0.409205
0.449043
0.473139
0.486945
0.481021
0.467343
0.43877
)
;
    }
    procBoundary7to9
    {
        type            processor;
        value           nonuniform List<scalar> 
71
(
0.0641321
0.0848848
0.11521
0.115568
0.143831
0.170641
0.171313
0.197375
0.198194
0.224749
0.251404
0.252594
0.279457
0.280797
0.308532
0.310033
0.338852
0.339695
0.340583
0.37089
0.372608
0.404496
0.406398
0.440069
0.441198
0.442365
0.478321
0.480497
0.518793
0.520184
0.521608
0.562839
0.564379
0.565938
0.610566
0.613312
0.661324
0.663421
0.665539
0.717092
0.719484
0.721808
0.77542
0.777989
0.780406
0.834624
0.838056
0.892441
0.896127
0.951148
0.954258
0.95723
1.01368
1.01769
1.07531
1.0796
1.13858
1.14317
1.20366
1.20854
1.27062
1.2751
1.27931
1.34373
1.34373
1.3382
1.33746
1.3986
1.3986
1.39697
1.40144
)
;
    }
}


// ************************************************************************* //
