/*--------------------------------*- C++ -*----------------------------------*\
| =========                 |                                                 |
| \\      /  F ield         | OpenFOAM: The Open Source CFD Toolbox           |
|  \\    /   O peration     | Version:  v2012                                 |
|   \\  /    A nd           | Website:  www.openfoam.com                      |
|    \\/     M anipulation  |                                                 |
\*---------------------------------------------------------------------------*/
FoamFile
{
    version     2.0;
    format      ascii;
    class       volScalarField;
    location    "1e-06";
    object      omega;
}
// * * * * * * * * * * * * * * * * * * * * * * * * * * * * * * * * * * * * * //

dimensions      [0 0 -1 0 0 0 0];


internalField   nonuniform List<scalar> 
10203
(
40017.6
42483.3
43676.5
41353.1
40164.4
40956.5
42685.7
40649.9
38169.8
37997.9
39296.6
38604.8
35810.6
34633.7
36016.4
36778.1
34488.2
32891.8
33746.8
35332.6
33831.2
31969.8
32185.9
33833
33727
31770.7
30776.5
32267.9
33528.9
31568.1
30829.4
30553.6
31974
31215.1
29336.1
28990
30466.1
31169.7
29282.8
28960.7
28693.9
30004.4
28898.9
27103.8
26887.7
28176.1
28567.2
26903.5
25590.6
27081.2
28765.5
27705.7
26450.6
27121.8
29061.1
29589
28374.3
27320
28986.7
30642.2
29458.5
27672.5
27626.6
28832.9
29174.5
27169.2
25748.7
26457.6
27627.4
26620
24879.4
24654.5
30540.5
30049.4
29754
30431.1
30786.5
29522.9
28421.5
29138.5
29899.9
28027.5
26803.2
26967.3
27116.4
26263.5
25240.5
24962.5
25366.2
25262.7
24363.1
23578.2
24158.6
24895.9
23897.1
23256.9
23340.8
23777.9
23504
22736.1
22307.3
22744.3
24203.9
22155.1
21369.9
21655.6
22135.3
21722.7
21016.5
20777.6
21209.2
21466.6
20510.9
19713.1
20116.9
20610.7
19937.4
19219.6
19097.5
19580.1
19634.8
19256
18902.1
19367.3
20220.2
20080.5
19831.8
19806.2
20647.3
20900.7
20522.9
19973
20465.4
20975.6
20338.5
19519.3
19353
19578.9
19547.1
18744.6
18050.6
18409.5
18790.4
18403.3
17886.6
17663.8
17573.2
17728.5
18181.3
17187.3
16714.6
16926.6
17183.1
16236.4
15710.4
15745.8
15677.7
15241.4
14810.8
14718.9
14731.8
14949.4
14249.1
13944.6
14111.6
14348.5
13855.2
13588.3
13606.3
13656.5
13451.3
13077.8
12939.2
12962.2
13723.5
12561.5
12248.3
12324.3
12413.9
12175.6
11895.1
11822.7
11877.7
12350.4
11511.5
11208.8
11313.2
11404.4
11082.5
10832.4
10799
10902.8
11033
10772.7
18805.8
10839.4
11146.6
11083.7
11036.5
11035.8
11295.6
11476.7
11176.8
10950.7
11096.1
11212.9
10880.7
10552.9
10495.6
10504.4
10674.9
10137.3
9912.37
10024.6
10171.8
10069.3
17503.6
17418.9
17342.4
17476.4
16667.2
16948.4
16497.1
16702.2
16620.4
15998.5
15505.8
15544.2
15429.7
14966.6
14618.8
14536.9
14534.3
13782.6
14062.9
13773.3
13935.9
14013.2
13662
13422
13443.8
13468.7
13172.1
12917.4
12789.9
12804.6
12556.3
12405
12109.3
12185.9
12238.3
11999.1
11765.2
11699.8
11746.5
11004.6
11388.1
11098.1
11201.8
11243.1
10952.4
10729.6
10701.1
10796
10479.4
10672.8
10641.4
10746.4
10996.5
10971.3
10944.1
10947.7
11196.5
10946.6
11081.3
10863.1
11007.4
11073.6
10774.6
10469.6
10417.3
10419.3
9876.55
10057.7
9840.52
9953.29
10071.7
9977.26
12212.3
12121.7
12089.4
12098.3
11883.5
11722.4
11469
11546.6
11526.8
11083.9
10814.5
10823.9
10724.9
10444.9
10240.8
10203.5
10149.5
9933.01
9840.92
9671.56
9732.71
9760.52
9494
9339.55
9342.45
9295.3
9090.96
8910.66
8852.86
8798.57
8837.84
8512.27
8352.76
8379.63
8372.46
8211.55
8080.95
8053.36
8038.2
7880.23
7807.66
7654.96
7691.24
7683.9
7503.69
7392.73
7381.73
7400.73
7311.41
7312.64
7274.4
7336.38
7440.01
7382.96
7352.29
7352.97
7423.39
7327.85
7278.51
7147.76
7198.16
7191.64
7000.28
6846.45
6824.03
6797.97
6659.41
6614.94
6532.28
6579.39
6648.22
6620.19
9308.62
9203.1
9184.64
9160.28
9221.85
8873.05
8705.71
8742.44
8777.29
8417.66
8242.8
8244.74
8173.26
7983.63
7831.94
7810.17
7753.99
7778.74
7515.62
7392.49
7419.99
7442.66
7212.06
7090.9
7087.8
7029.01
6886.07
6733.57
6700.11
6638.67
6813.58
6422.6
6317.73
6329.21
6313.88
6196.25
6104.45
6089.52
6064.37
6151.93
5898.12
5800.61
5816.61
5806.96
5677.31
5605.25
5599.45
5597.23
5619.66
5518.37
5484.96
5514.97
5563.79
5489.61
5447.72
5445.35
5453.63
5446.06
5308.94
5216.19
5236.6
5219.81
5083.36
4990.6
4979.29
4956.04
4994.64
4851.5
4815.4
4840.68
4891.97
4881.56
9115.92
9071.43
9058.07
9026.28
8685.17
8747.04
8588.87
8623.05
8522.41
8294.26
8133.84
8136.72
8046
7844.97
7729.1
7710.78
7649.1
7351.86
7415.53
7298.4
7324.25
7278.82
7109.44
7000.12
6998.26
6929.53
6748.58
6647.46
6617.91
6554.37
6407.57
6340.7
6243.29
6255.01
6224.79
6107.7
6036.02
6023.46
5995.9
5749.49
5834.1
5741.97
5757.8
5727.9
5611.96
5551.33
5547.08
5541.77
5400.6
5466.13
5435.63
5465.2
5490.05
5432.22
5398.71
5397.71
5402.03
5239.98
5259.86
5170.29
5190.39
5153.85
5031.38
4947.99
4938.22
4912.87
4731.24
4811.35
4778.27
4803.59
4843.37
4836.31
7369.09
7300.19
7290.53
7254.13
7167.05
7030.44
6914.4
6933.65
6915.31
6688.49
6570.74
6570.96
6506.84
6357.33
6255.71
6242.62
6187.55
6100.3
5989.73
5893.83
5906.56
5886.99
5718.38
5623.84
5619.5
5556.96
5426.78
5326.52
5306.24
5248.7
5260.83
5079.2
5006.21
5011.92
4988.7
4896.92
4837.9
4829.74
4803.54
4757.52
4677.76
4611.46
4619.79
4601.49
4507.63
4460.28
4457.2
4445.38
4409.88
4371.43
4339.29
4354.95
4364.12
4293.83
4252.27
4249.05
4231.71
4167.79
4100.76
4031.98
4041.02
4015.14
3919.51
3862.86
3857.36
3839.02
3810.8
3775.04
3759.32
3775.41
3809.98
3805.32
7219.39
7197.25
7191.36
7149.09
6799.89
6932.45
6823.51
6840.61
6714.76
6592.44
6485.74
6486.51
6405.97
6248.95
6174.92
6164.32
6104.58
5802.07
5910.67
5819.44
5830.77
5754.56
5637.38
5552.26
5548.78
5478.05
5320.14
5258.95
5241.56
5182.43
4991.76
5015.05
4947.81
4953.64
4917.92
4827.67
4784.3
4777.87
4749.71
4495.12
4627.62
4565.48
4573.61
4538.22
4456.32
4417.88
4415.9
4401.49
4251.62
4330.17
4300.31
4315.54
4304.59
4248.72
4213.85
4211.6
4191.24
4022.05
4062.81
3996.56
4005.31
3963.47
3879.69
3830.17
3825.72
3805.76
3634.31
3744.16
3730.64
3746.67
3771.72
3770.21
5999.26
5949.56
5944.87
5908.59
5799.18
5731.54
5646.9
5658.75
5624.6
5467.57
5382.36
5382.49
5327.16
5204.37
5129.07
5120.59
5069.27
4962.26
4898.16
4819.1
4825.16
4789.4
4656.58
4579.47
4575.33
4517.01
4403.82
4332.1
4319.17
4269.27
4233.63
4133.85
4079.97
4083.49
4060.59
3987.22
3946.75
3942.35
3919.08
3854.08
3821.28
3773.91
3779.21
3760.21
3687.66
3653.28
3651.57
3635.97
3584.17
3565.22
3533.58
3542.19
3532.68
3466.77
3427.06
3423.77
3397.31
3321.94
3283.16
3230.65
3235.17
3210.07
3139.76
3103.35
3101.03
3087.83
3047.52
3046.52
3039.98
3051.5
3076.47
3072.43
5111.9
5037.82
5033.37
5004.5
5044.88
4856.42
4786.89
4796.79
4824.38
4645.86
4572.12
4572.12
4535.57
4439.5
4357.77
4350.13
4306.04
4323.29
4151.92
4080.8
4084.59
4079.25
3938.06
3865.99
3861.81
3815.25
3739.64
3655.41
3644.83
3603.43
3678.81
3491.62
3445.74
3448.29
3436.41
3376.64
3335.25
3331.84
3313.37
3367.04
3232.76
3194.38
3198.47
3192.47
3126.27
3092.14
3090.36
3075.04
3092.21
3005.19
2972.5
2977.63
2972.61
2902.44
2860.13
2856.42
2829.69
2822.37
2729.56
2686.75
2689.6
2678.09
2617.34
2587.73
2586.52
2578.37
2618.88
2548.54
2544.58
2553.49
2578.6
2572.11
5003.47
4964.3
4962.55
4930.08
4836.51
4786.8
4722.32
4730.83
4696.22
4576.88
4511.26
4511.64
4464.02
4359.99
4299.23
4293.34
4245.93
4149.01
4094.18
4026.57
4029.42
3989.36
3878.8
3814.11
3810.57
3758.66
3662.03
3606.69
3598.15
3555.81
3514.45
3445.25
3403.63
3406.27
3386.15
3326.02
3296.57
3294.36
3274.58
3219.49
3196.43
3161.07
3165.03
3147.7
3088.42
3061.15
3060.15
3042.94
2991.56
2974.78
2943.87
2948.71
2930.67
2869.31
2832.36
2829.34
2800.77
2731.18
2702.66
2661.77
2664.44
2643.03
2589.12
2564.75
2564.23
2554.99
2520.24
2526.58
2524.12
2532.98
2551.65
2546.41
4372.11
4308.42
4305.86
4280.81
4300.17
4157.22
4101.28
4109.28
4130.35
3983.69
3922.69
3922.87
3891.34
3807.9
3736.61
3730.52
3689.61
3688.62
3550.43
3487.79
3489.86
3480.57
3358.53
3296.13
3292.6
3251.83
3187.46
3116.57
3108.81
3073.57
3120.99
2979.76
2942.25
2944.38
2934.72
2884.44
2850.63
2848.57
2832.98
2864.58
2766.16
2735.66
2739.03
2734.08
2677.02
2647.28
2645.84
2629.74
2637.11
2562.35
2530.78
2533.76
2524.16
2459.26
2420.33
2417.01
2390.97
2380.09
2304.78
2270.47
2272.51
2264.02
2214.86
2192.88
2192.7
2187.13
2216.31
2164.55
2162.2
2169.34
2189.49
2181.45
4280.92
4248.11
4247.92
4219.42
4142.1
4099.96
4048.45
4055.08
4022.78
3926.27
3872.6
3873.03
3831.05
3740.42
3688.11
3683.57
3639.42
3554.38
3502.36
3442.94
3444.07
3403.89
3308.88
3253.3
3250.3
3204.5
3121.74
3076.32
3070.37
3034.14
2994.86
2941.21
2907.52
2909.67
2892.26
2841.57
2818.62
2817.61
2800.67
2755.92
2735.91
2708.07
2711.25
2695.68
2644.84
2621.42
2620.64
2602.7
2556.13
2536.82
2506.93
2509.59
2488.04
2431.23
2397.32
2394.6
2366.89
2307.42
2282.59
2249.99
2251.84
2234.31
2191.25
2174
2174.38
2167.74
2141.07
2146.29
2145.26
2152.29
2166.41
2159.48
3797.4
3738.89
3737.44
3716.59
3733.93
3611.32
3564.54
3571.65
3592.09
3464.82
3411.71
3412.08
3385.34
3312.34
3246.42
3241.24
3203.57
3200.34
3076.73
3020.56
3021.91
3013.32
2904.67
2849.4
2846.51
2811.69
2758.47
2695.11
2689.16
2659.32
2697.53
2579.55
2547.85
2549.87
2543.12
2500.38
2470.84
2469.63
2456.74
2484.43
2400.14
2374.89
2377.93
2374.83
2323.99
2296.47
2295.19
2279.1
2284.63
2214.36
2184.37
2186.02
2175.45
2115.35
2079.45
2076.58
2052.73
2044.83
1978.5
1950.51
1952.3
1947.25
1906.06
1888.62
1889.03
1885.32
1911.94
1866.76
1864.71
1870.62
1887.43
1877.85
3719.32
3688.32
3689.03
3664.86
3607.96
3563.1
3520.35
3526.12
3501.09
3415.86
3369.58
3370.12
3333.61
3253.85
3205.38
3201.64
3160.83
3092.27
3035.86
2982.75
2983.17
2947.48
2862.18
2813.35
2810.93
2771.37
2701.91
2661.21
2656.92
2626.03
2595.64
2546.82
2518.66
2520.66
2506.64
2463.28
2443.84
2443.57
2429.31
2397.12
2374.4
2351.6
2354.4
2341.45
2296.02
2274.5
2273.82
2255.91
2218.33
2192.55
2173.25
2165.49
2144.05
2091.17
2060.09
2057.76
2032.35
1986.04
1959.84
1933.43
1935
1921.72
1885.84
1872.81
1873.71
1868.91
1852.13
1851.26
1850.43
1856.2
1867.34
1858.66
3341.66
3284.68
3283.74
3266.99
3292.18
3175.5
3134.75
3141.58
3164.97
3049.21
3000.71
3001.24
2979.22
2915.34
2851.4
2846.71
2812.38
2815.84
2696.08
2644.98
2646.21
2641.1
2542.06
2491.9
2489.59
2460.58
2418.08
2358.41
2353.58
2328.43
2367.86
2259.9
2232.21
2234.28
2230.72
2194.24
2166.63
2165.89
2155.47
2188.37
2106.53
2084.72
2087.63
2086.91
2040.52
2013.72
2012.51
1996.99
2005.36
1935.13
2164.07
1907.75
1898.43
1842.68
1809.26
1806.82
1785.8
1784.11
1721.61
1698.32
1700.11
1698.56
1662.95
1647.95
1648.67
1646.27
1675.17
1629.8
1627.34
1632.38
1647.03
1636.2
3289.71
3259.85
3260.93
3239.92
3193.63
3150.8
3113.96
3118.99
3098.43
3021.94
2980.52
2980.99
2948.46
2877.28
2831.25
2827.93
2789.98
2730.74
2675.19
2627.13
2627.14
2595.29
2518.25
2474.69
2472.67
2438.22
2379.39
2341.82
2338.53
2311.79
2286.2
2242.78
2218.47
2220.31
2208.87
2171.09
2153.61
2153.69
2141.4
2115.39
2093.39
2073.78
2076.25
2065.34
2023.76
2003.13
2002.42
1984.81
1954.07
1924.07
1905.18
1897.78
1877.67
1828.56
1800.02
1798.01
1775.2
1739.47
1712.29
1690.39
1691.81
1682.03
1651.08
1640.44
1641.53
1637.82
1627.47
1621.94
1620.65
1625.45
1634.4
1624.26
3241.83
3238.88
3241.8
3215.56
3107.27
3129.77
3096.69
3099.44
3033.87
2998.32
2963.73
2963.89
2918.55
2842.81
2814.36
2812.24
2769.96
2655.2
2657.44
2612.35
2610.81
2548.7
2497.55
2460.35
2458.45
2417.37
2343.43
2327.82
2325.97
2297.26
2227.09
2228.05
2206.98
2208.42
2187.38
2150.29
2142.62
2143.45
2128.88
2059.24
2082.12
2064.64
2066.52
2043.23
2008.92
1994.24
1993.96
1973.87
1904.27
1914.68
1889.27
1889.3
1856.03
1816.22
1792.37
1790.7
1765.74
1695.76
1704.44
1683.88
1684.81
1664.93
1640.67
1634.16
1635.58
1630.28
1583.38
1615.23
1615.06
1619.55
1621.59
1613.6
2942.1
2910.52
2911.61
2893.81
2857.7
2814.14
2781.11
2785.91
2771.8
2699.52
2660.71
2661.17
2633.02
2569.62
2523.49
2520.34
2485.51
2435.76
2379.56
2335.52
2335.58
2309.6
2238
2198.08
2196.43
2167.07
2118.47
2081.23
2078.5
2055.46
2037.11
1994.82
1973.11
1974.92
1966.53
1933.48
1916.17
1916.42
1906.01
1886.96
1863.19
1845.61
1847.94
1839.77
1800.84
1780.08
1779.32
1762.53
1738.86
1704.61
1679.01
1679.54
1662.34
1616.41
1589.75
1588.04
1568.08
1542.2
1513.09
1494.51
1495.96
1489.76
1462.05
1452.33
1453.48
1450.57
1445.89
1435.37
1433.26
1437.37
1445.2
1433.91
2885.68
2876.66
2879.6
2857.67
2787.89
2781.29
2751.87
2754.85
2707.41
2664.89
2632.44
2632.77
2593.93
2526.31
2495.56
2493.65
2455.17
2374.22
2351.37
2310.24
2309.06
2259.69
2207.9
2173.99
2172.59
2137.83
2077.05
2058.36
2057.1
2032.58
1986.5
1972.14
1953.66
1955.24
1938.9
1906.18
1897.95
1898.99
1886.74
1844.68
1845.33
1829.95
1831.83
1813.18
1780.15
1765.07
1764.79
1745.84
1696.03
1689.44
1665.43
1665.47
1637.23
1598.94
1576.83
1575.52
1553.79
1504.28
1500.48
1483.31
1484.39
1469.64
1447.47
1441.78
1443.3
1439.03
1411.3
1424.62
1423.66
1427.51
1429.18
1419.46
2645.22
2607.98
2608.71
2594.88
2577.53
2522.71
2491.69
2496.99
2494.48
2420.31
2381.88
2382.51
2360.23
2304.75
2255.29
2252.07
2221.13
2188.51
2123.17
2082.12
2082.81
2066.42
1996.82
1958.74
1957.53
1934
1896.51
1856.36
1853.82
1834.57
1831.17
1781.57
1761.42
1763.44
1759.3
1730.71
1711.66
1711.93
1703.7
1699.15
1665.18
1648.76
1651.22
1647.15
1610.02
1587.97
1587.15
1571.87
1558.17
1516.99
1492.78
1493.43
1480.93
1437.45
1411.78
1410.36
1393.56
1378.82
1345.26
1329.12
1330.81
1328.78
1303.13
1293.1
1294.22
1292.16
1295.71
1277.09
1273.95
1277.63
1285.5
1273.37
2596.38
2579.07
2581.67
2563.9
2520.19
2494.34
2466.86
2470.43
2439.13
2389.84
2357.69
2358.25
2326.24
2266.37
2231.25
2229.32
2194.91
2137.91
2098.74
2060.62
2060.13
2023.57
1970.38
1938.22
1937.29
1908.75
1860.55
1836.76
1835.69
1814.97
1785.54
1761.84
1744.87
1746.67
1735.26
1706.38
1696.01
1697.09
1687.03
1662.4
1649.59
1635.35
1637.36
1623.82
1591.39
1575.01
1574.68
1557.33
1523.47
1503.78
1481.19
1481.35
1459.06
1421.88
1400.75
1399.74
1381.24
1348.39
1334.4
1319.61
1320.94
1311.25
1290.08
1284.05
1285.54
1282.13
1267.75
1267.69
1265.7
1269.13
1271.32
1260.21
2401.34
2358.13
2358.05
2347.75
2351.26
2281.33
2250.93
2256.87
2265.91
2188.67
2149.29
2150.03
2133.35
2085.19
2031.84
2028.3
2001.25
1988.1
1910.59
1871.69
1873.13
1866.11
1798.04
1760.62
1759.73
1741.58
1713.89
1670.38
1667.68
1651.79
1664.84
1605.34
1585.81
1588.05
1587.89
1563.38
1541.72
1541.81
1535.56
1547.52
1500.38
1484.36
1486.99
1486.92
1451.52
1427.59
1426.63
1413.14
1410.38
1361.39
1338.33
1339.25
1331.58
1290.58
1265.19
1263.98
1250.16
1246.32
1207.35
1192.79
1194.74
1196.48
1172.43
1161.23
1162.21
1160.85
1174.14
1145.6
1141.26
1144.65
1153.04
1140.63
2366.77
2342.93
2344.87
2330.11
2296.82
2265.37
2238.82
2242.77
2221.47
2169.66
2137.13
2137.73
2111.24
2058.14
2019.27
2017.14
1986.33
1940.2
1896.98
1861.22
1861.32
1834.07
1781.53
1750.4
1749.72
1726.27
1687.84
1660.15
1659.01
1641.3
1619.95
1593.94
1577.74
1579.65
1572.14
1546.59
1533.73
1534.63
1526.28
1507.63
1491.64
1477.85
1479.92
1470.57
1438.98
1421
1420.56
1404.81
1380.1
1354.1
1332.73
1333.08
1316.03
1280.34
1259.67
1258.83
1243.17
1220.62
1201.41
1188.23
1189.74
1184.15
1163.71
1156.69
1158.02
1155.2
1147.11
1140.35
1137.27
1140.34
1143.29
1131.36
2333.58
2329.95
2333.65
2313.4
2256.15
2251.51
2228.71
2230.06
2183.4
2152.73
2126.99
2127.11
2088.97
2032.55
2008.68
2007.75
1972.38
1903.97
1885.29
1852.6
1850.91
1803.9
1766.8
1741.87
1741.19
1711.25
1662.67
1651.43
1651.71
1631.75
1592.14
1583.94
1570.96
1572.33
1556.08
1530.88
1526.91
1528.53
1517.59
1482.26
1484
1472.36
1473.68
1453.62
1427.5
1415.44
1415.4
1396.94
1353.62
1347.84
1328.1
1327.69
1299.9
1271.13
1255.06
1254.53
1236.6
1197.34
1196.34
1184.46
1185.37
1171.19
1155.81
1152.83
1154.46
1149.87
1125.71
1135.77
1133.9
1136.56
1132.97
1122.83
2175.81
2145.71
2146.61
2134.72
2112.15
2073.6
2046.87
2051.39
2039.68
1985.23
1951.22
1951.84
1930.81
1883.9
1841
1838.39
1811.33
1776.3
1728.2
1694
1694.83
1676.37
1624.53
1593.34
1592.81
1574.2
1543.99
1512.58
1511.01
1496.1
1485.43
1453.83
1437.59
1439.63
1435.93
1413.49
1397.45
1397.99
1391.29
1381.76
1358.88
1344.92
1347.15
1342.01
1311.42
1291.32
1290.67
1276.82
1259.84
1228.98
1208.54
1209.19
1197.37
1163.25
1142.33
1141.57
1128.62
1114.16
1090.96
1078.7
1080.41
1078.61
1058.76
1050.02
1051.12
1048.9
1046.62
1033.54
1029.24
1032.09
1036.21
1024.01
2140.89
2125.83
2128.54
2112.32
2076.84
2053.4
2030.18
2032.69
2001.69
1962.54
1934.69
1935.08
1904.79
1855.15
1824.28
1822.96
1792.18
1744.91
1710.83
1679.6
1679.03
1645.6
1605.01
1579.48
1579.12
1555.4
1518.06
1499.04
1498.92
1482.25
1457.67
1439.54
1426.44
1428.12
1417.45
1394.91
1386.61
1387.93
1379.11
1359.23
1347.55
1335.76
1337.41
1323.57
1296.89
1282.27
1282.11
1265.96
1237.62
1219.49
1200.7
1200.76
1180.31
1151.35
1134.82
1134.44
1119.59
1094.78
1083.25
1072.34
1073.58
1064.75
1048.61
1043.78
1045.22
1041.46
1029.2
1026.66
1023.58
1026.1
1024.66
1013.45
2010.86
1973.37
1972.71
1963.91
1960.55
1905.9
1877.83
1883.23
1884.62
1824
1787.34
1787.93
1772.91
1732.11
1684.32
1680.88
1657.89
1641.62
1580.77
1547.27
1549.04
1541.09
1488.33
1456.05
1455.57
1441.95
1419.98
1383.93
1381.56
1369.5
1375.01
1332.15
1315.14
1317.36
1317.78
1298.37
1278.46
1278.46
1273.59
1279.36
1243.23
1228.58
1231.07
1230.56
1201
1178.24
1177.31
1165.68
1160.09
1120.85
1100.95
1102.05
1095.74
1063.11
1041.3
1040.52
1030.23
1026.08
996.082
984.172
986.18
988.185
968.823
957.827
958.604
957.098
964.65
941.364
935.671
938.432
944.12
932.083
1985.19
1962.21
1963.63
1950.36
1921.2
1893.61
1869.38
1872.74
1850.8
1808.83
1778.61
1779.07
1755.03
1711.12
1675.02
1673.09
1646.35
1606.83
1570.34
1540.04
1540.41
1516.22
1475.32
1448.82
1448.57
1429.89
1400.46
1376.4
1375.66
1361.66
1343.3
1323.22
1309.5
1311.35
1305
1284.97
1272.58
1273.46
1266.36
1250.4
1236.32
1223.96
1225.85
1216.95
1190.61
1173.38
1173.01
1159.06
1137.78
1115.17
1097.05
1097.53
1082.99
1054.72
1037.34
1036.95
1024.77
1007.34
991.505
981.016
982.529
977.919
961.54
954.504
955.663
952.607
944.63
937.164
932.834
935.244
935.79
924.205
1960.74
1952.61
1955.83
1937.08
1897.55
1882.75
1862.38
1862.95
1825.35
1794.92
1771.36
1771.25
1737.07
1690.92
1667.16
1666.5
1635.15
1585.67
1561.27
1534.14
1532.59
1494.98
1463.37
1442.81
1442.52
1417.75
1381.84
1369.92
1370.66
1354.27
1326.71
1315.21
1304.76
1306
1291.97
1272.07
1267.55
1269.15
1259.32
1235.77
1230.2
1220.09
1221.1
1203.25
1180.79
1169.28
1169.33
1152.55
1121.53
1110.24
1093.86
1093.47
1070.27
1046.93
1034.02
1033.93
1019.38
992.984
987.526
978.415
979.248
967.397
954.707
951.667
953.124
948.164
931.971
933.448
930.446
932.359
926.936
916.691
1855.25
1826.14
1825.87
1815.09
1796.39
1760.1
1734.21
1738.33
1725.84
1680.26
1647.38
1647.72
1629.25
1590.09
1549.97
1547.12
1524.2
1495.9
1453.31
1423.35
1424.56
1408.89
1367.7
1339.88
1339.54
1325.28
1301.93
1274.2
1272.5
1260.92
1253.02
1226.35
1211.51
1213.46
1210.85
1193.01
1176.85
1177.06
1171.55
1164.93
1142.9
1129.57
1131.68
1127.23
1101.63
1081.79
1081.07
1069.34
1055.41
1028.13
1010.31
1011.2
1001.92
974.656
956.051
955.524
945.739
935.093
915.051
904.511
906.274
905.288
888.952
879.472
880.248
877.907
875.893
862.021
856.319
858.67
861.133
849.664
1834.29
1816.71
1818.44
1802.8
1772.4
1749.4
1727.35
1729.09
1700.78
1666.77
1640.14
1640.18
1612.82
1572.1
1542.1
1540.72
1513.71
1474.55
1444.28
1417.53
1417.1
1388.97
1356.21
1333.93
1333.73
1314.17
1285.98
1267.81
1267.74
1253.99
1233.4
1218.48
1206.9
1208.37
1199.04
1181.17
1171.88
1172.95
1164.94
1148.1
1136.79
1125.79
1127.17
1114.73
1092.2
1077.7
1077.5
1063.22
1040.72
1023.16
1007.14
1007.29
990.356
967.071
952.74
952.591
940.688
922.513
911.045
901.955
903.121
895.745
882.291
876.674
877.818
873.73
863.566
858.277
853.992
855.91
853.097
842.411
1813.13
1808.7
1812.01
1790.87
1748.72
1740.06
1721.7
1720.37
1679.31
1654.58
1634.18
1633.45
1596.95
1554.37
1535.51
1535.25
1503.58
1453.42
1436.5
1412.82
1410.25
1371.29
1345.81
1329.04
1328.66
1303.29
1269.68
1262.36
1263.69
1247.39
1217.76
1211.52
1203.06
1203.78
1187.46
1169.77
1167.64
1169.38
1158.49
1132.19
1131.42
1122.63
1122.98
1102.66
1083.42
1074.26
1074.42
1057.18
1025.09
1018.87
1004.57
1003.72
979.305
960.144
949.995
950.081
935.694
908.886
907.591
899.857
900.235
886.421
876.146
874.29
875.694
869.566
850.622
854.989
852.038
853.368
844.959
835.61
1728.46
1704.65
1704.45
1691.38
1665.6
1638.77
1614.48
1617.22
1596.26
1560.27
1530.47
1530.42
1508.91
1472.2
1437.99
1435.52
1412.55
1379.67
1347.49
1320.54
1321.11
1300.58
1267.85
1243.68
1243.35
1228.31
1205.14
1183.26
1182.02
1170.66
1156.33
1138.47
1125.31
1126.92
1121.5
1105.34
1091.95
1092.24
1085.94
1073.38
1058.76
1046.49
1048.19
1040.41
1018.4
1001.04
1000.45
988.602
971.001
950.858
934.853
935.491
923.837
901.191
885.202
884.838
875.307
861.787
847.554
838.07
839.535
835.881
822.187
813.875
814.595
811.391
804.434
795.477
789.774
791.716
791.28
780.643
1709.7
1693.61
1695.09
1677.67
1649.08
1626.69
1605.75
1606.18
1576.8
1546.02
1521.48
1521.04
1492.45
1455.23
1428.55
1427.35
1400.67
1364.9
1337.21
1313.15
1312.09
1283.99
1255.85
1236.32
1236.05
1216.49
1190.93
1175.63
1175.84
1162.43
1143.52
1129.69
1119.43
1120.52
1109.64
1093.69
1085.79
1086.86
1078.18
1062.55
1051.65
1041.54
1042.46
1028.44
1008.69
995.9
995.777
981.489
960.245
945.025
930.741
930.608
913.073
893.308
881.054
881.03
869.456
852.424
842.832
834.727
835.571
826.732
815.226
810.318
811.38
806.431
796.027
791.051
786.696
788.175
783.092
773.227
1640.53
1610.2
1607.71
1596.59
1583.34
1544.83
1517.95
1521.44
1511.31
1469.38
1436.58
1436.17
1420.27
1387.3
1349.18
1345.32
1326.04
1306.4
1265.36
1237.88
1239.25
1227.79
1193.02
1167.08
1166.39
1155.4
1137.59
1111.67
1109.03
1099.76
1096.7
1070.74
1055.87
1057.45
1055.67
1040.86
1023.8
1023.12
1018.31
1016.19
992.276
978.557
980.471
977.322
955.541
935.692
934.528
924.961
916.195
889.678
873.432
874.477
867.981
845.599
828.046
827.304
819.854
813.857
793.931
783.791
785.484
785.343
771.326
760.558
760.73
758.339
758.809
742.326
735.139
737.071
738.821
728.347
1625.34
1603.35
1602.73
1587.66
1560.36
1536.77
1513.19
1514.73
1490.38
1459.25
1431.32
1430.82
1407.76
1374
1343.31
1340.94
1318.28
1285.91
1258.55
1233.89
1233.92
1211.98
1184.54
1162.85
1162.4
1147.17
1125.62
1106.94
1105.87
1094.72
1078.79
1064.73
1052.61
1053.85
1046.62
1032.03
1020.06
1020.26
1013.29
999.13
987.424
975.852
977.139
967.437
948.273
932.583
932.013
920.25
902.388
885.74
871.206
871.616
858.907
839.739
825.571
825.264
815.989
802.256
790.731
781.98
783.157
777.787
766.079
758.42
759.02
755.081
746.39
739.252
733.454
735.015
732.421
722.628
1612.85
1597.41
1598.41
1578.82
1550.44
1529.4
1509.29
1508.15
1478.05
1449.75
1427.02
1425.89
1396.39
1362.21
1338.31
1337.18
1310.58
1276.96
1252.45
1230.72
1228.84
1201.19
1176.57
1159.37
1158.85
1139.13
1115.84
1102.79
1103.17
1089.71
1071.39
1059.15
1049.92
1050.48
1038.23
1023.72
1016.81
1017.77
1008.19
992.595
982.963
973.595
973.916
958.804
941.266
929.948
929.81
915.407
895.198
882.208
869.427
868.891
851.188
834.099
823.504
823.487
811.978
795.869
787.859
780.514
780.931
771.04
760.967
756.577
757.492
751.652
740.84
736.44
732.048
733.033
726.163
717.021
1558.91
1532.76
1529.95
1515.82
1495.75
1465.06
1439.38
1441.11
1423.66
1389.22
1359.3
1358.18
1339.28
1308
1275.36
1271.61
1251.85
1228.01
1195.92
1170.95
1171.35
1155.65
1127.42
1104.7
1103.7
1091.48
1073.28
1052.48
1050.01
1040.42
1031.74
1012.79
999.27
1000.25
995.582
981.72
967.234
966.393
960.492
953.01
935.481
922.654
923.94
917.755
898.879
881.534
880.292
870.408
858.261
838.113
823.346
823.944
815.204
796.357
781.087
780.263
772.621
763.695
748.881
739.473
740.699
738.008
726.074
716.551
716.508
713.218
709.293
697.436
690.342
691.768
690.93
681.222
1547.69
1527.31
1526.06
1508.23
1479.88
1458.46
1435.68
1435.41
1408.41
1380.88
1355.1
1353.74
1328.79
1297.56
1270.59
1268.1
1245.14
1213.78
1190.33
1167.86
1166.88
1143.77
1120.5
1101.35
1100.48
1084.45
1064.24
1048.64
1047.57
1036.12
1019.21
1007.8
996.694
997.257
987.922
974.544
964.146
964.107
956.055
940.993
931.358
920.495
921.094
909.455
892.766
878.969
878.245
866.196
848.501
834.778
821.586
821.501
807.688
791.419
779.062
778.611
769.155
755.462
746.165
738.035
738.709
731.597
721.611
714.784
715.119
710.275
700.579
694.794
688.989
690.007
685.267
676.347
1538.39
1522.79
1522.77
1501.15
1472.37
1452.63
1432.78
1429.98
1399.37
1373.28
1351.8
1349.75
1319.87
1288.27
1266.67
1265.18
1238.81
1206.85
1185.49
1165.53
1162.72
1135.83
1114.2
1098.72
1097.68
1078.03
1056.64
1045.37
1045.53
1031.96
1013.84
1003.31
994.654
994.514
981.274
967.869
961.555
962.141
951.701
935.82
927.683
918.759
918.366
902.629
887.009
876.867
876.482
862.036
842.651
831.877
820.242
819.191
801.667
786.791
777.427
777.191
765.693
750.262
743.799
736.921
736.816
726.24
717.377
713.306
713.893
707.272
695.999
692.442
687.902
688.318
680.118
671.677
1499.78
1476.31
1473.13
1455.38
1430.85
1405.21
1380.81
1380.19
1357.39
1328.21
1301.12
1298.96
1277.02
1247.63
1219.64
1215.96
1195.15
1169.2
1143.56
1121.1
1120.05
1101.19
1077.97
1058.27
1056.76
1042.92
1024.95
1008.19
1005.97
995.466
983.099
968.878
956.736
956.811
949.182
936.266
924.079
923.082
915.624
904.614
891.593
879.855
880.161
871.051
854.806
839.956
838.58
827.915
813.795
798.442
785.22
785.006
774.137
758.337
745.274
744.281
735.967
725.249
714.279
705.73
706.185
700.998
690.983
682.845
682.555
678.084
671.203
662.769
656.043
656.714
653.236
644.429
1492.55
1472.44
1470.4
1449.6
1422.37
1400.28
1378.26
1375.73
1347.97
1321.87
1298.08
1295.55
1269.19
1240.14
1216.1
1213.4
1189.84
1161.44
1139.34
1118.96
1116.57
1093.49
1072.78
1055.89
1054.37
1037.52
1018.86
1005.35
1004.24
992.08
976.176
965.066
954.892
954.51
943.388
930.865
921.749
921.383
911.981
898.175
888.352
878.288
877.878
864.857
849.998
838.014
837.028
824.409
808.091
795.832
783.956
783.042
768.613
754.447
743.76
743.036
733.076
720.372
712.156
704.697
704.585
696.167
687.442
681.511
681.509
675.603
666.337
660.678
655.057
655.298
648.729
640.537
1485.39
1469.43
1468.14
1444.49
1414.02
1396.16
1376.27
1371.64
1339.93
1316.25
1295.78
1292.55
1262.43
1232.59
1213.34
1211.27
1185.07
1153.53
1135.89
1117.38
1113.44
1086.99
1068.16
1054.07
1052.31
1032.78
1012.48
1003.07
1002.79
988.946
970.23
961.803
953.464
952.422
938.308
925.577
919.866
919.906
908.575
891.449
885.611
877.036
875.713
859.411
845.498
836.474
835.676
821.121
801.611
793.678
782.999
781.204
763.82
750.903
742.573
741.948
730.337
714.762
710.401
703.901
703.076
691.937
684.187
680.423
680.564
673.197
660.84
658.911
654.266
653.94
644.671
636.862
1462.05
1439.42
1435.79
1414.57
1387.03
1364.11
1340.64
1337.75
1311.45
1285.4
1260.51
1257.35
1232.95
1205.28
1180.66
1177.02
1155.11
1128.36
1107.05
1086.73
1084.26
1063.58
1043.72
1026.41
1024.38
1009.11
991.812
977.703
975.676
964.144
949.464
938.157
927.067
926.252
916.113
903.881
893.32
892.187
883.132
869.859
859.781
849.012
848.332
836.923
822.651
809.87
808.373
796.837
781.878
769.708
757.829
756.786
744.321
730.803
719.571
718.414
709.325
697.804
689.331
681.564
681.249
674.085
665.527
658.58
658.084
652.463
643.83
637.603
631.281
631.214
625.492
617.436
1457.9
1436.69
1433.61
1410.46
1383.29
1360.44
1338.41
1334.18
1306.37
1280.71
1257.98
1254.42
1227.58
1199.98
1177.81
1174.73
1151
1124.59
1103.82
1084.85
1081.38
1059.15
1039.95
1024.45
1022.32
1005.28
987.778
975.448
974.095
961.412
946.408
935.255
925.445
924.222
912.089
899.89
891.327
890.562
880.116
866.711
857.14
847.516
846.226
832.644
818.92
808.15
806.866
793.926
778.508
767.557
756.629
754.994
740.607
727.803
718.237
717.215
706.937
694.889
687.593
680.587
679.791
670.787
662.799
657.393
657.055
650.365
641.212
635.883
630.333
629.886
622.213
614.422
1444.45
1419.55
1414.72
1392.17
1365.68
1340.17
1315.57
1312.07
1287.16
1260.22
1234.79
1231
1207.7
1181.09
1156.27
1152.01
1131
1107.13
1084.99
1064.97
1062.25
1043.57
1024.03
1006.81
1004.33
989.891
973.775
959.277
956.663
945.28
932.46
919.803
908.125
906.848
897.011
884.82
873.328
871.614
862.445
850.938
839.182
827.97
826.963
816.55
802.618
789.537
787.66
776.728
763.69
750.846
739.095
737.856
726.752
713.69
702.344
700.863
692.238
682.269
673.068
665.177
664.616
658.196
649.741
642.295
641.424
635.815
628.552
621.05
614.277
613.899
608.519
600.517
1442.31
1418.17
1413.64
1389.83
1362.28
1337.91
1314.27
1309.87
1282.98
1257.16
1233.18
1229.17
1203.91
1177.57
1154.42
1150.59
1128.3
1103.67
1082.9
1063.84
1060.45
1040.16
1021.64
1005.6
1003.1
987.39
971.138
957.861
955.733
943.572
929.444
917.913
907.096
905.564
894.142
882.118
871.959
870.549
860.363
847.792
837.284
826.931
825.51
813.22
799.945
788.303
786.629
774.655
760.796
749.283
738.267
736.626
723.845
711.556
701.403
700.058
690.569
679.847
671.822
664.509
663.626
655.664
647.808
641.453
640.731
634.35
626.136
619.796
613.614
612.982
606.031
598.337
1438.08
1411.45
1405.77
1380.95
1354.16
1327.03
1301.63
1297.23
1272.5
1245.07
1219.57
1215.19
1192
1166.25
1141.71
1137.08
1116.28
1094.18
1072
1052.53
1049.36
1031.63
1012.66
995.911
993.061
978.73
963.466
949.01
946.092
934.427
922.286
909.015
897.036
895.257
884.975
872.729
860.705
858.566
848.853
838.187
825.445
813.997
812.598
802.489
788.894
775.891
773.745
763.003
751.34
738.187
726.691
725.185
714.757
702.187
691.064
689.35
680.847
671.968
662.408
654.55
653.695
647.471
639.204
631.635
630.487
624.662
618.235
609.986
602.977
602.273
596.775
588.855
1437.46
1411.16
1405.55
1380.1
1351.16
1326.08
1301.24
1296.26
1269.3
1243.44
1218.85
1214.35
1189.7
1164.01
1140.83
1136.46
1114.87
1090.86
1070.96
1052.1
1048.54
1029.27
1011.47
995.422
992.566
977.455
961.803
948.414
945.765
933.665
919.561
908.088
896.602
894.686
883.216
871.065
860
858.083
847.677
834.762
824.322
813.499
811.835
800.047
787.145
775.207
773.23
761.749
748.455
737.259
726.291
724.526
712.613
700.839
690.563
688.963
679.874
669.629
661.692
654.232
653.179
645.674
638
631.192
630.165
623.819
615.683
609.242
602.654
601.795
595.046
587.407
1438.42
1411.31
1405.74
1379.76
1351.52
1325.53
1301.02
1295.55
1268.32
1242.36
1218.48
1213.79
1188.27
1162.65
1140.29
1136.15
1113.83
1090.33
1070.3
1051.92
1047.95
1028.38
1010.71
995.191
992.285
976.644
961.092
948.054
945.622
933.087
919.305
907.438
896.36
894.262
882.061
869.853
859.507
857.748
846.661
833.761
823.43
813.135
811.127
798.34
785.669
774.717
772.837
760.632
747.066
736.539
726.039
723.941
711.188
699.722
690.22
688.671
679.001
668.537
661.14
654.03
652.719
644.439
636.983
630.856
629.897
623.019
614.648
608.633
602.418
601.342
593.693
586.151
1442.57
1414.06
1407.47
1379.75
1349.98
1323.18
1297.3
1291.57
1264.35
1238.03
1213.15
1208.12
1183.48
1158.23
1135.27
1130.54
1109.15
1086.22
1066.46
1047.95
1044.05
1025.44
1008.14
992.396
989.21
974.241
959.021
945.707
942.702
930.372
916.649
904.572
892.603
890.253
878.261
865.751
854.079
851.737
840.764
828.031
816.893
805.7
803.721
792.045
779.392
767.461
765.245
753.961
741.295
730.231
719.405
717.442
706.011
694.67
684.527
682.719
673.788
664.059
656.13
648.64
647.362
639.988
632.456
625.469
624.196
617.71
609.871
603.109
596.264
595.153
588.333
580.722
1445.05
1415.16
1408.29
1380.6
1351.11
1323.51
1297.48
1291.64
1264.34
1237.93
1213.11
1208.02
1183.1
1158.07
1135.17
1130.5
1108.89
1086.45
1066.4
1048
1043.99
1025.46
1008.26
992.498
989.29
974.297
959.371
945.806
942.819
930.386
916.928
904.558
892.595
890.168
877.928
865.408
853.834
851.557
840.227
827.621
816.35
805.414
803.246
791.018
778.54
767.078
764.929
753.24
740.68
729.749
719.188
717.048
705.201
694.071
684.286
682.513
673.288
663.674
655.806
648.488
647.084
639.333
631.941
625.246
624.014
617.243
609.459
602.722
596.075
594.848
587.517
579.996
1456.66
1425.88
1418.47
1387.78
1356.54
1328.04
1301.12
1294.5
1266.46
1239.65
1214.6
1209.05
1184
1159.07
1136.43
1131.43
1109.93
1087.81
1068.23
1050.16
1045.85
1027.53
1010.74
995.457
991.97
976.833
961.971
948.836
945.624
932.84
919.091
906.571
894.217
891.385
878.484
865.448
853.229
850.526
838.715
825.862
814.051
802.517
800.185
788.314
775.84
764.027
761.622
750.351
738.261
727.281
716.645
714.454
703.255
692.322
682.444
680.471
671.543
662.285
654.379
646.932
645.405
637.94
630.549
623.537
622.061
615.312
607.691
600.653
593.645
592.277
585.195
577.611
1460.49
1428.08
1420.07
1389.97
1358.26
1329.45
1301.95
1295.53
1267.45
1240.7
1215.21
1209.67
1184.82
1160.02
1137.05
1131.95
1110.66
1088.54
1069.02
1050.72
1046.52
1028.48
1011.84
996.103
992.594
977.885
963.202
949.579
946.163
933.599
919.856
907.359
894.649
891.825
879.073
865.99
853.453
850.712
838.822
825.77
814.042
802.53
800.121
787.996
775.668
763.972
761.589
750.177
738.039
727.221
716.67
714.416
703.08
692.313
682.481
680.509
671.527
662.272
654.43
646.988
645.437
637.888
630.591
623.562
622.089
615.269
607.561
600.615
593.643
592.235
584.952
577.445
1479.17
1446.14
1437.97
1403.8
1369.98
1340.16
1312.16
1304.53
1274.95
1247.82
1222.69
1216.64
1190.75
1166
1143.83
1138.68
1116.79
1094.84
1075.87
1058.31
1053.51
1034.99
1018.87
1004.19
1000.43
984.864
970.172
957.454
954.156
940.758
926.399
913.836
901.173
897.829
883.646
869.976
857.251
854.209
841.24
827.672
815.444
803.568
800.84
788.437
776.113
764.518
761.969
750.553
738.711
728.054
717.663
715.218
703.974
693.483
683.984
681.884
672.832
663.76
656.131
648.795
646.998
639.208
631.993
625.069
623.425
616.304
608.571
601.533
594.432
592.799
585.277
577.738
1484.6
1449.43
1440.3
1407.29
1372.83
1342.58
1313.61
1306.43
1277.23
1249.93
1223.92
1217.9
1192.77
1168.01
1145.14
1139.68
1118.44
1096.39
1077.44
1059.33
1054.85
1037.08
1020.88
1005.35
1001.55
986.897
972.331
958.819
955.075
942.217
928.034
915.395
902.031
898.761
885.213
871.376
857.94
854.734
841.969
828.08
815.956
803.861
801.152
788.835
776.555
764.776
762.191
750.88
738.936
728.401
717.911
715.502
704.46
694.025
684.288
682.143
673.274
664.197
656.549
649.046
647.314
639.789
632.557
625.336
623.646
616.659
608.819
601.833
594.604
592.994
585.596
578.077
1359.07
1329.83
1321.08
1289.31
1261.99
1236.79
1230.23
1203.17
1178.46
1156.91
1151.68
1129.21
1106.92
1088.89
1071.88
1066.55
1047.42
1032.13
1018.15
1014.15
997.963
983.254
971.192
967.899
953.791
938.37
926.1
913.177
909.299
893.52
879.105
865.826
862.459
848.046
833.202
820.713
808.422
805.265
792.021
779.808
768.476
765.811
754.14
742.248
732.146
722.036
719.325
707.827
697.821
688.779
686.584
677.331
668.188
661.067
653.889
651.812
643.517
636.509
629.742
627.956
620.376
612.228
605.413
598.25
596.347
588.246
580.758
1362.5
1331.87
1323.83
1293.3
1265.14
1238.6
1232.08
1206.46
1181.59
1158.86
1153.12
1131.73
1109.79
1091.23
1073.32
1068.51
1050.92
1035.04
1019.81
1015.72
1001
986.539
973.167
969.169
955.929
941.422
928.432
914.458
910.707
896.161
881.411
866.982
863.304
849.382
834.458
821.728
808.981
805.921
793.193
780.837
769.022
766.259
754.932
743.149
732.877
722.492
719.903
709.04
698.892
689.338
687.043
678.209
669.297
661.842
654.326
652.393
644.792
637.585
630.244
628.353
621.11
613.101
606.039
598.586
596.76
589.14
581.58
1384.55
1353.82
1343.86
1309.33
1281.79
1256.43
1249.38
1220.9
1196.06
1175.21
1169.96
1146.8
1123.86
1106.96
1090.48
1084.61
1064.61
1050.24
1037.01
1032.8
1015.9
1001.04
989.812
986.586
971.73
954.972
943.226
930.083
925.647
908.052
892.722
878.85
875.147
859.003
842.39
829.651
816.809
813.181
798.827
786.639
775.559
772.795
760.788
748.641
739.245
729.443
726.468
714.589
705.095
696.556
694.291
684.806
675.413
668.968
661.984
659.622
650.708
643.921
637.344
635.432
627.323
618.529
612.063
604.835
602.658
593.874
586.425
1388.58
1355.99
1347.03
1315.05
1285.64
1258.39
1251.38
1225.21
1200.18
1177.42
1171.41
1149.88
1128.26
1109.69
1091.94
1086.81
1069.49
1053.78
1038.76
1034.41
1019.69
1005.4
992.061
987.807
974.238
959.689
946.06
931.432
927.225
911.646
895.83
880.214
876.038
860.754
844.758
830.99
817.457
814.021
800.722
788.14
776.234
773.297
761.896
750.34
740.206
729.937
727.178
716.488
706.582
697.217
694.786
685.985
677.326
669.964
662.455
660.324
652.65
645.428
637.962
635.876
628.332
620.204
612.916
605.222
603.181
595.295
587.659
1392.98
1357.93
1350.65
1321.4
1290.2
1260.35
1253.84
1229.74
1205.53
1179.73
1173.27
1153.32
1134.45
1112.68
1093.37
1089.4
1074.64
1057.93
1040.53
1036.38
1023.7
1011.07
994.375
989.31
977.086
965.434
949.195
932.761
929.1
915.463
899.805
881.65
877.186
862.799
848.669
832.482
818.084
815.029
802.814
790.036
776.954
773.954
763.203
753.018
741.259
730.447
728.058
718.535
708.385
697.904
695.42
687.353
680.204
671.017
662.933
661.183
654.72
647.228
638.577
636.416
629.5
622.85
613.811
605.602
603.808
596.843
589.193
1421.52
1386.46
1376.52
1342.76
1311.81
1283.59
1276.04
1249.14
1223.82
1200.94
1194.67
1172.95
1151.69
1133.01
1115.37
1109.93
1092.83
1077.25
1062.43
1057.84
1043.11
1029.03
1015.71
1011.21
997.355
982.831
968.551
953.283
948.622
931.985
914.983
898
893.28
876.388
859.095
843.928
829.35
825.487
811.43
798.454
786.362
783.241
771.699
760.349
750.318
740.181
737.257
726.732
717.052
707.886
705.335
696.572
688.199
680.916
673.435
671.113
663.359
656.095
648.479
646.197
638.312
630.049
622.427
614.444
612.179
603.982
596.231
1427.43
1389.35
1381.45
1350.36
1317.69
1286.35
1279.39
1254.82
1230.34
1204.09
1197.23
1177.43
1158.73
1136.97
1117.43
1113.4
1098.98
1082.53
1064.94
1060.55
1048.22
1035.81
1018.88
1013.38
1001.17
989.436
972.756
955.275
951.273
936.927
920.137
900.12
894.974
879.264
863.793
846.079
830.341
826.985
814.212
801.021
787.42
784.202
773.512
763.545
751.8
740.942
738.514
729.363
719.455
708.892
706.256
698.453
691.631
682.408
674.166
672.346
666.043
658.515
649.409
647.012
639.962
633.209
623.723
615.04
613.107
606.056
598.301
589.2
586.863
1462.18
1424.16
1413.05
1376.83
1343.96
1314.44
1306.28
1278.33
1252.46
1229.37
1222.85
1200.91
1179.87
1161.14
1143.62
1137.88
1120.93
1105.49
1090.89
1086.07
1071.34
1057.45
1044.23
1039.54
1025.43
1010.86
996.107
980.273
975.125
957.419
939.151
920.678
915.345
896.593
877.578
860.761
844.861
840.489
825.381
811.798
799.362
796.035
784.238
772.982
763.071
753.088
750.016
739.667
730.219
721.27
718.605
709.911
701.814
694.667
687.243
684.737
676.916
669.607
661.837
659.35
651.088
642.582
634.595
626.253
623.747
615.164
607.231
599.343
597.036
1469.48
1427.67
1419.11
1385.88
1351.12
1317.78
1310.35
1285.1
1260.09
1233.13
1225.87
1206.22
1187.79
1165.88
1146.05
1142.02
1128.02
1111.72
1093.85
1089.27
1077.36
1065.28
1048.04
1042.09
1030.01
1018.42
1001.21
982.687
978.38
963.432
945.468
923.36
917.468
900.262
883.247
863.533
846.119
842.42
828.878
815.024
800.695
797.234
786.51
776.725
764.913
754.015
751.574
742.847
733.164
722.511
719.735
712.241
705.828
696.528
688.138
686.276
680.195
672.611
663.007
660.367
653.174
646.322
636.244
626.997
624.925
617.749
609.809
600.304
597.783
590.631
584.312
577.052
1511.02
1469.32
1456.92
1417.71
1382.37
1351.01
1342.13
1312.82
1286.03
1262.43
1255.59
1233.35
1212.42
1193.72
1176.24
1170.26
1153.49
1138.17
1123.71
1118.67
1104.06
1090.38
1077.27
1072.36
1058.15
1043.61
1028.51
1012.14
1006.55
987.949
968.418
948.325
942.316
921.584
900.479
881.755
864.172
859.217
842.761
828.28
815.229
811.638
799.451
788.1
778.272
768.407
765.217
755.118
745.912
737.158
734.39
725.838
718.033
711.056
703.703
701.044
693.243
685.892
677.928
675.228
666.603
657.773
649.363
640.561
637.806
628.799
620.589
612.516
610.064
602.014
594.198
588.706
1519.82
1473.49
1464.22
1428.56
1390.95
1354.97
1346.99
1320.84
1295.02
1266.82
1259.11
1239.53
1221.53
1199.23
1179.02
1175.07
1161.69
1145.39
1127.12
1122.38
1111.04
1099.42
1081.7
1075.29
1063.5
1052.42
1034.53
1014.98
1010.44
995.137
976.053
951.613
944.912
926.141
907.52
885.25
865.731
861.655
847.141
832.284
816.864
813.102
802.215
792.577
780.476
769.489
767.078
758.883
749.414
738.633
735.73
728.624
722.769
713.289
704.76
702.899
697.171
689.518
679.345
676.457
669.151
662.284
651.386
641.457
639.252
631.939
623.717
613.683
610.961
603.875
597.939
590.613
1522.01
1508.3
1465.59
1427.22
1393.44
1383.8
1352.87
1324.74
1300.18
1292.9
1270.25
1249.1
1230.52
1213.01
1206.88
1190.32
1175.12
1160.7
1155.47
1141.14
1127.66
1114.63
1109.47
1095.36
1080.91
1065.66
1048.8
1042.86
1023.63
1002.94
981.167
974.431
951.74
928.234
907.499
887.818
882.197
864.054
848.264
834.203
830.256
817.48
805.765
795.89
786.019
782.743
772.964
764.029
755.437
752.568
744.257
736.748
729.994
722.723
719.959
712.308
704.946
696.746
693.821
684.894
675.659
666.791
657.406
654.4
644.946
636.37
627.996
625.359
617.163
609.324
604.078
1362.23
1335.29
1305.15
1296.86
1277.27
1259.85
1236.69
1216.01
1212.3
1199.85
1183.32
1164.47
1159.62
1149.05
1138.13
1119.61
1112.71
1101.44
1091.37
1072.57
1051.98
1047.31
1032.09
1012.04
985.012
977.472
957.23
937.261
911.792
889.655
885.187
869.528
853.172
836.124
831.98
820.761
811.248
798.434
787.21
784.877
777.366
768.09
757.1
754.086
747.476
742.41
732.567
723.899
722.111
716.958
709.224
698.383
695.247
687.91
681.221
669.181
658.428
656.112
648.706
640.121
629.353
626.396
619.363
613.934
606.294
1398.74
1368.91
1343.14
1335.38
1312.02
1290.09
1271.74
1254.17
1247.96
1231.47
1216.49
1202.12
1196.72
1182.68
1169.32
1156.52
1151.14
1137.23
1122.7
1107.78
1090.6
1084.37
1064.71
1043.08
1019.81
1012.35
987.784
961.695
938.922
916.699
910.287
889.905
872.321
856.798
852.414
838.718
826.252
816.198
806.153
802.774
793.235
784.631
776.212
773.247
765.239
757.956
751.579
744.436
741.609
734.187
726.907
718.511
715.362
706.191
696.409
687.151
677.084
673.817
663.862
654.877
646.095
643.23
634.799
626.664
621.699
1437.42
1406.75
1383.79
1377.34
1349.16
1324.29
1309.09
1294.49
1286.1
1264.77
1252.47
1241.94
1236.6
1218.04
1204.18
1195.61
1192.56
1175.49
1156.74
1145.65
1131.96
1124.67
1099.5
1078.19
1058
1051.49
1021.94
991.608
969.553
947.242
938.978
912.581
894.345
879.803
875.558
858.618
843.956
835.552
826.724
822.396
810.013
802.792
796.728
794.181
784.402
775.77
772.031
766.694
762.975
752.538
746.544
740.482
737.722
726.354
714.311
706.933
697.803
693.687
680.423
671.649
664.565
662.119
651.89
641.56
638.438
1449.23
1417.54
1390.2
1381.82
1357.77
1334.85
1316.41
1298.51
1292.4
1276.07
1261.38
1246.8
1241.3
1227.76
1214.55
1201.79
1196.12
1182.69
1168.16
1153.75
1136.26
1129.92
1110.33
1088.06
1063.37
1055.13
1029.23
1000.94
975.492
950.141
942.944
920.06
900.169
882.633
877.706
862.91
849.43
838.894
828.41
824.961
815.607
807.327
798.982
795.927
788.369
781.367
775.368
768.335
765.549
758.557
751.457
742.803
739.43
730.216
719.961
710.201
699.323
695.842
685.51
676.026
666.527
663.385
654.679
646.288
641.306
1491.37
1458.88
1433.55
1426.47
1397.6
1372.99
1356.02
1341.01
1332.6
1312.66
1299.66
1288.74
1283.24
1265.55
1252.39
1243.02
1239.69
1223.13
1206.12
1194.06
1180.26
1172.84
1148.53
1126.79
1105.11
1098.03
1067.24
1035.91
1009.91
984.462
975.211
946.333
925.218
908.348
903.506
885.104
869.871
860.133
850.795
846.259
834.282
827.002
820.976
818.351
808.988
801.358
797.358
792.296
788.549
778.981
773.01
766.808
763.875
752.435
740.721
732.157
722.376
717.949
704.344
694.812
686.842
684.131
673.389
663.369
659.478
1503.45
1469.95
1440.61
1431.59
1406.93
1383.2
1364
1345.39
1339.57
1323.55
1309.09
1294.06
1288.51
1275.65
1262.71
1249.76
1243.68
1230.99
1216.87
1202.81
1184.98
1178.75
1159.74
1137.27
1111.19
1102.3
1075.6
1045.48
1016.77
987.855
979.96
954.351
931.788
911.661
906.089
890.03
875.407
863.949
852.713
849.246
839.997
831.932
823.509
820.367
813.401
806.848
801.089
794.132
791.513
785.178
778.407
769.457
765.88
756.87
746.407
735.938
724.144
720.527
709.877
699.669
689.094
685.624
676.608
668.024
662.715
1548.33
1513.96
1486.04
1478.28
1449.02
1424.63
1405.52
1389.7
1381.44
1363.04
1349.18
1337.61
1332.01
1315.5
1302.99
1292.58
1288.87
1273.11
1258.08
1244.96
1231.02
1223.68
1200.96
1179.05
1155.98
1148.35
1117.03
1084.96
1054.65
1025.79
1015.64
984.366
959.884
940.172
934.615
914.626
898.608
887.134
876.993
872.277
860.708
853.1
846.936
844.216
835.431
828.879
824.509
819.685
816.016
807.654
801.742
795.385
792.29
781.092
769.96
760.056
749.481
744.788
730.93
720.247
711.019
707.977
696.725
687.039
682.126
1560.17
1525.14
1493.51
1483.88
1458.73
1434.57
1413.95
1394.26
1388.85
1373.35
1358.9
1343.18
1337.68
1325.64
1313.17
1299.64
1293.16
1281.36
1268.18
1254.12
1235.96
1230.05
1212.13
1189.93
1162.56
1153.13
1126.15
1094.69
1062.33
1029.58
1021.11
992.771
967.228
943.922
937.625
920.13
904.358
891.392
879.088
875.66
866.467
858.409
849.684
846.466
840.194
834.35
828.567
821.653
819.32
813.885
807.578
798.303
794.563
786.025
775.79
764.311
751.445
747.77
736.726
725.529
713.506
709.671
700.305
691.653
685.659
1605.89
1569.8
1539.44
1531.04
1501.8
1477.53
1456.18
1439.18
1431.27
1414.17
1399.36
1386.96
1381.37
1366.23
1354.18
1342.66
1338.52
1323.84
1310.77
1296.69
1282.61
1275.61
1255.03
1233.28
1209.15
1201.05
1169.97
1137.43
1103.08
1070.74
1059.84
1026.29
998.122
975.145
968.753
947.079
929.882
916.404
905.126
900.281
889.001
880.828
874.304
871.465
863.381
857.797
853.067
848.407
844.948
837.999
832.242
825.765
822.533
811.941
801.526
790.309
778.733
773.841
759.655
747.524
736.757
733.311
721.533
712.004
705.933
1617.23
1581.09
1547
1536.91
1511.55
1487.56
1464.84
1443.75
1438.89
1424.1
1409.22
1392.53
1387.22
1376.12
1364.39
1349.78
1342.98
1332.16
1320.54
1305.98
1287.58
1282.21
1265.99
1244.61
1216.01
1206.21
1179.58
1147.85
1111.49
1074.83
1066.02
1035.31
1006.46
979.316
972.231
953.166
936.364
921.109
907.374
904.053
894.982
886.621
877.23
873.942
868.428
863.624
857.392
850.465
848.544
844.344
838.555
828.889
825.056
817.294
807.899
794.998
780.854
777.2
765.74
753.352
739.446
735.212
725.426
716.894
709.706
1660.74
1623.3
1591.18
1582.31
1553.52
1529.12
1505.99
1487.59
1480.21
1463.69
1447.95
1434.59
1429.15
1415.3
1403.33
1390.97
1386.45
1373
1361.5
1346.87
1332.78
1326.4
1308.27
1287.15
1262.69
1254.3
1224.33
1191.72
1154.25
1118.64
1107.24
1071.52
1039.63
1013.11
1005.8
982.325
963.267
947.774
934.988
930.079
918.755
909.879
902.747
899.762
892.399
887.408
882.521
877.921
874.808
869.261
863.839
857.34
854.026
844.402
834.621
822.44
809.707
804.703
790.088
776.367
763.83
759.904
747.52
737.658
730.443
1671.42
1634.77
1598.32
1588.1
1562.9
1539.78
1514.49
1491.87
1487.68
1473.76
1457.74
1439.79
1434.83
1424.69
1413.84
1397.67
1390.78
1380.9
1371.35
1355.85
1337.41
1332.81
1319.02
1299.03
1269.43
1259.59
1234.11
1203.76
1163.2
1122.84
1113.97
1081.75
1049.34
1017.59
1009.69
989.025
971.478
952.885
937.304
934.179
925.419
916.304
905.751
902.405
897.672
894.285
886.999
879.975
878.58
876.052
870.703
860.544
856.716
850.059
842.305
827.45
811.901
808.365
796.777
782.997
766.652
761.984
751.666
743.488
734.373
1709.42
1671.39
1638.67
1629.75
1601.58
1576.43
1552.87
1533.25
1526.49
1509.43
1493
1478.64
1473.48
1460.24
1447.82
1435.21
1430.53
1418.09
1407.04
1392.93
1379.16
1373.64
1357.78
1338.03
1314.44
1306.15
1278.12
1245.44
1206.89
1168.7
1157.11
1119.24
1084.07
1053.99
1045.77
1020.27
998.299
981.225
966.568
961.62
949.627
939.997
932.025
928.885
922.069
916.919
912.379
907.737
905.072
900.627
895.813
889.494
886.191
877.795
868.13
855.993
842.193
837.203
822.062
806.759
792.275
787.804
774.585
763.31
755.36
1739.28
1702.44
1672.46
1665.18
1634.63
1607.66
1586.8
1569.1
1560.92
1540.09
1524.89
1512.41
1507.47
1490.75
1477.63
1467.45
1464.75
1450.04
1435.72
1425.08
1414.48
1408.9
1390.63
1373.26
1354.5
1348.34
1318.42
1283.63
1248.89
1212.81
1199.67
1155.92
1120.2
1090.88
1083.02
1052.23
1026.95
1010.25
996.099
989.636
973.521
964.244
957.868
955.231
945.902
939.36
937.013
934.349
930.8
923.759
920.604
917.309
914.944
904.836
893.709
884.399
872.438
866.455
847.289
831.669
818.15
814.182
797.662
783.22
776.005
1747.56
1710.42
1677.97
1669.34
1642.29
1616.74
1593.58
1573.08
1567.12
1549.42
1532.54
1516.88
1511.99
1498.81
1485.73
1472.75
1467.98
1456.29
1444.54
1431.77
1418.33
1413.79
1400.04
1382.39
1360.42
1352.61
1327.35
1295.31
1257.44
1217.66
1206.43
1167.33
1129.76
1096.2
1087.18
1059.89
1035.18
1015.91
998.953
994.058
981.007
970.449
961.168
957.861
951.358
945.917
941.459
936.547
934.444
930.882
926.825
920.666
917.493
910.616
901.389
889.668
875.082
870.341
854.998
838.316
821.474
816.378
802.141
789.141
779.981
1768.13
1733.33
1702.96
1695.68
1668.06
1643.49
1620.87
1602.31
1595.3
1576.69
1559.62
1545.14
1540.25
1524.84
1511.57
1499.1
1495.75
1482.24
1469.92
1457.51
1446.34
1441.73
1427.34
1411.79
1393.33
1387.43
1361.73
1331.61
1295.15
1258.36
1245.95
1204.24
1165.76
1132.84
1124.12
1092.47
1066.28
1045.33
1028.66
1022.12
1006.16
994.668
986.257
983.271
974.344
968.756
964.545
961.303
958.292
953.421
950.091
946.446
944.158
936.129
927.766
917.113
904.821
899.165
881.395
864.058
847.72
843.006
825.377
810.621
800.088
1772.22
1737.82
1706.76
1698.92
1673.36
1648.99
1626.05
1605.44
1600.32
1582.91
1565.65
1548.9
1544.26
1530.89
1517.39
1503.44
1498.62
1487.18
1475.4
1462.63
1449.36
1445.69
1433.65
1418.3
1398.08
1391.14
1368.83
1339.61
1302.68
1262.79
1252.42
1213.7
1174.85
1138.21
1128.63
1100.07
1073.88
1051.22
1031.57
1026.83
1012.78
1000.78
989.56
986.06
979.485
974.164
968.77
963.371
961.838
959.126
955.661
949.589
946.695
941.472
933.957
922.274
907.453
903.243
888.447
870.79
851.223
845.497
830.046
815.82
804.084
1780.51
1749.51
1721.07
1714.4
1689.84
1667.56
1644.85
1626.4
1620.61
1603.72
1586.01
1570.56
1565.99
1551.41
1537.61
1523.54
1519.79
1506.8
1495.18
1481.24
1469.37
1465.58
1453.44
1439.23
1421.69
1416.36
1394.64
1368.97
1333.2
1297.35
1286.23
1247.17
1207.69
1172.75
1163.53
1131.77
1104.3
1080.15
1060.9
1054.42
1037.76
1024.07
1013.52
1010.14
1001.06
995.203
989.601
985.535
983.079
979.41
976.007
972.296
970.202
964.269
958.167
947.51
935.522
930.536
914.481
896.086
877.417
871.978
853.239
837.045
823.48
1780.22
1750.29
1722.66
1716.21
1692.45
1670.01
1648
1628.25
1623.91
1607.44
1590.22
1573.15
1568.97
1555.61
1541.86
1526.64
1522.05
1510.27
1498.47
1484.64
1471.25
1468.2
1457
1443.09
1424.66
1418.97
1399.32
1374.01
1339.02
1300.77
1291.69
1255.28
1216.42
1177.64
1167.98
1139.07
1112.8
1086.06
1063.66
1059.17
1044.61
1030.51
1016.65
1012.94
1005.89
1000.71
993.444
987.316
986.276
984.424
981.102
974.981
972.496
968.919
963.986
952.247
937.897
934.466
921.375
903.326
880.9
874.648
858.015
843.045
827.496
1775.43
1749.97
1725.65
1720.27
1698.71
1678.42
1657.36
1639.93
1635.18
1619.19
1601.99
1586.61
1582.65
1568.35
1553.93
1538.87
1535.24
1521.86
1509.94
1494.14
1481.3
1478.09
1466.38
1452.65
1436.59
1432.34
1414.05
1392.23
1359.98
1327
1317.46
1281.37
1243.11
1208.18
1199.05
1167.94
1138.89
1113.58
1092.12
1085.79
1067.65
1052.15
1039.46
1035.68
1025.76
1018.01
1011.78
1006.65
1004.63
1000.97
997.606
994.05
992.243
988.04
983.002
974.211
963.223
959.14
944.896
926.622
906.575
900.596
880.943
861.915
846.342
1759.23
1739.38
1718.99
1714.62
1696.32
1677.25
1658.62
1642.16
1638.17
1622.16
1606.02
1590.89
1587.39
1572.57
1557.23
1541.55
1538.04
1523.53
1508.69
1492.62
1477.96
1475.37
1463.06
1449.63
1434.99
1431.88
1416.64
1396.8
1370.48
1341.85
1333.6
1299.29
1264.19
1232.17
1224.28
1192.45
1163.42
1138.57
1117.8
1110.42
1089.52
1073.33
1060.56
1056.87
1044.05
1034.57
1027.94
1022.88
1020.21
1014.73
1011.53
1009.15
1008
1003.43
998.653
992.48
984.244
980.181
965.518
948.682
930.207
924.954
902.853
881.695
864.712
1754.08
1735.79
1717.13
1713.36
1695.02
1676.55
1658.24
1642.23
1638.19
1622.48
1606.19
1591.05
1587.64
1572.85
1557.23
1541.14
1537.9
1522.84
1507.84
1490.68
1476.68
1473.77
1460.84
1447.1
1433.48
1430.89
1415.84
1397.45
1371.57
1343.42
1335.7
1303.64
1268.79
1235.66
1227.26
1198.01
1169.53
1143.57
1120.65
1114.71
1095.58
1078.67
1063.63
1059.47
1048.4
1038.79
1031.02
1024.38
1022.65
1018.34
1014.72
1011.01
1009.5
1006.57
1002.57
995.79
986.208
983.14
971.083
954.197
933.607
927.394
907.521
886.905
868.649
1726.9
1715.68
1701.52
1698.56
1684.52
1668.68
1652.09
1636.96
1633.55
1618.55
1602.46
1586.88
1583.53
1568.23
1551.28
1533.03
1529.07
1512.23
1494.19
1474.27
1456.64
1454.42
1440.91
1427.55
1414.6
1412.99
1402.35
1389.19
1368.04
1344.93
1339.03
1311.58
1280.37
1250.76
1243.65
1215.89
1189.78
1164.05
1142.7
1135.98
1116.07
1098.06
1083.03
1078.86
1065.41
1054.59
1045.22
1038.2
1035.65
1029.88
1025.49
1022.25
1021.16
1017.89
1015.12
1009.39
1002.37
999.392
988.308
972.893
954.316
948.916
927.826
906.809
886.549
1717.64
1708
1697.57
1695.88
1680.86
1664.96
1649.83
1635.85
1631.99
1616.15
1600.35
1585.6
1582.45
1565.82
1547.76
1530.31
1527.69
1508.57
1487.55
1467.82
1452.75
1449.49
1432.26
1418.02
1409.43
1409.35
1396.69
1382.41
1365.17
1344.46
1338.46
1311.28
1281.6
1252.52
1245.52
1219.16
1193.53
1167.95
1144.92
1139.69
1121.05
1103.12
1085.83
1081.45
1069.39
1058.69
1048.08
1039.46
1037.81
1032.6
1027.94
1023.59
1022.32
1019.99
1017.37
1011.72
1003.75
1001.63
992.135
977.399
957.207
951.243
932.067
911.875
890.556
1680.25
1679.45
1672.5
1671.67
1662.55
1651.76
1636.96
1623.82
1620.75
1606.79
1590.36
1574.27
1570.97
1554.01
1534.63
1512.71
1508.47
1486.86
1464.32
1437.08
1415.2
1412.33
1395.34
1381.25
1370.52
1371.16
1364.57
1360.43
1345.2
1330.23
1326.67
1306.64
1281.17
1256.42
1250.86
1227.62
1205.23
1181.45
1161.36
1155.67
1136.98
1118.77
1102.68
1098.37
1084.41
1071.79
1060.51
1051.4
1048.78
1041.46
1035.55
1031.29
1030.24
1027.2
1025.09
1020.2
1014.48
1012.45
1003.98
990.704
973.631
968.603
949.329
928.582
907.289
1629.01
1637.56
1637.2
1637.45
1635.61
1628.13
1616.69
1604.1
1602.78
1589.82
1573.62
1555.73
1552.51
1534.92
1512.48
1486.08
1479.66
1455.11
1425.89
1392.43
1361.03
1358.78
1340.13
1323.68
1312.09
1312.63
1314.5
1314.66
1308.94
1299.55
1300.11
1287.76
1268.76
1248.64
1244.69
1226.19
1206.56
1186.82
1169.35
1164.59
1146.86
1130.09
1114.79
1110.95
1095.98
1082.48
1070.3
1060.19
1057.06
1047.74
1040.45
1035.13
1034.1
1030.23
1027.33
1023.47
1018.87
1017.41
1010
998.896
984.29
980.357
962.077
941.826
921.602
1614
1625.44
1629.12
1631.19
1627.82
1621.52
1611.2
1601.13
1598.28
1584.88
1568.59
1552.24
1548.97
1529.31
1505.99
1479.86
1475.7
1446.98
1415.32
1380.03
1352.39
1347.76
1323.38
1306.15
1299.44
1303.08
1300
1301.58
1298.7
1294.92
1293.56
1281.39
1264.01
1246.57
1243.11
1224.68
1206.14
1187.08
1170.05
1165.61
1149.01
1132.26
1116.37
1112.42
1098.46
1084.93
1072.05
1061.06
1058.38
1049.19
1041.25
1035.38
1034.33
1030.44
1027.5
1023.47
1019.04
1017.71
1011.07
1000.26
985.581
981.395
964.448
945.088
924.506
1545.67
1569.02
1580.26
1583.72
1588.93
1587.99
1581.13
1572.04
1571.09
1559.44
1543.5
1524.96
1521.55
1500.82
1474.02
1441.65
1434.42
1401.3
1361.86
1317.56
1277.77
1273.32
1245.12
1225.71
1217.57
1221.1
1227.76
1237.49
1244.34
1247.06
1250.27
1247.83
1238.74
1226.56
1224.6
1212.08
1197.98
1182.29
1168.14
1164.9
1150.92
1135.81
1121.05
1117.63
1103.84
1090.71
1076.36
1064.53
1061.55
1051.09
1041.21
1033.5
1032.33
1027.37
1024.14
1019.64
1015.8
1015.13
1010.12
1001.23
988.608
985.395
970.342
953.669
933.632
1522.49
1547.57
1568.1
1574.27
1576.51
1574.25
1571.78
1567.09
1563.76
1549.27
1534.17
1519.2
1516.03
1490.95
1461
1431.61
1428.71
1388.57
1340.56
1297.17
1264.84
1257.2
1217.56
1195.07
1199.11
1207.04
1206.09
1212.33
1228.14
1239.96
1239.86
1234.99
1228.64
1222.18
1221.15
1207.35
1192.81
1179.94
1167.39
1163.83
1149.3
1135.01
1121.08
1117.96
1104.02
1089.95
1076.37
1064.47
1061.55
1049.94
1039.64
1032.54
1031.65
1025.5
1020.47
1017.61
1014.96
1013.89
1007.99
999.595
988.421
985.52
970.682
953.563
934.883
1441.41
1479.93
1503.06
1510.54
1524.21
1532.96
1529.76
1525.38
1524.73
1516.05
1499.43
1480.09
1476.55
1451.94
1419.7
1378.15
1370.43
1325.13
1274.98
1212.82
1163.24
1155.79
1118.3
1095.12
1091.28
1099.07
1112.55
1138.43
1157.31
1175.75
1181.53
1192.08
1194.37
1192.1
1192.56
1186.24
1178.05
1166.77
1156.6
1154.29
1143.09
1130.15
1117.1
1114.42
1101.24
1087.85
1072.64
1059.7
1056.72
1044.37
1031.82
1022.06
1021.03
1014.03
1010.08
1004.99
1002.5
1002.29
998.924
992.209
982.442
980.37
967.9
953.865
935.908
1336.94
1387.03
1420.52
1429.29
1454.56
1468.39
1472.27
1468.78
1471.59
1464.29
1448.95
1426.23
1422.69
1396.05
1356.54
1305.74
1292.7
1240.1
1173.36
1100.56
1034.64
1028.41
987.478
962.811
962.056
969.614
999.098
1034.45
1070.85
1099.32
1111.61
1135.77
1149.5
1154.8
1156.87
1158.79
1154.88
1147.91
1139.7
1139.01
1130.05
1118.89
1106.47
1104
1091.77
1077.37
1061.73
1046.48
1044
1029.66
1015
1002.23
1000.76
993.391
987.518
983.047
980.082
981.39
980.219
975.724
967.708
966.141
956.854
944.148
928.756
1307.28
1359.77
1400.92
1413.4
1434.67
1449.28
1456.24
1459.19
1457.94
1448.64
1433.32
1415.08
1411.64
1379.47
1337.14
1287.86
1281.28
1218.1
1144.49
1069.44
1013.35
1002
950.78
925.477
935.241
948.381
968.902
1005.9
1048.43
1088.02
1095.99
1119.57
1136.26
1147.49
1150.76
1151.14
1148.14
1143.06
1137.37
1135.5
1125.98
1115.19
1104.27
1102.24
1088.74
1073.82
1058.54
1044.56
1040.96
1024.67
1009.11
998.05
997.403
987.066
979.933
976.599
976.765
976.555
973.706
969.64
964.398
963.85
953.261
940.307
925.94
1185.54
1251.39
1297.23
1310.83
1344.59
1371.55
1379.59
1382.24
1385.04
1381.37
1364.84
1340.3
1336.3
1303.24
1255.68
1190.94
1176.67
1106.84
1024.67
935.398
864.481
853.989
804.3
782.755
793.749
806.104
842.288
894.431
950.535
999.316
1014.89
1055.36
1084.57
1102.36
1107.6
1117.43
1121.86
1119.4
1115.58
1115.37
1109.1
1099.77
1088.71
1086.62
1074.09
1059.27
1041.65
1024.6
1021.2
1003.14
984.397
968.476
966.914
955.783
948.978
943.416
942.624
944.272
945.219
944.228
940.098
939.968
933.311
924.224
910.422
1048.86
1120.29
1172.37
1185.68
1233.68
1265.34
1279.86
1281.42
1290.02
1288.78
1271.42
1239.76
1236
1201.53
1144.22
1067.37
1046.41
973.95
884.391
790.057
711.02
704.739
665.006
645.852
656.149
666.272
717.142
779.968
845.029
902.76
925.199
982.612
1023.15
1049.3
1056.28
1077.34
1088.05
1090.44
1088.8
1090.76
1087.89
1080.02
1068.88
1066.81
1055.58
1039.79
1020.08
998.907
996.18
975.934
952.706
930.71
927.688
915.869
906.468
899.778
897.538
901.672
907.574
909.68
907.907
908.033
907.008
900.662
889.574
1010.38
1084.1
1143.02
1161.73
1202.39
1235.88
1253.01
1263.84
1265.63
1262.04
1244.2
1218.9
1214.77
1171.97
1112.48
1038.3
1025.95
940.267
846.564
754.587
688.756
676.1
627.912
611.253
630.221
645.272
685.472
748.75
818.938
887.257
904.956
961.238
1005.67
1038.37
1047.11
1065.85
1078.42
1083.04
1084.89
1085.06
1081.54
1074.25
1065.08
1063.54
1050.38
1034.22
1014.72
995.585
990.832
967.817
943.384
923.495
921.702
904.685
893.908
888.331
891.057
892.471
895.747
899.204
901.506
903.343
899.96
893.933
884.165
855.419
932.174
994.606
1012.73
1062.3
1100.41
1122.97
1131.1
1137.99
1135.24
1117.26
1084.46
1079.46
1034.34
967.823
888.402
869.317
788.25
692.493
613.698
552.426
543.884
504.374
493.142
514.027
526.194
571.283
632.746
713.017
785.086
808.73
876.502
934.491
975.762
986.693
1016.27
1036.4
1047.01
1051.61
1054.14
1054.04
1049.09
1040.05
1038.45
1026.44
1009.33
987.538
963.795
959.291
932.603
903.323
876.485
872.831
853.561
838.935
833.148
834.564
838.635
846.691
855.666
861.766
864.243
867.524
865.588
859.386
710.876
781.368
834.365
847.522
909.049
952.504
969.877
970.478
985.669
989.995
966.45
922.433
918.755
881.451
815.567
729.75
707.648
643.094
569.812
496.854
442.424
439.888
418.669
411.28
424.245
432.048
480.526
545.808
616.141
686.847
713.545
795.126
859.304
906.157
918.077
961.173
990.091
1004.42
1011.62
1017.28
1022.96
1019.15
1009.27
1007.66
997.948
980.618
954.515
924.564
921.308
892.762
856.474
819.693
813.92
794.24
779.585
768.701
768.392
775.951
793.732
807.129
816.21
819.088
831.291
836.303
831.715
666.801
736.595
797.097
817.331
864.523
906.85
928.939
942.595
946.398
944.137
922.239
890.277
884.926
834.825
769.093
695.11
681.909
606.413
530.968
469.458
428.121
420.778
393.982
388.96
407.98
419.081
457.461
517.614
592.142
669.979
692.365
768.387
836.877
891.225
905.803
944.54
975.481
993.174
1005.28
1008.35
1012.67
1009.95
1003.11
1002.25
989.462
971.54
946.084
919.399
912.797
879.683
841.963
808.669
804.515
776.878
759.613
751.898
758.695
762.373
775.715
791.992
807.051
812.359
821.333
826.837
824.401
527.957
584.296
638.254
653.723
698.851
732.088
758.077
765.552
773.503
766.422
748.867
716.788
712.3
667.882
607.739
549.555
536.371
481.461
422.448
381.878
352.129
348.742
331.62
329.446
345.868
353.854
388.465
438.565
508.783
580.67
604.257
681.004
755.479
815.873
831.676
880.029
916.986
942.55
957.866
963.818
971.82
972.057
965.575
964.632
953.114
933.016
905.45
872.686
866.501
827.649
783.383
741.769
735.177
705.044
682.346
677.257
683.904
690.933
710.465
734.132
755.195
761.338
778.895
789.334
792.411
496.137
546.82
605.242
625.28
657.898
685.465
715.251
737.607
733.74
718.045
701.87
684.727
680.411
626.262
568.769
521.316
517.605
456.407
401.482
365.087
342.742
337.501
319.443
317.702
335.761
344.868
374.149
421.194
489.643
568.099
585.625
656.999
731.087
800.623
817.689
861.718
897.663
928.794
950.789
953.138
958.368
959.471
957.888
958.083
942.528
919.726
894.541
865.906
856.459
810.99
764.74
728.779
724.681
685.546
658.279
657.77
673.592
675.725
690.101
715.188
744.867
753.278
767.472
776.737
783.633
397.82
436.793
475.646
488.628
519.298
546.765
564.835
574.272
576.706
570.784
555.462
533.457
529.829
494.182
452.91
414.278
408.053
370.32
335.323
310.546
294.251
291.6
281.741
282.256
295.125
301.594
326.944
368.229
425.518
491.208
510.601
583.434
658.247
724.133
742.058
795.105
842.002
873.083
896.326
902.318
915.386
917.992
913.825
913.706
900.777
880.296
847.75
812.14
803.101
757.094
703.726
656.259
649.141
610.355
586.244
580.104
593.423
599.529
624.382
656.443
687.598
696.985
720.78
740.61
748.677
323.764
348.585
375.456
382.739
406.34
422.222
438.079
441.241
446.256
439.577
430.557
413.889
412.292
389.508
360.911
336.697
331.662
309.76
286.971
271.835
260.945
260.041
254.72
256.066
266.113
270.506
291.325
323.252
371.65
426.612
444.776
511.153
583.055
648.185
665.479
723.907
773.001
810.853
836.013
845.117
861.67
867.455
863.074
862.683
851.323
827.716
793.294
751.124
743.201
692.599
634.907
581.546
572.392
534.03
505.467
501.997
513.863
522.819
552.322
590.272
626.886
636.772
669.773
694.582
709.699
308.778
330.218
357.719
367.428
382.767
395.843
411.964
423.972
421.242
411.21
403.311
395.836
393.893
367.444
342.12
323.522
322.736
298.306
277.239
264.203
256.813
254.981
249.033
250.425
261.274
266.234
283.776
313.021
359.315
417.642
431.249
491.414
560.947
633.18
651.67
703.928
750.594
794.154
827.252
831.567
843.85
850.607
852.884
853.948
836.812
809.51
778.847
742.701
730.376
672.331
614.114
568.366
561.775
514.999
483.652
483.748
503.946
507.834
531.351
569.881
615.339
627.663
656.299
679.458
699.081
265.299
279.059
294.291
299.302
311.046
321.093
329.683
333.893
334.647
330.797
325.727
318.203
317.259
303.471
288.656
275.529
273.808
260.553
248.45
240.157
235.202
234.541
232.054
233.972
241.445
244.92
258.966
282.691
318.537
363.66
377.074
432.509
496.445
559.488
577.224
633.226
687.26
727.542
759.701
767.784
788.122
795.722
793.959
794.578
780.485
756.518
717.472
675.123
664.061
609.268
548.509
496.853
488.48
446.956
420.473
416.588
432.295
438.766
468.395
510.4
554.363
566.932
603.808
637.33
657.804
235.423
243.334
252.556
254.997
262.95
267.676
274.091
275.36
277.145
274.317
272.257
267.324
267.065
259.6
250.163
242.89
241.424
234.584
227.142
223.205
220.389
220.393
219.473
221.17
226.638
228.928
239.758
256.771
284.959
319.477
331.002
376.803
432.749
489.102
504.71
560.352
611.602
655.227
686.459
697.404
719.752
729.803
726.797
726.892
714.7
687.569
648.378
601.855
593.003
538.549
480.538
430.563
422.057
386.787
361.329
359.969
372.696
380.073
409.8
451.968
496.323
508.161
550.681
586.974
613.644
217.355
222.08
225.897
226.628
233.039
237.826
239.29
238.451
240.931
242.021
239.472
234.711
234.808
232.483
227.539
221.742
220.457
217.851
214.967
212.081
210.183
210.526
210.993
212.317
215.496
216.742
225.355
239.403
258.851
283.934
293.297
333.638
378.97
424.262
436.318
491.693
543.304
580.913
608.665
622.327
651.061
659.558
652.063
651.288
643.907
619.306
575.2
525.648
520.605
474.892
420.343
372.273
364.636
338.129
321.001
315.831
325.497
332.824
364.556
403.361
443.264
453.256
500.118
542.4
568.809
212.584
216.405
221.061
222.74
226.096
229.243
232.049
233.88
233.937
232.886
231.597
229.893
229.74
225.531
221.323
218.01
217.899
214.304
211.365
209.592
208.835
208.795
208.545
209.819
213.44
215.148
221.792
233.749
252.661
278.564
285.975
319.705
362.979
411.508
425.785
471.923
520.216
561.663
597.123
605.171
627.212
637.079
637.621
638.947
622.733
595.894
556.999
516.673
505.371
453.716
402.673
363.264
357.07
326.011
307.705
306.4
319.955
324.679
350.166
388.761
433.538
446.299
487.035
526.994
556.949
201.282
202.935
205.423
206.126
208.115
208.873
211.481
212.163
212.648
211.625
211.658
210.771
210.848
208.947
206.765
205.62
205.503
204.165
202.554
202.163
201.791
201.927
201.971
202.887
205.225
206.246
210.869
218.364
232.788
251.089
257.051
282.184
316.499
354.863
366.06
406.695
447.661
486.615
516.625
526.575
548.179
558.671
556.579
557.129
544.142
517.414
481.943
442.832
434.997
390.657
348.677
315.812
310.601
287.86
272.516
273.6
284.132
288.927
311.635
346.503
386.674
397.782
439.031
478.77
510.969
194.458
195.103
195.892
196.06
197.403
198.303
199.06
199.096
199.763
199.981
199.88
199.252
199.434
199.172
198.432
197.744
197.588
197.429
197.036
196.732
196.445
196.669
197.016
197.597
198.855
199.367
202.619
208.092
217.349
229.732
234.39
254.213
279.297
307.25
315.003
349.946
384.605
415.725
438.87
449.809
471.713
480.01
474.905
474.606
466.623
443.406
410.946
375.324
371.419
338.122
304.459
277.482
273.431
258.06
248.372
248.062
256.162
260.628
281.594
311.12
345.221
354.137
394.493
433.849
464.841
192.848
193.276
194.302
194.766
195.213
195.76
196.719
197.622
197.504
197.259
197.391
197.677
197.788
196.99
196.432
196.347
196.644
196.014
195.534
195.468
195.702
195.72
195.67
196.176
197.71
198.455
200.735
205.225
213.861
226.885
230.184
246.481
269.366
298.854
307.683
335.378
365.776
398.752
428.684
433.641
447.918
456.552
460.462
462.194
445.505
420.717
394.847
368.018
359.249
323.042
292.851
271.931
268.887
251.091
241.299
242.669
253.06
255.852
273.014
301.036
337.965
348.655
383.442
419.304
452.762
188.477
188.479
188.773
188.94
189.168
189.413
189.925
190.333
190.436
190.536
190.876
191.144
191.295
191.242
191.236
191.35
191.511
191.471
191.438
191.496
191.626
191.714
191.815
192.151
192.942
193.352
194.786
197.478
202.868
211.044
213.603
225.362
242.062
262.358
268.491
290.204
314.441
338.712
359.887
365.695
379.509
386.399
386.16
387.026
375.962
357.551
335.179
312.718
307.541
281.85
259.442
242.923
240.508
228.587
221.953
223.404
231.347
234.196
249.185
272.749
302.456
311.164
343.108
378.113
407.442
185.186
184.951
184.958
184.985
185.089
185.078
185.469
185.675
185.855
186.024
186.478
186.79
186.953
187.213
187.383
187.684
187.769
188.011
188.054
188.297
188.385
188.505
188.626
188.812
189.214
189.405
190.265
191.569
194.794
199.491
201.224
208.843
220.392
234.262
238.269
254.617
270.729
289.576
303.608
309.169
319.399
325.104
323.669
323.902
317.364
301.831
286.924
269.317
266.836
248.761
232.781
220.624
218.838
211.281
206.451
208.46
214.435
217.039
229.425
248.403
272.038
278.609
306.579
335.492
363.101
182.802
182.477
182.211
182.156
182.253
182.332
182.42
182.493
182.721
183.118
183.477
183.729
183.886
184.394
184.738
184.966
184.987
185.412
185.709
185.852
185.875
186.009
186.25
186.329
186.364
186.401
186.926
187.738
189.16
191.449
192.553
197.702
204.827
213.256
215.639
228.097
241.018
252.178
260.61
265.521
275.614
278.573
275.208
274.991
272.633
263.609
250.329
236.716
235.921
224.915
213.28
204.317
203.132
199.02
196.85
197.698
201.795
203.875
214.31
228.991
246.511
251.047
274.867
300.81
321.916
182.14
181.782
181.692
181.749
181.568
181.535
181.753
182.097
182.094
182.29
182.715
183.253
183.391
183.645
183.982
184.435
184.641
184.824
185.003
185.262
185.535
185.57
185.572
185.631
185.866
186.022
186.147
186.597
187.962
190.514
191.129
194.627
200.718
209.835
212.734
221.608
231.906
244.161
255.8
257.596
262.607
266.05
267.988
268.818
261.713
251.911
242.874
233.59
230.535
217.914
208.25
202.187
201.401
196.355
194.036
195.608
200.493
201.831
209.779
223.277
242.312
247.995
267.401
288.996
311.618
180.44
180.036
179.825
179.816
179.663
179.607
179.761
179.99
180.049
180.303
180.742
181.212
181.349
181.735
182.153
182.6
182.741
183.058
183.318
183.605
183.804
183.859
183.905
183.91
183.913
183.952
183.893
183.896
184.403
185.456
185.805
187.541
190.861
195.877
197.496
203.342
210.141
218.102
225.179
227.067
231.291
233.703
233.929
234.322
230.391
224
217.426
210.731
209.24
201.518
195.725
191.944
191.485
188.892
187.687
188.915
191.975
192.996
198.619
208.429
222.002
226.094
241.573
259.287
276.217
179.281
178.835
178.595
178.551
178.4
178.26
178.462
178.649
178.732
178.968
179.452
179.919
180.049
180.494
180.934
181.453
181.563
181.961
182.208
182.593
182.778
182.832
182.867
182.817
182.708
182.671
182.46
182.066
182.118
182.29
182.437
183.009
184.51
186.92
187.663
191.015
194.149
199.641
203.58
205.184
207.766
209.657
209.515
209.658
207.769
202.854
199.76
195.53
195.063
190.798
187.78
185.743
185.504
184.371
183.684
184.781
186.589
187.281
190.798
197.055
206.132
208.781
220.445
232.82
246.325
178.788
178.332
178.042
177.983
177.825
177.75
177.879
178.073
178.151
178.457
178.918
179.402
179.521
180.018
180.53
181.07
181.177
181.624
181.989
182.351
182.564
182.598
182.634
182.545
182.34
182.256
181.9
181.389
180.974
180.606
180.595
180.539
180.894
181.696
181.952
183.663
185.534
187.999
189.843
190.975
193.045
194.025
193.604
193.637
193.236
191.101
189.04
186.762
186.751
184.973
183.494
182.553
182.459
182.17
182.133
182.783
183.775
184.168
186.252
189.732
194.811
196.17
204.151
213.253
222.152
178.788
178.336
178.022
177.966
177.8
177.754
177.859
178.059
178.128
178.474
178.928
179.4
179.512
180.043
180.603
181.108
181.189
181.679
182.135
182.456
182.614
182.663
182.768
182.68
182.383
182.286
181.918
181.391
180.861
180.48
180.393
180.042
180.146
181.043
181.389
182.239
183.358
185.973
188.62
188.846
189.367
190.457
191.67
191.967
190.304
188.159
187.345
186.13
185.645
183.715
182.735
182.294
182.243
181.927
182.026
182.612
183.601
183.876
185.319
188.073
193.315
195.057
200.815
206.997
216.687
179.212
178.745
178.421
178.334
178.193
178.13
178.282
178.469
178.571
178.936
179.45
179.937
180.046
180.644
181.249
181.843
181.895
182.479
182.945
183.387
183.55
183.599
183.688
183.575
183.212
183.044
182.59
181.853
181.102
180.298
180.141
179.406
178.911
178.808
178.85
178.987
179.38
180.433
181.578
181.8
182.357
183.06
183.664
183.834
183.462
182.861
182.671
182.321
182.25
181.793
181.77
181.89
181.891
182.223
182.554
183.051
183.372
183.518
184.062
185.127
187.265
187.99
190.976
194.716
199.975
180.556
180.063
179.801
179.705
179.551
179.374
179.705
179.949
180.05
180.364
181.008
181.593
181.699
182.325
182.953
183.749
183.811
184.461
184.829
185.527
185.771
185.799
185.814
185.663
185.307
185.088
184.49
183.402
182.605
181.509
181.254
180.106
179.196
178.545
178.395
178.003
177.664
178.14
178.552
178.701
179.003
179.648
180.219
180.339
180.64
180.665
181.38
181.755
181.892
182.268
183.074
183.834
183.891
184.666
184.951
185.706
185.613
185.602
185.282
185.082
185.299
185.366
186.181
187.041
189.785
183.154
182.653
182.437
182.355
182.162
181.963
182.419
182.79
182.858
183.207
183.945
184.685
184.787
185.453
186.185
187.176
187.294
187.991
188.406
189.275
189.671
189.649
189.595
189.401
189.046
188.794
187.976
186.614
185.675
184.355
183.965
182.437
181.155
180.147
179.869
179.036
178.198
178.374
178.457
178.497
178.647
179.312
180.069
180.193
180.915
181.449
182.975
184.103
184.337
185.415
186.992
188.511
188.654
189.792
190.203
191.144
190.81
190.582
189.444
188.187
187.092
186.737
185.888
184.621
185.867
187.349
186.866
186.713
186.68
186.394
186.362
186.819
187.423
187.407
187.867
188.679
189.68
189.777
190.459
191.407
192.637
192.876
193.58
194.259
195.169
195.837
195.724
195.532
195.309
194.986
194.73
193.555
192.098
190.784
189.294
188.703
186.735
185.091
183.838
183.47
182.171
181.163
180.989
180.994
180.887
180.973
181.73
182.866
183.04
184.083
185.403
187.607
189.707
189.953
191.75
194.235
196.832
197.118
198.555
199.482
200.375
199.928
199.374
197.214
194.956
192.88
192.245
189.88
187.712
187.465
193.546
193.067
193.184
193.258
192.755
192.688
193.466
194.493
194.306
194.694
195.775
197.284
197.378
197.938
199.085
200.902
201.379
202.002
202.647
204.002
205.18
204.912
204.295
204.054
203.995
203.78
202.001
200.037
198.661
197.083
196.186
193.458
191.499
190.182
189.754
187.829
186.458
186.316
186.472
186.146
186.018
187.093
188.965
189.249
190.552
192.53
196.057
199.607
199.784
202.172
206.055
210.459
210.995
212.626
213.578
215.143
214.719
213.641
209.72
206.371
203.611
202.783
198.684
195.146
194.461
202.385
201.873
202.69
202.958
202.028
201.572
203.227
204.989
204.499
204.398
206.125
208.603
208.705
208.854
210.085
213.201
214.105
214.503
214.544
217.058
219.163
218.643
217.013
216.751
217.464
217.366
214.561
211.36
210.489
208.947
207.589
203.436
201.245
200.192
199.735
196.869
194.669
195.192
195.782
195.126
194.367
196.162
199.414
199.906
201.421
203.759
209.927
215.806
215.809
218.424
224.702
232.35
233.32
234.948
234.794
238.501
238.269
236.328
229.064
224.326
221.272
220.295
213.796
207.728
207.855
206.622
206.29
205.342
204.881
205.71
206.397
206.682
206.766
207.628
209.553
210.733
211.105
211.27
213.815
215.897
216.804
216.178
218.833
221.148
222.145
221.689
222.052
223.311
223.078
220.807
219.71
219.258
217.723
214.586
210.783
210.548
208.644
205.886
202.415
201.485
200.42
199.408
198.107
197.096
197.489
198.941
200.477
201.606
201.689
205.674
210.332
214.323
217.939
219.741
227.16
233.534
236.782
236.715
243.141
247.32
245.939
241.315
241.407
239.012
233.107
224.897
222.681
218.812
215.368
212.515
221.238
220.926
220.413
219.944
220.913
221.303
222.603
223.118
224.131
226.065
228.154
229.184
229.394
232.408
234.843
237.014
236.351
239.724
241.782
244.252
244.103
244.468
245.424
245.062
242.797
241.382
240.462
237.401
234.434
229.736
229.292
226.234
222.956
218.987
217.781
216.274
214.359
213.674
212.658
213.091
214.645
217.299
219.664
219.86
225.498
231.427
239.06
245.313
247.814
258.056
268.592
274.921
274.954
283.777
287.243
287.457
280.791
280.473
275.059
266.281
255.27
252.145
246.061
239.612
237.494
242.845
242.627
242.8
242.357
243.572
243.459
246.512
247.823
249.059
251.073
254.698
256.872
257.167
260.984
264.019
268.312
267.646
272.174
273.592
278.77
279.217
279.564
279.99
279.369
277.102
275.204
273.411
267.609
265.158
259.104
258.3
253.427
249.352
244.711
243.121
240.914
237.522
238.046
237.199
237.659
239.419
243.908
248.45
248.885
257.175
265.022
278.897
289.52
293.09
307.597
323.999
334.567
335
346.173
348.688
350.207
341.258
339.933
330.351
317.338
302.495
298.133
288.578
277.511
276.752
275.783
275.832
277.162
276.806
278.505
277.466
283.771
286.614
288.23
290.543
296.91
301.199
301.66
306.91
311.05
319.032
318.437
324.863
324.749
334.956
336.465
336.741
336.185
334.983
332.575
329.908
326.446
315.63
314.37
306.138
304.673
296.807
291.375
285.704
283.525
280.117
274.223
276.931
276.505
276.972
279.136
286.537
294.614
295.547
307.729
318.854
341.006
357.485
362.143
381.888
403.534
417.945
418.897
431.148
433.692
434.109
423.042
420.287
406.307
388.395
369.299
363.827
349.849
334.298
333.995
328.531
329.198
332.627
332.503
335.063
332.517
344.489
350.091
352.359
355.745
366.194
373.888
374.721
382.281
388.915
401.4
401.325
410.019
409.916
424.671
427.644
427.549
425.876
423.451
419.865
416.32
409.943
393.965
391.973
380.8
378.018
366.239
358.237
350.829
347.824
342.374
333.85
338.563
338.954
339.243
342.443
353.293
365.736
367.459
383.751
400.516
428.657
450.945
455.975
480.06
504.737
521.813
522.947
534.81
536.436
535.156
521.767
517.713
498.871
476.376
453.524
447.36
428.822
410.421
408.692
415.593
417.482
423.406
423.847
427.466
425.925
442.495
451.982
454.844
461.245
474.909
486.292
487.558
497.686
508.255
523.608
524.544
534.754
539.119
553.174
557.379
556.518
553.349
548.882
542.807
538.57
528.069
510.785
502.594
488.216
483.58
467.904
456.068
446.144
442.313
433.956
425.02
428.762
430.201
429.894
434.736
448.098
464.399
466.802
486.05
508.328
539.715
566.374
571.439
597.892
624.388
643.114
644.394
654.977
656.505
651.684
635.904
630.468
606.829
579.939
553.86
546.891
524.064
502.175
499.345
550.348
553.616
560.818
562.068
566.323
569.241
586.529
600.103
603.019
612.914
628.074
642.524
643.876
655.402
668.536
686.262
687.902
698.605
704.846
718.516
723.097
721.389
714.997
707.602
698.991
693.926
678.562
657.891
644.547
626.605
620.28
599.772
584.062
571.551
566.974
555.138
545.386
547.535
549.516
548.46
553.726
568.793
588.142
590.991
611.944
637.774
671.772
701.615
706.564
734.182
761.798
781.761
782.946
792.12
791.855
785.225
767.24
760.771
732.707
702.384
673.652
665.94
638.958
613.879
608.978
736.4
739.944
748.238
750.079
754.2
758.702
778.23
795.168
798.278
809.942
826.663
843.423
844.844
856.745
871.363
890.271
892.429
902.587
909.812
921.684
925.628
922.866
912.639
901.633
889.874
883.745
863.137
837.67
819.621
797.531
789.485
763.325
743.475
728.007
722.462
706.604
693.945
695.084
696.614
694.873
699.382
715.632
737.222
740.25
762.289
789.694
827.219
859.54
864.522
892.313
921.531
942.82
943.852
951.898
949.18
942.29
922.617
915.385
883.637
850.549
819.271
810.783
779.698
750.947
744.045
979.604
982.678
991.767
993.987
997.424
1001.29
1023.48
1042.79
1046.3
1058.49
1076.49
1094.33
1095.51
1106.81
1120.8
1141.04
1142.87
1152.22
1155.6
1169
1171.68
1168.17
1153.3
1138.52
1124.05
1116.49
1090.74
1057.36
1036.96
1009.74
1000.13
967.258
943.032
923.856
916.903
896.373
877.897
878.917
878.543
876.161
878.29
895.745
919.156
922.146
945.306
972.884
1015.01
1048.97
1054.22
1082.28
1112.1
1133.01
1133.91
1140.2
1137.98
1127.31
1106.2
1098.05
1064.1
1027.71
992.75
983.513
948.605
918.739
907.781
1297.26
1298.81
1308.62
1310.61
1313.16
1310.82
1339.51
1359.89
1364.79
1374.77
1395.41
1413.06
1413.77
1423.86
1435
1457.64
1458.26
1467.15
1463.04
1480.64
1480.78
1476.79
1457.21
1437.76
1418.64
1409.12
1377.79
1335.8
1311.8
1278.17
1266.97
1227.65
1198.16
1173.51
1164.71
1139.17
1114.21
1113.35
1109.27
1106.07
1105.34
1121.87
1144.54
1147.36
1170.79
1200.38
1241.18
1274.22
1278.89
1306.26
1332.43
1348.82
1348.78
1351.48
1347.89
1330.95
1306.32
1297.47
1261.3
1220.78
1181.06
1171.63
1134.2
1108.26
1089.78
1722.75
1721.76
1724.73
1724.6
1730
1721.58
1752.43
1768.6
1777.74
1791.86
1809.09
1817.32
1817.58
1831.13
1841.87
1853.47
1851.27
1859.76
1861.24
1864.46
1854.38
1849.84
1831.28
1803.57
1767.43
1755.39
1719.57
1681.84
1637.24
1594.35
1582.24
1544.74
1506.54
1469.45
1459.02
1431.4
1410.04
1393.96
1383.82
1379.98
1382.15
1392.46
1407.57
1409.16
1433.68
1463.76
1496.88
1523.35
1528.02
1553.88
1572.61
1577.96
1575.98
1574.34
1563.62
1537.71
1503.94
1494.69
1455.1
1408.88
1362.98
1352.94
1316.4
1290.53
1271.56
2254.29
2250.47
2219.82
2213.18
2231.26
2237.61
2238.32
2237.94
2254.77
2290.94
2288.46
2268.13
2267.14
2293.17
2302.59
2281.71
2270.83
2280.83
2285.89
2266.15
2233.1
2229.64
2216.5
2176.41
2112.69
2096.35
2061.33
2020.19
1960.54
1903.36
1894.57
1865.22
1819.15
1763.98
1751.82
1729.64
1710.01
1681.18
1661.46
1661.6
1674.67
1679.88
1680.26
1680.45
1712.14
1744.58
1763.53
1778.04
1785.52
1817.4
1824.56
1808.99
1803.96
1799.58
1780.44
1737.1
1687.91
1678.93
1638.34
1585.29
1529.5
1518.15
1486.79
1462.66
1446.53
3133.58
3111.03
3119.8
3122.13
3091.42
3061.66
3081.14
3096.24
3091.52
3068.36
3067
3066.83
3061.58
3027.31
2999.03
2999.71
2997.75
2962.64
2912.01
2891.2
2859.88
2846.78
2774.36
2714.01
2668.07
2655.18
2587.7
2512.14
2468.93
2419.67
2404.03
2335.64
2295.41
2267.6
2259.23
2219.8
2180.74
2185.36
2182.74
2177.69
2160.73
2182.78
2212.21
2215.19
2227.99
2235.96
2280.33
2298.8
2298.01
2283.85
2284.37
2271.87
2264.45
2221.98
2156.36
2110.08
2048.36
2032.64
1955.9
1899.5
1862.51
1854.22
1819.6
1784.1
1798.61
4148.85
4108.47
4128.36
4127.82
4082.67
3994.85
4048.72
4052.92
4047.51
3979.7
3979.39
3958.22
3948.23
3882.77
3809.46
3808.34
3799.9
3741.86
3627.63
3623.98
3575.18
3559.41
3455.73
3378.1
3330.72
3314.84
3236.65
3116.95
3106.07
3054.99
3040.51
2957.19
2931.51
2916.94
2909.57
2875.78
2812.66
2863.41
2870.11
2868.08
2841.34
2884.8
2924.65
2928.04
2942.63
2917.32
2995.04
3005.24
3003.24
2956.52
2943.23
2906.86
2892.9
2819.38
2692.18
2653.91
2575.99
2558.18
2462.26
2406.67
2377.94
2370.05
2339.63
2280.85
2340.27
5724.57
5690.46
5593.84
5577.85
5550.28
5544.4
5466.24
5430.12
5441.71
5479.73
5361.2
5251.52
5235.63
5192.11
5148.6
5023.3
4995.56
4942.53
4904.77
4804.01
4714.98
4703.54
4644.35
4548.47
4425
4399.23
4334.74
4281.79
4191.25
4119.94
4115
4105.17
4060.22
4003.71
3992.99
3991.11
4031.98
3986.88
3983.28
3993.5
4052.18
4061.08
4059.99
4060.37
4102.3
4177.56
4134.43
4113.96
4117.84
4114.64
4031.44
3917.29
3892.69
3805.39
3730.41
3583.19
3475.66
3460.8
3398.85
3327.08
3255.91
3243.05
3224.86
3230.2
3237.1
15516.8
15434.7
15359.2
15290.7
15177.6
15051.2
14976.6
14892.4
14831.1
14766.6
14683.8
14549.1
14480.5
14362.6
14235.7
14128.6
14059.6
13942.9
13790.2
13691
13585
13526.2
13420
13275.4
13159.7
13096.1
12988.2
12872.5
12797.6
12718.2
12661.8
12592.6
12536.9
12485.4
12431.9
12390.1
12361.4
12332.3
12304.9
12252.9
12228.2
12187
12140.1
12079.3
12034.1
11972.9
11897.3
11803
11732.9
11602.3
11433.9
11245.9
11155.5
10964.1
10745.4
10577.6
10408.2
10325.9
10175
10043.7
9932.34
9862.3
9776.42
9709.42
9687.54
)
;

boundaryField
{
    inlet
    {
        type            turbulentMixingLengthFrequencyInlet;
        mixingLength    0.0044;
        phi             phi;
        k               k;
        value           nonuniform List<scalar> 0();
    }
    outlet
    {
        type            zeroGradient;
    }
    front
    {
        type            empty;
    }
    back
    {
        type            empty;
    }
    hub
    {
        type            fixedValue;
        value           nonuniform List<scalar> 
72
(
142587
141666
141666
139854
138982
137416
136662
136662
135898
134317
133483
133483
131714
130836
129080
129080
128157
126226
125216
123171
123171
122143
120020
118956
118956
116856
115940
114319
114319
113874
113367
112956
112707
112707
112263
111782
110554
110554
109802
108056
107069
105006
105006
103970
102225
100290
100290
99382.6
97645.7
96815.4
95228.3
95228.3
93716.6
92989.3
91595.9
91595.9
90910.1
89538.8
88170.1
87500.2
87500.2
86184
85533.6
84248.8
84248.8
82976.5
82346.6
81080.7
80438
80438
79163.9
77886.1
)
;
    }
    tip
    {
        type            omegaWallFunction;
        blending        binomial2;
        n               2;
        beta1           0.075;
        value           nonuniform List<scalar> 
65
(
15516.8
15434.7
15359.2
15290.7
15177.6
15051.2
14976.6
14892.4
14831.1
14766.6
14683.8
14549.1
14480.5
14362.6
14235.7
14128.6
14059.6
13942.9
13790.2
13691
13585
13526.2
13420
13275.4
13159.7
13096.1
12988.2
12872.5
12797.6
12718.2
12661.8
12592.6
12536.9
12485.4
12431.9
12390.1
12361.4
12332.3
12304.9
12252.9
12228.2
12187
12140.1
12079.3
12034.1
11972.9
11897.3
11803
11732.9
11602.3
11433.9
11245.9
11155.5
10964.1
10745.4
10577.6
10408.2
10325.9
10175
10043.7
9932.34
9862.3
9776.42
9709.42
9687.54
)
;
    }
    procBoundary7to5
    {
        type            processor;
        value           nonuniform List<scalar> 
104
(
1509.93
1474.59
1465.65
1427.35
1390.04
1390.04
1394.71
1416.75
1423.53
1433.11
1459.83
1470.95
1504.24
1517.31
1557.53
1573.16
1568.15
1568.15
1526.66
1516.76
1478.58
1437.2
1397.93
1389.38
1389.38
1431.73
1477.64
1484.15
1532.81
1540.13
1590.48
1598.29
1648.22
1656.16
1702.8
1710.25
1750.86
1782.48
1787.09
1805.77
1808.16
1811.54
1811.07
1798.9
1774.24
1768.86
1731.75
1723.51
1672.36
1606.83
1592.52
1509.4
1490.03
1388.77
1269.76
1243.21
1107.65
959.9
928.13
774.736
628.284
598.248
474.535
451.944
363.836
301.602
291.577
253.787
228.677
212.411
209.709
200.109
193.857
192.803
188.651
185.513
183.104
182.662
180.949
179.815
179.325
179.319
179.753
181.163
183.825
188.116
194.583
204.039
206.491
221.291
243.105
276.258
329.298
416.509
551.165
738.238
983.408
1303.9
1727.36
2236.95
3179.73
4219
5727.71
15640.5
)
;
    }
    procBoundary7to6
    {
        type            processor;
        value           nonuniform List<scalar> 
58
(
40771.4
30829.9
18053.1
17752.3
12381.2
9427.29
9270.23
7481.62
7356.76
6098.11
5176.38
5087.79
4427.06
4353.08
3842.33
3779.42
3376.71
3340.59
3305.92
2983.99
2937.99
2676.94
2637.47
2424.32
2399.63
2375.03
2202.03
2172.91
2030.43
2011.21
1992.03
1877.22
1859.94
1843.33
1751.34
1734.11
1660.45
1648.06
1636.78
1580.8
1570.86
1562.5
1523.16
1516.3
1510.67
1486.81
1482.9
1470.43
1468.6
1465.69
1465.67
1466.57
1473.02
1475.55
1489.67
1493.95
1515.27
1521.46
)
;
    }
    procBoundary7to8
    {
        type            processor;
        value           nonuniform List<scalar> 
84
(
573.855
586.633
587.447
602.163
603.072
619.82
638.006
639.236
658.829
660.23
681.027
682.545
704.123
705.722
727.614
729.222
751.161
772.202
773.921
793.952
795.664
814.603
816.224
834.455
851.766
853.545
870.632
872.394
889.203
903.834
905.487
915.845
916.717
919.579
913.298
912.06
897.079
876.594
873.847
850.022
823.149
819.368
789.169
784.85
751.273
714.659
709.606
669.846
627.696
583.582
577.486
531.456
484.104
477.844
429.427
381.389
335.554
330.004
289.335
255.17
227.562
224.714
204.444
191.781
186.594
187.864
195.256
209.78
211.777
237.251
277.354
335.573
411.056
501.923
611.085
745.201
907.513
1087.57
1267.1
1440.33
1815.75
2371.34
3260.16
9658.77
)
;
    }
    procBoundary7to9
    {
        type            processor;
        value           nonuniform List<scalar> 
71
(
26039.6
18012.4
10026.6
9957.42
6651.99
4913.65
4877.31
3835.16
3806.86
3096.55
2585.05
2564.59
2189.5
2172.43
1881.41
1866.92
1635.6
1628.6
1622.73
1434.55
1424.65
1270.1
1261.53
1133.5
1129.14
1125.42
1018.16
1012.15
922.463
919.202
916.415
841.124
838.346
835.981
773.005
769.5
717.582
715.414
713.546
671.686
669.867
668.347
636.291
634.892
633.755
610.492
609.246
592.841
591.931
580.878
580.359
579.967
573.38
573.073
570.163
570.097
570.347
570.51
573.539
573.919
579.439
579.937
580.442
588.44
588.44
586.26
579.643
589.106
589.106
581.165
575.474
)
;
    }
}


// ************************************************************************* //
