/*--------------------------------*- C++ -*----------------------------------*\
| =========                 |                                                 |
| \\      /  F ield         | OpenFOAM: The Open Source CFD Toolbox           |
|  \\    /   O peration     | Version:  v2012                                 |
|   \\  /    A nd           | Website:  www.openfoam.com                      |
|    \\/     M anipulation  |                                                 |
\*---------------------------------------------------------------------------*/
FoamFile
{
    version     2.0;
    format      ascii;
    class       volScalarField;
    location    "1e-06";
    object      p;
}
// * * * * * * * * * * * * * * * * * * * * * * * * * * * * * * * * * * * * * //

dimensions      [1 -1 -2 0 0 0 0];


internalField   nonuniform List<scalar> 
10203
(
306844
310379
312749
310848
313413
315729
315547
318150
320278
322131
319754
321633
326698
327845
323435
324901
331735
331305
333212
328884
330412
337261
337002
335743
336084
341966
341520
343117
344412
346707
347779
348433
354744
356339
353964
356628
363687
366207
363092
366725
369943
371591
376014
376372
380069
378725
380845
387850
388980
392278
386084
388550
399072
399420
394409
395740
406736
406550
408467
408816
409848
416246
417425
421610
423785
426504
429881
433646
437610
441085
442625
447221
306833
310368
312749
310848
313405
315728
315546
318151
320278
322130
319753
321623
326698
327845
323435
324901
331737
331306
333213
328885
330412
337262
337004
335743
336083
341967
341520
343117
344408
346705
347778
348433
354744
356339
353964
356618
363678
366207
363091
366718
369938
371585
376014
376371
380069
378725
380839
387851
388980
392279
386085
388540
399073
399420
394410
395737
406736
406551
408467
408816
409845
416245
417426
421610
423782
426499
429876
433646
437607
441081
442623
447220
306822
310358
312748
310846
313398
315729
315546
318145
320278
322132
319754
321623
326700
327848
323436
324901
331739
331307
333215
328886
330412
337264
337006
335745
336083
341968
341520
343115
344405
346705
347775
348429
354737
356338
353962
356607
363667
366206
363090
366711
369933
371579
376014
376371
380070
378725
380840
387851
388981
392280
386085
388541
399073
399421
394411
395737
406738
406551
408467
408816
409845
416245
417422
421604
423779
426498
429870
433640
437602
441081
442623
447220
306811
310358
312749
310845
313390
315729
315546
318143
320274
322134
319753
321614
326700
327849
323436
324894
331740
331307
333216
328886
330412
337265
337006
335745
336081
341969
341520
343116
344401
346705
347774
348425
354738
356338
353961
356596
363657
366206
363089
366704
369930
371574
376014
376370
380070
378725
380835
387852
388977
392281
386083
388530
399074
399422
394411
395734
406738
406551
408467
408816
409845
416245
417422
421602
423775
426495
429864
433633
437597
441080
442619
447220
306811
310358
312750
310845
313390
315730
315544
318134
320266
322134
319751
321601
326692
327848
323433
324882
331739
331305
333215
328883
330402
337264
337006
335744
336077
341969
341518
343116
344396
346705
347774
348426
354738
356340
353961
356597
363659
366208
363090
366704
369931
371573
376014
376368
380070
378723
380825
387847
388971
392280
386083
388517
399071
399420
394408
395726
406738
406549
408465
408813
409841
416243
417419
421602
423775
426496
429860
433634
437597
441081
442619
447219
306796
310345
312749
310842
313381
315730
315544
318135
320266
322139
319752
321602
326695
327853
323435
324883
331745
331307
333220
328885
330403
337268
337011
335745
336078
341972
341518
343116
344391
346705
347771
348420
354730
356339
353956
356583
363645
366206
363087
366696
369924
371565
376014
376368
380072
378724
380827
387848
388971
392284
386085
388518
399074
399423
394411
395727
406741
406550
408466
408813
409841
416244
417418
421596
423770
426489
429852
433626
437590
441079
442614
447219
306784
310345
312750
310841
313372
315731
315542
318126
320260
322141
319750
321590
326695
327855
323434
324874
331748
331307
333221
328884
330404
337270
337014
335744
336076
341973
341517
343116
344386
346705
347769
348416
354731
356341
353953
356571
363640
366206
363086
366689
369925
371560
376014
376367
380073
378723
380822
387848
388965
392285
386083
388508
399075
399424
394410
395721
406743
406549
408466
408813
409839
416244
417416
421596
423768
426486
429845
433620
437586
441079
442609
447217
306771
310345
312750
310839
313364
315731
315541
318127
320260
322144
319748
321580
326695
327857
323432
324865
331751
331307
333223
328883
330404
337272
337017
335743
336074
341974
341516
343117
344380
346705
347766
348411
354732
356343
353949
356558
363630
366206
363084
366681
369924
371554
376014
376366
380074
378722
380822
387848
388960
392288
386081
388504
399075
399424
394410
395715
406745
406549
408466
408812
409836
416244
417413
421592
423765
426480
429837
433616
437581
441079
442604
447216
306757
310346
312751
310837
313354
315732
315542
318128
320260
322148
319746
321573
326697
327860
323431
324856
331755
331307
333226
328883
330405
337274
337022
335741
336072
341975
341515
343118
344374
346706
347763
348406
354733
356345
353944
356544
363619
366206
363082
366673
369924
371548
376014
376364
380076
378721
380823
387850
388954
392293
386079
388504
399076
399426
394410
395709
406748
406548
408466
408811
409835
416244
417410
421585
423758
426474
429829
433608
437575
441079
442598
447215
306757
310346
312754
310837
313354
315733
315539
318117
320251
322149
319740
321556
326688
327859
323425
324841
331754
331304
333224
328877
330393
337273
337022
335736
336068
341974
341512
343119
344367
346707
347762
348406
354735
356350
353940
356545
363619
366209
363083
366673
369924
371548
376015
376362
380076
378718
380811
387844
388946
392294
386070
388488
399072
399423
394407
395699
406747
406545
408463
408808
409829
416241
417406
421586
423759
426475
429821
433609
437575
441080
442592
447211
306738
310329
312752
310833
313343
315735
315540
318118
320253
322157
319742
321558
326692
327868
323428
324844
331764
331307
333232
328881
330395
337280
337032
335735
336069
341978
341512
343119
344360
346706
347758
348399
354726
356350
353930
356527
363602
366206
363078
366663
369916
371541
376015
376362
380079
378719
380813
387847
388947
392305
386070
388493
399076
399428
394411
395700
406754
406546
408465
408808
409829
416242
417403
421578
423750
426466
429811
433599
437566
441079
442585
447211
306722
310330
312753
310831
313333
315736
315538
318116
320253
322162
319739
321550
326695
327871
323426
324834
331769
331307
333235
328880
330395
337282
337039
335730
336067
341978
341510
343119
344353
346707
347754
348394
354728
356354
353923
356511
363602
366206
363075
366654
369917
371536
376015
376359
380081
378717
380814
387847
388940
392312
386064
388494
399076
399429
394410
395691
406758
406544
408465
408806
409826
416242
417399
421578
423751
426460
429801
433594
437561
441080
442577
447207
306705
310331
312753
310829
313327
315737
315537
318117
320253
322166
319736
321550
326697
327875
323424
324824
331773
331307
333238
328878
330397
337285
337048
335724
336066
341979
341507
343119
344346
346707
347750
348388
354731
356356
353916
356495
363600
366206
363073
366645
369918
371536
376015
376357
380084
378714
380814
387849
388933
392319
386058
388495
399077
399430
394409
395683
406762
406542
408465
408805
409823
416242
417395
421578
423745
426453
429791
433587
437556
441080
442569
447204
306687
310331
312754
310826
313317
315739
315536
318117
320253
322172
319733
321551
326699
327879
323422
324816
331778
331307
333242
328876
330398
337288
337057
335718
336064
341979
341505
343121
344338
346708
347745
348382
354734
356358
353909
356477
363600
366206
363069
366635
369918
371536
376016
376355
380086
378712
380816
387850
388925
392328
386051
388496
399077
399432
394409
395674
406766
406540
408466
408803
409819
416243
417390
421578
423739
426445
429779
433581
437551
441080
442560
447201
306668
310332
312755
310824
313310
315740
315535
318117
320254
322178
319730
321552
326703
327883
323420
324808
331784
331307
333245
328875
330401
337291
337065
335712
336063
341979
341503
343123
344329
346710
347740
348375
354737
356359
353903
356459
363600
366207
363066
366625
369918
371536
376016
376352
380089
378709
380818
387852
388917
392336
386043
388496
399078
399433
394409
395665
406772
406537
408466
408801
409816
416243
417385
421578
423732
426437
429768
433573
437546
441080
442551
447197
306648
310333
312756
310822
313303
315742
315535
318109
320254
322184
319727
321553
326705
327888
323418
324799
331789
331308
333249
328873
330402
337295
337074
335707
336061
341978
341500
343124
344320
346710
347735
348368
354738
356360
353897
356439
363601
366207
363063
366614
369919
371536
376017
376350
380091
378705
380819
387854
388909
392345
386043
388498
399078
399435
394408
395656
406777
406534
408466
408798
409812
416243
417380
421576
423724
426429
429755
433567
437542
441080
442541
447193
306627
310334
312756
310820
313290
315743
315534
318109
320255
322190
319724
321554
326709
327892
323417
324800
331795
331309
333252
328872
330406
337298
337082
335702
336059
341977
341498
343124
344311
346711
347729
348357
354740
356360
353890
356419
363601
366207
363059
366602
369919
371534
376017
376347
380094
378702
380821
387856
388900
392355
386025
388500
399077
399436
394408
395646
406783
406531
408466
408795
409808
416243
417374
421576
423725
426422
429742
433561
437540
441080
442529
447188
306601
310312
312752
310815
313274
315747
315537
318112
320257
322203
319728
321560
326714
327904
323425
324803
331809
331315
333264
328879
330409
337306
337097
335702
336061
341981
341497
343125
344301
346711
347721
348342
354743
356354
353879
356392
363577
366201
363050
366587
369908
371535
376018
376347
380100
378703
380827
387861
388902
392371
386018
388512
399082
399446
394415
395649
406796
406530
408470
408795
409809
416244
417369
421565
423712
426410
429727
433547
437528
441079
442518
447187
306602
310316
312759
310817
313275
315749
315531
318095
320241
322203
319715
321532
326695
327898
323411
324776
331802
331310
333256
328867
330388
337302
337095
335690
336048
341978
341493
343125
344291
346714
347715
348335
354753
356360
353880
356394
363579
366209
363051
366588
369909
371535
376018
376342
380098
378692
380810
387849
388888
392370
386009
388489
399069
399437
394405
395629
406795
406522
408465
408787
409798
416236
417361
421565
423715
426410
429713
433547
437528
441079
442505
447178
306579
310317
312760
310816
313269
315750
315532
318096
320243
322210
319712
321533
326697
327903
323409
324777
331808
331312
333258
328866
330393
337305
337102
335685
336040
341982
341491
343127
344279
346716
347708
348318
354762
356358
353874
356370
363580
366208
363046
366573
369909
371535
376019
376339
380101
378688
380815
387850
388880
392378
386001
388493
399065
399440
394405
395620
406803
406517
408465
408784
409795
416236
417355
421563
423703
426399
429698
433536
437527
441079
442491
447173
306554
310318
312761
310814
313269
315752
315533
318097
320244
322218
319709
321535
326700
327907
323408
324779
331814
331313
333261
328866
330398
337308
337109
335680
336028
341989
341489
343128
344268
346717
347699
348303
354766
356356
353868
356346
363581
366208
363041
366561
369910
371537
376019
376336
380104
378682
380817
387853
388871
392386
385993
388499
399059
399442
394405
395608
406811
406512
408466
408779
409790
416234
417347
421563
423699
426388
429681
433529
437525
441078
442475
447168
306528
310320
312761
310813
313266
315754
315533
318098
320246
322225
319706
321536
326704
327911
323407
324780
331821
331315
333263
328865
330402
337310
337115
335674
336016
341999
341486
343130
344256
346719
347690
348287
354776
356353
353863
356320
363582
366208
363037
366546
369905
371539
376020
376332
380107
378677
380819
387854
388863
392393
385985
388504
399052
399444
394405
395596
406820
406507
408466
408775
409785
416233
417340
421563
423691
426378
429664
433515
437523
441078
442459
447163
306502
310322
312761
310810
313266
315756
315534
318083
320247
322232
319703
321538
326708
327915
323406
324782
331825
331316
333265
328865
330405
337311
337121
335668
336004
342007
341483
343131
344243
346721
347679
348273
354780
356349
353858
356294
363585
366208
363031
366531
369906
371540
376020
376328
380110
378671
380825
387857
388854
392401
385976
388511
399044
399447
394405
395584
406828
406500
408467
408770
409778
416230
417332
421560
423681
426365
429645
433507
437523
441077
442441
447158
306473
310325
312759
310810
313248
315755
315536
318084
320250
322240
319701
321543
326715
327920
323407
324786
331833
331318
333268
328866
330413
337313
337127
335663
335994
342015
341480
343132
344229
346725
347666
348259
354784
356344
353853
356266
363587
366207
363025
366515
369893
371542
376021
376324
380112
378665
380832
387858
388844
392407
385968
388518
399035
399449
394404
395571
406838
406493
408467
408764
409772
416225
417324
421559
423682
426358
429625
433491
437516
441076
442422
447153
306436
310295
312748
310802
313227
315763
315544
318088
320254
322260
319715
321555
326726
327938
323427
324798
331855
331331
333289
328886
330425
337325
337146
335668
335996
342028
341482
343132
344218
346725
347649
348239
354785
356328
353838
356228
363552
366195
363007
366493
369876
371545
376021
376325
380121
378670
380842
387865
388847
392431
385979
388531
399041
399469
394421
395579
406861
406492
408478
408765
409775
416226
417318
421545
423668
426340
429603
433471
437500
441075
442404
447151
306441
310305
312761
310807
313228
315764
315536
318063
320232
322253
319693
321514
326693
327922
323403
324757
331833
331320
333267
328864
330391
337311
337136
335647
335975
342023
341477
343122
344205
346728
347640
348243
354798
356335
353846
356233
363562
366209
363011
366495
369878
371547
376022
376315
380115
378649
380828
387842
388825
392417
385947
388495
399016
399453
394402
395546
406855
406475
408468
408751
409757
416212
417306
421545
423669
426340
429583
433472
437500
441074
442381
447138
306409
310309
312761
310808
313227
315762
315540
318066
320233
322259
319693
321523
326696
327924
323404
324760
331839
331324
333268
328867
330398
337311
337141
335641
335969
342025
341477
343112
344192
346730
347625
348231
354804
356327
353841
356202
363564
366207
363005
366475
369863
371551
376022
376310
380117
378643
380836
387846
388819
392423
385941
388502
399017
399458
394405
395535
406868
406467
408470
408745
409755
416205
417296
421540
423657
426326
429559
433453
437499
441073
442359
447132
306378
310312
312759
310806
313228
315765
315543
318058
320236
322267
319691
321526
326698
327926
323406
324763
331841
331326
333269
328868
330405
337309
337147
335633
335963
342023
341477
343102
344178
346731
347609
348221
354814
356318
353837
356171
363567
366206
362996
366456
369864
371557
376022
376304
380120
378636
380847
387846
388807
392428
385932
388504
399019
399463
394405
395521
406878
406456
408472
408738
409745
416194
417286
421537
423645
426309
429534
433438
437497
441072
442335
447126
306342
310315
312757
310808
313227
315763
315548
318060
320239
322273
319690
321534
326703
327929
323408
324769
331848
331328
333271
328873
330406
337308
337153
335626
335964
342022
341478
343089
344165
346734
347594
348210
354816
356308
353833
356138
363569
366205
362989
366436
369847
371560
376023
376299
380120
378628
380857
387847
388794
392431
385923
388495
399024
399467
394406
395506
406890
406444
408473
408730
409736
416184
417275
421537
423633
426309
429508
433415
437492
441071
442310
447118
306293
310275
312737
310795
313200
315775
315565
318066
320246
322303
319719
321552
326719
327954
323447
324791
331879
331350
333306
328908
330427
337321
337180
335638
335979
342029
341485
343091
344166
346720
347572
348190
354788
356278
353812
356089
363524
366183
362960
366405
369824
371564
376023
376300
380133
378640
380879
387857
388802
392466
385947
388509
399050
399500
394436
395519
406923
406444
408492
408733
409741
416186
417269
421517
423617
426286
429478
433387
437483
441069
442287
447116
306300
310290
312757
310806
313203
315773
315551
318031
320216
322286
319684
321495
326670
327925
323408
324732
331837
331328
333268
328872
330374
337295
337161
335605
335953
342008
341480
343075
344148
346723
347561
348199
354806
356288
353828
356096
363540
366206
362969
366412
369828
371571
376019
376285
380121
378610
380864
387818
388771
392436
385899
388441
399025
399476
394405
395471
406907
406417
408478
408711
409716
416166
417253
421516
423618
426286
429451
433389
437483
441067
442258
447095
306258
310295
312757
310807
313194
315768
315560
318038
320221
322291
319686
321503
326675
327925
323412
324741
331841
331333
333270
328878
330380
337293
337166
335597
335955
342002
341481
343060
344130
346727
347543
348189
354808
356275
353825
356059
363543
366202
362962
366386
369807
371579
376020
376279
380120
378602
380876
387819
388763
392439
385892
388446
399029
399483
394409
395459
406922
406405
408480
408703
409706
416155
417239
421515
423602
426285
429420
433361
437476
441068
442230
447083
306202
310246
312730
310791
313164
315783
315586
318044
320230
322329
319727
321530
326696
327957
323467
324778
331882
331363
333316
328928
330406
337311
337203
335615
335979
342006
341493
343061
344132
346713
347517
348166
354769
356233
353799
356003
363489
366173
362926
366349
369779
371588
376020
376278
380136
378622
380905
387833
388773
392481
385929
388470
399055
399527
394451
395482
406963
406405
408506
408708
409713
416157
417235
421500
423584
426259
429382
433328
437470
441065
442205
447080
306213
310270
312757
310803
313167
315783
315567
318002
320192
322304
319683
321461
326634
327916
323417
324705
331821
331331
333267
328879
330337
337275
337177
335572
335945
341974
341489
343041
344109
346717
347507
348183
354790
356245
353819
356018
363512
366203
362938
366353
369791
371598
376015
376259
380119
378585
380880
387780
388734
392440
385868
388393
399015
399497
394410
395421
406937
406371
408489
408679
409681
416132
417215
421500
423585
426258
429350
433327
437469
441064
442172
447050
306167
310276
312759
310807
313167
315776
315578
318011
320198
322308
319687
321475
326643
327914
323424
324722
331825
331343
333267
328889
330350
337273
337182
335562
335949
341967
341492
343021
344088
346722
347487
348174
354791
356225
353815
355977
363514
366198
362928
366320
369765
371608
376017
376252
380118
378580
380902
387783
388737
392442
385865
388406
399015
399509
394417
395423
406956
406358
408493
408670
409675
416123
417196
421476
423566
426251
429311
433294
437467
441064
442144
447030
306171
310286
312760
310803
313168
315780
315586
318012
320201
322317
319689
321485
326646
327909
323433
324729
331816
331344
333269
328892
330356
337264
337191
335550
335943
341950
341496
343003
344066
346722
347466
348178
354797
356203
353809
355968
363527
366198
362913
366291
369767
371619
376013
376240
380118
378574
380919
387760
388722
392443
385855
388416
399000
399525
394415
395404
406964
406339
408499
408658
409654
416105
417179
421473
423546
426224
429270
433274
437464
441060
442110
447007
306121
310289
312758
310809
313171
315769
315596
318018
320207
322316
319688
321503
326653
327902
323436
324736
331818
331339
333267
328898
330359
337254
337195
335536
335947
341941
341497
342979
344044
346728
347452
348179
354800
356184
353807
355929
363535
366196
362902
366292
369739
371628
376018
376232
380112
378564
380937
387743
388701
392436
385843
388427
398982
399544
394401
395386
406976
406315
408500
408644
409639
416090
417156
421464
423528
426224
429228
433235
437461
441065
442083
446971
306047
310222
312712
310778
313158
315796
315641
318036
320223
322376
319763
321550
326681
327954
323534
324810
331877
331393
333354
328982
330404
337282
337258
335572
335987
341950
341517
342983
344047
346705
347422
348153
354739
356114
353766
355859
363459
366142
362842
366239
369705
371641
376018
376228
380136
378604
380989
387764
388724
392505
385913
388478
399008
399628
394459
395434
407032
406324
408547
408656
409648
416093
417158
421453
423505
426188
429177
433193
437455
441042
442054
446964
306068
310261
312760
310800
313162
315793
315609
317974
320168
322332
319690
321448
326585
327886
323453
324693
331777
331335
333279
328892
330294
337217
337217
335501
335923
341897
341506
342955
344013
346705
347415
348182
354766
356131
353796
355885
363494
366195
362865
366252
369712
371654
376005
376198
380109
378552
380939
387680
388668
392435
385819
388375
398928
399596
394374
395342
406980
406273
408518
408610
409598
416058
417131
421452
423490
426187
429133
433196
437456
441038
442014
446913
306012
310265
312763
310805
313164
315777
315623
317987
320178
322332
319692
321468
326596
327880
323460
324706
331780
331332
333287
328897
330308
337206
337228
335483
335927
341889
341506
342928
343984
346710
347403
348185
354768
356104
353792
355842
363503
366189
362851
366218
369679
371668
376012
376190
380103
378545
380968
387659
388652
392432
385813
388392
398904
399622
394361
395343
406994
406251
408522
408597
409582
416046
417102
421426
423465
426188
429083
433150
437450
441044
441988
446865
305925
310184
312703
310763
313162
315813
315683
318011
320203
322410
319792
321537
326635
327953
323589
324810
331857
331407
333404
329005
330372
337249
337314
335533
335976
341905
341535
342937
343987
346682
347369
348157
354689
356015
353738
355764
363411
366114
362772
366152
369640
371688
376008
376186
380136
378602
381039
387685
388689
392520
385907
388466
398936
399726
394438
395413
407060
406270
408580
408616
409594
416050
417106
421425
423439
426147
429019
433100
437443
441001
441956
446849
305958
310233
312763
310788
313169
315813
315642
317936
320135
322357
319700
321411
326517
327869
323485
324665
331729
331328
333314
328885
330233
337165
337265
335440
335889
341841
341519
342905
343939
346663
347371
348197
354720
356033
353773
355792
363458
366178
362800
366166
369662
371707
375992
376148
380105
378540
380979
387578
388619
392436
385790
388343
398834
399679
394333
395300
406989
406207
408541
408559
409529
416008
417075
421424
423416
426132
428968
433103
437446
441000
441910
446785
305893
310235
312770
310795
313169
315797
315658
317955
320152
322356
319701
321439
326533
327865
323487
324684
331735
331341
333322
328887
330245
337161
337279
335414
335892
341839
341521
342871
343899
346672
347358
348201
354685
355997
353771
355744
363469
366168
362788
366120
369626
371721
376004
376139
380097
378533
381010
387553
388624
392432
385782
388369
398808
399701
394317
395297
407009
406192
408540
408546
409509
416000
417038
421387
423388
426133
428905
433046
437439
441005
441884
446719
305790
310135
312693
310741
313171
315846
315733
317985
320185
322457
319833
321533
326592
327965
323648
324824
331846
331435
333468
329029
330331
337226
337388
335483
335951
341872
341560
342882
343881
346648
347321
348164
354582
355883
353705
355652
363354
366069
362698
366039
369579
371742
375999
376136
380141
378610
381102
387590
388669
392548
385905
388469
398854
399823
394422
395385
407100
406221
408610
408578
409524
416005
417044
421387
423356
426084
428830
432983
437430
440958
441843
446692
305831
310197
312770
310763
313180
315858
315676
317888
320107
322397
319715
321375
326449
327871
323506
324642
331685
331340
333353
328875
330149
337130
337321
335364
335832
341800
341540
342841
343815
346633
347324
348214
354622
355904
353752
355690
363415
366146
362737
366052
369609
371762
375989
376093
380102
378536
381027
387455
388584
392450
385756
388317
398730
399752
394293
395232
407012
406152
408557
408510
409440
415955
417008
421387
423327
426048
428773
432988
437433
440961
441790
446610
305752
310137
312781
310784
313182
315831
315689
317920
320134
322395
319721
321416
326476
327876
323497
324668
331713
331373
333348
328882
330170
337151
337326
335335
335835
341820
341546
342790
343764
346652
347301
348188
354582
355862
353753
355630
363418
366133
362730
365988
369562
371783
376012
376085
380089
378535
381066
387463
388595
392447
385756
388354
398736
399770
394285
395239
407046
406151
408552
408502
409426
415956
416965
421343
423293
426047
428700
432909
437427
440963
441755
446530
305765
310157
312784
310773
313188
315856
315708
317930
320141
322418
319735
321426
326481
327883
323507
324680
331699
331372
333362
328878
330121
337141
337344
335308
335799
341809
341552
342754
343709
346657
347277
348199
354551
355802
353741
355637
363435
366118
362707
365961
369568
371805
376013
376063
380090
378545
381094
387420
388573
392459
385744
388369
398697
399792
394277
395206
407036
406141
408559
408487
409380
415920
416935
421345
423256
425999
428633
432852
437425
440953
441701
446461
305693
310161
312798
310796
313189
315835
315723
317957
320155
322411
319730
321451
326501
327875
323486
324697
331719
331382
333350
328869
330128
337151
337340
335262
335787
341826
341554
342690
343664
346682
347260
348189
354515
355764
353749
355580
363447
366109
362704
365912
369516
371822
376040
376053
380067
378536
381136
387425
388563
392446
385728
388410
398677
399793
394255
395197
407038
406143
408548
408470
409355
415902
416889
421300
423223
425997
428563
432768
437417
440954
441660
446373
305704
310181
312800
310784
313195
315861
315742
317963
320168
322436
319744
321469
326511
327887
323498
324707
331706
331393
333363
328861
330070
337151
337358
335229
335746
341813
341563
342645
343609
346687
347233
348197
354483
355702
353738
355589
363469
366094
362680
365863
369520
371848
376038
376030
380067
378548
381177
387385
388566
392457
385714
388425
398640
399811
394248
395168
407017
406145
408563
408445
409308
415861
416858
421300
423179
425944
428492
432702
437414
440934
441599
446299
305682
310185
312816
310821
313201
315825
315758
317996
320183
322412
319725
321488
326527
327869
323458
324713
331716
331377
333338
328836
330075
337152
337342
335167
335719
341826
341555
342572
343565
346718
347233
348198
354446
355674
353755
355537
363476
366088
362687
365867
369461
371877
376073
376021
380036
378528
381201
387387
388521
392432
385679
388443
398600
399797
394208
395137
407005
406131
408553
408404
409273
415834
416807
421254
423144
425946
428425
432608
437404
440941
441551
446201
305560
310068
312714
310752
313207
315898
315858
318035
320231
322559
319907
321606
326613
328024
323664
324894
331859
331514
333537
329026
330179
337255
337489
335261
335795
341885
341617
342582
343572
346719
347198
348155
354320
355536
353674
355427
363336
365959
362568
365767
369395
371906
376071
376013
380087
378633
381319
387448
388581
392589
385843
388572
398668
399941
394356
395268
407091
406199
408661
408435
409288
415846
416815
421256
423099
425876
428342
432513
437398
440910
441479
446154
305624
310153
312810
310794
313221
315909
315783
317918
320133
322478
319754
321388
326425
327908
323467
324642
331640
331391
333372
328807
329919
337136
337387
335087
335618
341789
341580
342504
343477
346694
347200
348204
354365
355557
353731
355473
363423
366066
362630
365796
369430
371934
376067
375961
380035
378542
381218
387292
388465
392459
385644
388365
398510
399830
394184
395077
406930
406125
408595
408318
409156
415789
416771
421255
423055
425827
428284
432506
437405
440907
441393
446056
305536
310062
312821
310834
313225
315874
315801
317961
320164
322479
319764
321436
326465
327926
323449
324672
331671
331434
333367
328815
329936
337178
337391
335041
335622
341830
341586
342429
343416
346730
347182
348165
354313
355509
353735
355405
363427
366049
362627
365729
369363
371955
376106
375960
380008
378543
381263
387311
388473
392457
385647
388411
398523
399838
394175
395094
406938
406138
408598
408286
409118
415800
416721
421200
423012
425809
428203
432386
437395
440919
441320
445958
305557
310089
312815
310824
313233
315916
315824
317969
320175
322515
319788
321446
326471
327946
323464
324680
331636
331439
333390
328798
329855
337179
337411
334997
335559
341816
341595
342379
343343
346733
347155
348178
354274
355431
353716
355415
363462
366026
362603
365730
369370
371981
376113
375936
380005
378566
381302
387265
388447
392476
385631
388421
398479
399854
394168
395065
406895
406132
408620
408239
409037
415768
416706
421202
422960
425741
428131
432301
437399
440910
441226
445883
305528
310051
312830
310868
313239
315894
315842
318012
320205
322507
319784
321474
326497
327938
323437
324699
331655
331449
333384
328780
329862
337202
337405
334932
335540
341846
341599
342290
343286
346775
347144
348140
354229
355385
353729
355352
363473
366005
362607
365677
369304
372005
376160
375933
379964
378559
381346
387272
388422
392461
385611
388456
398490
399843
394140
395072
406886
406130
408616
408189
408994
415771
416659
421139
422920
425703
428053
432177
437390
440925
441151
445774
305553
310083
312821
310856
313250
315945
315866
318017
320217
322548
319813
321482
326502
327957
323467
324702
331617
331446
333419
328759
329775
337185
337432
334892
335472
341816
341615
342239
343208
346758
347118
348152
354205
355293
353708
355363
363503
365974
362581
365679
369317
372038
376165
375908
379960
378592
381385
387224
388423
392484
385593
388474
398451
399860
394135
395036
406838
406125
408642
408136
408912
415725
416663
421143
422862
425627
427978
432087
437397
440912
441055
445694
305564
310079
312835
310906
313258
315922
315887
318062
320237
322537
319813
321516
326531
327939
323450
324721
331639
331432
333423
328744
329785
337189
337428
334831
335457
341837
341617
342151
343149
346802
347119
348117
354161
355239
353722
355304
363517
365956
362585
365681
369249
372066
376214
375905
379914
378591
381430
387236
388383
392474
385570
388510
398464
399846
394106
395042
406830
406114
408643
408078
408872
415725
416611
421076
422820
425586
427898
431955
437386
440923
440981
445575
305605
310115
312815
310882
313286
315993
315915
318007
320250
322597
319854
321498
326475
327966
323496
324700
331584
331422
333478
328727
329682
337152
337474
334799
335377
341785
341636
342114
343066
346760
347093
348140
354130
355130
353694
355324
363548
365929
362541
365683
369276
372101
376207
375874
379921
378638
381462
387177
388388
392509
385551
388520
398419
399870
394104
394997
406776
406105
408680
408017
408782
415671
416615
421079
422757
425499
427819
431865
437393
440892
440881
445497
315962
315938
318055
320270
322584
319858
321542
326507
327945
323482
324717
331610
331392
333486
328712
329694
337141
337475
334738
335365
341796
341633
342033
343005
346803
347095
348149
354076
355072
353705
355327
363557
365919
362540
365686
369217
372126
376250
375864
379886
378638
381492
387186
388346
392495
385530
388563
398431
399859
394071
394997
406772
406084
408686
407948
408743
415664
416556
421006
422712
425480
427735
431720
437381
440894
440808
445368
316067
315966
317965
320282
322676
319911
321468
326413
327995
323547
324663
331528
331380
333568
328695
329572
337086
337545
334711
335274
341714
341656
342027
342918
346715
347060
348197
354028
354947
353662
355357
363589
365895
362470
365627
369250
372163
376214
375814
379929
378686
381530
387108
388354
392540
385521
388571
398371
399903
394069
394948
406703
406072
408745
407874
408644
415603
416561
421008
422643
425378
427650
431633
437389
440834
440698
445298
316015
315979
318014
320298
322635
319889
321495
326426
327967
323494
324614
331529
331328
333542
328638
329553
337047
337525
334612
335232
341694
341642
341947
342847
346748
347056
348220
353959
354902
353684
355368
363596
365909
362483
365632
369258
372194
376256
375792
379913
378652
381567
387114
388307
392490
385474
388591
398320
399879
393996
394900
406672
406034
408741
407767
408591
415577
416485
420931
422593
425378
427564
431478
437395
440838
440621
445164
316221
316148
318041
320375
322946
320233
321693
326528
328282
323912
324902
331730
331529
333958
328987
329740
337179
337837
334836
335385
341741
341792
342074
342874
346688
347030
348262
353789
354678
353530
355266
363409
365720
362240
365493
369270
372229
376187
375743
380059
378823
381728
387185
388431
392768
385769
388769
398433
400147
394268
395127
406797
406138
408971
407811
408612
415589
416506
420940
422527
425248
427455
431344
437383
440734
440491
445143
316324
316006
317778
320214
322855
319986
321334
326157
328131
323638
324435
331318
331289
333737
328590
329281
336897
337689
334548
335052
341446
341727
341992
342671
346465
347007
348394
353830
354650
353573
355385
363580
365912
362284
365542
369412
372293
376140
375642
380069
378698
381546
386914
388285
392582
385448
388391
398166
399977
393982
394785
406491
405999
408884
407575
408382
415468
416447
420909
422446
425151
427388
431353
437411
440688
440362
445058
316285
316024
317858
320271
322861
320002
321407
326213
328185
323625
324460
331413
331320
333730
328603
329331
336923
337705
334492
335077
341454
341764
341923
342598
346576
347014
348400
353739
354587
353578
355303
363472
365924
362257
365463
369342
372327
376171
375633
380087
378683
381596
386951
388306
392564
385466
388456
398195
399992
393959
394810
406526
406005
408883
407511
408361
415479
416362
420818
422389
425151
427276
431154
437411
440674
440268
444928
316467
316036
317732
320282
322978
320047
321323
326093
328264
323691
324366
331313
331313
333829
328563
329185
336841
337777
334461
334954
341312
341814
341923
342487
346312
346969
348455
353683
354451
353512
355338
363523
365912
362155
365469
369401
372368
376129
375567
380166
378728
381611
386860
388321
392623
385446
388372
398116
400034
393950
394747
406429
405993
408941
407428
408223
415406
416347
420828
422296
425016
427184
431144
437422
440598
440118
444910
447317
453638
316401
316039
317818
320338
322949
320009
321386
326161
328263
323599
324375
331401
331320
333757
328526
329218
336871
337738
334365
334948
341349
341826
341788
342426
346521
346968
348416
353600
354425
353546
355244
363415
365930
362183
365394
369328
372397
376203
375568
380149
378686
381658
386903
388330
392555
385419
388420
398150
400002
393877
394757
406458
405981
408890
407352
408174
415419
416245
420725
422241
425017
427073
430932
437421
440608
440013
444769
447211
453619
316581
316044
317693
320356
323058
320042
321304
326154
328327
323639
324300
331304
331323
333844
328481
329070
336792
337796
334334
334797
341244
341858
341749
342318
346268
346905
348464
353546
354293
353483
355258
363452
365899
362107
365396
369379
372436
376189
375514
380206
378733
381679
386828
388352
392614
385400
388348
398083
400038
393865
394688
406366
405971
408932
407278
408019
415345
416222
420737
422134
424870
426977
430912
437436
440537
439826
444755
447260
453499
458402
465618
469150
316462
316045
317827
320423
323001
319977
321391
326264
328288
323496
324328
331428
331321
333726
328439
329132
336828
337721
334223
334790
341346
341837
341554
342264
346485
346895
348350
353456
354294
353543
355136
363325
365913
362188
365320
369263
372456
376311
375546
380150
378673
381722
386894
388354
392522
385371
388422
398129
399983
393775
394703
406420
405952
408847
407207
407971
415357
416104
420622
422076
424882
426860
430674
437422
440570
439707
444592
447163
453485
458351
465545
468940
316649
316045
317689
320454
323108
319989
321305
326280
328317
323523
324264
331327
331331
333805
328398
328976
336750
337769
334196
334616
341271
341849
341494
342142
346347
346828
348377
353404
354162
353486
355154
363386
365867
362133
365325
369312
372497
376322
375515
380178
378720
381738
386829
388370
392580
385355
388319
398094
400014
393760
394628
406328
405942
408878
407136
407799
415280
416080
420634
421957
424720
426761
430664
437434
440503
439485
444532
447212
453402
458125
465507
468852
316041
317884
320552
323017
319892
321427
326473
328205
323360
324301
331503
331321
333618
328358
329074
336795
337647
334072
334620
341443
341793
341257
342057
346604
346828
348184
353309
354189
353582
355002
363237
365874
362274
365331
369121
372516
376496
375592
380068
378651
381786
386944
388346
392455
385330
388384
398143
399931
393648
394651
406413
405910
408753
407067
407759
415294
415946
420504
421895
424738
426636
430395
437419
440558
439375
444321
447111
453321
458090
465421
468587
326509
328204
323487
324267
331411
331349
333723
328385
328931
336736
337717
334109
334448
341407
341806
341249
341904
346573
346784
348189
353260
354047
353530
354942
363285
365790
362215
365336
369145
372550
376515
375593
380062
378730
381805
386954
388366
392541
385368
388392
398162
399983
393677
394610
406344
405914
408810
407023
407591
415218
415950
420524
421771
424552
426526
430380
437405
440479
439080
444196
447181
453320
457866
465360
468537
326284
327625
322720
323620
331064
330906
332878
327709
328466
336395
337106
333482
333943
341279
341473
340720
341518
346638
346761
347931
353284
354187
353770
354951
363389
366029
362630
365410
369050
372597
376715
375656
379789
378446
381526
386844
388076
392000
384857
387952
397884
399496
393054
394113
406076
405623
408330
406676
407308
415108
415737
420366
421678
424575
426426
430180
437427
440589
438947
443936
447035
453158
457705
465203
468146
326960
327953
323179
324333
331833
331355
333241
328399
329203
336888
337369
333884
334469
341807
341647
340716
341699
347119
346851
347690
353034
354108
353748
354561
363008
365710
362590
365192
368713
372487
376895
375825
379749
378618
381803
387307
388292
392263
385390
388465
398299
399766
393434
394634
406569
405825
408495
406893
407537
415243
415666
420264
421613
424533
426244
429826
437237
440591
438740
443656
447072
453104
457697
465203
467911
326814
327989
323219
324169
331652
331304
333247
328358
328950
336748
337392
333867
334238
341648
341641
340662
341530
346905
346795
347717
352931
353954
353728
354576
363112
365635
362576
365216
368786
372511
376858
375785
379777
378658
381692
387228
388269
392287
385367
388242
398218
399779
393384
394498
406452
405740
408487
406807
407285
415115
415669
420279
421458
424334
426135
429832
437255
440498
438439
443514
447139
452859
457357
465069
467708
327002
327945
323039
324220
331854
331304
333091
328296
329108
336802
337251
333723
334293
341792
341592
340419
341473
347126
346822
347591
352768
354001
353843
354425
362982
365616
362716
365117
368642
372410
377074
375903
379698
378558
381750
387397
388288
392186
385341
388333
398296
399675
393228
394527
406567
405696
408361
406719
407292
415132
415507
420108
421394
424344
425971
429522
437217
440579
438279
443184
447065
452831
457319
464948
467355
326825
328058
323106
324063
331685
331226
333235
328219
328908
336624
337360
333730
334075
341615
341629
340431
341326
346897
346741
347670
352690
353744
353756
354475
363089
365528
362613
365141
368782
372434
376968
375825
379818
378605
381633
387304
388296
392290
385302
388128
398199
399749
393219
394410
406467
405630
408405
406628
407041
415001
415515
420135
421226
424124
425856
429514
437234
440453
437946
443054
447140
452660
456982
464795
467194
326969
328065
322934
324115
331875
331208
333163
328131
329035
336652
337266
333582
334132
341709
341595
340218
341280
347007
346771
347611
352571
353719
353833
354393
362958
365534
362644
365095
368795
372351
377134
375924
379826
378481
381693
387437
388323
392266
385230
388206
398273
399682
393064
394435
406559
405578
408309
406514
407038
415021
415347
419950
421155
424115
425675
429193
437221
440517
437741
442712
446993
452636
456817
464648
466838
326763
328186
323038
323946
331689
331146
333316
328074
328761
336472
337388
333617
333908
341463
341664
340248
341135
346721
346691
347716
352579
353376
353702
354485
363070
365458
362459
365142
368979
372384
376959
375819
380010
378522
381550
387304
388343
392417
385143
387971
398178
399785
393074
394282
406430
405525
408378
406404
406756
414877
415354
419991
420959
423877
425559
429183
437246
440359
437380
442611
447066
452474
456428
464470
466682
326930
328189
322893
323996
331858
331135
333214
328014
328853
336519
337271
333447
333982
341533
341631
340048
341099
346784
346717
347726
352486
353320
353783
354420
362919
365483
362469
365148
368993
372384
377100
375916
380073
378391
381603
387417
388386
392432
385040
388069
398280
399717
392908
394301
406512
405469
408278
406279
406737
414906
415175
419794
420877
423863
425360
428834
437231
440407
437165
442247
446877
452468
456219
464296
466325
326757
328325
323043
323813
331614
331110
333391
327979
328520
336349
337408
333521
333733
341261
341701
340151
340924
346467
346619
347863
352493
352920
353621
354513
363045
365379
362271
365194
369218
372428
376883
375802
380279
378437
381406
387284
388420
392627
384926
387798
398182
399827
392955
394116
406337
405454
408370
406161
406416
414746
415188
419876
420647
423592
425241
428859
437267
440203
436777
442203
446952
452329
455748
464092
466187
326983
328254
322816
323870
331814
331064
333196
327913
328655
336399
337227
333305
333828
341393
341588
339888
340854
346643
346623
347766
352371
352926
353790
354399
362834
365407
362401
365207
369108
372313
377053
375927
380323
378278
381462
387493
388447
392587
384809
387892
398288
399726
392773
394138
406435
405381
408211
406020
406407
414789
414984
419649
420556
423593
425028
428443
437254
440249
436579
441809
446690
452336
455577
463898
465787
326811
328536
323223
323841
331564
331172
333608
328046
328329
336294
337543
333552
333633
341115
341772
340180
340709
346386
346535
348013
352327
352531
353596
354447
362982
365197
362153
365235
369388
372341
376806
375830
380598
378439
381277
387424
388523
392928
384840
387637
398292
399956
392983
394017
406250
405468
408446
405955
406085
414641
415056
419791
420303
423245
424884
428474
437283
439950
436122
441792
446776
452368
455095
463684
465723
326111
327435
321769
322556
330724
330183
332200
326805
327461
335525
336482
332332
332825
340600
341060
339177
339973
346176
346080
347598
352102
352603
353890
354455
363099
365567
362797
365441
369441
372235
376908
375822
380215
377696
380573
387158
387907
392057
383791
386814
397746
399162
391930
393077
405675
404875
407595
405206
405559
414407
414672
419515
420145
423320
424770
428218
437415
440170
436022
441480
446421
452396
454658
463392
465078
327372
328227
322785
323953
332085
331075
333045
328039
328794
336455
337151
333081
333966
341449
341509
339488
340637
346956
346619
347599
351927
352678
353951
354054
362548
365064
362678
365152
369065
372109
377153
376241
380465
378098
381230
388143
388470
392759
384737
387782
398563
399765
392687
393985
406497
405382
408067
405620
406108
414752
414629
419387
420059
423231
424408
427532
437022
439978
435635
441005
446219
452323
454479
463261
464821
326978
328231
322997
323599
331542
330880
333266
327935
328151
336026
337311
333106
333544
340944
341488
339664
340408
346321
346315
347764
351940
352175
353740
354260
362810
364851
362464
365352
369364
372150
376678
376048
380708
378166
380865
387829
388353
392959
384584
387175
398278
399907
392741
393593
406109
405240
408225
405364
405592
414460
414711
419511
419723
422858
424336
427603
437099
439623
435174
441076
446334
451888
453785
462978
464738
327263
328119
322759
323697
331702
330859
333047
327884
328393
336132
337117
332896
333754
341066
341307
339455
340433
346486
346374
347645
351855
352265
353879
354204
362549
364868
362667
365433
369273
372103
376831
376305
380746
377930
380968
388080
388465
392969
384512
387269
398490
399873
392543
393601
406230
405189
408146
405144
405640
414548
414504
419210
419677
422869
424059
427110
436971
439648
434887
440587
446007
451892
453522
462742
464327
326933
328274
323108
323533
331313
330857
333400
327921
327937
335829
337361
333123
333390
340606
341387
339859
340269
345960
346186
347963
351907
351697
353549
354526
362727
364583
362305
365587
369604
372161
376219
376166
381087
378037
380679
387750
388495
393270
384409
386735
398306
400105
392689
393286
405949
405162
408408
404955
405144
414268
414628
419375
419309
422466
423950
427168
437034
439232
434374
440727
446231
451582
452801
462415
464296
327066
328053
322782
323592
331396
330701
333014
327803
328187
335874
337058
332860
333577
340768
341132
339525
340274
346188
346152
347795
351766
351848
353711
354549
362289
364679
362657
365720
369627
372071
376282
376434
381174
377718
380780
387963
388541
393226
384302
386839
398508
400016
392448
393297
406103
405014
408208
404735
405175
414351
414412
418977
419292
422514
423686
426617
436873
439253
434090
439861
445854
451500
452623
462144
463843
326797
328543
323569
323647
331009
331001
333808
328162
327771
335724
337678
333450
333295
340267
341478
340280
340303
345565
346077
348490
351867
351302
353230
354922
362473
364281
362091
365770
370190
372106
375527
376304
381718
378073
380564
387646
388791
393893
384425
386387
398521
400480
392885
393094
405780
405191
408731
404703
404648
414106
414672
419261
418894
421972
423493
426709
436911
438679
433448
440058
446212
451173
451871
461822
463939
325543
326848
321569
321960
329797
329564
331658
326496
326785
334524
335960
331780
332233
339501
340303
338706
339433
345214
345548
347401
351321
351467
353507
354942
362100
364684
362987
366045
370037
371704
375239
376285
380973
376740
379428
387001
387724
392331
382728
385172
397623
399190
391270
391723
404993
404210
407375
403562
403896
413689
414049
418629
418640
422282
423475
426415
437264
439142
433546
439530
445849
450876
451410
461362
462950
326933
327933
322964
323777
331256
330670
332682
328141
328505
335638
336794
332994
333801
340560
340924
339327
340550
345983
346096
347584
351339
351898
353670
354778
361360
364381
363207
366052
370110
371766
375550
377140
381521
377543
380620
388303
388730
393587
384315
386784
398960
400230
392449
393162
406183
404989
408165
404331
404754
414288
414196
418487
418692
422259
422955
425522
436519
438633
432900
438664
445524
450845
451160
461203
462799
326368
327926
323323
323527
330572
330512
333003
328162
327890
335154
337065
333349
333342
339913
340994
339861
340511
345228
345933
347979
351455
351238
353298
355201
361486
363805
362816
366161
370560
371576
374405
376872
381729
377757
380063
387688
388529
393847
384053
385926
398442
400356
392524
392589
405555
404760
408393
404046
403981
413815
414364
418631
418042
421797
422938
425703
436638
438090
432451
438878
446296
450475
450221
460746
462712
326130
327395
322912
323592
330370
330181
332393
328012
328139
334970
336510
332991
333549
339862
340525
339409
340516
345294
345814
347594
351245
351559
353581
355307
360920
363864
363654
366443
370772
371404
374495
377308
381651
377455
380139
387803
388535
393758
383905
386205
398645
400254
392184
392741
405782
404622
408182
403813
404120
413934
414125
418100
418183
421988
422679
425111
436333
438086
432201
438094
446245
450375
449954
460395
462126
325903
327882
323911
323871
330020
330529
333297
328595
327919
334989
337273
333907
333479
339425
341041
340550
340753
344657
345861
348657
351510
350944
353085
355872
361064
363221
363081
366540
371568
371281
373425
377271
382154
378176
379913
387371
388809
394699
384196
385771
398431
400939
392816
392594
405304
404812
408903
403853
403480
413580
414541
418522
417686
421298
422562
425314
436293
437213
431552
438167
446323
450021
448992
459942
462409
324264
325893
321949
322264
328573
328895
331010
326968
327008
333595
335354
332202
332503
338517
339651
338961
339855
344255
345245
347393
350729
351150
353364
355929
359988
363118
363748
366500
371043
370052
372576
376930
380926
376583
378412
386270
387249
392540
381884
384207
396949
399096
390580
390839
404161
403364
407025
402288
402553
412854
413573
417376
417209
421648
422625
425075
436694
437888
432091
437942
445852
449906
448572
459293
461148
325192
326663
323365
324124
329771
329854
331854
328628
328808
334606
336056
333440
334149
339487
340166
339604
340960
345103
345706
347657
350633
351786
353740
356217
359325
363334
364756
367045
371847
370617
373544
378287
381659
377742
379908
387746
388490
393963
384150
386505
398595
400452
392232
392966
405723
404463
408143
403520
403935
413745
413968
417298
417520
421711
422102
424150
435483
437084
431389
436788
445457
449700
448221
458997
460822
324635
326628
324013
324163
329041
329694
332271
328877
328302
334077
336417
333995
333816
338823
340387
340436
341025
344304
345539
348447
350728
350947
353377
357024
359244
362409
364071
367163
372333
370182
371800
377936
381776
378124
379289
387019
388298
394292
384159
385644
397832
400598
392559
392386
404711
404205
408447
403211
402849
412981
414184
417405
416465
420974
422128
424567
435408
436124
431066
437006
445659
449257
447228
458394
460713
323774
325634
323512
324140
328427
329109
331375
328737
328603
333667
335698
333581
334076
338672
339792
339813
341030
344380
345388
348050
350423
351326
353905
357494
358504
362475
365077
367671
372639
369798
372035
378450
381593
377763
379316
386901
387999
393523
383961
385959
397643
400020
392098
392701
404692
403935
407955
403034
403269
413183
413829
416580
416851
421466
421948
424108
434901
436161
431261
436345
443919
448973
446980
457744
459712
323615
326140
324829
324750
328019
329538
332485
329566
328482
333608
336687
334782
334140
338126
340462
341337
341456
343526
345461
349732
350607
350455
353339
358513
358769
361517
364436
368051
373571
369851
371035
378270
382218
378737
379125
386415
388577
394583
384785
385958
397414
400919
393354
392820
403863
404466
409229
403294
402409
412659
414580
417351
416089
420303
421740
424717
434449
434600
430516
436459
445176
448234
445916
457150
460189
322415
324321
323422
323912
326969
328046
330187
328344
328316
332424
334644
333272
333772
337660
339118
339627
341015
343714
345105
348203
349249
350837
353781
358164
356698
360004
364567
367325
371543
367050
368745
377373
380393
376758
377445
385263
386774
391569
382424
384836
395420
398170
390722
391120
402499
402529
406267
401199
401645
411744
412745
415130
415399
420947
421757
424108
434400
435366
431733
436409
444173
448085
446324
456356
458110
322279
324144
324166
325007
327088
328366
330433
329554
329704
332904
334982
334288
335057
338146
339414
340056
341786
344166
345611
348905
349129
351740
354911
359511
357256
360785
366866
368988
373321
368926
371205
378931
381434
378126
379155
386513
387810
392500
384707
387316
396683
399226
392613
393597
403921
403672
407396
402959
403500
412828
413324
415406
416385
421353
421514
423665
432857
434603
431403
435463
442830
447149
445994
455646
457509
322178
324156
325008
325603
326857
328505
330903
330177
329886
332673
335404
335126
335231
337804
339852
340958
342151
343647
345788
349817
348894
350991
354930
360236
356982
359618
366887
369311
373640
369393
369711
378973
381426
378599
379006
386148
387694
392659
385520
387347
396218
399507
393580
393731
403304
403728
408031
403233
403008
412271
413826
415884
415659
420449
421674
424308
432013
433135
431086
435512
443032
445739
445303
454772
457378
321541
323248
324700
325622
325959
327724
329686
329764
329930
331796
334198
334387
335141
337264
339099
340004
341771
343544
345606
349215
347473
350143
354754
359376
354308
356780
365623
367337
371190
365115
367063
377541
379474
376681
377503
384738
386076
390010
383937
386144
394255
396939
391368
392192
401572
401732
405468
401310
402203
410935
412060
413683
414612
420363
421345
423989
431086
433254
432066
435511
442506
445289
445580
454096
455777
320980
322268
324402
325776
325682
327346
328705
330152
330991
331819
333724
334742
336194
337727
339194
340010
342364
344800
346478
349960
348102
351646
357439
361426
355924
358867
369106
369788
373190
369332
370115
379431
380214
377885
379321
386057
386836
390122
386094
388429
395259
397420
392948
394677
403149
402738
405961
402927
404577
412077
412370
413851
416071
421422
421416
423718
429678
432924
432617
434997
441635
444287
446012
453252
454543
320920
322262
325081
326237
325554
327509
329179
330834
331377
331766
334271
335557
336491
337492
339759
340749
342511
344287
346550
350675
347654
350594
357523
361943
355857
357996
369009
369992
373562
369004
369358
379257
380203
378532
379321
385555
386614
390311
386939
388462
394624
397615
394062
394972
402280
402719
406622
403361
404099
411384
412956
414422
415480
420383
421765
424681
428534
430924
432338
435336
440980
442499
444979
452149
454074
321165
322343
325735
327095
325636
327649
329011
331468
332003
331588
333977
335676
336861
337196
339592
340330
342119
343983
346130
350198
345611
348454
356210
359943
352521
354235
366324
367171
370207
365391
366727
377368
378426
377081
378176
384048
385351
388401
385912
387680
392921
395621
392636
393965
400286
401151
404570
402001
403258
410051
411579
412449
414159
419454
421098
424614
426727
429852
432452
435322
439167
440845
444964
451336
452628
320361
321058
324707
326146
324665
326449
327356
330742
332062
330889
332866
335204
337302
337522
339677
340199
342786
345760
347808
351741
347539
351046
359547
362890
355432
357627
370131
370183
372716
368638
369446
378764
378832
378084
379517
384821
385559
387921
387357
389536
393285
395340
393704
396076
401462
401785
404363
403322
405584
410948
411673
412410
415821
421378
421840
424892
426102
430311
434177
435884
438525
440181
446296
450550
451107
320350
321121
325103
326386
324770
326829
327940
331376
332438
331170
333631
335955
337635
337316
340206
340737
342809
345071
347536
351994
346948
349927
358938
362784
355219
356757
369270
369608
372591
368541
368738
378223
378850
378871
379504
384092
385554
388441
388246
389344
392569
395787
395143
396304
400117
401803
405475
403840
404653
409961
412813
413057
414679
419529
421812
426105
424468
427132
433294
436238
437973
437416
444325
449471
450851
320413
321131
325127
326371
324635
326569
327424
331278
332479
330909
333153
335847
337732
337416
340304
340685
342883
345570
348001
352093
347092
350033
359177
362574
354918
356585
369068
369035
371296
368047
368600
377551
377936
378368
379332
383164
384695
387014
387994
389432
391478
394395
394716
396430
399037
401001
404283
403694
405008
409304
412451
411825
414675
419886
421884
426873
423702
427056
434509
436739
436678
436305
445345
448781
449400
320043
320704
324854
326015
324336
326161
327151
331274
332570
330757
333130
335946
337911
337484
340519
340778
343181
345948
348763
353585
347798
350740
360180
363674
355963
357400
369905
370426
373208
369021
368804
377619
378214
379318
379603
382850
384785
387524
389035
389625
390968
394847
396341
397092
398193
401392
405617
404493
404732
408541
413973
412730
414326
418729
422246
428354
422755
424607
434416
437673
436629
436808
444307
447811
449131
320856
321633
325904
327220
325649
327369
328367
332680
333880
331872
334001
336768
338781
337966
340723
340512
342883
345220
347489
350635
344591
347194
357089
360294
352496
353483
366337
366716
369265
366884
367259
376269
376870
378742
379239
382447
384250
386458
389287
390308
390403
393597
396066
397498
397672
400472
403976
403870
405213
407878
412856
410385
413489
418383
421186
426507
419417
422139
433666
436139
432926
435577
443691
446532
447246
320279
320964
324786
325997
324694
326406
327247
331413
332805
331154
333247
336195
338178
337810
340823
340984
343374
346234
348881
353253
347956
350718
359766
362668
356010
357192
368930
369024
371423
368629
368838
376662
376973
378969
379501
381925
383720
385414
389130
390356
389593
392731
396203
397901
396991
400285
403731
404343
405911
408010
413235
410751
414392
419510
422302
428698
420828
423385
435749
438151
432815
428748
443845
446158
446456
320123
320808
324596
325763
324558
326096
327037
331248
332799
331084
333104
336115
338323
338021
340951
340969
343599
346585
349279
353137
348055
350909
360274
362966
356495
357498
369127
369677
371499
368817
368842
376437
376876
379326
379491
381641
383528
385439
389747
390592
389149
392751
397184
398421
396408
400361
404354
404688
405780
407597
413787
410969
413838
418765
422655
429354
420042
421691
435790
439160
431647
426789
442664
445260
446020
320677
321478
325218
326522
325561
327105
328138
332253
333668
332064
333995
336817
338890
338359
341108
340947
343352
345896
348251
351719
346110
348738
357690
360444
354175
355120
366559
367124
369374
367534
368111
375645
376128
379116
379477
381765
383561
385074
390492
391568
389232
392215
397511
399350
396552
400096
403456
404548
406557
407595
412957
409308
413147
418423
421512
427375
417070
419359
434628
438317
430678
431333
442594
444058
444407
320622
321491
324956
326281
325531
327059
328139
332063
333526
332173
334033
336841
338835
338559
341175
341093
343403
346114
348377
351807
346720
349312
357965
360345
354494
355655
366436
367338
369299
367631
368282
375377
375972
379074
379554
381592
383455
384748
390862
391980
389128
391965
398032
400028
396405
400201
403423
404909
407004
407694
412894
408925
412662
418231
421241
427367
416359
418563
434678
438406
433521
429726
442248
443396
443619
320401
321176
324356
325616
325050
326498
327651
331281
332838
331758
333740
336478
338475
338512
341337
341540
343887
346706
349169
352792
348387
350898
359189
361672
356480
357764
367589
368368
369969
368571
369159
375628
375897
378868
379378
381189
382646
383467
389977
391279
388035
390474
397098
399401
395652
399391
402288
404475
407377
407865
413062
409161
413842
420083
422933
428844
418174
420297
436693
439033
432604
428240
443135
443031
442572
320372
321196
324185
325424
325064
326516
327655
331100
332771
331874
333759
336353
338512
338698
341346
341547
344050
346946
349203
352699
348612
351279
359005
361466
356868
358117
367328
368158
369964
368633
369188
375457
375830
378860
379233
380970
382535
383298
390093
391222
387962
390457
397423
399616
395447
399429
402383
404482
407413
407660
413308
409006
413588
419814
422901
428941
417978
419687
436500
439053
431679
428891
442625
442282
442063
320686
321645
324611
325942
325761
327214
328446
331841
333386
332618
334396
336869
338868
339029
341395
341479
343679
346376
348388
351307
347142
349841
357004
359155
354651
355680
365220
366563
368632
367496
368464
374821
375475
378691
379363
381280
383001
383917
391256
392343
388852
391095
398583
400987
396227
400017
402727
404879
407993
407707
412866
407586
411799
418296
420990
426466
414886
416900
434410
437156
429306
428156
441219
441179
441109
320498
321394
324099
325358
325339
326766
327988
331165
332750
332280
334127
336558
338552
339041
341525
341890
344107
346943
349205
352234
349142
351412
358315
360754
357061
358360
366629
367559
369449
368358
369282
375093
375528
378455
379149
380866
382315
382918
390046
391222
387819
389826
397339
399817
395290
399188
401880
404376
407965
407857
413169
408524
413189
420104
422596
428210
417394
419155
436103
438122
430347
428312
441919
440988
440397
320458
321400
323986
325232
325347
326770
327981
331056
332699
332337
334146
336475
338589
339170
341549
341902
344231
347113
349291
352095
349368
351685
358343
360666
357171
358482
366483
367563
369425
368410
369247
374920
375489
378399
378976
380696
382132
382823
389957
391042
387722
389664
397365
399840
395247
399036
401792
404253
408065
407840
413151
408436
413090
420126
422723
428009
417294
418944
435872
437849
429951
426460
441209
440349
439904
320657
321687
324240
325541
325788
327266
328517
331520
333057
332820
334591
336782
338785
339325
341569
341873
344016
346676
348693
351310
348512
350822
357161
359414
356072
357360
365259
366485
368420
367695
368824
374467
375244
378222
378976
380949
382513
383394
390726
391777
388604
390426
398258
400832
396065
399624
402242
404569
408346
407822
412673
407575
411873
418783
421135
425996
415181
417074
434050
436587
429856
427203
440133
439416
439158
320658
321710
324121
325414
325801
327302
328540
331435
332969
332904
334633
336800
338746
339427
341600
341990
344085
346776
348736
351292
348883
351110
357198
359383
356354
357704
365179
366430
368363
367704
368895
374250
375190
378026
378863
380817
382404
383318
390397
391518
388568
390336
398062
400646
396086
399595
402113
404590
408304
407932
412541
407719
411917
418803
421096
425783
415309
417209
433773
436287
429807
426831
439549
438883
438592
320626
321664
323883
325151
325665
327145
328409
331108
332637
332793
334571
336683
338603
339448
341709
342281
344374
347092
349157
351778
349799
351912
357714
359969
357289
358789
365727
366903
368734
368218
369397
374386
375236
377838
378718
380594
382017
382868
389508
390752
388029
389694
397140
399662
395531
399059
401673
404304
408010
408019
412638
408407
412700
419566
422043
426665
416858
418647
434487
436392
428545
426089
439537
438702
438159
320638
321698
323783
325067
325684
327116
328415
331013
332644
332902
334598
336603
338636
339542
341723
342305
344479
347215
349190
351723
350000
352146
357727
359929
357434
359000
365608
366865
368720
368236
369357
374253
375178
377724
378574
380470
381933
382875
389244
390510
388019
389638
396928
399465
395607
398945
401510
404231
408025
408054
412467
408447
412793
419553
422045
426403
416958
418721
434103
436145
428320
425967
438824
438187
437706
320732
321863
323893
325222
325975
327429
328795
331267
332832
333216
334905
336785
338742
339618
341727
342282
344307
346889
348770
351190
349441
351579
356935
359104
356707
358273
364750
366119
368029
367661
368975
373935
374982
377519
378526
380609
382200
383331
389667
390944
388709
390342
397565
400050
396343
399450
401949
404483
408107
407975
412073
407946
411931
418321
420848
424805
415416
417372
432544
435235
428174
426347
437731
437394
437108
320767
321896
323812
325134
326016
327471
328824
331198
332776
333315
334959
336805
338723
339703
341739
342396
344360
346945
348799
351151
349711
351801
356923
359024
356918
358477
364659
366039
367995
367642
369007
373802
374917
377318
378434
380512
382170
383319
389350
390687
388729
390353
397335
399745
396427
399434
401886
404479
408030
407983
411918
408186
411997
418294
420741
424586
415578
417552
432132
434942
427864
426197
437124
436904
436666
320821
321932
323713
324998
325969
327423
328774
331021
332598
333294
334965
336755
338622
339773
341792
342620
344543
347160
349101
351457
350379
352378
357246
359387
357620
359186
365033
366375
368306
367986
369343
373934
375005
377187
378340
380390
381978
383044
388683
390101
388411
390011
396631
398917
396125
399119
401604
404252
407739
407986
411921
408782
412495
418712
421291
425154
416735
418628
432502
434907
427142
425265
437119
436823
436541
320855
321947
323649
324950
326014
327438
328772
330968
332633
333366
334982
336746
338646
339870
341802
342632
344628
347259
349155
351394
350542
352571
357258
359339
357757
359301
364956
366379
368297
367987
369316
373865
374998
377059
378184
380345
381914
383045
388444
389895
388399
390014
396414
398685
396247
399033
401474
404225
407707
407994
411741
408871
412562
418683
421299
424910
416807
418682
432162
434639
426570
425112
436578
436320
436205
320912
322046
323719
325019
326166
327624
329013
331127
332766
333557
335189
336868
338708
339895
341818
342634
344523
346999
348896
351037
350141
352160
356716
358786
357253
358741
364329
365905
367786
367527
368941
373607
374849
376864
378057
380464
382046
383359
388697
390132
388864
390554
396799
399038
396780
399386
401812
404405
407675
407958
411487
408525
411922
417759
420527
423760
415652
417651
430971
433826
425712
424875
435620
435492
435699
320961
322094
323691
324962
326184
327666
329058
331095
332729
333626
335242
336891
338715
339925
341836
342735
344587
347037
348921
351115
350391
352349
356740
358781
357462
358967
364345
365867
367797
367566
368989
373601
374853
376714
377950
380460
381986
383347
388394
389829
388895
390584
396468
398723
396755
399395
401788
404346
407496
407971
411429
408712
412061
417758
420486
423733
415874
417918
430717
433623
426191
424196
435559
434981
435506
321015
322154
323695
324932
326231
327721
329125
331109
332741
333725
335303
336928
338732
339955
341853
342821
344612
347040
348943
351127
350510
352441
356653
358687
357556
359059
364221
365771
367749
367536
368996
373516
374838
376577
377855
380455
381975
383381
388193
389640
388961
390676
396263
398584
396809
399451
401810
404319
407349
407994
411347
408759
412053
417595
420330
423525
415822
417972
430331
433424
425794
423866
435233
434439
435262
321073
322218
323701
324905
326269
327768
329194
331122
332756
333817
335366
336964
338749
339979
341870
342906
344669
347046
348970
351137
350621
352552
356654
358642
357653
359147
364117
365765
367713
367514
368999
373450
374829
376468
377784
380404
381937
383405
387984
389470
389017
390762
396051
398406
396846
399491
401832
404236
407200
408026
411292
408805
412047
417474
420296
423357
415799
418028
430015
433321
425304
424829
434396
433939
434995
321121
322276
323709
324883
326299
327821
329271
331143
332790
333916
335446
337004
338777
340000
341888
342971
344693
347038
348985
351119
350665
352603
356545
358530
357685
359181
363944
365674
367613
367445
368925
373362
374772
376347
377712
380341
381930
383452
387842
389370
389082
390857
395937
398301
396933
399546
401900
404187
407075
408070
411244
408715
411925
417301
420195
423107
415622
417890
429629
432472
424690
424040
433716
433360
434637
321246
322406
323766
324885
326303
327867
329344
331111
332768
333966
335491
337005
338751
339977
341932
343116
344811
347121
349125
351371
351049
352926
356699
358722
358097
359617
364120
365834
367858
367729
369152
373458
374867
376345
377729
380283
381863
383364
387496
389033
388939
390719
395506
397841
396724
399441
401813
403942
406806
408095
411326
408964
412091
417486
420418
423519
416272
418488
429907
432521
425401
424077
434123
433295
434834
321340
322425
323720
324892
326377
327894
329313
331097
332915
334101
335501
336960
338843
340061
341935
343082
344854
347214
349167
351369
351089
353043
356732
358662
358105
359689
364075
365786
367804
367694
369163
373399
374810
376252
377708
380255
381806
383317
387363
388972
388989
390723
395284
397734
396842
399471
401797
403775
406788
408218
411286
408748
412002
417513
420346
423368
416191
418506
429742
432200
425247
423951
433880
432812
434453
321350
322476
323754
324871
326383
327970
329446
331160
333029
334265
335650
337023
338903
340069
341950
343087
344776
347065
349036
351236
350802
352807
356477
358378
357817
359354
363661
365487
367494
367365
368887
373189
374668
376120
377601
380197
381829
383468
387461
389068
389208
391028
395427
397916
397104
399697
402099
403768
406752
408305
411298
408444
411579
417128
419989
422814
415377
417695
429036
431350
424569
423222
432973
432040
433846
321446
322571
323801
324856
326384
328010
329519
331159
333112
334409
335721
337023
338924
340076
341991
343137
344796
347087
349092
351356
350928
352903
356522
358402
357937
359443
363660
365490
367529
367405
368911
373172
374667
376119
377598
380108
381782
383480
387301
388939
389201
391049
395204
397756
397095
399738
402186
403536
406599
408412
411424
408335
411435
417173
420009
422891
415398
417709
428987
431250
424744
423416
432838
431748
433679
321535
322680
323858
324836
326367
328049
329613
331152
333222
334590
335804
337009
338945
340082
342043
343171
344799
347096
349132
351450
350925
352939
356528
358405
358009
359445
363560
365433
367523
367395
368904
373091
374637
376119
377601
379992
381733
383528
387196
388879
389222
391114
395040
397658
397127
399822
402331
403310
406451
408538
411580
408143
411174
417202
420005
422895
415256
417492
428849
431054
424640
423269
432549
431404
433446
321634
322810
323926
324814
326335
328082
329717
331124
333358
334810
335885
336972
338959
340088
342111
343197
344774
347107
349180
351569
350898
353013
356535
358395
358099
359422
363464
365378
367538
367410
368900
372992
374605
376140
377631
379850
381687
383557
387113
388840
389216
391166
394884
397569
397143
399904
402497
403061
406291
408681
411780
407929
410844
417296
420010
422927
415127
417237
428763
430895
424618
423157
432264
431119
433223
321749
322965
324001
324792
326292
328110
329829
331069
333532
335074
335959
336907
338969
340097
342198
343212
344733
347132
349235
351694
350841
353094
356550
358388
358200
359373
363368
365333
367528
367452
368905
372871
374553
376190
377699
379681
381648
383564
387065
388835
389192
391216
394731
397486
397164
399989
402679
402792
406126
408842
412018
407692
410439
417472
420021
422948
415011
416937
428737
430742
424632
423060
431974
430900
433009
321888
323148
324080
324769
326241
328133
329943
330976
333762
335393
336015
336809
338980
340108
342302
343216
344673
347189
349295
351817
350752
353207
356569
358361
358312
359343
363278
365304
367454
367538
368920
372725
374467
376271
377818
379485
381614
383520
387063
388856
389150
391263
394579
397403
397197
400084
402863
402505
405968
409013
412287
407440
409971
417719
420049
422951
414915
416593
428773
430594
424690
422974
431711
430698
432785
322063
323357
324154
324745
326193
328154
330049
330834
334067
335781
336032
336672
339005
340124
342418
343199
344597
347281
349358
351928
350626
353376
356589
358311
358421
359342
363200
365301
367309
367670
368976
372555
374339
376379
377986
379261
381579
383445
387074
388922
389084
391304
394431
397307
397258
400189
403027
402207
405822
409197
412575
407177
409460
418020
420097
422939
414844
416217
428846
430441
424758
422897
431485
430526
432511
322286
323598
324216
324721
326140
328173
330152
330629
334466
336251
335990
336501
339052
340145
342541
343171
344511
347399
349430
352026
350455
353633
356601
358231
358523
359327
363161
365266
367115
367836
369074
372376
374148
376525
378184
379032
381527
383329
387101
389055
388975
391339
394296
397187
397367
400294
403157
401916
405694
409404
412859
406916
408919
418373
420157
422902
414803
415838
428951
430328
424822
422844
431280
430369
432215
322562
323878
324267
324690
326077
328188
330244
330342
334978
336806
335864
336306
339119
340161
342657
343118
344406
347523
349497
352102
350230
354001
356577
358105
358628
359299
363199
365187
366867
368014
369216
372220
373884
376720
378369
378865
381453
383164
387167
389237
388820
391373
394187
397039
397512
400390
403238
401632
405526
409619
413111
406662
408346
418757
420199
422816
414807
415475
429026
429992
424867
422810
431104
430235
431920
322919
324187
324279
324647
326049
328219
330429
330015
335669
337461
335576
336091
339228
340190
342804
343329
344410
347755
349642
352215
350056
354603
356555
357928
358780
359335
363314
365098
366565
368202
369405
372049
373518
376874
378478
378741
381288
382825
387200
389379
388631
391304
394051
396874
397701
400499
403452
401488
405413
409897
413447
406615
407954
419375
420396
422860
415086
415390
429198
430154
424978
422906
430989
430147
431587
323723
324234
323780
324723
326517
328141
329670
329308
336901
338376
334733
335590
339652
340603
342496
342371
344249
348340
349627
351505
349319
355571
356686
357342
358414
359389
363745
365000
365860
368393
369982
372179
373032
376944
378897
379125
381259
382414
387498
389989
388792
391077
393782
396876
398148
400458
402837
400966
405643
410046
413134
405787
407100
419783
420084
421890
414796
415165
429439
429978
424704
423674
431091
430096
431145
323648
325022
324329
324389
326071
328211
330077
328628
337217
338860
334698
335892
339367
339969
342950
343151
343862
347855
349560
351845
349079
355760
355730
357573
359225
359174
363182
364936
365958
368812
369544
371578
373224
377610
378889
378610
381244
382632
387787
389686
388495
391493
394099
396543
397970
400597
403337
400722
404930
409727
413756
405889
406169
419648
420141
421845
414959
414144
428426
429632
425188
423803
430451
429923
431284
324308
325736
324221
324277
325854
328279
330513
327982
338643
339963
334037
335760
339558
339815
342951
343298
343990
348035
349759
352346
348850
357180
355330
357417
359369
359308
363091
364859
365775
369001
369628
371383
372943
377529
378848
378267
381033
382411
387665
389534
388394
391377
393999
396339
397905
400686
403822
400832
405512
409982
414294
406323
406214
420331
420497
422199
415787
414715
428954
429342
425328
422637
430230
429861
431252
323891
323762
322771
324147
326754
328300
329715
326982
337800
338472
332314
335556
340025
340588
342711
342630
343899
348871
349833
351772
348442
357432
355138
357050
359186
359392
363677
364785
365100
369145
370078
371469
372489
377447
378958
378749
380940
381828
387676
389901
388528
391012
393840
396225
398556
400593
403150
400601
405635
410092
414067
406291
406221
421206
420535
421576
415981
414934
428942
429198
425199
422313
430386
429787
430708
327164
327080
323625
324613
326873
328314
329754
326339
342020
342626
332301
335680
340109
340122
342605
342788
343694
348994
349687
351679
347154
360651
354747
356974
359352
359333
363952
364699
364709
369285
370105
371451
372579
377734
379103
379064
381001
381798
387772
389962
388628
390823
393726
395985
398619
400576
402982
400553
406240
409742
413821
405793
404780
420869
420258
421386
415908
414648
428622
429373
425244
422521
430452
429882
430793
)
;

boundaryField
{
    inlet
    {
        type            calculated;
        value           nonuniform List<scalar> 0();
    }
    outlet
    {
        type            calculated;
        value           nonuniform List<scalar> 0();
    }
    front
    {
        type            empty;
    }
    back
    {
        type            empty;
    }
    hub
    {
        type            calculated;
        value           nonuniform List<scalar> 
72
(
306844
310379
312749
310848
313413
315729
315547
318150
320278
322131
319754
321633
326698
327845
323435
324901
331735
331305
333212
328884
330412
337261
337002
335743
336084
341966
341520
343117
344412
346707
347779
348433
354744
356339
353964
356628
363687
366207
363092
366725
369943
371591
376014
376372
380069
378725
380845
387850
388980
392278
386084
388550
399072
399420
394409
395740
406736
406550
408467
408816
409848
416246
417425
421610
423785
426504
429881
433646
437610
441085
442625
447220
)
;
    }
    tip
    {
        type            calculated;
        value           nonuniform List<scalar> 
65
(
327164
327080
323625
324613
326873
328314
329754
326339
342020
342626
332302
335680
340109
340122
342605
342788
343694
348994
349687
351679
347154
360651
354747
356974
359352
359333
363952
364699
364709
369285
370105
371451
372579
377734
379103
379064
381001
381799
387772
389962
388628
390823
393726
395985
398619
400576
402982
400553
406240
409742
413821
405793
404780
420869
420258
421386
415908
414648
428622
429373
425244
422521
430452
429882
430793
)
;
    }
    procBoundary7to5
    {
        type            processor;
        value           nonuniform List<scalar> 
104
(
305594
310118
312822
310950
313269
313269
313305
313333
313375
313418
313450
313493
313532
313577
313619
313671
316445
316445
316042
317742
320576
323157
319929
321379
321379
320967
321663
321437
321590
321347
321459
321154
321218
320832
320910
320649
319650
320906
320205
320381
319947
320131
319866
318451
320276
319780
319887
319959
318581
320285
320161
320008
320386
319823
320501
320809
320801
320752
320777
321241
320639
320492
320536
320152
320634
320073
319852
320110
319946
319688
319538
319675
319500
319395
319447
319372
319337
319286
319271
319203
319214
319170
319097
319082
319078
319079
319059
319179
319219
319105
319127
319118
319104
319080
319045
318999
318937
318841
318717
318910
317993
317608
317170
316975
)
;
    }
    procBoundary7to6
    {
        type            processor;
        value           nonuniform List<scalar> 
58
(
304299
304299
304294
304296
304295
304290
304287
304284
304279
304278
304269
304263
304257
304251
304244
304236
304228
304214
304214
304206
304196
304186
304176
304166
304143
304148
304139
304127
304115
304083
304095
304085
304045
304064
304056
304042
304030
303968
304002
303994
303914
303956
303948
303847
303898
303898
303871
303876
303849
303868
303744
303823
303842
303821
303854
303832
303874
303842
)
;
    }
    procBoundary7to8
    {
        type            processor;
        value           nonuniform List<scalar> 
84
(
464637
464396
464205
463961
463788
463327
463255
463016
462729
462516
462200
461970
461625
461384
461003
460778
460049
459947
459599
459057
458683
458111
457831
456735
456698
456277
455651
455460
453996
454154
453770
452923
452974
451225
451403
451435
449977
450039
450073
448984
448877
449016
448241
448407
447684
447121
446961
446339
445788
444949
444508
444007
443072
442459
441890
441066
440249
439498
438784
437948
437298
436499
435602
434865
434236
433728
433208
433201
432841
432581
432815
432348
431830
431822
431753
431114
430650
430548
430426
430351
430428
430344
430229
430451
)
;
    }
    procBoundary7to9
    {
        type            processor;
        value           nonuniform List<scalar> 
71
(
447198
447198
447198
447198
447198
447198
447198
447198
447198
447198
447198
447198
447198
447198
447199
447199
447200
447205
447206
447209
447211
447214
447218
447221
447231
447232
447236
447240
447242
447257
447257
447259
447279
447279
447285
447292
447296
447330
447326
447329
447370
447362
447367
447417
447409
447416
447426
447434
447443
447445
447493
447460
447459
447471
447464
447477
447461
447465
447436
447429
447360
447384
447315
447257
447257
453758
458540
458581
458581
465697
469186
)
;
    }
}


// ************************************************************************* //
