/*--------------------------------*- C++ -*----------------------------------*\
| =========                 |                                                 |
| \\      /  F ield         | OpenFOAM: The Open Source CFD Toolbox           |
|  \\    /   O peration     | Version:  v2012                                 |
|   \\  /    A nd           | Website:  www.openfoam.com                      |
|    \\/     M anipulation  |                                                 |
\*---------------------------------------------------------------------------*/
FoamFile
{
    version     2.0;
    format      ascii;
    class       volScalarField;
    location    "1e-06";
    object      totalP;
}
// * * * * * * * * * * * * * * * * * * * * * * * * * * * * * * * * * * * * * //

dimensions      [1 -1 -2 0 0 0 0];


internalField   nonuniform List<scalar> 
10203
(
306885
310428
312804
310916
313490
315809
315625
318234
320365
322216
319826
321701
326761
327901
323478
324937
331763
331327
333228
328894
330418
337264
337004
335744
336085
341968
341522
343120
344414
346711
347782
348435
354745
356340
353965
356630
363691
366213
363101
366736
369957
371607
376031
376390
380087
378740
380857
387860
388987
392283
386086
388551
399074
399423
394416
395750
406755
406576
408496
408848
409887
416293
417475
421656
423831
426552
429930
433690
437649
441124
442666
447261
306887
310438
312827
310938
313504
315835
315656
318261
320384
322236
319847
321710
326773
327911
323486
324945
331767
331329
333229
328894
330418
337265
337005
335744
336084
341970
341524
343122
344414
346710
347782
348437
354746
356340
353965
356619
363681
366212
363100
366730
369954
371603
376033
376390
380088
378740
380851
387859
388986
392283
386086
388541
399076
399427
394424
395757
406766
406588
408514
408872
409905
416311
417497
421682
423854
426568
429942
433710
437669
441141
442679
447277
306899
310456
312856
310971
313532
315872
315691
318291
320418
322269
319872
321734
326794
327928
323497
324953
331774
331332
333232
328894
330417
337266
337007
335746
336085
341973
341527
343123
344413
346713
347782
348435
354740
356340
353963
356608
363670
366211
363100
366724
369951
371599
376035
376392
380090
378740
380852
387860
388985
392282
386086
388543
399080
399435
394435
395770
406786
406611
408539
408900
409936
416344
417526
421709
423883
426599
429966
433732
437691
441169
442707
447305
306890
310457
312858
310971
313531
315875
315693
318290
320417
322272
319873
321726
326795
327930
323497
324946
331776
331333
333233
328894
330418
337266
337007
335747
336084
341974
341527
343124
344409
346714
347781
348431
354741
356340
353962
356597
363661
366211
363099
366718
369947
371594
376035
376391
380091
378740
380847
387860
388981
392283
386084
388532
399081
399435
394436
395767
406787
406612
408540
408900
409936
416345
417527
421707
423880
426597
429963
433727
437687
441168
442704
447305
306910
310480
312884
310998
313557
315903
315717
318308
320433
322294
319888
321730
326801
327939
323500
324941
331779
331333
333232
328891
330408
337266
337007
335746
336081
341975
341527
343125
344405
346715
347782
348432
354741
356342
353962
356598
363663
366214
363101
366720
369950
371595
376037
376391
380092
378739
380838
387855
388974
392281
386084
388520
399081
399438
394440
395767
406797
406623
408553
408914
409949
416362
417543
421724
423897
426615
429974
433743
437703
441184
442719
447321
306913
310487
312903
311017
313569
315926
315739
318330
320453
322316
319904
321744
326814
327953
323509
324947
331788
331337
333238
328894
330409
337270
337012
335747
336081
341978
341527
343125
344401
346715
347779
348426
354733
356341
353957
356585
363650
366213
363100
366713
369946
371590
376040
376393
380095
378741
380840
387856
388975
392285
386086
388522
399085
399444
394447
395773
406807
406632
408562
408924
409959
416372
417552
421729
423902
426618
429975
433745
437705
441192
442724
447331
306903
310489
312906
311018
313566
315929
315740
318324
320449
322320
319903
321734
326816
327956
323508
324938
331791
331337
333240
328893
330410
337271
337015
335746
336079
341979
341526
343126
344395
346716
347777
348422
354734
356342
353954
356573
363645
366213
363099
366707
369947
371584
376040
376392
380096
378740
380835
387856
388969
392287
386085
388511
399086
399444
394446
395767
406809
406632
408563
408923
409957
416373
417550
421729
423901
426616
429970
433739
437701
441193
442720
447330
306905
310507
312925
311036
313576
315950
315757
318343
320466
322339
319915
321736
326826
327966
323513
324934
331798
331339
333244
328893
330410
337273
337018
335745
336077
341980
341525
343126
344389
346715
347774
348417
354735
356344
353950
356560
363636
366214
363099
366701
369948
371581
376042
376393
380099
378740
380837
387857
388964
392290
386083
388508
399087
399446
394448
395763
406814
406635
408567
408928
409960
416379
417553
421731
423904
426615
429967
433740
437701
441198
442721
447335
306894
310510
312928
311037
313573
315953
315760
318346
320470
322345
319914
321731
326829
327970
323512
324926
331802
331340
333247
328893
330412
337276
337023
335743
336075
341981
341523
343127
344383
346715
347771
348412
354736
356346
353945
356546
363624
366214
363097
366694
369949
371575
376043
376392
380101
378739
380837
387859
388959
392294
386080
388508
399088
399448
394449
395758
406817
406634
408568
408928
409959
416380
417550
421724
423897
426609
429959
433733
437696
441198
442715
447334
306911
310529
312950
311057
313591
315975
315777
318355
320477
322362
319922
321726
326830
327978
323513
324916
331806
331340
333247
328889
330400
337275
337023
335737
336071
341980
341520
343127
344376
346715
347769
348411
354737
356352
353941
356548
363627
366219
363100
366697
369952
371578
376046
376392
380103
378737
380826
387854
388950
392296
386072
388492
399084
399445
394446
395748
406819
406633
408568
408927
409955
416379
417549
421728
423900
426612
429954
433736
437698
441202
442712
447334
306908
310530
312967
311074
313597
315997
315797
318375
320495
322385
319936
321740
326844
327995
323523
324926
331820
331346
333257
328894
330403
337282
337033
335737
336071
341982
341518
343126
344368
346714
347763
348403
354728
356351
353932
356531
363611
366218
363097
366688
369947
371574
376049
376394
380109
378740
380831
387857
388952
392307
386072
388496
399088
399451
394450
395750
406826
406635
408570
408927
409956
416381
417546
421720
423892
426605
429944
433727
437690
441203
442706
447335
306895
310535
312972
311075
313594
316001
315798
318376
320499
322392
319936
321735
326849
328000
323522
324916
331825
331347
333261
328892
330404
337285
337040
335732
336069
341983
341516
343126
344361
346714
347759
348397
354730
356355
353925
356515
363611
366218
363095
366681
369949
371570
376050
376393
380112
378738
380831
387858
388945
392313
386066
388497
399088
399452
394449
395741
406829
406633
408570
408926
409953
416381
417542
421720
423893
426599
429934
433722
437686
441203
442699
447333
306894
310553
312991
311092
313604
316022
315816
318395
320515
322412
319946
321748
326862
328013
323527
324914
331835
331350
333267
328893
330407
337289
337049
335725
336068
341983
341513
343126
344352
346714
347754
348391
354732
356357
353919
356500
363611
366221
363095
366674
369952
371573
376053
376394
380117
378738
380834
387861
388938
392322
386059
388498
399088
399452
394448
395732
406833
406630
408569
408923
409948
416380
417537
421719
423886
426591
429923
433715
437680
441203
442690
447330
306880
310557
312996
311094
313601
316028
315819
318399
320520
322421
319946
321751
326866
328019
323527
324907
331841
331352
333271
328892
330409
337292
337058
335719
336066
341983
341510
343127
344344
346714
347749
348385
354735
356359
353912
356482
363611
366221
363093
366665
369953
371574
376054
376392
380120
378736
380836
387862
388931
392330
386052
388500
399089
399453
394447
395723
406837
406627
408569
408921
409945
416380
417532
421719
423879
426583
429912
433708
437675
441203
442682
447326
306878
310577
313016
311112
313611
316050
315838
318418
320537
322443
319958
321766
326881
328033
323533
324906
331853
331356
333278
328892
330414
337296
337067
335714
336064
341982
341507
343128
344334
346715
347744
348378
354738
356361
353906
356465
363614
366224
363093
366658
369958
371578
376059
376393
380126
378735
380840
387865
388924
392339
386044
388499
399088
399453
394445
395712
406840
406623
408567
408916
409939
416378
417525
421716
423870
426573
429898
433699
437668
441201
442671
447321
306863
310582
313021
311114
313611
316056
315841
318414
320542
322453
319958
321770
326887
328040
323533
324899
331859
331358
333282
328891
330415
337299
337076
335708
336062
341981
341504
343128
344325
346714
347738
348370
354739
356361
353900
356446
363615
366225
363090
366648
369959
371579
376060
376391
380129
378732
380841
387868
388916
392348
386044
388501
399089
399455
394444
395703
406845
406619
408566
408913
409935
416377
417519
421714
423862
426563
429885
433693
437665
441201
442660
447317
306860
310603
313042
311134
313616
316079
315862
318435
320560
322477
319971
321787
326903
328056
323541
324909
331872
331364
333290
328893
330421
337304
337085
335703
336060
341979
341501
343128
344314
346714
347731
348359
354741
356362
353895
356428
363617
366228
363090
366640
369964
371582
376065
376393
380135
378732
380846
387872
388908
392358
386027
388503
399087
399454
394442
395690
406849
406613
408563
408906
409927
416374
417510
421711
423859
426553
429869
433683
437659
441198
442647
447310
306838
310584
313041
311132
313608
316086
315867
318440
320567
322493
319977
321794
326911
328071
323551
324914
331888
331372
333303
328901
330426
337313
337100
335703
336062
341983
341500
343128
344305
346714
347723
348344
354744
356356
353884
356401
363594
366223
363081
366626
369954
371583
376066
376394
380142
378733
380852
387877
388910
392375
386019
388514
399091
399464
394449
395693
406861
406612
408567
408906
409928
416374
417503
421699
423846
426541
429853
433669
437647
441197
442635
447308
306843
310591
313051
311137
313616
316091
315864
318426
320557
322495
319967
321768
326895
328068
323539
324888
331882
331369
333295
328890
330405
337309
337098
335691
336049
341980
341495
343128
344294
346717
347718
348336
354754
356362
353885
356403
363596
366230
363083
366628
369955
371584
376067
376389
380141
378723
380835
387865
388897
392373
386010
388491
399077
399455
394438
395673
406860
406602
408562
408898
409917
416366
417496
421699
423848
426540
429838
433668
437647
441197
442621
447299
306839
310615
313075
311161
313630
316116
315889
318451
320577
322523
319982
321787
326911
328085
323549
324900
331897
331377
333304
328893
330414
337314
337107
335687
336041
341984
341493
343129
344282
346718
347709
348320
354764
356361
353881
356382
363601
366234
363083
366618
369961
371589
376074
376391
380149
378722
380845
387870
388891
392383
386002
388495
399073
399456
394436
395660
406864
406595
408558
408890
409909
416361
417484
421692
423831
426525
429819
433654
437642
441192
442603
447291
306821
310621
313081
311165
313639
316124
315895
318457
320586
322535
319983
321793
326918
328093
323550
324904
331904
331380
333308
328894
330419
337317
337114
335681
336030
341991
341490
343130
344270
346719
347701
348304
354768
356359
353876
356358
363602
366235
363079
366608
369963
371592
376075
376389
380153
378718
380847
387873
388882
392391
385994
388501
399066
399458
394435
395648
406871
406588
408557
408885
409903
416358
417476
421691
423827
426513
429801
433646
437640
441191
442587
447285
306817
310649
313108
311191
313659
316154
315922
318484
320608
322565
320001
321815
326939
328112
323562
324918
331921
331390
333317
328899
330427
337322
337122
335677
336018
342000
341487
343131
344257
346720
347691
348288
354779
356358
353873
356336
363607
366239
363080
366598
369964
371601
376082
376392
380161
378718
380854
387877
388876
392400
385986
388505
399058
399458
394432
395633
406876
406579
408552
408874
409892
416352
417462
421685
423813
426497
429779
433627
437632
441185
442566
447275
306799
310658
313115
311196
313669
316162
315929
318476
320618
322579
320003
321821
326948
328120
323565
324923
331928
331394
333321
328899
330432
337325
337129
335671
336006
342008
341484
343132
344244
346723
347680
348274
354784
356354
353868
356311
363611
366240
363075
366585
369967
371603
376084
376389
380165
378713
380860
387881
388867
392407
385978
388512
399050
399460
394431
395620
406883
406571
408552
408868
409884
416347
417453
421681
423802
426483
429759
433617
437631
441184
442548
447270
306794
310690
313143
311226
313676
316194
315962
318507
320644
322612
320026
321850
326975
328142
323582
324942
331948
331405
333332
328908
330446
337330
337138
335668
335998
342017
341481
343133
344230
346726
347667
348261
354789
356352
353866
356287
363619
366246
363077
366575
369963
371614
376093
376392
380174
378713
380872
387886
388860
392416
385970
388519
399040
399460
394428
395603
406888
406559
408546
408856
409871
416335
417438
421673
423796
426470
429734
433595
437618
441177
442523
447258
306763
310663
313136
311222
313665
316205
315974
318515
320656
322637
320043
321865
326989
328165
323605
324956
331973
331422
333355
328928
330459
337343
337157
335673
336000
342030
341483
343133
344219
346726
347651
348242
354790
356335
353851
356249
363585
366234
363059
366555
369946
371617
376094
376394
380185
378718
380883
387894
388864
392440
385981
388533
399045
399479
394444
395610
406911
406556
408556
408856
409874
416336
417431
421658
423781
426451
429710
433574
437601
441175
442504
447256
306776
310678
313152
311232
313676
316211
315970
318494
320642
322634
320025
321828
326961
328153
323583
324917
331954
331414
333335
328908
330426
337330
337148
335653
335979
342025
341478
343123
344206
346729
347641
348246
354803
356342
353860
356255
363595
366248
363064
366560
369949
371621
376096
376386
380180
378699
380870
387871
388844
392427
385950
388496
399020
399463
394425
395577
406904
406538
408546
408842
409855
416320
417419
421657
423781
426451
429688
433575
437601
441174
442481
447242
306771
310716
313188
311269
313706
316247
316010
318532
320671
322672
320054
321864
326986
328176
323604
324939
331975
331429
333347
328919
330440
337335
337157
335650
335976
342028
341479
343114
344193
346732
347627
348235
354812
356338
353860
356229
363604
366254
363067
366547
369944
371635
376106
376390
380191
378700
380885
387881
388841
392436
385945
388504
399020
399466
394423
395562
406911
406525
408540
408828
409844
416306
417400
421644
423761
426429
429658
433548
437592
441165
442451
447229
306751
310728
313194
311277
313718
316258
316022
318532
320685
322688
320059
321874
326996
328185
323610
324946
331980
331435
333351
328923
330449
337335
337164
335643
335970
342026
341479
343103
344180
346732
347612
348226
354823
356330
353857
356200
363609
366255
363060
366530
369947
371642
376108
376387
380195
378694
380897
387882
388831
392442
385937
388507
399022
399470
394423
395546
406920
406512
408541
408819
409834
416294
417389
421640
423748
426410
429631
433532
437589
441163
442426
447222
306747
310771
313234
311320
313751
316299
316069
318575
320718
322729
320093
321915
327028
328211
323637
324975
332005
331449
333366
328939
330461
337340
337176
335640
335974
342027
341481
343093
344168
346737
347598
348217
354829
356325
353858
356173
363620
366263
363063
366519
369942
371658
376121
376392
380206
378696
380917
387890
388822
392449
385930
388498
399026
399473
394420
395527
406927
406495
408534
408803
409815
416275
417369
421630
423727
426401
429599
433500
437575
441154
442394
447206
306708
310736
313219
311314
313737
316317
316091
318587
320737
322766
320126
321937
327050
328243
323680
325000
332040
331477
333404
328977
330484
337356
337205
335653
335990
342035
341489
343094
344170
346723
347576
348197
354802
356295
353839
356126
363575
366242
363036
366492
369921
371663
376123
376395
380221
378709
380939
387902
388832
392484
385954
388512
399052
399505
394450
395539
406959
406493
408552
408805
409820
416276
417362
421610
423710
426377
429566
433472
437566
441151
442369
447203
306724
310758
313244
311333
313752
316322
316083
318558
320718
322755
320096
321885
327007
328221
323644
324944
332002
331460
333369
328942
330433
337332
337187
335621
335965
342014
341485
343079
344152
346727
347566
348207
354820
356306
353855
356135
363592
366266
363046
366502
369926
371672
376120
376382
380211
378680
380926
387864
388803
392456
385907
388445
399028
399481
394419
395491
406942
406464
408537
408783
409794
416253
417344
421608
423710
426376
429537
433472
437565
441148
442339
447180
306721
310811
313295
311384
313785
316368
316143
318614
320761
322803
320140
321933
327045
328250
323678
324982
332029
331483
333389
328964
330452
337338
337201
335619
335973
342012
341489
343067
344137
346734
347552
348201
354828
356299
353859
356106
363607
366275
363052
366488
369920
371695
376137
376389
380223
378686
380950
387875
388801
392465
385904
388452
399031
399487
394418
395475
406951
406446
408531
408765
409774
416234
417320
421596
423684
426366
429498
433435
437548
441139
442303
447159
306676
310769
313274
311375
313769
316390
316174
318626
320782
322848
320187
321966
327074
328290
323738
325023
332074
331519
333439
329016
330480
337360
337239
335639
335998
342018
341503
343069
344139
346720
347526
348179
354790
356258
353835
356051
363553
366246
363017
366454
369894
371706
376139
376392
380242
378706
380979
387890
388813
392508
385941
388477
399058
399530
394461
395497
406991
406445
408556
408769
409781
416234
417315
421581
423665
426338
429459
433402
437542
441136
442276
447155
306700
310799
313307
311397
313788
316399
316162
318591
320758
322833
320148
321903
327021
328259
323693
324954
332018
331495
333393
328970
330415
337328
337215
335597
335965
341987
341499
343050
344117
346725
347517
348196
354810
356270
353856
356068
363577
366277
363031
366463
369908
371718
376135
376376
380228
378671
380957
387839
388777
392468
385881
388401
399018
399500
394420
395436
406964
406408
408538
408739
409748
416207
417294
421580
423664
426336
429424
433400
437541
441134
442242
447124
306700
310865
313371
311461
313839
316453
316235
318660
320811
322888
320205
321966
327070
328292
323737
325006
332051
331528
333417
329000
330445
337338
337232
335596
335978
341986
341507
343035
344101
346735
347502
348194
354821
356260
353862
356038
363595
366289
363039
366445
369902
371748
376157
376386
380243
378683
380994
387854
388789
392479
385884
388418
399019
399512
394423
395433
406977
406389
408533
408720
409731
416188
417264
421543
423634
426318
429376
433355
437527
441123
442204
447093
306721
310888
313385
311473
313857
316472
316256
318675
320831
322911
320218
321987
327085
328300
323754
325020
332050
331536
333424
329007
330454
337332
337244
335586
335974
341971
341513
343019
344080
346737
347483
348199
354828
356240
353860
356033
363610
366291
363027
366420
369908
371763
376157
376379
380248
378679
381013
387834
388777
392481
385875
388428
399004
399528
394420
395414
406984
406368
408538
408706
409709
416168
417245
421540
423613
426290
429333
433334
437523
441118
442169
447069
306728
310963
313459
311550
313919
316534
316342
318752
320890
322971
320281
322067
327141
328336
323804
325073
332089
331559
333452
329040
330481
337338
337264
335587
335990
341972
341521
343003
344067
346750
347476
348210
354843
356233
353870
356007
363638
366310
363037
366439
369904
371797
376187
376390
380262
378690
381051
387833
388767
392486
385872
388446
398989
399548
394405
395392
406990
406338
408530
408682
409682
416144
417211
421518
423583
426278
429282
433284
437509
441112
442132
447023
306670
310907
313421
311532
313930
316573
316396
318780
320927
323044
320364
322121
327181
328401
323908
325152
332155
331623
333543
329127
330531
337372
337330
335625
336032
341983
341544
343008
344071
346728
347448
348186
354784
356165
353832
355941
363563
366258
362980
366394
369873
371812
376189
376392
380289
378733
381105
387857
388794
392556
385943
388498
399016
399632
394462
395440
407046
406346
408576
408693
409691
416144
417212
421506
423559
426241
429228
433241
437502
441089
442101
447014
306709
310956
313478
311567
313951
316582
316373
318729
320889
323014
320299
322028
327097
328345
323835
325041
332062
331573
333474
329042
330424
337313
337293
335556
335971
341933
341536
342981
344038
346730
347444
348216
354812
356183
353865
355971
363600
366312
363006
366411
369883
371828
376178
376367
380268
378684
381058
387776
388742
392489
385850
388396
398938
399600
394378
395348
406993
406293
408546
408646
409640
416107
417183
421504
423543
426239
429182
433243
437502
441083
442059
446961
306724
311048
313574
311660
314030
316655
316481
318830
320969
323088
320380
322124
327168
328394
323901
325112
332111
331608
333521
329082
330470
337323
337325
335559
335993
341938
341548
342967
344022
346747
347442
348232
354830
356174
353878
355946
363634
366332
363019
366401
369880
371875
376218
376385
380287
378704
381113
387777
388742
392502
385857
388425
398918
399629
394365
395347
407002
406265
408541
408623
409613
416085
417143
421466
423506
426229
429122
433186
437484
441078
442024
446903
306657
310980
313525
311634
314053
316706
316551
318867
321018
323183
320490
322202
327223
328482
324038
325223
332197
331695
333645
329195
330539
337374
337416
335612
336045
341957
341580
342979
344027
346721
347412
348207
354752
356086
353827
355873
363544
366260
362944
366343
369845
371896
376217
376387
380326
378763
381186
387806
388784
392593
385953
388500
398952
399735
394442
395417
407068
406282
408599
408642
409623
416086
417145
421464
423478
426186
429056
433135
437477
441035
441989
446885
306712
311042
313596
311676
314083
316722
316520
318805
320970
323146
320407
322087
327121
328414
323942
325086
332079
331628
333562
329080
330406
337297
337372
335522
335961
341897
341568
342949
343980
346704
347417
348249
354785
356106
353866
355905
363594
366326
362976
366364
369872
371918
376204
376356
380301
378705
381130
387703
388719
392512
385837
388378
398853
399689
394337
395304
406996
406219
408559
408584
409558
416042
417112
421462
423455
426170
429003
433137
437479
441032
441942
446819
306733
311150
313715
311788
314179
316812
316648
318928
321074
323236
320504
322206
327210
328478
324016
325176
332142
331688
333618
329127
330458
337322
337414
335522
335989
341914
341586
342933
343959
346730
347419
348271
354773
356093
353886
355881
363636
366350
362997
366348
369873
371973
376255
376379
380326
378733
381195
387705
388746
392530
385849
388420
398835
399718
394324
395302
407014
406199
408551
408562
409529
416026
417065
421414
423415
426160
428931
433070
437461
441027
441907
446744
306654
311066
313650
311754
314204
316878
316734
318974
321133
323356
320648
322312
327290
328598
324189
325325
332266
331795
333774
329276
330551
337398
337531
335595
336052
341952
341630
342947
343943
346708
347385
348237
354672
355981
353825
355794
363524
366252
362911
366274
369830
371997
376255
376385
380376
378814
381289
387747
388797
392649
385974
388522
398884
399841
394430
395390
407105
406228
408620
408593
409542
416029
417069
421413
423383
426110
428854
433006
437452
440979
441864
446715
306726
311143
313740
311797
314251
316909
316689
318894
321085
323317
320541
322167
327168
328527
324058
325152
332117
331722
333669
329128
330377
337313
337472
335480
335936
341885
341617
342909
343879
346696
347395
348290
354713
356004
353877
355837
363587
366331
362955
366299
369866
372020
376249
376352
380345
378744
381218
387618
388721
392554
385826
388371
398763
399772
394301
395238
407016
406158
408567
408524
409458
415977
417031
421412
423352
426073
428795
433009
437454
440981
441809
446631
306746
311206
313880
311939
314358
317005
316832
319045
321212
323420
320659
322314
327281
328611
324134
325259
332213
331809
333723
329191
330448
337370
337513
335487
335972
341931
341644
342882
343852
346737
347391
348288
354701
355990
353904
355806
363627
366358
362988
366271
369863
372089
376317
376383
380372
378785
381297
387659
388758
392579
385850
388429
398782
399801
394300
395249
407051
406155
408557
408509
409436
415970
416980
421359
423309
426063
428714
432922
437439
440975
441768
446544
306793
311250
313905
311958
314397
317056
316870
319080
321250
323471
320691
322342
327313
328643
324158
325284
332216
331826
333750
329194
330407
337372
337539
335465
335940
341926
341658
342850
343801
346747
347373
348303
354674
355936
353901
355822
363650
366349
362974
366255
369878
372117
376325
376372
380383
378800
381331
387624
388744
392596
385841
388447
398748
399825
394293
395217
407041
406145
408563
408495
409390
415932
416949
421360
423271
426013
428645
432865
437437
440965
441712
446473
306838
311394
314065
312118
314526
317174
317031
319244
321381
323584
320812
322489
327432
328727
324235
325398
332316
331904
333807
329252
330473
337426
337578
335462
335968
341975
341688
342816
343786
346799
347381
348323
354672
355932
353942
355800
363706
366387
363016
366250
369876
372188
376405
376407
380405
378840
381420
387668
388766
392617
385855
388515
398745
399841
394283
395216
407047
406148
408551
408474
409360
415909
416897
421307
423230
426005
428570
432774
437422
440959
441665
446379
306886
311442
314091
312140
314568
317231
317074
319279
321430
323641
320848
322529
327472
328768
324265
325423
332322
331934
333835
329253
330427
337441
337608
335436
335935
341971
341705
342777
343736
346811
347363
348338
354646
355876
353940
355820
363736
366378
363002
366213
369890
372221
376411
376397
380417
378858
381466
387636
388778
392635
385845
388534
398714
399863
394277
395189
407027
406150
408566
408448
409312
415867
416865
421306
423186
425951
428498
432708
437418
440938
441604
446305
306998
311605
314275
312330
314712
317351
317255
319465
321572
323753
320972
322686
327600
328855
324338
325541
332426
331996
333891
329307
330503
337494
337645
335426
335958
342022
341733
342742
343731
346877
347393
348374
354650
355888
353994
355808
363792
366424
363061
366265
369888
372313
376507
376438
380438
378893
381545
387685
388771
392649
385847
388584
398695
399868
394254
395172
407022
406140
408558
408407
409275
415837
416809
421257
423146
425949
428427
432610
437405
440942
441552
446203
306917
311513
314191
312292
314766
317452
317372
319529
321667
323930
321172
322823
327720
329041
324561
325736
332590
332162
334107
329508
330620
337619
337805
335528
336041
342093
341805
342758
343743
346885
347368
348338
354527
355754
353922
355707
363656
366299
362949
366180
369829
372346
376512
376445
380501
379005
381669
387755
388845
392812
386014
388717
398770
400017
394404
395304
407111
406210
408667
408438
409290
415848
416817
421258
423101
425878
428344
432514
437399
440912
441480
446155
307026
311621
314307
312369
314828
317493
317314
319439
321611
323883
321037
322624
327563
328962
324383
325499
332391
332069
333959
329300
330374
337518
337718
335362
335871
342008
341781
342686
343652
346865
347380
348393
354575
355779
353989
355764
363748
366410
363021
366225
369874
372380
376516
376409
380464
378922
381575
387609
388744
392690
385819
388515
398620
399911
394234
395114
406952
406137
408602
408321
409158
415791
416773
421257
423057
425828
428285
432508
437406
440908
441394
446057
307094
311715
314510
312587
314997
317638
317524
319659
321797
324042
321215
322832
327738
329104
324497
325659
332532
332206
334052
329402
330474
337628
337787
335380
335935
342096
341830
342658
343639
346944
347401
348397
354572
355780
354038
355743
363811
366456
363079
366216
369875
372474
376625
376469
380498
378991
381686
387684
388799
392738
385869
388602
398662
399946
394248
395152
406972
406159
408611
408293
409123
415803
416722
421201
423013
425810
428205
432388
437397
440921
441322
445960
307167
311779
314536
312624
315055
317723
317575
319704
321856
324122
321267
322871
327784
329165
324536
325687
332524
332240
334097
329398
330409
337648
337825
335347
335882
342096
341854
342618
343573
346956
347386
348420
354540
355711
354034
355768
363856
366442
363070
366235
369896
372510
376643
376464
380513
379023
381733
387651
388787
392766
385858
388618
398627
399968
394244
395125
406932
406156
408634
408246
409042
415771
416708
421203
422961
425742
428133
432303
437401
440912
441228
445885
307323
311953
314772
312870
315255
317907
317811
319950
322065
324295
321454
323083
327966
329303
324664
325858
332673
332364
334206
329491
330515
337752
337895
335359
335936
342186
341913
342587
343574
347050
347423
348434
354555
355724
354102
355763
363938
366495
363146
366253
369907
372618
376772
376533
380545
379094
381854
387725
388820
392811
385895
388703
398676
399991
394246
395159
406941
406168
408642
408206
409007
415777
416664
421144
422925
425707
428058
432183
437397
440933
441159
445781
307407
312027
314798
312912
315322
318005
317869
319999
322132
324387
321515
323124
328018
329367
324723
325886
332667
332393
334267
329487
330449
337760
337944
335332
335881
342174
341945
342546
343504
347045
347411
348459
354540
355643
354098
355792
363980
366475
363137
366273
369935
372661
376790
376530
380560
379137
381902
387691
388837
392845
385884
388729
398648
400017
394246
395126
406897
406166
408670
408154
408926
415733
416669
421149
422868
425633
427984
432094
437405
440921
441064
445703
307633
312266
315066
313194
315551
318218
318139
320275
322356
324583
321735
323371
328226
329519
324884
326083
332840
332513
334405
329604
330578
337859
338033
335364
335955
342267
342015
342529
343517
347153
347471
348488
354567
355660
354177
355802
364075
366542
363222
366355
369957
372785
376933
376608
380597
379226
382036
387781
388866
392905
385927
388825
398705
400045
394255
395168
406915
406175
408688
408111
408899
415742
416626
421091
422834
425599
427912
431972
437405
440942
441000
445594
307743
312353
315087
313231
315647
318343
318205
320270
322436
324701
321813
323390
328226
329599
324964
326089
332823
332543
334490
329607
330500
337855
338106
335349
335890
342238
342054
342506
343444
347126
347464
348526
354547
355563
354170
355842
364119
366526
363197
366380
370001
372831
376939
376602
380626
379285
382079
387739
388890
392952
385915
388844
398675
400079
394259
395127
406867
406172
408729
408052
408811
415691
416633
421094
422772
425515
427835
431884
437413
440913
440903
445518
318581
318513
320584
322684
324926
322070
323679
328461
329774
325156
326314
333025
332667
334656
329749
330655
337956
338217
335401
335987
342336
342132
342510
343471
347248
347535
348611
354578
355589
354256
355923
364224
366616
363292
366473
370045
372969
377090
376685
380686
379390
382213
387838
388926
393022
385974
388959
398741
400119
394275
395172
406897
406176
408760
408006
408792
415698
416586
421037
422742
425509
427764
431755
437418
440932
440845
445405
318749
318584
320550
322781
325083
322166
323648
328435
329886
325261
326291
332988
332707
334774
329756
330561
337942
338319
335393
335914
342281
342182
342521
343396
347177
347526
348678
354544
355478
354237
355978
364271
366605
363243
366445
370099
373019
377071
376666
380754
379452
382264
387781
388960
393082
385974
388978
398700
400177
394279
395129
406836
406174
408824
407935
408696
415642
416596
421041
422675
425410
427684
431670
437428
440874
440740
445339
319004
318924
320903
323048
325314
322434
323958
328679
330081
325447
326485
333196
332829
334933
329884
330712
338033
338431
335430
336003
342366
342263
342545
343433
347305
347602
348794
354578
355534
354347
356081
364390
366736
363367
366549
370225
373179
377237
376747
380848
379540
382424
387893
389002
393129
386023
389086
398712
400215
394267
395137
406848
406168
408854
407859
408671
415637
416540
420987
422647
425431
427616
431538
437460
440903
440684
445227
319271
319131
320984
323223
325691
322818
324197
328857
330466
325904
326805
333447
333097
335388
330258
330930
338218
338779
335675
336176
342444
342446
342690
343473
347265
347607
348855
354420
355321
354218
356004
364216
366555
363143
366445
370255
373225
377183
376732
381022
379726
382598
387987
389160
393425
386330
389277
398850
400500
394548
395372
406983
406284
409090
407906
408695
415656
416567
420998
422584
425305
427514
431407
437450
440802
440561
445212
319439
319026
320779
323155
325675
322611
323884
328556
330394
325674
326373
333087
332933
335209
329885
330505
337987
338672
335407
335863
342180
342418
342627
343283
347058
347614
349005
354470
355306
354287
356152
364399
366759
363209
366531
370418
373301
377154
376665
381065
379618
382431
387740
389052
393258
386020
388913
398606
400349
394270
395036
406686
406160
409009
407673
408469
415542
416513
420969
422505
425212
427455
431420
437479
440760
440439
445134
319762
319427
321213
323522
325999
322968
324284
328895
330712
325950
326683
333429
333174
335428
330124
330758
338180
338852
335520
336049
342320
342572
342687
343341
347285
347721
349123
354503
355363
354401
356181
364426
366911
363314
366573
370489
373489
377332
376785
381213
379747
382623
387903
389179
393359
386154
389083
398719
400442
394324
395133
406779
406211
409054
407653
408488
415583
416458
420911
422480
425242
427371
431254
437516
440781
440377
445036
320031
319495
321167
323642
326210
323069
324261
328863
330888
326072
326637
333393
333252
335579
330115
330654
338158
338973
335515
335951
342218
342666
342713
343248
347046
347713
349205
354464
355247
354370
356254
364497
366916
363243
366625
370577
373549
377316
376760
381331
379813
382657
387842
389237
393441
386147
389017
398668
400508
394326
395079
406695
406217
409121
407574
408355
415521
416452
420926
422391
425113
427291
431250
437531
440709
440237
445028
447422
453735
320387
319944
321665
324064
326552
323427
324703
329263
331197
326315
326978
333772
333512
335774
330344
330930
338390
339130
335622
336138
342416
342823
342733
343344
347396
347837
349301
354529
355367
354537
356293
364547
367099
363427
366693
370668
373755
377559
376912
381464
379936
382868
388031
389373
393513
386258
389191
398803
400571
394348
395179
406796
406263
409129
407555
408358
415575
416391
420867
422380
425156
427216
431082
437578
440766
440175
444930
447363
453762
320671
320012
321633
324210
326772
323523
324692
329359
331374
326421
326955
333750
333611
335924
330335
330832
338382
339249
335623
336019
342358
342910
342724
343258
347174
347818
349381
354495
355259
354515
356352
364609
367088
363389
366749
370754
373815
377574
376906
381567
380008
382910
387990
389443
393599
386254
389139
398769
400636
394349
395121
406720
406276
409183
407487
408210
415515
416380
420885
422279
425018
427136
431069
437597
440703
440001
444929
447418
453647
458540
465752
469265
321054
320541
322255
324712
327151
323921
325222
329859
331700
326667
327370
334214
333909
336120
330610
331182
338661
339410
335755
336244
342658
343065
342718
343395
347562
347960
349430
354583
355434
354734
356390
364670
367297
363655
366843
370828
374039
377893
377114
381687
380140
383144
388226
389595
393670
386387
389362
398938
400696
394375
395245
406863
406329
409173
407489
408228
415581
416315
420829
422279
425083
427067
430889
437647
440796
439938
444822
447383
453694
458544
465728
469106
321367
320615
322228
324899
327391
324008
325221
329999
331864
326769
327365
334201
334035
336274
330611
331086
338669
339531
335766
336108
342641
343147
342694
343297
347462
347949
349497
354554
355330
354729
356463
364760
367276
363644
366912
370917
374105
377939
377141
381771
380215
383184
388202
389669
393760
386389
389284
398943
400762
394375
395184
406792
406349
409218
407426
408067
415523
416307
420848
422166
424933
426988
430890
437664
440738
439733
444779
447440
453617
458328
465708
469029
321241
323005
325515
327820
324458
325865
330654
332182
327063
327855
334776
334373
336458
330947
331527
339005
339692
335935
336391
343053
343303
342686
343442
347927
348132
349501
354674
355567
355016
356501
364834
367514
364005
367117
370952
374365
378345
377429
381869
380372
383455
388517
389819
393827
386556
389524
399137
400817
394405
395340
406988
406406
409189
407449
408112
415607
416242
420794
422179
425021
426926
430695
437730
440872
439693
444638
447417
453614
458365
465685
468832
330842
332347
327273
327887
334788
334546
336651
331020
331454
339054
339851
336016
336264
343088
343404
342720
343318
347941
348162
349555
354652
355459
355027
356511
364916
367458
363998
367205
371025
374426
378405
377502
381931
380482
383501
388574
389911
393949
386613
389561
399206
400913
394452
395315
406945
406450
409264
407413
407957
415554
416268
420823
422063
424851
426843
430694
437722
440804
439421
444536
447496
453620
458155
465649
468796
331172
332279
327055
327782
334915
334510
336252
330797
331401
339058
339583
335748
336099
343251
343331
342476
343216
348263
348363
349541
354941
355860
355504
356754
365297
367983
364685
367523
371215
374774
378893
377822
381912
380472
383490
388704
389825
393638
386331
389329
399101
400593
394002
394981
406813
406269
408904
407186
407783
415534
416143
420764
422069
424965
426823
430589
437850
441015
439380
444367
447454
453561
458089
465572
468495
332470
333207
328142
329132
336232
335447
337122
332005
332620
339949
340249
336565
337032
344119
343823
342809
343744
349052
348725
349592
355003
356086
355759
356651
365240
367999
364960
367601
371209
375019
379412
378283
382168
380961
384085
389444
390285
394162
387126
390088
399711
401059
394581
395697
407469
406608
409214
407547
408144
415774
416181
420783
422127
425034
426741
430353
437789
441144
439281
444202
447619
453638
458199
465673
468373
332532
333434
328302
329054
336196
335564
337246
332037
332467
339959
340388
336614
336862
344066
343922
342819
343615
348907
348765
349693
354944
355982
355829
356754
365398
367962
365020
367726
371352
375079
379427
378343
382282
381046
384011
389433
390346
394237
387131
389904
399703
401128
394559
395585
407393
406573
409235
407475
407912
415686
416215
420814
421984
424860
426667
430382
437818
441066
439017
444092
447702
453405
457882
465576
468192
333459
334110
328857
329848
337044
336168
337697
332588
333191
340505
340734
336966
337401
344622
344265
342979
343974
349497
349131
349917
355156
356392
356276
356942
365645
368337
365530
367991
371597
375396
380044
378814
382557
381321
384444
389929
390666
394445
387416
390284
400019
401260
394644
395848
407705
406705
409285
407562
408081
415835
416188
420792
422071
425006
426635
430217
437940
441303
438997
443907
447789
453540
457993
465590
467981
333518
334439
329072
329807
337057
336273
337987
332602
333112
340487
340976
337056
337262
344570
344422
343073
343879
349353
349154
350085
355133
356199
356290
357091
365820
368301
365516
368121
371824
375472
380007
378850
382779
381426
384374
389919
390765
394614
387414
390130
400004
401402
394674
395763
407656
406692
409365
407491
407856
415750
416235
420839
421918
424819
426560
430238
437973
441200
438709
443819
447886
453385
457685
465479
467850
334550
335313
329779
330746
338022
336992
338631
333244
333912
341119
341470
337510
337900
345167
344876
343353
344342
349917
349614
350450
355470
356615
356773
357424
366146
368781
365997
368529
372307
375892
380653
379382
383216
381750
384880
390443
391162
394958
387715
390553
400374
401621
394809
396071
407987
406860
409484
407593
408053
415940
416237
420839
422034
424981
426550
430100
438162
441460
438684
443661
447943
453569
457709
465510
467675
334608
335689
330069
330717
338042
337130
338955
333288
333782
341118
341757
337644
337773
345066
345082
343486
344266
349736
349649
350664
355546
356352
356760
357634
366339
368770
365919
368694
372597
375990
380566
379407
383520
381864
384796
390409
391284
395191
387677
390383
400369
401805
394864
395954
407918
406869
409598
407506
407804
415848
416293
420906
421859
424783
426481
430126
438206
441331
438378
443614
448043
453427
457359
465381
467558
335850
336728
330957
331803
339127
338004
339702
334096
334675
341902
342345
338199
338551
345757
345649
343885
344844
350351
350211
351195
356009
356833
357341
358072
366739
369364
366468
369253
373176
376593
381280
380032
384098
382265
385381
390993
391779
395648
388019
390888
400828
402076
395044
396311
408289
407084
409760
407646
408029
416092
416323
420938
422007
424982
426498
430005
438444
441624
438393
443481
448108
453679
457386
465435
467428
335984
337168
331316
331782
339124
338225
340088
334180
334515
341942
342685
338392
338420
345663
345898
344112
344751
350163
350254
351465
356097
356531
357322
358315
366960
369335
366405
369450
373532
376715
381174
380070
384452
382403
385262
390977
391938
395942
387958
390691
400837
402287
395144
396170
408188
407147
409908
407556
407750
415997
416398
421051
421804
424762
426440
430076
438504
441457
438073
443506
448218
453565
456965
465295
467339
337460
338289
332299
333052
340410
339213
340903
335148
335603
342871
343343
339047
339360
346551
346503
344582
345429
351012
350902
352001
356649
357188
358100
358804
367411
370047
367185
370116
374093
377316
382026
380832
385114
382881
385946
391747
392492
396424
388365
391269
401370
402589
395376
396595
408637
407398
410069
407738
408040
416304
416450
421105
421996
425027
426490
429942
438803
441807
438161
443397
448269
453891
457087
465382
467222
337659
338967
332950
333214
340448
339659
341570
335416
335486
343042
343919
339434
339309
346494
346936
345025
345382
350915
351018
352414
356698
356910
358092
359054
367672
369925
367101
370354
374531
377429
381909
380933
385582
383143
385845
391819
392743
396880
388453
391102
401510
402947
395647
396527
408542
407597
410373
407706
407770
416241
416604
421285
421775
424742
426434
430030
438860
441555
437793
443471
448396
453954
456668
465258
467221
338395
339219
332927
333357
340888
339823
341369
335416
335760
343288
343853
339267
339518
346887
347063
344921
345556
351536
351316
352778
357301
357781
359125
359785
368600
371129
368537
371304
375397
378188
382831
381676
385926
383162
385886
392218
392716
396629
388028
390853
401460
402628
395093
396070
408389
407373
409916
407356
407613
416328
416534
421358
421967
425144
426625
430124
439379
442151
438043
443508
448432
454376
456596
465293
466928
341271
341592
335562
336401
343706
342075
343606
338084
338426
345382
345696
341225
341847
348783
348530
346280
347306
353295
352758
353715
358106
358806
360051
360264
368998
371602
369334
371893
375952
379047
384019
382927
387013
384440
387420
393968
393972
398042
389695
392491
402838
403790
396426
397550
409703
408329
410851
408241
408602
417044
416869
421643
422299
425438
426629
429849
439444
442402
438057
443451
448693
454776
456847
465549
467086
341390
342066
336104
336297
343566
342298
344163
338183
338078
345339
346186
341456
341625
348595
348807
346670
347218
352898
352732
354118
358264
358477
360106
360724
369436
371520
369342
372354
376467
379207
383714
383010
387500
384651
387170
393855
394071
398398
389629
392010
402747
404096
396573
397233
409448
408330
411114
408042
408162
416877
417060
421827
422009
425158
426673
430007
439566
442114
437729
443646
448874
454387
456247
465391
467096
343565
343806
337717
338272
345432
343970
345582
339820
339892
346923
347415
342699
343257
349998
349890
347726
348546
354242
353949
355130
359369
359712
361315
361746
370320
372713
370644
373544
377477
380320
384969
384291
388541
385443
388299
395015
395059
399254
390412
392897
403665
404737
397060
397920
410165
408854
411590
408388
408736
417435
417315
422018
422462
425630
426867
430003
439980
442667
437941
443669
449102
454957
456503
465660
467186
343766
344478
338456
338416
345498
344419
346343
340101
339793
347036
348062
343180
343146
349904
350325
348401
348563
354003
354065
355739
359609
359370
361288
362375
370715
372595
370566
373999
378078
380539
384577
384440
389166
385729
388161
394924
395329
399756
390426
392524
403686
405167
397328
397704
410040
408987
411978
408264
408337
417297
417574
422259
422154
425341
426888
430169
440099
442337
437577
443959
449409
454709
455901
465473
467271
346040
346333
340231
340601
347549
346212
347857
341959
341892
348851
349453
344667
345043
351636
351589
349604
350147
355682
355447
356951
360928
360928
362784
363725
371691
374137
372268
375469
379412
381819
385940
385931
390436
386627
389469
396225
396417
400726
391337
393563
404735
405878
397901
398513
410901
409517
412443
408725
409002
417957
417913
422454
422735
425947
427187
430202
440584
442985
437902
443708
449702
455309
456355
465818
467424
346388
347483
341464
341017
347687
347118
349144
342591
341896
349249
350602
345559
345074
351602
352459
350696
350398
355421
355833
358031
361246
360660
362716
364543
372141
373943
372060
375956
380307
382039
385453
386173
391359
387198
389434
396198
397018
401635
391579
393299
405020
406601
398469
398424
410767
409927
413120
408766
408595
417898
418354
422828
422412
425546
427183
430424
440687
442517
437449
444106
450161
455058
455749
465699
467665
347370
347938
341774
341662
348637
347689
349130
343185
343026
349987
350823
345968
346042
352692
353016
351003
351455
356855
356907
358653
362526
362585
364629
366163
373526
376133
374609
377707
381722
383266
386699
387549
391969
387301
389713
396828
397073
401265
391086
393194
405083
406233
397824
397998
410819
409682
412563
408447
408609
418155
418390
422918
422881
426528
427778
430831
441814
443734
438259
444299
450611
455585
456060
465918
467413
351068
351350
345572
345950
352396
351077
352468
347267
347062
353299
353877
349505
349916
355874
355763
353785
354826
359720
359534
360916
364722
365133
366787
368009
374842
377925
376740
379547
383597
385176
388758
389989
394089
389725
392534
399590
399478
403896
394065
396103
407559
408380
400125
400551
412985
411394
414282
410174
410366
419555
419336
423616
423781
427282
428031
430750
441966
444093
438437
444298
451231
456526
456708
466618
468127
351151
351969
346424
346099
352320
351531
353340
347639
346964
353439
354742
350263
349864
355831
356413
354783
355101
359481
359925
361835
365182
364894
366982
368983
375371
377642
376831
380164
384487
385239
387958
390184
394741
390227
392216
399368
399673
404480
393985
395513
407393
408828
400396
400142
412627
411435
414733
410013
409765
419328
419733
423897
423239
427019
428235
431116
442182
443699
438238
444762
452156
456264
455982
466409
468246
353327
353868
348502
348717
354560
353698
355191
350094
349699
355736
356622
352452
352604
358204
358391
356805
357678
361979
362291
363876
367539
367700
369667
371465
377222
380156
379921
382652
386769
387174
390040
392496
396475
391783
394154
401202
401378
406022
395492
397335
409018
410067
401410
401630
414052
412457
415635
410916
410968
420439
420451
424363
424383
428141
428924
431485
442927
444715
438990
445006
453217
457305
456794
467137
468700
353759
355054
350036
349443
354847
354737
356712
351049
350041
356447
358083
353812
352998
358437
359630
358483
358280
361932
363026
365579
368191
367580
369853
372745
377845
379874
379922
383388
388093
387355
389391
392992
397522
392855
394235
401227
402169
407382
396011
397228
409242
411187
402289
401694
413903
413023
416627
411091
410542
420393
421172
424952
424022
427693
429107
431917
443005
444027
438645
445401
453480
457093
456095
467017
469246
354504
355438
350652
350475
355932
355544
357016
352205
351782
357582
358722
354886
354777
360138
360763
359635
360238
364244
364972
367008
370311
370611
372824
375419
379517
382553
383147
385654
389905
388504
390766
394690
398274
393361
394824
402066
402408
407113
395639
397470
409373
410898
401682
401533
414196
412850
416094
410905
410903
420819
421327
425014
424754
429162
430202
432827
444658
445915
440338
446344
454328
458329
456964
467553
469242
357819
358695
354694
355067
359770
359180
360605
356796
356405
361355
362246
359102
359406
363942
364165
363269
364470
368049
368374
370269
373371
374334
376144
378666
381847
385794
386885
388781
393217
391596
394129
398228
401166
396749
398582
405637
405727
410625
400074
401819
412903
414109
405224
405549
417450
415591
418821
413784
413835
423112
423101
426366
426505
430541
430997
433255
444899
446510
440958
446562
455424
459665
458078
468698
470382
357913
359302
355892
355577
359737
359718
361675
357487
356547
361582
363346
360191
359624
364062
365155
364743
364977
367972
368971
371796
373973
374114
376581
380253
382352
385308
386873
389584
394304
391525
392869
398483
401867
397538
398307
405465
406105
411447
400381
401402
412707
414789
405901
405270
416915
415807
419524
413707
413083
422776
423723
426729
425652
430154
431400
433998
445003
445808
441030
447169
455883
459415
457443
468507
470634
359395
360773
358006
358284
361848
361990
363638
360422
359825
364209
365642
362964
363078
367047
367756
367384
368390
371333
372197
374715
377161
377877
380379
383936
384808
388598
390793
392913
397218
393776
395595
401343
403940
399486
400673
407568
408088
412927
402568
403990
414740
416359
407650
407791
418941
417565
421000
415550
415393
424760
425074
427657
427795
432276
432851
435152
446205
447489
442814
448095
455837
460876
458875
469595
471351
359847
361957
359880
359382
362153
363224
365476
361704
360389
365020
367516
364747
363754
367385
369411
369643
369327
371294
373262
377311
377895
377689
380740
385940
385726
388139
390856
394061
398826
394216
395106
401810
405221
400903
400876
407642
409318
414536
403707
404480
415191
417953
409323
408293
418697
418791
422783
416070
414940
424832
426412
428748
427299
431566
433215
436175
445968
446249
442575
448729
457392
460367
458229
469553
472279
360635
362235
360916
361122
363700
364291
366000
363602
363231
366722
368470
366563
366723
370113
371170
371387
372519
374976
376167
379268
380269
381691
384527
388772
386925
389884
393857
395880
399376
394025
395261
403077
405503
401209
401496
408647
409542
413781
403793
405698
415412
417434
409134
409030
419601
418921
422080
416350
416413
425926
426559
428669
428746
434173
434967
437474
447938
448953
445548
450401
458302
462176
460509
470491
472133
362265
364037
363868
364584
366306
367318
369051
367871
367641
370347
372017
370973
371444
374015
375012
375435
377070
379092
380444
383698
383952
386296
389184
393500
390668
393837
398965
400207
403626
398348
400062
406832
408693
404772
405440
412037
412783
416949
408490
410536
419038
420897
413542
414069
423471
422573
425688
420708
420759
429431
429533
431381
432185
436849
437000
439240
448679
450372
447282
451484
459030
463359
462187
471852
473629
362568
364483
365131
365566
366667
368078
370146
368932
368482
370892
373239
372415
372255
374545
376342
377107
377983
379435
381546
385525
384308
386252
390061
395078
391020
393110
399603
401147
404510
399166
399040
407429
409244
405654
405651
412213
413236
417628
409630
411067
419217
421833
414966
414618
423502
423308
426921
421337
420803
429560
430717
432302
431825
436543
437798
440435
448134
449331
447557
452113
459607
462224
461975
471522
474002
363287
365128
366629
367549
367893
369683
371441
371349
371340
372995
375080
374979
375519
377377
379021
379726
381352
382976
385048
388497
386535
388920
393189
397263
391195
393076
400822
401566
404300
397139
398500
408027
409293
405830
406279
412912
413766
417176
410447
412217
419631
421668
415346
415712
424341
423874
426985
422196
422675
430828
431519
432814
433514
439035
439949
442608
449788
451916
450832
454293
461311
464036
464366
472966
474537
363675
365251
367712
369220
369284
371081
372566
374153
374849
375561
377387
378379
379692
380937
382306
383103
385437
387566
389108
392471
390319
393468
398535
401776
395159
397509
406370
405877
408208
403322
403488
411748
411925
409051
410182
416254
416572
419485
415006
416868
422974
424617
419582
420925
428541
427504
430236
426749
427888
434686
434624
435906
437943
442860
442710
445067
451171
454235
453775
456106
462757
465369
466919
474102
475404
363829
365476
368622
369908
369534
371669
373454
375153
375736
376155
378580
379711
380545
381495
383673
384523
386080
387823
389995
393935
390363
392942
399254
402878
395524
396971
406735
406555
409006
403291
403123
412074
412402
410082
410526
416287
416913
420183
416196
417423
423028
425486
421198
421679
428400
428237
431563
427599
428028
434811
436008
437031
437806
442563
443842
446712
450418
452759
454192
457092
462539
463896
466396
473562
475424
364718
366299
370170
371770
370772
373208
374819
377598
378236
378131
380567
382321
383491
383887
386345
386914
388615
390314
392402
395980
390696
393054
399976
402748
393921
394907
405597
405335
407207
401338
402120
411877
412363
410493
411308
416732
417760
420427
417540
418986
423806
426044
422503
423473
429192
429596
432443
429376
430243
436566
437697
438238
439705
444710
446275
449600
451590
454514
456926
459531
463095
464603
468514
474868
476029
364331
365432
369670
371389
370451
372699
374094
378018
379488
378677
380937
383585
385744
386012
388216
388747
391285
393935
395620
399110
394110
397091
404484
406813
397986
399503
410509
409378
410911
405906
406187
414586
414202
413129
414370
419223
419690
421941
421225
423073
426351
428159
426264
428386
433084
432887
435211
433922
435705
440404
440895
441538
444764
449766
449894
452919
453996
457828
461075
462418
464781
466274
471900
475901
476493
364416
365589
370135
371703
370678
373255
374827
378756
380067
379293
382024
384581
386358
386264
389232
389627
391556
393624
395792
399686
393738
396208
404193
406985
397988
398796
409911
409104
411049
406022
405758
414443
414604
414224
414641
418965
420223
422921
422441
423380
426350
429290
428221
429099
432533
433771
437051
434923
435477
440397
442955
442849
444181
448806
450831
454912
452820
455229
460971
463466
464679
463837
470446
475415
476725
364765
365855
370409
371948
370811
373309
374692
379136
380620
379637
382252
385292
387325
387270
390250
390492
392587
395005
397069
400533
394592
397002
405059
407414
398357
399330
410427
409326
410619
406515
406623
414865
414874
415042
415869
419514
421026
423265
424200
425491
427444
430217
430333
431872
434147
435870
438807
437969
438962
442947
445848
444985
447587
452417
454174
458725
455030
457948
464728
466319
465644
464983
473476
476730
477214
364450
365466
370158
371596
370528
372896
374423
379146
380737
379508
382273
385446
387566
387419
390520
390663
392953
395470
397876
402115
395362
397798
406146
408621
399503
400254
411399
410870
412687
407602
407017
415184
415427
416215
416353
419530
421493
424151
425503
426095
427490
431265
432412
432972
433982
437033
440834
439205
439351
443058
448282
446514
447770
452077
455430
460950
454497
456041
465316
467915
465987
465766
472896
476294
477402
365441
366536
371311
372907
371898
374147
375668
380589
382107
380706
383236
386385
388579
388059
390894
390555
392827
394903
396787
399343
392363
394447
403276
405484
396369
396678
408242
407628
409326
406183
406180
414556
414869
416604
417028
420213
422112
424459
427407
428444
428636
431861
434312
435666
435783
438432
441809
441500
442685
445149
449976
447243
450062
454658
457037
461815
453868
456100
466742
468380
464337
466572
474065
476625
477243
365022
365988
370261
371723
370922
373107
374439
379169
380862
379778
382275
385592
387755
387682
390798
390845
393136
395743
398007
401830
395629
397905
405922
407864
399987
400575
411124
410326
411950
408485
408334
415583
415653
417588
418095
420550
422559
424509
428555
429840
429327
432620
436283
438013
437142
440496
443905
444540
445924
447908
453015
450314
453710
458366
460714
466364
457578
459527
470825
472269
466005
461568
475909
477907
478045
364894
365851
370072
371470
370761
372756
374175
378962
380786
379611
382028
385437
387818
387782
390806
390749
393311
396021
398308
401647
395687
398064
406385
408150
400489
400921
411383
411076
412125
408722
408439
415520
415727
418067
418197
420451
422577
424734
429314
430324
429244
433030
437557
438821
437052
441141
445041
445198
446293
448184
454274
450993
453542
458219
461690
467542
457075
458217
471358
473773
465158
459847
475099
477441
477972
365549
366589
370717
372242
371714
373664
375112
379732
381419
380319
382606
385770
388013
387752
390616
390350
392679
394981
396992
399946
393497
395650
403653
405566
398224
398614
408996
408774
410351
407885
408147
415170
415444
418407
418772
421172
423228
425110
430982
432259
430359
433646
439284
441250
438767
442491
445990
447141
449121
450186
455470
451482
455024
459849
462309
467315
455861
457525
471640
474305
465650
465847
476345
477463
477674
365589
366668
370475
371998
371629
373506
374953
379320
381033
380117
382296
385404
387552
387516
390219
390040
392264
394760
396681
399656
393788
395947
403741
405376
398550
399205
409029
409228
410557
408323
408692
415323
415728
418826
419326
421479
423636
425328
432001
433352
431047
434293
440850
443055
439843
443985
447415
449105
451168
451949
457054
452713
456163
461132
463452
468594
456409
457937
472824
475533
469632
465406
477133
477963
478017
365444
366404
369889
371315
371089
372852
374324
378337
380112
379439
381692
384676
386804
387068
389962
390039
392289
394917
397066
400260
395147
397283
404799
406619
400534
401370
410319
410448
411483
409578
409908
415922
416020
419009
419546
421455
423179
424428
431547
433095
430426
433367
440619
443183
439918
444019
447283
449755
452647
453158
458290
454027
458421
463940
465931
470914
459060
460510
475593
476937
469587
464836
478907
478416
477877
365428
366435
369713
371114
371077
372835
374289
378114
379983
379467
381622
384477
386762
387133
389842
389945
392383
395052
396986
400067
395320
397629
404588
406366
400910
401739
410106
410297
411543
409698
410014
415862
416058
419070
419458
421327
423166
424323
431689
433105
430477
433477
441030
443488
439900
444304
447567
449872
452874
453261
458812
454038
458287
463880
466144
471184
458976
460042
475625
477174
468805
465594
478610
477934
477575
365801
366916
370136
371615
371716
373433
374941
378669
380402
379966
381982
384671
386781
387102
389511
389491
391615
394114
395835
398390
393613
395972
402449
403990
398706
399334
408101
408871
410434
408822
409547
415518
416012
419219
419909
421935
423915
425199
433115
434490
431646
434430
442565
445274
441132
445423
448464
450876
454061
453914
458943
453167
457053
462866
464756
469208
456415
457775
474067
475842
467073
465508
477845
477522
477308
365665
366692
369620
371008
371238
372897
374359
377827
379581
379412
381462
384071
386160
386794
389309
389563
391697
394360
396360
399037
395373
397360
403637
405526
401116
402058
409616
410018
411446
409921
410616
416055
416340
419263
419974
421777
423458
424403
432087
433533
430755
433309
441494
444283
440388
444764
447854
450612
454269
454249
459452
454328
458670
464894
466563
471226
459238
460369
476113
477221
468581
466176
479076
477835
477134
365634
366703
369502
370870
371225
372870
374318
377690
379484
379401
381409
383931
386136
386832
389237
389501
391774
394456
396366
398836
395572
397605
403639
405426
401232
402197
409504
410064
411457
409998
410634
415961
416381
419257
419839
421666
423333
424343
432006
433371
430678
433161
441524
444311
440365
444631
447782
450500
454393
454268
459462
454258
458589
464945
466734
471075
459179
460219
475980
477058
468268
464389
478483
477341
476759
365866
367003
369741
371152
371603
373280
374739
377996
379674
379692
381636
383984
386069
386718
388985
389186
391265
393752
395536
397842
394545
396583
402361
404128
400145
401102
408364
409110
410624
409495
410420
415715
416338
419299
420065
422118
423881
425058
432887
434206
431614
433954
442428
445318
441182
445219
448206
450784
454656
454241
458957
453380
457362
463623
465222
469179
457247
458540
474399
476091
468535
465493
477775
476773
476399
365896
367034
369605
370994
371558
373229
374648
377764
379429
379585
381467
383768
385787
386566
388754
389046
391074
393611
395352
397634
394758
396731
402307
404054
400434
401474
408360
409175
410706
409661
410661
415696
416488
419304
420149
422164
423931
425107
432647
434018
431603
433849
442179
445066
441105
445056
447926
450638
454450
454190
458669
453385
457280
463564
465148
468997
457471
458798
474308
476028
468768
465429
477509
476562
476139
365882
366989
369344
370696
371363
372991
374407
377297
378948
379305
381210
383433
385418
386361
388637
389107
391133
393715
395581
397932
395519
397418
402751
404599
401372
402594
408981
409747
411207
410332
411330
416002
416712
419293
420178
422093
423674
424774
431834
433295
431062
433159
441164
443967
440401
444334
447270
450109
453905
454030
458538
453879
457895
464207
466013
469854
459062
460319
475162
476317
467732
464943
477761
476622
475947
365890
367014
369227
370588
371354
372934
374393
377193
378922
379356
381177
383310
385407
386387
388580
389080
391207
393788
395556
397835
395705
397635
402747
404552
401520
402818
408892
409736
411212
410366
411326
415926
416710
419213
420057
422005
423625
424800
431569
433050
431038
433082
440927
443739
440420
444152
447053
450003
453864
453988
458301
453888
457969
464157
465983
469584
459171
460411
474829
476136
467551
464853
477114
476185
475551
365977
367161
369299
370699
371578
373163
374666
377309
378967
379517
381321
383303
385312
386260
388384
388852
390827
393274
394977
397159
395030
396961
401891
403696
400800
402110
408089
409070
410633
409928
411080
415747
416647
419137
420143
422260
423983
425323
432028
433507
431705
433726
441453
444199
440994
444470
447264
450001
453708
453682
457680
453176
456904
462774
464694
467948
457657
459113
473382
475380
467596
465422
476212
475569
475123
366000
367171
369178
370561
371550
373115
374587
377107
378772
379459
381212
383146
385106
386147
388194
388769
390683
393150
394838
396980
395183
397078
401809
403578
401007
402323
408041
409062
410689
410010
411214
415734
416710
419059
420168
422265
424036
425370
431738
433262
431699
433676
441120
443769
440914
444256
446985
449764
453392
453441
457291
453203
456769
462594
464483
467686
457836
459332
473064
475218
467442
465439
475770
475234
474808
366034
367177
369031
370366
371428
372978
374430
376800
378456
379286
381055
382926
384831
386033
388054
388804
390682
393194
394981
397131
395720
397562
402068
403889
401687
403038
408452
409454
411076
410449
411655
415976
416907
419035
420181
422231
423916
425150
431090
432674
431344
433262
440305
442812
440452
443751
446488
449301
452862
453206
457058
453593
457087
462873
464936
468199
458990
460440
473508
475279
466837
464645
475905
475268
474774
366054
367176
368952
370302
371447
372958
374398
376727
378457
379305
381019
382884
384820
386082
388012
388780
390744
393250
394980
397030
395867
397737
402057
403827
401824
403160
408386
409479
411089
410464
411645
415933
416930
418927
420036
422201
423867
425156
430849
432458
431312
433241
440070
442549
440520
443601
446313
449247
452780
453132
456807
453651
457134
462806
464908
467945
459065
460504
473196
475048
466287
464511
475398
474804
474460
366072
367226
368956
370300
371514
373049
374525
376752
378453
379354
381070
382833
384710
385941
387877
388616
390461
392828
394583
396546
395356
397222
401444
403231
401303
402589
407775
409040
410636
410078
411345
415752
416860
418804
419972
422371
424034
425486
431093
432679
431729
433703
440337
442776
440902
443789
446448
449210
452539
452894
456352
453116
456313
461744
464048
466748
457908
459483
472057
474316
465530
464367
474523
474038
473998
366069
367213
368852
370162
371438
372986
374450
376583
378276
379271
380963
382685
384546
385799
387725
388556
390365
392710
394467
396492
395494
397306
401391
403172
401483
402793
407796
409025
410687
410171
411449
415807
416920
418702
419909
422402
423997
425479
430770
432348
431704
433651
439891
442335
440724
443628
446233
448949
452153
452699
456094
453118
456276
461606
463914
466665
458116
459753
471843
474168
466067
463757
474533
473569
473817
366055
367196
368769
370037
371379
372921
374389
376454
378140
379210
380861
382553
384391
385656
387567
388473
390229
392567
394343
396371
395497
397290
401219
403016
401537
402853
407663
408937
410659
410169
411483
415757
416941
418597
419841
422414
423993
425507
430543
432111
431696
433664
439577
442061
440616
443503
446068
448717
451795
452514
455816
452985
456095
461305
463655
466393
458036
459791
471471
473999
465710
463468
474242
473038
473557
366031
367169
368673
369902
371300
372839
374318
376314
378000
379138
380755
382415
384232
385505
387409
388387
390115
392412
394217
396243
395486
397296
401132
402887
401569
402899
407538
408916
410615
410151
411498
415708
416948
418501
419780
422362
423945
425514
430291
431883
431671
433645
439233
441741
440491
443360
445893
448425
451437
452340
455565
452851
455917
461042
463509
466146
457960
459810
471146
473900
465232
464437
473399
472517
473244
365980
367122
368562
369755
371199
372755
374245
376171
377869
379067
380660
382275
384079
385347
387253
388276
389963
392239
394080
396080
395395
397221
400919
402689
401531
402871
407321
408793
410493
410064
411412
415612
416881
418366
419696
422281
423909
425512
430075
431703
431639
433622
438975
441482
440409
443234
445761
448164
451100
452181
455322
452575
455615
460717
463285
465792
457698
459607
470715
473022
464584
463612
472678
471874
472802
365990
367131
368480
369613
371056
372651
374152
375958
377665
378939
380520
382083
383859
385139
387117
388235
389896
392148
394062
396172
395626
397404
400956
402778
401849
403222
407431
408900
410687
410300
411598
415672
416936
418316
419669
422181
423787
425345
429628
431261
431382
433349
438384
440851
440017
442944
445464
447698
450610
451998
455199
452624
455586
460730
463360
466062
458226
460100
470910
472988
465200
463554
472989
471703
472866
366033
367096
368400
369592
371078
372610
374071
375914
377764
378999
380466
382005
383915
385158
387047
388157
389912
392192
394034
396120
395641
397490
400943
402676
401838
403285
407370
408825
410613
410253
411594
415595
416864
418213
419635
422131
423699
425273
429479
431171
431376
433298
438131
440715
440073
442885
445394
447506
450545
452032
455083
452376
455471
460703
463217
465876
458133
460094
470695
472624
465030
463416
472714
471155
472446
365888
366986
368262
369395
370904
372502
374007
375770
377669
378955
380404
381856
383764
384960
386863
387959
389630
391847
393720
395815
395190
397086
400533
402254
401420
402824
406842
408424
410205
409829
411223
415293
416625
417982
419423
421956
423605
425296
429437
431123
431440
433435
438084
440699
440126
442902
445472
447262
450265
451880
454860
451837
454814
460095
462659
465122
457128
459094
469808
471592
464163
462495
471600
470174
471616
365793
366886
368104
369172
370691
372325
373851
375529
377512
378857
380234
381615
383545
384731
386674
387775
389416
391639
393556
395714
395108
396977
400380
402088
401359
402736
406673
408272
410084
409717
411095
415127
416470
417825
419263
421704
423393
425135
429097
430809
431238
433256
437640
440304
439869
442694
445295
446751
449825
451699
454695
451431
454369
459837
462390
464896
456847
458803
469453
471181
464023
462376
471143
469570
471128
365642
366751
367911
368899
370414
372099
373670
375237
377335
378750
380030
381316
383280
384452
386446
387524
389131
391361
393317
395524
394818
396732
400120
401831
401168
402479
406323
407981
409838
409471
410852
414816
416207
417591
419036
421358
423115
424946
428750
430500
431004
433053
437193
439916
439596
442467
445107
446173
449316
451451
454465
450832
453693
459432
461954
464432
456224
458103
468824
470490
463424
461738
470368
468769
470428
365433
366569
367659
368555
370055
371799
373428
374850
377109
378604
379748
380916
382930
384093
386151
387176
388730
390988
392987
395249
394388
396402
399727
401434
400874
402073
405847
407565
409483
409119
410486
414363
415822
417266
418723
420880
422742
424636
428323
430116
430649
432745
436659
439443
439211
442136
444828
445448
448669
451082
454125
450040
452771
458900
461311
463763
455369
457117
468000
469590
462670
460907
469387
467831
469559
365131
366303
367305
368100
369572
371381
373077
374315
376799
378381
379334
380359
382443
383599
385732
386666
388157
390467
392491
394801
393737
395886
399144
400835
400384
401441
405170
406950
408901
408603
409935
413700
415237
416799
418285
420217
422220
424151
427781
429619
430134
432292
435981
438829
438679
441647
444395
444522
447831
450533
453609
448993
451534
458191
460385
462796
454231
455791
466940
468405
461672
459815
468143
466715
468470
364679
365889
366779
367467
368905
370778
372542
373548
376349
378015
378701
379561
381748
382893
385108
385911
387327
389733
391739
394084
392775
395121
398281
399929
399614
400536
404214
406055
407977
407856
409130
412757
414374
416124
417663
419300
421476
423398
427071
428936
429391
431627
435090
438000
437943
440938
443730
443331
446752
449736
452854
447645
449943
457252
459152
461494
452789
454099
465616
466892
460381
458399
466601
465302
467080
364000
365240
365983
366569
367976
369903
371727
372450
375692
377432
377739
378427
380767
381886
384182
384812
386154
388698
390645
393001
391411
394048
397054
398635
398472
399291
402903
404836
406624
406806
408022
411460
413147
415159
416779
418054
420441
422326
426091
428018
428349
430682
433927
436881
436954
439954
442760
441836
445392
448652
451811
445972
447992
456044
457619
459850
451033
452030
463970
464995
458710
456604
464712
463524
465266
362999
364257
364806
365301
366672
368665
370531
370904
374742
376548
376327
376861
379408
380481
382856
383286
384553
387265
389139
391471
389559
392617
395370
396859
396862
397574
401177
403140
404767
405338
406512
409728
411431
413811
415509
416402
419008
420838
424769
426811
426921
429396
432448
435407
435684
438649
441433
440028
443727
447265
450437
443974
445686
454561
455779
457845
448963
449610
461986
462760
456667
454463
462477
461384
463068
361530
362794
363098
363507
364841
366922
368807
368756
373381
375232
374311
374753
377553
378552
381008
381217
382420
385320
387116
389391
387123
390769
393113
394494
394716
395304
398990
400851
402321
403355
404523
407491
409115
411997
413716
414313
417064
418839
423039
425221
425037
427721
430627
433539
434095
436995
439717
437890
441685
445547
448693
441656
443025
452786
453602
455469
446620
446889
459662
460010
454340
452083
460014
459006
460602
359473
360695
360738
361095
362420
364546
366574
365986
371607
373388
371537
372070
375185
376055
378598
378873
379870
382946
384594
386811
384236
388649
390317
391546
392146
392634
396402
398049
399367
400951
402133
404743
406212
409707
411411
411816
414552
416248
420890
423202
422700
425570
428454
431335
432215
435007
437823
435603
439399
443562
446722
439280
440285
450973
451286
452971
444350
444244
457227
457599
451990
449750
457522
456566
458002
357348
357825
357478
358437
360073
361572
363017
362510
370026
371373
367834
368817
372846
373580
375345
375089
376913
380649
381563
383152
380607
386707
387418
387947
388929
389875
393979
395045
395892
398476
400035
402108
403019
407247
409332
409694
411998
413471
418925
421542
420535
423100
426039
429188
430439
432660
434975
432847
437354
441266
443952
436066
437034
448868
448335
449447
441570
441519
454899
454937
449425
448274
455404
454295
455444
352572
353978
353190
353207
354948
357057
358723
356947
365567
367322
363209
364321
367762
368370
371294
371115
371677
375458
376934
378838
375527
382123
382011
383794
385184
385073
389060
390818
391745
394591
395377
397613
399343
403918
405320
405399
408394
409984
415457
417544
416809
420022
422636
425098
426601
429226
431673
428638
432710
437204
440716
432066
431964
444703
444496
445383
437726
436588
450369
451208
446478
444978
451534
451110
452492
348981
350502
348886
348903
350559
353079
354993
352109
362798
364329
358410
360066
363828
364100
367247
367184
367747
371606
373251
375392
371396
379667
377845
379934
381697
381605
385414
387352
388134
391426
392116
394150
395819
400636
402088
401878
405105
406604
412167
414205
413523
416643
419223
421563
423150
425980
428676
425220
429752
433910
437671
428933
428455
441871
441517
442453
435436
434089
447978
448114
443901
441126
448673
448518
449866
344708
344644
343792
345135
347786
349131
350546
347470
358299
358918
353006
356329
360767
361234
363238
363054
364229
369019
369638
371471
367739
376694
374355
376322
378482
378678
382993
384061
384556
388741
389732
391247
392466
397770
399414
399528
401905
403178
409329
411691
410533
413195
416044
418416
420666
422416
424812
421798
426668
430605
434161
425803
425394
439728
438370
439073
433022
431729
445360
445466
441422
438472
446500
445917
447004
341627
341658
338340
339276
341664
342740
344365
340552
356254
356891
346884
350399
354814
354779
357187
357312
358139
363326
363572
365698
360804
374308
368486
370878
373302
373286
377998
378536
378959
383677
384557
386035
387338
392789
394276
394521
396458
397697
403881
406177
404973
407257
410124
412352
414854
416375
418712
415831
421380
424462
428246
419804
418516
434144
432903
434012
428246
426802
440551
441246
437119
434349
442275
441543
442763
)
;

boundaryField
{
    inlet
    {
        type            calculated;
        value           nonuniform List<scalar> 0();
    }
    outlet
    {
        type            calculated;
        value           nonuniform List<scalar> 0();
    }
    front
    {
        type            empty;
    }
    back
    {
        type            empty;
    }
    hub
    {
        type            calculated;
        value           nonuniform List<scalar> 
72
(
306845
310380
312750
310849
313414
315730
315548
318151
320279
322132
319755
321634
326699
327846
323436
324902
331736
331306
333213
328885
330413
337262
337003
335744
336085
341967
341521
343118
344413
346708
347780
348434
354745
356340
353965
356629
363688
366208
363093
366726
369944
371592
376015
376373
380070
378726
380846
387851
388981
392279
386085
388551
399073
399421
394410
395741
406737
406551
408468
408817
409849
416247
417426
421611
423786
426505
429882
433647
437611
441086
442626
447221
)
;
    }
    tip
    {
        type            calculated;
        value           nonuniform List<scalar> 
65
(
327165
327081
323626
324614
326874
328315
329755
326340
342021
342627
332303
335681
340110
340123
342606
342789
343695
348995
349688
351680
347155
360652
354748
356975
359353
359334
363953
364700
364710
369286
370106
371452
372580
377735
379104
379065
381002
381800
387773
389963
388629
390824
393727
395986
398620
400577
402983
400554
406241
409743
413822
405794
404781
420870
420259
421387
415909
414649
428623
429374
425245
422522
430453
429883
430794
)
;
    }
    procBoundary7to5
    {
        type            processor;
        value           nonuniform List<scalar> 
104
(
307981
312636
315387
313565
315876
315876
315999
316299
316443
316593
316951
317120
317546
317739
318247
318481
321765
321765
321325
322993
325733
328119
324579
325913
325913
326135
327572
327472
328481
328396
329513
329399
330644
330496
331952
331955
332557
335643
335307
337553
337529
339994
340186
341193
345483
345464
348027
348605
349667
353770
354132
356201
357023
358357
360619
361217
362388
363197
363374
364429
364261
364199
364561
364226
364939
364571
364375
364778
364738
364585
364450
364672
364571
364477
364585
364557
364555
364506
364492
364422
364421
364367
364263
364207
364147
364077
363965
363971
363979
363714
363550
363307
362988
362549
361922
361020
359725
357869
355348
352722
346820
342127
337980
331367
)
;
    }
    procBoundary7to6
    {
        type            processor;
        value           nonuniform List<scalar> 
58
(
304334
304346
304361
304364
304380
304390
304390
304400
304398
304412
304418
304415
304424
304421
304430
304427
304436
304425
304428
304438
304434
304446
304443
304456
304438
304449
304467
304464
304485
304460
304481
304509
304478
304507
304546
304548
304593
304545
304593
304655
304593
304654
304732
304652
304728
304829
304833
304954
304963
305113
305025
305143
305319
305347
305563
305598
305851
305886
)
;
    }
    procBoundary7to8
    {
        type            processor;
        value           nonuniform List<scalar> 
84
(
464728
464539
464353
464178
464011
463643
463687
463459
463321
463123
462997
462785
462679
462462
462378
462183
461823
462162
461859
461845
461530
461592
461379
461056
461922
461605
462059
461997
461847
463544
463356
464327
464609
464958
467384
467701
468555
470861
471182
472278
474313
474751
476041
476483
477650
478781
478826
479639
480289
480419
480088
480316
479936
479382
479207
478676
478076
477350
476783
476046
475453
474663
473782
473029
472357
471770
471136
470962
470585
470081
469974
469036
467872
467003
465798
463675
461370
459165
456863
454779
451722
449037
446599
442445
)
;
    }
    procBoundary7to9
    {
        type            processor;
        value           nonuniform List<scalar> 
71
(
447238
447260
447290
447290
447308
447319
447320
447327
447328
447332
447335
447336
447336
447337
447336
447337
447335
447340
447340
447339
447341
447339
447342
447338
447348
447348
447345
447347
447340
447355
447354
447346
447365
447365
447359
447364
447355
447388
447383
447373
447413
447405
447397
447447
447438
447434
447443
447443
447451
447449
447496
447463
447461
447473
447470
447483
447477
447483
447470
447465
447420
447447
447380
447358
447358
453851
458628
458711
458711
465818
469294
)
;
    }
}


// ************************************************************************* //
