/*--------------------------------*- C++ -*----------------------------------*\
| =========                 |                                                 |
| \\      /  F ield         | OpenFOAM: The Open Source CFD Toolbox           |
|  \\    /   O peration     | Version:  v2012                                 |
|   \\  /    A nd           | Website:  www.openfoam.com                      |
|    \\/     M anipulation  |                                                 |
\*---------------------------------------------------------------------------*/
FoamFile
{
    version     2.0;
    format      ascii;
    class       volScalarField;
    location    "1e-06";
    object      kMean;
}
// * * * * * * * * * * * * * * * * * * * * * * * * * * * * * * * * * * * * * //

dimensions      [0 2 -2 0 0 0 0];


internalField   nonuniform List<scalar> 
10123
(
0.700795
0.692386
0.686767
0.683034
0.68197
0.672882
0.660301
0.663128
0.657243
0.636657
0.637756
0.582832
0.619354
0.60914
0.611526
0.601669
0.577141
0.581696
0.516895
0.559677
0.549916
0.553652
0.544079
0.519019
0.523922
0.456268
0.506641
0.494122
0.501224
0.496944
0.473984
0.475141
0.477724
0.469585
0.448029
0.461766
0.461917
0.44912
0.442159
0.454101
0.45357
0.435716
0.439145
0.44667
0.436742
0.414414
0.425704
0.359955
0.422737
0.41154
0.427005
0.43415
0.418964
0.414862
0.42911
0.43034
0.413744
0.41556
0.428105
0.423248
0.404419
0.41028
0.415745
0.407017
0.38641
0.39543
0.384469
0.382976
0.360774
0.37184
0.304771
0.355823
0.339979
0.344709
0.323471
0.322045
0.308235
0.313632
0.304397
0.295594
0.282909
0.286542
0.277544
0.26985
0.258489
0.264813
0.25379
0.256085
0.245099
0.252651
0.206492
0.248816
0.237096
0.245805
0.244291
0.24202
0.228979
0.23516
0.240157
0.234479
0.222788
0.227012
0.23504
0.232209
0.221135
0.222807
0.232321
0.231656
0.220666
0.218752
0.225828
0.221259
0.204991
0.198199
0.201029
0.199701
0.185331
0.174584
0.177309
0.172702
0.165974
0.15218
0.155682
0.158474
0.153794
0.143704
0.143518
0.147245
0.767699
0.754861
0.760784
0.758359
0.746007
0.748986
0.745274
0.738394
0.733033
0.725686
0.723051
0.709553
0.708001
0.704672
0.693045
0.687537
0.677926
0.674501
0.662926
0.656603
0.653422
0.640312
0.634967
0.626082
0.622489
0.614142
0.606454
0.603762
0.592844
0.587436
0.581325
0.578366
0.559775
0.566854
0.562052
0.558168
0.547819
0.551809
0.550056
0.543224
0.544323
0.542963
0.54085
0.527623
0.532705
0.527588
0.523996
0.526787
0.523583
0.522849
0.520198
0.520883
0.522617
0.521438
0.5173
0.51996
0.519405
0.517773
0.511008
0.514326
0.511048
0.508596
0.493674
0.498901
0.493325
0.49009
0.463106
0.47424
0.466282
0.462292
0.456947
0.444461
0.442105
0.430312
0.405855
0.407695
0.405527
0.394528
0.375914
0.376024
0.373613
0.361642
0.343876
0.344362
0.342744
0.334984
0.31992
0.325369
0.324304
0.319159
0.319327
0.314233
0.31252
0.310729
0.297873
0.304792
0.301722
0.299847
0.291565
0.296116
0.295046
0.293749
0.289692
0.293225
0.292717
0.291777
0.289719
0.290969
0.290462
0.289601
0.285314
0.277536
0.270517
0.268735
0.259879
0.251382
0.245733
0.244133
0.235407
0.217476
0.220423
0.214464
0.212106
0.203327
0.201781
0.198309
0.195979
0.190361
0.885136
0.863561
0.884678
0.882399
0.864841
0.87727
0.875325
0.867967
0.8632
0.861995
0.858575
0.815157
0.847538
0.844883
0.831961
0.828627
0.822435
0.818191
0.776816
0.802768
0.799913
0.785289
0.781182
0.774469
0.770324
0.723573
0.755004
0.752552
0.740514
0.733907
0.729961
0.726794
0.702754
0.714521
0.709848
0.705462
0.687675
0.698663
0.696873
0.688562
0.689026
0.688391
0.686109
0.668472
0.678492
0.674573
0.67099
0.640603
0.669914
0.669135
0.665741
0.663073
0.667531
0.666272
0.660934
0.66285
0.662649
0.660883
0.651537
0.65555
0.652044
0.649468
0.630129
0.638192
0.631743
0.628315
0.591842
0.610283
0.600878
0.596602
0.553163
0.575062
0.572334
0.558894
0.52294
0.53315
0.530432
0.517105
0.488302
0.493745
0.490714
0.475975
0.448632
0.453898
0.451806
0.442009
0.416154
0.428258
0.426819
0.420059
0.391031
0.412483
0.410045
0.408146
0.38863
0.400444
0.397051
0.395165
0.384478
0.391399
0.390579
0.389379
0.384769
0.38914
0.388719
0.387829
0.385531
0.386576
0.385949
0.385016
0.380485
0.370626
0.362695
0.360529
0.350578
0.337422
0.333529
0.331358
0.321389
0.298401
0.302805
0.294846
0.292326
0.281336
0.277838
0.271944
0.197159
0.261247
0.8951
0.907604
0.894257
0.891691
0.891697
0.888568
0.884475
0.880455
0.882122
0.871649
0.868893
0.861691
0.858217
0.854554
0.847064
0.843377
0.832229
0.828895
0.820576
0.813266
0.809649
0.800323
0.79539
0.784134
0.780676
0.773217
0.765364
0.761961
0.752948
0.750276
0.739336
0.736321
0.731607
0.725037
0.718734
0.715551
0.722151
0.707858
0.705632
0.700892
0.701958
0.697039
0.694916
0.693018
0.688274
0.68288
0.680036
0.692412
0.678714
0.677304
0.675422
0.681732
0.675929
0.674442
0.672109
0.674555
0.670809
0.669058
0.666114
0.665246
0.659987
0.657602
0.653163
0.646931
0.639389
0.636284
0.633508
0.618275
0.608047
0.604172
0.59585
0.582282
0.579009
0.5659
0.564522
0.539619
0.536447
0.523392
0.521871
0.49938
0.495961
0.481406
0.479376
0.458734
0.456296
0.446699
0.449243
0.432578
0.430798
0.424236
0.422132
0.416523
0.413729
0.412004
0.414706
0.404349
0.400576
0.398796
0.3962
0.395369
0.394115
0.392976
0.391435
0.393372
0.392318
0.391422
0.390436
0.391311
0.389575
0.388585
0.38463
0.376643
0.366091
0.363807
0.354024
0.351441
0.336636
0.334284
0.324331
0.3166
0.305623
0.297328
0.294804
0.285435
0.28047
0.274028
0.271413
0.263585
1.03506
1.03372
1.03755
1.0349
1.02669
1.03309
1.0301
1.02459
1.02459
1.01931
1.01592
1.00964
1.00628
1.00288
0.99254
0.989856
0.981006
0.97692
0.968364
0.961353
0.957754
0.945353
0.940978
0.931211
0.927174
0.918292
0.910814
0.907421
0.896307
0.891466
0.882895
0.87954
0.865162
0.866598
0.860081
0.856219
0.850948
0.847702
0.845329
0.838323
0.8388
0.834949
0.83258
0.82295
0.825637
0.820869
0.817822
0.817246
0.815783
0.814268
0.811371
0.813142
0.811451
0.809814
0.805692
0.807595
0.804576
0.802638
0.795938
0.796911
0.791459
0.788879
0.776812
0.776436
0.768035
0.764672
0.747553
0.744321
0.732721
0.728527
0.716982
0.703233
0.699495
0.684692
0.667249
0.654862
0.651132
0.635965
0.620034
0.607658
0.603613
0.58664
0.570953
0.559591
0.55664
0.545229
0.533754
0.527555
0.525344
0.517424
0.512719
0.50739
0.503804
0.501994
0.494714
0.492652
0.48833
0.486503
0.47971
0.482535
0.481206
0.480091
0.477113
0.480326
0.479254
0.478345
0.476713
0.477528
0.475728
0.474623
0.470113
0.459979
0.448905
0.446239
0.435213
0.426417
0.415011
0.412156
0.400905
0.385085
0.378876
0.368825
0.366064
0.354264
0.348222
0.339926
0.337637
0.327095
1.17504
1.15852
1.17955
1.17687
1.15865
1.17465
1.17315
1.1652
1.16174
1.16264
1.15846
1.12699
1.14874
1.14576
1.13146
1.12899
1.123
1.11793
1.08726
1.10169
1.09824
1.08176
1.07744
1.06979
1.06494
1.03076
1.04707
1.04389
1.02997
1.02213
1.01695
1.01317
0.988259
0.998099
0.991709
0.986815
0.969298
0.977515
0.975087
0.965171
0.964789
0.962852
0.960143
0.941959
0.952292
0.948252
0.944672
0.923112
0.941921
0.940474
0.936166
0.932449
0.936101
0.934356
0.927894
0.929072
0.927506
0.925329
0.91422
0.9174
0.912177
0.909276
0.888924
0.894898
0.886006
0.882212
0.849871
0.85954
0.846912
0.842183
0.808533
0.813795
0.809802
0.793203
0.760432
0.760083
0.756001
0.738738
0.709259
0.706669
0.702197
0.682914
0.654304
0.651986
0.648687
0.635464
0.610763
0.6147
0.612218
0.602921
0.581061
0.590831
0.58664
0.584606
0.566894
0.573735
0.569008
0.567003
0.555425
0.562313
0.560992
0.559801
0.554854
0.559601
0.558676
0.557699
0.555081
0.555863
0.554302
0.553082
0.547783
0.535305
0.524395
0.521415
0.509068
0.493436
0.486352
0.483131
0.470558
0.446313
0.445508
0.433981
0.430919
0.41649
0.409801
0.400058
0.397433
0.384942
1.19336
1.20677
1.19711
1.19395
1.19571
1.19444
1.1897
1.18635
1.19024
1.17969
1.17629
1.16982
1.16692
1.16246
1.15496
1.15192
1.13954
1.13565
1.13667
1.11894
1.11443
1.10434
1.09894
1.08556
1.08154
1.07093
1.06353
1.05907
1.04882
1.04526
1.03185
1.02825
1.02235
1.01428
1.00573
1.00236
1.00646
0.991839
0.988827
0.98316
0.983412
0.976314
0.973802
0.971562
0.967117
0.961189
0.958532
0.966007
0.955439
0.953179
0.95072
0.956408
0.949033
0.946985
0.944085
0.945853
0.940058
0.937898
0.933983
0.931791
0.924382
0.921725
0.916249
0.908056
0.897758
0.894377
0.887909
0.871691
0.857987
0.853769
0.839606
0.824905
0.820196
0.803992
0.795361
0.770099
0.765418
0.748475
0.740155
0.715515
0.710527
0.691448
0.68266
0.659684
0.655918
0.642924
0.638581
0.621607
0.618677
0.609599
0.602884
0.597279
0.592593
0.590794
0.591124
0.579941
0.574677
0.57283
0.569803
0.568528
0.566634
0.565516
0.564122
0.566085
0.564353
0.563374
0.562326
0.562919
0.55999
0.558698
0.554104
0.543776
0.529772
0.526634
0.514487
0.509004
0.49131
0.487843
0.475277
0.464334
0.450005
0.43801
0.434941
0.422371
0.413946
0.403474
0.400786
0.388627
1.33035
1.3287
1.33547
1.33224
1.32227
1.33146
1.32832
1.32176
1.32147
1.31768
1.31344
1.31051
1.30339
1.29938
1.28692
1.28419
1.27496
1.26993
1.26386
1.25229
1.24794
1.23287
1.22775
1.21683
1.21191
1.20371
1.19224
1.18805
1.17443
1.16765
1.15826
1.15415
1.13624
1.13789
1.12963
1.12496
1.11572
1.11379
1.11074
1.10153
1.10106
1.09633
1.09339
1.08106
1.08549
1.08031
1.07692
1.07695
1.07312
1.07099
1.06679
1.06633
1.06518
1.06303
1.05724
1.05842
1.05446
1.05202
1.04278
1.04359
1.03664
1.03358
1.01842
1.01799
1.00742
1.0035
0.983164
0.978676
0.964182
0.959322
0.945778
0.927735
0.922888
0.904911
0.882374
0.868152
0.86324
0.844278
0.822167
0.80808
0.802786
0.781531
0.759404
0.746365
0.742342
0.727561
0.710699
0.703518
0.700402
0.689962
0.683231
0.675773
0.670575
0.668468
0.658288
0.656203
0.6506
0.648491
0.639472
0.643332
0.641468
0.640209
0.636201
0.640156
0.638636
0.637552
0.635201
0.635892
0.633356
0.631945
0.626413
0.613786
0.600377
0.596968
0.583505
0.570442
0.558138
0.554382
0.540544
0.520574
0.512545
0.499255
0.495858
0.48038
0.47178
0.460101
0.457084
0.443022
1.35296
1.3803
1.35693
1.35318
1.36406
1.35534
1.34849
1.3475
1.3545
1.33829
1.33506
1.35365
1.32522
1.31952
1.31507
1.31115
1.29476
1.29119
1.30757
1.27284
1.26728
1.25973
1.25291
1.23555
1.23168
1.24448
1.21169
1.20603
1.19683
1.19423
1.17582
1.17195
1.17347
1.15687
1.14608
1.1433
1.15537
1.13056
1.12684
1.12271
1.12254
1.11204
1.10937
1.1138
1.10274
1.09538
1.09313
1.11346
1.08885
1.08578
1.08382
1.09301
1.0802
1.0777
1.07617
1.07768
1.06901
1.06661
1.06565
1.06022
1.05076
1.04803
1.04845
1.03322
1.02103
1.01764
1.02024
0.992772
0.97703
0.972813
0.977076
0.940663
0.934978
0.917511
0.917706
0.879836
0.874221
0.855687
0.854017
0.818436
0.812531
0.791572
0.788728
0.755404
0.750827
0.736351
0.738978
0.711629
0.707983
0.697811
0.705189
0.683329
0.677534
0.675718
0.682304
0.663456
0.657214
0.655306
0.655727
0.65057
0.648021
0.64686
0.647094
0.647673
0.645212
0.644133
0.6437
0.644042
0.639943
0.638451
0.633792
0.623455
0.606639
0.603046
0.589851
0.587149
0.563941
0.559894
0.546087
0.538867
0.517827
0.503985
0.500588
0.487403
0.476652
0.464124
0.461036
0.447412
1.50186
1.50332
1.50774
1.50384
1.4966
1.50363
1.49955
1.49297
1.49378
1.48827
1.48342
1.4761
1.47282
1.46798
1.45537
1.45236
1.44143
1.43579
1.42447
1.41661
1.41144
1.39584
1.39001
1.37712
1.37158
1.35841
1.34981
1.34476
1.33011
1.32311
1.31143
1.30668
1.29036
1.28853
1.27873
1.2736
1.26602
1.26053
1.25683
1.24699
1.24618
1.23979
1.23637
1.2257
1.22776
1.22167
1.21796
1.21384
1.21307
1.21034
1.20556
1.20599
1.20276
1.20012
1.19397
1.19502
1.18965
1.18679
1.17764
1.17734
1.16913
1.16567
1.15188
1.14858
1.13661
1.13229
1.1142
1.10512
1.08889
1.08355
1.06561
1.04868
1.04306
1.02333
1.00115
0.98277
0.977053
0.956004
0.934232
0.915473
0.90935
0.885745
0.863737
0.846066
0.841304
0.824602
0.807985
0.797053
0.793304
0.78142
0.771635
0.764971
0.758737
0.756357
0.748217
0.742584
0.736085
0.733736
0.725638
0.727929
0.725556
0.724117
0.720332
0.724018
0.722018
0.720746
0.718289
0.719005
0.71574
0.714082
0.708098
0.695004
0.679655
0.675778
0.661035
0.648363
0.633061
0.628748
0.613501
0.594457
0.582409
0.567275
0.563428
0.546384
0.53606
0.522406
0.518921
0.503039
1.64827
1.62613
1.6558
1.65215
1.62567
1.64827
1.64831
1.63518
1.62857
1.63559
1.62897
1.59008
1.61715
1.6139
1.59211
1.58908
1.58552
1.57748
1.53729
1.55735
1.5531
1.52845
1.5228
1.51622
1.50871
1.46496
1.48495
1.48112
1.46016
1.44755
1.44456
1.43889
1.40364
1.41694
1.40904
1.40103
1.37464
1.38777
1.38436
1.36787
1.36556
1.36492
1.36067
1.33389
1.34924
1.3452
1.33964
1.31033
1.33398
1.33199
1.32376
1.31418
1.32209
1.31945
1.30787
1.30771
1.30711
1.30376
1.28554
1.2904
1.28434
1.28006
1.25127
1.26028
1.24918
1.24373
1.20328
1.21417
1.19796
1.19125
1.14787
1.15381
1.14862
1.12647
1.0834
1.08324
1.07771
1.05398
1.01351
1.01043
1.00435
0.977972
0.938088
0.935009
0.930284
0.91117
0.87648
0.880904
0.877275
0.863487
0.833576
0.845042
0.838585
0.835475
0.811456
0.820116
0.813624
0.810711
0.793254
0.803548
0.80163
0.799832
0.791321
0.798351
0.797221
0.795723
0.790746
0.791621
0.789859
0.788052
0.780456
0.763761
0.75121
0.747115
0.730738
0.707566
0.700952
0.696498
0.679783
0.647581
0.645912
0.629708
0.625361
0.603982
0.594336
0.57992
0.576034
0.557724
1.67828
1.67905
1.68482
1.68021
1.67309
1.68011
1.67535
1.66819
1.66905
1.66318
1.65752
1.64526
1.64623
1.64062
1.62707
1.62373
1.61181
1.60532
1.58872
1.58458
1.5786
1.56171
1.55519
1.54095
1.53456
1.51595
1.5106
1.50473
1.48856
1.48071
1.46763
1.46212
1.44487
1.4418
1.43056
1.42468
1.41596
1.40969
1.4053
1.39426
1.39291
1.38535
1.38134
1.37027
1.37164
1.36471
1.36046
1.35216
1.35436
1.35105
1.34538
1.3455
1.34145
1.3383
1.33133
1.33213
1.3258
1.32245
1.31257
1.31174
1.30249
1.29855
1.28431
1.2799
1.26668
1.26183
1.24257
1.23239
1.21454
1.2086
1.18607
1.17063
1.16428
1.14278
1.11822
1.09855
1.09205
1.06887
1.04494
1.02412
1.01719
0.991194
0.966955
0.947046
0.941536
0.922803
0.904133
0.891727
0.887339
0.873905
0.860905
0.855109
0.847797
0.845069
0.836646
0.829753
0.822351
0.819684
0.811556
0.813123
0.810222
0.808539
0.804587
0.808256
0.805808
0.804305
0.801545
0.802337
0.798463
0.796534
0.790014
0.776384
0.759482
0.75513
0.739107
0.725697
0.708713
0.703844
0.687188
0.667371
0.653058
0.636086
0.631736
0.6129
0.600994
0.585384
0.581395
0.563615
1.81943
1.80049
1.82763
1.82341
1.79712
1.81889
1.81908
1.80436
1.79773
1.80524
1.79761
1.76242
1.78496
1.78137
1.75758
1.75427
1.75084
1.74161
1.70423
1.72004
1.71531
1.68833
1.6821
1.6753
1.66666
1.62567
1.64076
1.63652
1.61315
1.59947
1.59621
1.58968
1.55351
1.56517
1.5565
1.5472
1.52089
1.53227
1.52835
1.50968
1.5067
1.50593
1.50096
1.47326
1.48791
1.48353
1.47707
1.4501
1.47016
1.46785
1.45812
1.44781
1.4557
1.45261
1.43934
1.43883
1.43818
1.43429
1.41436
1.41917
1.41274
1.40784
1.37821
1.38635
1.37452
1.36836
1.32924
1.33667
1.3193
1.31178
1.27019
1.27162
1.26597
1.24195
1.19947
1.19555
1.18947
1.16353
1.12256
1.11626
1.10957
1.08074
1.03999
1.03374
1.02845
1.00715
0.972318
0.973585
0.96949
0.954001
0.92515
0.933239
0.925872
0.922249
0.898684
0.905295
0.89809
0.894732
0.876202
0.886534
0.884275
0.882153
0.872557
0.88008
0.878792
0.877026
0.871189
0.872165
0.870281
0.868212
0.859808
0.842241
0.829082
0.824574
0.806877
0.782675
0.775042
0.770144
0.752041
0.719093
0.715332
0.697512
0.692632
0.66888
0.658172
0.642121
0.637735
0.617358
1.8525
1.85332
1.85946
1.85412
1.84705
1.85388
1.8485
1.84068
1.84134
1.83529
1.82882
1.81561
1.81678
1.81042
1.7959
1.79211
1.77939
1.77202
1.75405
1.74978
1.74298
1.7248
1.71752
1.70211
1.69484
1.67457
1.66876
1.66207
1.64433
1.63548
1.62122
1.61492
1.59664
1.59233
1.57971
1.57301
1.56306
1.55604
1.55095
1.53857
1.53652
1.52794
1.52327
1.51156
1.51227
1.50446
1.4996
1.49159
1.49216
1.48826
1.48157
1.48105
1.47648
1.47278
1.46486
1.46529
1.45818
1.45429
1.44358
1.44228
1.43211
1.42764
1.41282
1.40755
1.39321
1.38781
1.36775
1.35636
1.33706
1.3305
1.30623
1.28983
1.28279
1.25965
1.23335
1.21219
1.20495
1.17976
1.15376
1.13118
1.12348
1.09523
1.06869
1.04692
1.04068
1.01992
0.999271
0.98545
0.980431
0.965414
0.950781
0.944261
0.935853
0.932713
0.923582
0.91584
0.907527
0.904481
0.895865
0.897004
0.893535
0.891563
0.887196
0.890917
0.888032
0.886267
0.883069
0.883934
0.879546
0.877337
0.870252
0.856141
0.838055
0.833242
0.816029
0.801525
0.783535
0.778133
0.760157
0.739191
0.723227
0.7045
0.699636
0.67893
0.665612
0.648134
0.643634
0.623959
1.99788
1.97767
2.00686
2.00218
1.97323
1.9962
1.99744
1.97997
1.97236
1.98225
1.97325
1.93606
1.9596
1.95612
1.92893
1.92525
1.92341
1.91246
1.87265
1.8895
1.88457
1.8539
1.84703
1.84132
1.83112
1.7873
1.80291
1.79862
1.77178
1.75628
1.75425
1.74665
1.7068
1.71889
1.71004
1.6988
1.66974
1.68226
1.67793
1.65591
1.65195
1.65212
1.64622
1.61528
1.63084
1.6266
1.61878
1.58956
1.61048
1.60808
1.59611
1.58377
1.59326
1.58974
1.57385
1.57274
1.57305
1.56851
1.5456
1.55099
1.54486
1.53915
1.50667
1.51568
1.50362
1.49649
1.45493
1.46265
1.44452
1.43587
1.39156
1.39316
1.38729
1.36116
1.31559
1.31174
1.3053
1.27686
1.23246
1.22597
1.21883
1.18729
1.14286
1.13626
1.1305
1.10671
1.06854
1.06973
1.06527
1.04778
1.01624
1.02451
1.01628
1.01194
0.98615
0.993188
0.985367
0.981407
0.960518
0.97186
0.969396
0.966837
0.955384
0.963785
0.962595
0.960495
0.953317
0.954399
0.952838
0.950487
0.941022
0.922243
0.909307
0.904402
0.885288
0.858845
0.851655
0.846364
0.826804
0.791271
0.787267
0.767919
0.762417
0.735737
0.724235
0.706698
0.701759
0.679037
2.03438
2.03295
2.04199
2.03597
2.02625
2.03477
2.02972
2.01988
2.0192
2.01527
2.00757
1.99299
1.99469
1.98794
1.97081
1.96658
1.95472
1.94591
1.92626
1.92225
1.91489
1.89379
1.8858
1.87072
1.86211
1.8397
1.83377
1.82659
1.80606
1.7953
1.78166
1.77431
1.75242
1.74881
1.73536
1.72714
1.71363
1.7083
1.70256
1.68752
1.68447
1.67609
1.67054
1.65578
1.65754
1.6493
1.64335
1.63229
1.63447
1.63015
1.6217
1.61898
1.6158
1.61154
1.60161
1.60148
1.59466
1.59013
1.57706
1.5762
1.56577
1.56057
1.54309
1.53879
1.52379
1.51757
1.4947
1.48412
1.46374
1.45624
1.42992
1.41307
1.40553
1.3805
1.3508
1.32999
1.32214
1.29469
1.26482
1.24241
1.23402
1.20327
1.17267
1.15082
1.1439
1.12081
1.09663
1.08283
1.07724
1.06035
1.04374
1.03665
1.02715
1.02341
1.01198
1.0048
0.995624
0.992051
0.981535
0.983374
0.979431
0.977057
0.971391
0.975706
0.972593
0.970497
0.966363
0.967369
0.962873
0.960353
0.952467
0.937505
0.919097
0.913823
0.895338
0.878492
0.861001
0.855093
0.83574
0.812333
0.79604
0.775611
0.770144
0.746973
0.732591
0.713339
0.708269
0.686433
2.18434
2.15858
2.19418
2.18925
2.15442
2.18084
2.18428
2.16272
2.15308
2.1674
2.15667
2.11251
2.14178
2.13902
2.10682
2.10272
2.10406
2.09083
2.04398
2.06645
2.06179
2.02584
2.01831
2.01522
2.00296
1.95144
1.9722
1.96842
1.93681
1.91869
1.91955
1.91068
1.86398
1.87882
1.8706
1.8566
1.82177
1.8385
1.83398
1.80722
1.80191
1.8043
1.79725
1.76035
1.77863
1.77525
1.76547
1.72977
1.75558
1.75345
1.73836
1.72257
1.73542
1.73157
1.71193
1.70994
1.71238
1.7071
1.67972
1.68637
1.68141
1.67464
1.637
1.64879
1.63718
1.62873
1.58105
1.59268
1.57434
1.56416
1.51327
1.51906
1.51336
1.48475
1.43262
1.43252
1.42599
1.39469
1.34382
1.34034
1.33297
1.29834
1.24729
1.2433
1.23728
1.21056
1.16586
1.17002
1.1654
1.1455
1.10786
1.11943
1.11048
1.10515
1.07429
1.0843
1.07605
1.07129
1.04645
1.05996
1.05753
1.05439
1.04013
1.04983
1.04913
1.04662
1.0375
1.03864
1.03801
1.03537
1.02451
1.0041
0.992397
0.987141
0.966462
0.936387
0.931325
0.925748
0.90463
0.864406
0.862259
0.841554
0.835321
0.805008
0.793019
0.774255
0.768706
0.74326
2.21034
2.21183
2.218
2.21121
2.2027
2.20961
2.20394
2.19359
2.19271
2.18837
2.17985
2.17118
2.16616
2.15865
2.14089
2.13589
2.12338
2.11368
2.09936
2.08861
2.08042
2.05829
2.04924
2.03322
2.02367
2.00597
1.99324
1.98523
1.96317
1.95117
1.93652
1.92827
1.90609
1.90028
1.8855
1.8763
1.86246
1.85528
1.84877
1.83215
1.82798
1.81879
1.81246
1.79723
1.7976
1.78846
1.78172
1.77437
1.77119
1.76627
1.75651
1.75287
1.74928
1.74444
1.73331
1.73253
1.72522
1.72009
1.70609
1.70467
1.69354
1.68775
1.67001
1.66459
1.64873
1.64187
1.61987
1.60677
1.58526
1.57707
1.55366
1.53182
1.52366
1.49718
1.46781
1.44403
1.4355
1.40623
1.37546
1.35064
1.34155
1.30868
1.27663
1.25244
1.24481
1.21962
1.19448
1.17829
1.17209
1.15344
1.13788
1.12719
1.11657
1.11223
1.10015
1.09187
1.0818
1.07768
1.06595
1.06768
1.06316
1.06037
1.05365
1.0582
1.05477
1.05234
1.04738
1.04842
1.04375
1.04092
1.03234
1.01681
0.998115
0.992392
0.972841
0.954621
0.936959
0.930565
0.910007
0.885386
0.867854
0.845847
0.8398
0.814392
0.798939
0.778013
0.772383
0.748486
2.23904
2.26276
2.24319
2.23519
2.2496
2.24014
2.22524
2.22752
2.23536
2.21059
2.2052
2.21759
2.19191
2.17993
2.17781
2.17144
2.1439
2.13873
2.14567
2.11201
2.1006
2.09353
2.08233
2.05236
2.04631
2.04932
2.01546
2.00341
1.99219
1.98609
1.95452
1.94738
1.94658
1.92291
1.90131
1.89791
1.90402
1.87294
1.86467
1.85947
1.85572
1.83407
1.82887
1.83332
1.81747
1.80238
1.79935
1.81116
1.78749
1.7799
1.77637
1.78524
1.76378
1.75812
1.75672
1.7564
1.73866
1.73393
1.73419
1.7238
1.70629
1.70177
1.70227
1.68108
1.6609
1.65598
1.65319
1.62154
1.5968
1.591
1.58505
1.54523
1.53469
1.51062
1.50004
1.45619
1.44574
1.41876
1.40611
1.36156
1.3508
1.31994
1.30522
1.26212
1.25294
1.22946
1.22085
1.18701
1.17928
1.16204
1.16069
1.13531
1.12296
1.11982
1.12256
1.09972
1.08782
1.0845
1.08532
1.07565
1.06903
1.06669
1.06849
1.06681
1.06065
1.05836
1.05834
1.0585
1.04971
1.04675
1.04088
1.03012
1.00408
0.997937
0.979722
0.974211
0.942873
0.935706
0.915794
0.90348
0.873737
0.850427
0.84464
0.825004
0.805104
0.782027
0.776359
0.754365
2.3985
2.40103
2.40658
2.39921
2.3891
2.39588
2.39125
2.37826
2.37641
2.37418
2.36412
2.35403
2.34942
2.34194
2.32117
2.31544
2.3046
2.29301
2.27764
2.26662
2.25815
2.23264
2.22259
2.2078
2.19647
2.17685
2.16369
2.15557
2.12995
2.11593
2.10251
2.09296
2.06776
2.06133
2.04637
2.0349
2.01911
2.01192
2.00487
1.98463
1.97898
1.97079
1.9633
1.94503
1.94544
1.93637
1.92796
1.91838
1.91562
1.91056
1.8982
1.89235
1.8903
1.88492
1.87095
1.86927
1.86313
1.85722
1.84028
1.83918
1.82858
1.82182
1.80164
1.79676
1.78094
1.77296
1.74947
1.73609
1.71413
1.70465
1.67917
1.6575
1.64918
1.62063
1.58983
1.56509
1.55624
1.5245
1.49137
1.46579
1.45626
1.42064
1.38574
1.36064
1.35254
1.32457
1.2969
1.27973
1.27314
1.25217
1.23361
1.223
1.21136
1.20607
1.19161
1.18359
1.17283
1.16789
1.15332
1.15604
1.15126
1.14786
1.13881
1.14422
1.14098
1.13811
1.13145
1.13256
1.12853
1.12537
1.11563
1.09896
1.08127
1.07514
1.05428
1.03381
1.01725
1.01049
0.988551
0.96133
0.943956
0.920556
0.913783
0.885135
0.869095
0.846797
0.840527
0.81401
2.4426
2.45428
2.44789
2.43899
2.44393
2.44185
2.42838
2.42643
2.43016
2.4123
2.40485
2.40365
2.39075
2.37868
2.37089
2.36437
2.34049
2.33287
2.32593
2.30504
2.29312
2.2802
2.26872
2.24146
2.23322
2.22216
2.19998
2.18759
2.17158
2.16169
2.13394
2.12522
2.11425
2.09679
2.07489
2.06882
2.06398
2.04193
2.03287
2.0227
2.01742
1.9978
1.99124
1.98695
1.97667
1.96153
1.9566
1.95608
1.94299
1.935
1.92853
1.93157
1.91551
1.90912
1.90394
1.9028
1.88701
1.88134
1.87629
1.86845
1.85152
1.8459
1.83888
1.82332
1.80304
1.79686
1.7841
1.76065
1.73524
1.72804
1.71076
1.68029
1.66934
1.6431
1.62158
1.58606
1.575
1.54544
1.52225
1.48477
1.47329
1.43955
1.41434
1.37754
1.3676
1.34125
1.32231
1.29493
1.28654
1.26689
1.25575
1.23706
1.22339
1.21928
1.21422
1.19698
1.18409
1.17996
1.17571
1.16935
1.1622
1.15923
1.15808
1.15809
1.15187
1.14909
1.14733
1.14787
1.1395
1.13613
1.12918
1.1171
1.09216
1.0855
1.06599
1.05485
1.02789
1.02017
0.998857
0.980362
0.954239
0.92922
0.922649
0.899561
0.879238
0.854343
0.847941
0.823315
2.61188
2.60564
2.62134
2.61394
2.59333
2.60598
2.60618
2.58555
2.58037
2.58667
2.57363
2.55135
2.55726
2.55181
2.52211
2.51604
2.51212
2.49647
2.46942
2.46879
2.46146
2.42681
2.41621
2.40749
2.39257
2.36012
2.35674
2.35028
2.31654
2.2986
2.29154
2.27997
2.24343
2.2422
2.22972
2.21323
2.18871
2.18883
2.18192
2.15352
2.14588
2.14265
2.13328
2.1048
2.11009
2.10341
2.09149
2.07143
2.07712
2.07306
2.05533
2.04383
2.04829
2.04264
2.02215
2.01919
2.01782
2.01079
1.98609
1.98766
1.98024
1.97172
1.94279
1.94341
1.92961
1.91936
1.88612
1.88015
1.85927
1.84715
1.81121
1.79802
1.79063
1.75862
1.71845
1.70069
1.69234
1.65669
1.61463
1.59479
1.5855
1.54571
1.5018
1.48168
1.47365
1.44161
1.40481
1.39275
1.38635
1.36188
1.33387
1.32917
1.31695
1.30995
1.28758
1.28457
1.2737
1.26741
1.24621
1.25275
1.24847
1.24412
1.23015
1.23778
1.23587
1.23236
1.22234
1.2236
1.22183
1.21831
1.20638
1.18737
1.17304
1.16663
1.14384
1.11827
1.10608
1.09922
1.07547
1.04141
1.02811
1.00372
0.995902
0.962005
0.946176
0.923144
0.916061
0.88583
2.65981
2.66067
2.66669
2.65726
2.65138
2.65593
2.64655
2.6374
2.63628
2.62843
2.61794
2.60447
2.60254
2.59174
2.57528
2.56815
2.55136
2.53984
2.52036
2.51096
2.4995
2.47772
2.46555
2.44431
2.43263
2.40863
2.39661
2.38511
2.3615
2.34675
2.32596
2.31514
2.29257
2.28105
2.26077
2.25013
2.23419
2.22172
2.2123
2.19438
2.18687
2.17206
2.16356
2.14885
2.14416
2.13064
2.12245
2.11062
2.10695
2.09935
2.08799
2.08393
2.0756
2.06862
2.05735
2.05486
2.04356
2.03667
2.024
2.01932
2.00488
1.99759
1.9817
1.97228
1.95333
1.94511
1.92276
1.90689
1.88199
1.87244
1.84487
1.82292
1.81232
1.78302
1.75116
1.72368
1.71262
1.67955
1.646
1.61569
1.60398
1.56645
1.5308
1.50036
1.49004
1.45994
1.43092
1.40956
1.4009
1.37805
1.35758
1.34468
1.32999
1.32437
1.31143
1.29936
1.28586
1.2805
1.26981
1.26739
1.26025
1.25638
1.25064
1.25302
1.24756
1.24415
1.23942
1.24033
1.23364
1.22983
1.22106
1.20673
1.18486
1.17777
1.15659
1.13913
1.11778
1.10969
1.08674
1.06187
1.03957
1.01321
1.00564
0.977735
0.957628
0.931453
0.924196
0.896149
2.83944
2.81724
2.85023
2.84344
2.80596
2.82898
2.8363
2.80515
2.79501
2.81331
2.79674
2.75515
2.77797
2.77605
2.73398
2.72796
2.7336
2.71287
2.66721
2.68357
2.67863
2.63151
2.62079
2.62066
2.60128
2.54908
2.56169
2.55838
2.51389
2.49092
2.49297
2.47913
2.42522
2.43351
2.42536
2.40217
2.36346
2.37632
2.37032
2.33104
2.32109
2.32489
2.31328
2.26941
2.28304
2.28034
2.26365
2.2269
2.24679
2.24484
2.21991
2.2005
2.2143
2.20877
2.17964
2.17514
2.18042
2.17215
2.13683
2.14231
2.13977
2.12902
2.08699
2.09648
2.08622
2.07299
2.02433
2.03102
2.0126
1.99694
1.94524
1.94579
1.94045
1.904
1.84896
1.84385
1.83693
1.7964
1.74018
1.73146
1.7232
1.6783
1.6202
1.61016
1.60297
1.56584
1.5146
1.51259
1.5071
1.47817
1.43573
1.44127
1.42904
1.41969
1.38466
1.39062
1.38029
1.37219
1.34126
1.35371
1.35071
1.34513
1.32443
1.33493
1.33529
1.33106
1.31649
1.31778
1.3195
1.31568
1.30079
1.27883
1.26946
1.26299
1.23785
1.20463
1.19982
1.1933
1.16744
1.12282
1.11719
1.09246
1.08336
1.0428
1.02765
1.0047
0.99672
0.961904
2.87611
2.87767
2.88342
2.87363
2.86421
2.86854
2.86232
2.84797
2.84473
2.84189
2.82891
2.81956
2.81189
2.80221
2.78013
2.77173
2.75955
2.74476
2.72853
2.71445
2.70345
2.67571
2.66205
2.64484
2.63015
2.60894
2.5912
2.58054
2.55089
2.53287
2.51598
2.50322
2.47562
2.46356
2.44471
2.4299
2.41041
2.39941
2.38971
2.36549
2.35558
2.34403
2.3337
2.31365
2.30924
2.29714
2.28593
2.27339
2.26802
2.26094
2.24498
2.23696
2.23254
2.22508
2.20866
2.20465
2.19677
2.18876
2.17083
2.16702
2.15488
2.14599
2.12586
2.11795
2.10044
2.09026
2.06623
2.05018
2.02603
2.01423
1.98818
1.96319
1.95308
1.92098
1.88753
1.85968
1.84877
1.81245
1.77572
1.74579
1.73401
1.6929
1.65338
1.62302
1.61253
1.57866
1.5464
1.52427
1.51552
1.48932
1.46791
1.45221
1.43667
1.42936
1.41308
1.4013
1.38741
1.38066
1.36531
1.36459
1.35763
1.35277
1.34285
1.34669
1.34224
1.33815
1.3304
1.33135
1.32663
1.32241
1.31172
1.29556
1.27686
1.2694
1.24664
1.22578
1.20749
1.19922
1.17473
1.14673
1.1253
1.09797
1.08934
1.05681
1.03668
1.00967
1.00154
0.96989
2.91612
2.93085
2.91865
2.90677
2.91631
2.91094
2.89066
2.89317
2.89663
2.87202
2.86412
2.86726
2.84793
2.83076
2.82719
2.81854
2.78691
2.77966
2.77572
2.74717
2.73055
2.72089
2.70626
2.67034
2.66181
2.65321
2.62248
2.60468
2.59023
2.57735
2.54023
2.52958
2.51997
2.49558
2.46507
2.46026
2.45455
2.42369
2.4107
2.40163
2.39246
2.36403
2.35586
2.35313
2.33693
2.31458
2.31013
2.31094
2.29007
2.278
2.27215
2.27446
2.25136
2.24239
2.23931
2.23606
2.2137
2.20651
2.20441
2.19313
2.17059
2.16426
2.16034
2.14048
2.11526
2.10892
2.0993
2.07025
2.04007
2.03303
2.01868
1.98141
1.96662
1.93946
1.91945
1.87629
1.86152
1.83001
1.80681
1.76083
1.74568
1.70893
1.68255
1.63654
1.62287
1.59275
1.57279
1.53651
1.52458
1.50147
1.4902
1.46357
1.44455
1.43979
1.43539
1.41233
1.39476
1.38976
1.38663
1.37583
1.36476
1.3609
1.36157
1.35887
1.34936
1.34562
1.34551
1.34558
1.33395
1.32948
1.32372
1.31347
1.28444
1.27613
1.25623
1.24677
1.2154
1.2055
1.18263
1.16535
1.13372
1.10379
1.09585
1.07171
1.04609
1.01491
1.00676
0.978939
3.11248
3.11021
3.12038
3.11082
3.09344
3.09996
3.09955
3.07654
3.0715
3.07541
3.05895
3.04066
3.03961
3.03281
3.00161
2.99263
2.98738
2.96765
2.94356
2.93575
2.92667
2.88951
2.87499
2.86417
2.84501
2.81436
2.80246
2.79449
2.7555
2.73436
2.72322
2.70802
2.67107
2.66083
2.64565
2.62429
2.59927
2.59185
2.58282
2.54913
2.53688
2.53044
2.51773
2.48859
2.48617
2.47747
2.46146
2.44217
2.44069
2.43545
2.41249
2.40016
2.40087
2.39335
2.36928
2.3638
2.36124
2.35186
2.32604
2.32382
2.31607
2.30486
2.27734
2.27289
2.25879
2.24553
2.21466
2.20312
2.18151
2.16608
2.13203
2.11347
2.10535
2.06891
2.02954
2.00592
1.99644
1.95531
1.91248
1.88608
1.87536
1.82913
1.78295
1.75551
1.74582
1.70668
1.66732
1.64789
1.64004
1.60908
1.57893
1.5675
1.55178
1.54188
1.51846
1.50987
1.49641
1.48762
1.46521
1.4674
1.4616
1.45534
1.43937
1.4451
1.44289
1.43797
1.4257
1.42663
1.42538
1.42081
1.40717
1.38888
1.37485
1.36733
1.34231
1.31751
1.30349
1.29562
1.2691
1.23506
1.2173
1.18986
1.17984
1.14098
1.12129
1.0945
1.08538
1.0489
3.16911
3.16808
3.17368
3.16157
3.15501
3.15812
3.14587
3.13645
3.13275
3.12382
3.11102
3.09599
3.09267
3.07881
3.06165
3.05155
3.03252
3.01872
2.99674
2.98524
2.97054
2.94718
2.93118
2.90658
2.89228
2.86489
2.84948
2.83447
2.80787
2.78804
2.76313
2.74921
2.7227
2.70663
2.68091
2.66798
2.6467
2.63031
2.61752
2.5961
2.58336
2.56403
2.55273
2.53462
2.52591
2.50781
2.4976
2.48201
2.4751
2.46466
2.45045
2.44266
2.43176
2.42233
2.40925
2.40375
2.38986
2.38083
2.36714
2.36007
2.34317
2.334
2.31725
2.30607
2.2847
2.27479
2.25125
2.2339
2.20634
2.19515
2.16606
2.14221
2.12914
2.0973
2.06285
2.03263
2.01891
1.98224
1.94464
1.91056
1.89603
1.85382
1.81284
1.77759
1.76424
1.7286
1.69415
1.66784
1.6563
1.62829
1.60306
1.58583
1.56621
1.55872
1.54232
1.52731
1.50976
1.50262
1.48975
1.48462
1.47443
1.46906
1.46226
1.46296
1.45561
1.45089
1.44564
1.44605
1.43829
1.4333
1.42439
1.41061
1.38806
1.37945
1.35723
1.33892
1.31698
1.30708
1.28219
1.25573
1.23105
1.20056
1.1911
1.15988
1.1355
1.10403
1.09471
1.06187
3.38277
3.35896
3.39224
3.38416
3.34192
3.36293
3.37419
3.33401
3.32238
3.34381
3.32216
3.27775
3.29912
3.29862
3.24803
3.23994
3.24924
3.22174
3.17291
3.18791
3.18347
3.12703
3.11334
3.11597
3.09002
3.03306
3.04263
3.04064
2.98487
2.95745
2.96025
2.94195
2.88017
2.88353
2.87619
2.8441
2.79975
2.81025
2.80352
2.75292
2.73807
2.74249
2.72647
2.67501
2.68435
2.68268
2.65898
2.61751
2.63464
2.63367
2.59919
2.57598
2.59028
2.58362
2.54598
2.53888
2.54652
2.5355
2.49365
2.49747
2.49786
2.48325
2.43694
2.44512
2.43766
2.4196
2.36811
2.37371
2.35748
2.33623
2.28162
2.28164
2.27801
2.23478
2.17607
2.17001
2.16405
2.11563
2.05418
2.04374
2.03589
1.98213
1.91722
1.90435
1.89716
1.85042
1.79186
1.78639
1.78106
1.74319
1.69365
1.69587
1.68128
1.6674
1.62642
1.62983
1.6182
1.60643
1.56965
1.58017
1.57712
1.5689
1.54248
1.55232
1.55427
1.54832
1.52885
1.52994
1.5345
1.52976
1.51142
1.48943
1.48335
1.47635
1.44794
1.41287
1.41006
1.40361
1.37423
1.32588
1.31948
1.29328
1.28133
1.23273
1.21488
1.18982
1.17956
1.13634
3.42898
3.42979
3.43357
3.42175
3.41059
3.41131
3.40573
3.38714
3.38128
3.37913
3.36231
3.3497
3.341
3.33046
3.30443
3.29234
3.28108
3.26161
3.24192
3.22619
3.2137
3.18117
3.16294
3.14568
3.12619
3.10015
3.07935
3.06744
3.03102
3.00744
2.98878
2.97192
2.93925
2.92075
2.89965
2.87905
2.8546
2.83909
2.82704
2.79553
2.77938
2.76594
2.75173
2.72657
2.71653
2.70265
2.68667
2.67031
2.66081
2.65255
2.63027
2.61813
2.61243
2.60289
2.5814
2.57368
2.56602
2.55531
2.53388
2.52716
2.51556
2.50358
2.48143
2.47121
2.45407
2.44047
2.41518
2.39717
2.37291
2.35738
2.32859
2.30309
2.29237
2.25579
2.22018
2.18972
2.17767
2.13577
2.09536
2.06177
2.04845
2.00066
1.95594
1.92074
1.90833
1.8668
1.82883
1.80135
1.79086
1.75739
1.72935
1.70985
1.69019
1.67951
1.65884
1.64341
1.62646
1.61681
1.59765
1.59386
1.58512
1.57799
1.5648
1.56691
1.56229
1.55653
1.54614
1.54638
1.54283
1.53741
1.52507
1.509
1.49224
1.48358
1.45893
1.43727
1.41966
1.41028
1.38327
1.35341
1.33003
1.29983
1.28869
1.25083
1.22679
1.1959
1.18539
1.14705
3.47803
3.48431
3.47777
3.46289
3.46568
3.46277
3.44024
3.44012
3.43812
3.41655
3.40585
3.40024
3.3858
3.36542
3.35768
3.3461
3.31468
3.30474
3.29121
3.26711
3.24695
3.23243
3.21422
3.17705
3.16566
3.14663
3.11867
3.0969
3.07755
3.05733
3.01896
3.00491
2.98556
2.96065
2.92416
2.91672
2.89965
2.86967
2.85273
2.83752
2.8221
2.79036
2.77923
2.76762
2.75078
2.72322
2.71666
2.70731
2.68824
2.67271
2.66311
2.65765
2.63536
2.62352
2.61668
2.60976
2.58607
2.57659
2.57014
2.55862
2.53384
2.52565
2.51647
2.49887
2.47107
2.46325
2.44768
2.42201
2.3889
2.38052
2.3595
2.32574
2.30786
2.27877
2.25141
2.2105
2.19243
2.15789
2.1261
2.08081
2.06213
2.02115
1.98495
1.93804
1.92052
1.88497
1.85494
1.81713
1.8015
1.77305
1.75221
1.72448
1.69933
1.69276
1.68078
1.65759
1.63494
1.62816
1.61958
1.60822
1.59329
1.58784
1.58553
1.58226
1.57047
1.5653
1.56413
1.56379
1.55131
1.54549
1.53997
1.52947
1.50129
1.4912
1.47104
1.45822
1.4295
1.41737
1.39321
1.37208
1.34104
1.30664
1.29678
1.26866
1.23945
1.20227
1.19177
1.15909
3.71657
3.70844
3.72113
3.71032
3.68542
3.69086
3.69447
3.66191
3.65376
3.66068
3.63903
3.61329
3.61391
3.60857
3.56838
3.55642
3.55465
3.52796
3.49644
3.49029
3.48174
3.43498
3.41668
3.40851
3.38252
3.34279
3.33095
3.32434
3.27379
3.24694
3.23629
3.21628
3.1689
3.15465
3.14013
3.10923
3.0756
3.06685
3.05688
3.01112
2.99258
2.98628
2.96861
2.92935
2.92301
2.91514
2.89138
2.86311
2.86135
2.8571
2.82373
2.80593
2.80733
2.79847
2.76531
2.7562
2.75602
2.74353
2.71041
2.70618
2.70161
2.68611
2.6525
2.64793
2.6371
2.61855
2.58192
2.57213
2.55331
2.53178
2.49176
2.47587
2.46975
2.42633
2.3808
2.35897
2.35066
2.30141
2.25128
2.22523
2.21505
2.15958
2.10451
2.07586
2.06619
2.01666
1.9673
1.94587
1.93816
1.89715
1.85661
1.84346
1.82492
1.80977
1.77755
1.7676
1.75254
1.73946
1.70965
1.70992
1.7039
1.69451
1.67223
1.67666
1.67615
1.66921
1.65179
1.65209
1.65411
1.64849
1.63137
1.61319
1.60334
1.5953
1.56722
1.54026
1.52962
1.52195
1.49206
1.4532
1.43649
1.40808
1.39481
1.34799
1.32508
1.29626
1.2845
1.23894
3.7684
3.76571
3.76773
3.75343
3.74567
3.74354
3.73012
3.71814
3.71035
3.70039
3.68471
3.66828
3.66063
3.64473
3.62523
3.61025
3.59023
3.5732
3.54995
3.53326
3.51607
3.48974
3.46815
3.44178
3.4239
3.39359
3.37229
3.35464
3.32325
3.29667
3.26848
3.2508
3.22002
3.19614
3.16603
3.14906
3.12174
3.09957
3.08362
3.05595
3.03554
3.01252
2.99766
2.97459
2.95892
2.937
2.9232
2.90352
2.89082
2.87799
2.85858
2.84528
2.83204
2.81999
2.80283
2.79256
2.77745
2.76581
2.74932
2.73864
2.72081
2.70911
2.69107
2.67695
2.65471
2.64228
2.61882
2.5984
2.56972
2.55595
2.5264
2.50001
2.48514
2.45048
2.41465
2.38125
2.36535
2.32474
2.28378
2.24574
2.22869
2.18125
2.13506
2.09464
2.07839
2.03596
1.99549
1.96311
1.94884
1.91386
1.88271
1.85954
1.83452
1.82393
1.80272
1.78317
1.76142
1.75144
1.7343
1.72552
1.71246
1.70479
1.69469
1.69308
1.68473
1.67824
1.67093
1.67017
1.6631
1.65673
1.64714
1.63338
1.61312
1.60298
1.58007
1.56098
1.54043
1.529
1.50252
1.47516
1.44866
1.41513
1.4032
1.36754
1.33897
1.30299
1.29103
1.25194
3.82418
3.84029
3.81776
3.80014
3.81468
3.80276
3.7689
3.7784
3.77908
3.74211
3.73392
3.73995
3.71137
3.68394
3.6863
3.67309
3.62734
3.62184
3.61897
3.57938
3.5533
3.54841
3.52788
3.4764
3.46853
3.46006
3.41677
3.38758
3.37597
3.35596
3.30206
3.28819
3.27821
3.24164
3.19266
3.19175
3.1807
3.1338
3.11249
3.10364
3.08527
3.0394
3.02882
3.02517
2.99778
2.95921
2.95712
2.95545
2.92151
2.9002
2.89542
2.89296
2.85728
2.84284
2.84227
2.83385
2.79919
2.78948
2.79063
2.77397
2.74026
2.73367
2.73346
2.70779
2.6727
2.66773
2.66207
2.62601
2.58655
2.58192
2.57056
2.52515
2.50168
2.47639
2.45788
2.4044
2.38125
2.34985
2.3256
2.26704
2.24353
2.2047
2.17492
2.11416
2.09168
2.0569
2.03268
1.98098
1.96044
1.93195
1.91659
1.8761
1.84425
1.83917
1.83284
1.79921
1.77042
1.76435
1.76069
1.7417
1.72112
1.71582
1.71791
1.71034
1.69339
1.68788
1.69089
1.68978
1.67213
1.66544
1.66391
1.65694
1.62288
1.61107
1.59392
1.58771
1.55129
1.5365
1.5139
1.49991
1.46113
1.42239
1.41238
1.38783
1.35362
1.30994
1.29819
1.26605
4.09541
4.09439
4.09345
4.07993
4.06516
4.05975
4.05607
4.03004
4.02145
4.01716
3.99593
3.98009
3.96678
3.95679
3.92451
3.90807
3.89659
3.87133
3.84858
3.82823
3.81566
3.77649
3.75329
3.73549
3.71007
3.67944
3.65295
3.64158
3.5958
3.56677
3.54475
3.52329
3.48401
3.45701
3.43471
3.40565
3.37587
3.35298
3.3394
3.29741
3.27372
3.25735
3.23818
3.20558
3.18745
3.17258
3.14931
3.12698
3.11184
3.10386
3.07176
3.05513
3.04618
3.03493
3.00564
2.99325
2.98572
2.97179
2.945
2.93415
2.92436
2.90815
2.88281
2.86939
2.85477
2.83618
2.80868
2.78885
2.76703
2.74584
2.71462
2.6883
2.67928
2.63644
2.59866
2.56624
2.55515
2.50584
2.46199
2.425
2.41205
2.35555
2.30544
2.26525
2.25264
2.20069
2.15551
2.12205
2.11143
2.06732
2.03064
2.00594
1.98263
1.96633
1.93834
1.91834
1.89905
1.8847
1.85901
1.8509
1.84123
1.83064
1.81162
1.81085
1.80741
1.79941
1.78433
1.78331
1.78267
1.77607
1.76083
1.74556
1.73278
1.72355
1.69656
1.67522
1.65956
1.65044
1.62065
1.58851
1.56482
1.53413
1.51952
1.47485
1.44669
1.41371
1.40021
1.35267
4.16677
4.15859
4.16124
4.1447
4.13259
4.13101
4.11357
4.10163
4.0901
4.07814
4.06145
4.04073
4.03313
4.01385
3.9935
3.97623
3.95281
3.93528
3.90676
3.89054
3.87012
3.84285
3.81884
3.78854
3.76994
3.73484
3.71261
3.69111
3.65886
3.62797
3.59549
3.57598
3.5399
3.51451
3.47802
3.46116
3.42739
3.40227
3.38301
3.3531
3.32797
3.29923
3.28289
3.25477
3.23692
3.20898
3.19523
3.16954
3.15506
3.13882
3.11847
3.10075
3.08415
3.06985
3.05205
3.03886
3.01984
3.00692
2.98942
2.97725
2.95582
2.94356
2.92373
2.90972
2.88446
2.87194
2.84602
2.82672
2.79525
2.78181
2.75012
2.72405
2.7062
2.67215
2.63365
2.59994
2.58107
2.54042
2.49612
2.4565
2.43636
2.38799
2.3376
2.29434
2.27464
2.23001
2.18465
2.14863
2.13084
2.09309
2.05674
2.03025
1.99967
1.98849
1.96319
1.94131
1.91464
1.90393
1.88449
1.87316
1.85601
1.8475
1.83702
1.83325
1.82196
1.81458
1.80822
1.80663
1.79755
1.79024
1.78247
1.76981
1.74857
1.73711
1.71575
1.69729
1.67662
1.66335
1.63749
1.60993
1.58332
1.54694
1.53397
1.49821
1.4664
1.42571
1.41198
1.37104
4.46972
4.44149
4.46958
4.45774
4.40698
4.41957
4.43484
4.37856
4.36173
4.38225
4.35148
4.30233
4.31609
4.31644
4.25275
4.23833
4.24856
4.20972
4.15634
4.16424
4.15983
4.09
4.06932
4.07228
4.03522
3.97185
3.97209
3.97163
3.89793
3.86194
3.86108
3.83448
3.76092
3.75188
3.7435
3.69511
3.64078
3.64173
3.63297
3.56292
3.53673
3.53703
3.51237
3.44767
3.4446
3.44182
3.4046
3.35401
3.36146
3.36199
3.30908
3.27801
3.28798
3.27906
3.22681
3.21292
3.22066
3.20436
3.15262
3.1505
3.15376
3.13155
3.08002
3.08306
3.08011
3.05289
2.99913
3.00067
2.98933
2.95766
2.9012
2.89817
2.89881
2.84386
2.78239
2.77293
2.77006
2.70816
2.64123
2.62586
2.62019
2.55081
2.47719
2.45689
2.45095
2.38569
2.31586
2.30051
2.29638
2.23979
2.17762
2.16967
2.15014
2.12597
2.07385
2.06841
2.05346
2.03347
1.98636
1.98892
1.98467
1.9705
1.93434
1.93946
1.94308
1.93352
1.90587
1.90573
1.91434
1.90814
1.88437
1.86489
1.86443
1.85757
1.82465
1.79045
1.79115
1.78648
1.75196
1.70131
1.69363
1.66822
1.65026
1.59011
1.56634
1.53858
1.52364
1.46439
4.5379
4.53468
4.52837
4.51295
4.49793
4.48671
4.47957
4.45374
4.44073
4.43188
4.40972
4.39342
4.37425
4.36139
4.32994
4.30863
4.29289
4.26702
4.24343
4.21748
4.2022
4.16398
4.136
4.11389
4.0874
4.05622
4.02347
4.00894
3.96304
3.92903
3.90158
3.87798
3.8378
3.80363
3.77618
3.74619
3.71235
3.68278
3.6663
3.6227
3.59256
3.5701
3.54878
3.5145
3.48916
3.46916
3.44462
3.41975
3.39792
3.38727
3.35326
3.33265
3.31855
3.30515
3.27531
3.2586
3.24699
3.23136
3.20507
3.18979
3.17711
3.15952
3.1354
3.11791
3.10137
3.0817
3.05599
3.03233
3.00911
2.98707
2.95751
2.92752
2.9166
2.87346
2.83669
2.8004
2.78729
2.73711
2.69315
2.65159
2.63641
2.57811
2.52673
2.48091
2.46568
2.41038
2.363
2.32275
2.30939
2.26118
2.22203
2.19036
2.16224
2.14402
2.1143
2.08816
2.06466
2.0485
2.02204
2.00835
1.99527
1.98312
1.96408
1.95934
1.95363
1.94436
1.9299
1.92731
1.92537
1.9178
1.90374
1.88981
1.87667
1.86645
1.84052
1.82134
1.80497
1.79467
1.76508
1.73575
1.70936
1.67714
1.66086
1.61662
1.58415
1.54748
1.53189
1.4816
4.6024
4.59425
4.58897
4.57004
4.5586
4.55189
4.5276
4.51796
4.50409
4.48383
4.46787
4.44824
4.43374
4.40958
4.39145
4.37107
4.33937
4.32372
4.29633
4.27289
4.24795
4.22315
4.19617
4.15763
4.14039
4.10653
4.07695
4.04981
4.01978
3.98568
3.9444
3.92409
3.88811
3.85625
3.81
3.79632
3.76031
3.72605
3.70271
3.67298
3.64306
3.60475
3.58775
3.55863
3.53451
3.49731
3.48568
3.45879
3.43616
3.41483
3.39534
3.37484
3.35056
3.3335
3.31685
3.30053
3.27433
3.26053
3.24432
3.22899
3.20111
3.18951
3.17129
3.15397
3.12319
3.11242
3.08896
3.06575
3.0294
3.01835
2.98921
2.95866
2.93609
2.90487
2.86848
2.82964
2.80627
2.7679
2.72468
2.67904
2.65442
2.60739
2.55697
2.5066
2.48208
2.43711
2.39068
2.34653
2.32379
2.28461
2.24661
2.21237
2.17449
2.16384
2.13727
2.10921
2.07598
2.06523
2.04508
2.02896
2.00607
1.99714
1.98707
1.98019
1.96439
1.95628
1.95175
1.94911
1.93663
1.92826
1.92349
1.91261
1.88914
1.87597
1.85772
1.84211
1.81928
1.80343
1.77964
1.75515
1.72614
1.68627
1.67284
1.63853
1.60325
1.5567
1.54122
1.49951
4.95335
4.93254
4.94224
4.92691
4.88662
4.88469
4.89102
4.84029
4.82241
4.827
4.79633
4.75784
4.75379
4.74836
4.69284
4.67283
4.66977
4.63226
4.58917
4.57917
4.56996
4.50869
4.48266
4.47316
4.43662
4.38438
4.36683
4.36099
4.29264
4.25515
4.23965
4.21139
4.14772
4.12323
4.10546
4.05882
4.00967
3.99257
3.97993
3.91363
3.88129
3.86849
3.84192
3.78469
3.76665
3.75506
3.71781
3.67383
3.66421
3.66071
3.60788
3.57814
3.57422
3.56264
3.51379
3.49566
3.49352
3.47552
3.43049
3.41982
3.41634
3.3932
3.35085
3.34287
3.3353
3.30779
3.26462
3.254
3.23946
3.20799
3.16203
3.14655
3.14469
3.09017
3.03852
3.01651
3.01135
2.9494
2.89099
2.8626
2.85466
2.78421
2.71767
2.68356
2.67508
2.60673
2.54244
2.51227
2.50543
2.44446
2.38683
2.36441
2.33929
2.31319
2.26538
2.24706
2.22694
2.20503
2.16191
2.15375
2.1448
2.12899
2.0957
2.09407
2.09382
2.08302
2.05739
2.05548
2.06064
2.0536
2.03165
2.01606
2.01204
2.00449
1.97307
1.94658
1.94141
1.93602
1.90196
1.86016
1.84491
1.81816
1.79875
1.74169
1.71224
1.6801
1.66329
1.60142
5.02805
5.02028
5.00714
4.98952
4.97391
4.95595
4.94191
4.91852
4.89985
4.8821
4.86104
4.84268
4.81685
4.79933
4.77058
4.74375
4.7189
4.69544
4.6697
4.63729
4.61801
4.58314
4.55024
4.51936
4.49479
4.46253
4.42309
4.40343
4.36064
4.32167
4.28496
4.26088
4.22068
4.17913
4.14193
4.11534
4.07675
4.03852
4.01814
3.97556
3.93857
3.90571
3.8837
3.84843
3.81515
3.78555
3.76299
3.73453
3.7048
3.68934
3.65607
3.63093
3.60832
3.5923
3.56412
3.54245
3.5227
3.50618
3.48199
3.46157
3.44194
3.42483
3.40277
3.3805
3.35837
3.34025
3.31658
3.28856
3.26079
3.24101
3.21333
3.17892
3.16402
3.12346
3.08797
3.04705
3.03022
2.98218
2.93849
2.89146
2.87257
2.81547
2.76318
2.71081
2.69149
2.63537
2.5857
2.53766
2.52001
2.46953
2.42761
2.38803
2.35271
2.33437
2.30268
2.26944
2.23933
2.22263
2.19573
2.17546
2.15646
2.14356
2.12545
2.11583
2.10536
2.09526
2.08293
2.07832
2.0727
2.06424
2.05326
2.04098
2.02551
2.0141
1.99132
1.97506
1.95687
1.94481
1.9172
1.8919
1.86276
1.82798
1.81108
1.76951
1.73238
1.69016
1.67282
1.6216
5.09906
5.09312
5.07429
5.05242
5.04453
5.0286
4.99476
4.98869
4.97278
4.93853
4.92437
4.90805
4.88185
4.85194
4.8377
4.8135
4.76868
4.75675
4.73251
4.69733
4.66779
4.64751
4.61705
4.56615
4.5522
4.52221
4.48134
4.44803
4.4221
4.38565
4.33122
4.31134
4.2786
4.23715
4.17801
4.16996
4.13401
4.08601
4.0583
4.03051
3.99546
3.94345
3.92668
3.89926
3.86535
3.81572
3.80796
3.78196
3.7468
3.71951
3.7017
3.67948
3.64315
3.62332
3.60895
3.58892
3.55203
3.538
3.52478
3.50433
3.46731
3.45737
3.44302
3.41948
3.38102
3.37342
3.35477
3.32447
3.2817
3.2747
3.25052
3.2125
3.18456
3.15739
3.12563
3.07871
3.05037
3.01564
2.97614
2.92142
2.89186
2.84762
2.7998
2.73911
2.70925
2.66506
2.61977
2.56403
2.53569
2.49579
2.45811
2.41257
2.36571
2.35669
2.33055
2.29287
2.25134
2.2414
2.22191
2.19826
2.16788
2.15918
2.15028
2.13869
2.11669
2.10832
2.10614
2.10206
2.08457
2.07546
2.07441
2.06609
2.03877
2.02414
2.01015
1.99936
1.97235
1.95394
1.93341
1.91461
1.88132
1.83756
1.82454
1.79339
1.75391
1.70018
1.68331
1.64166
5.49085
5.47461
5.46371
5.44536
5.41451
5.39633
5.39099
5.34819
5.32619
5.31165
5.28369
5.25304
5.23029
5.21785
5.17209
5.14409
5.12436
5.09176
5.05608
5.02779
5.01294
4.96224
4.9293
4.90442
4.87187
4.82897
4.79376
4.7808
4.72133
4.68063
4.64818
4.62025
4.56655
4.52609
4.49526
4.45533
4.40954
4.37308
4.35574
4.29596
4.25595
4.2266
4.19999
4.1502
4.11632
4.09166
4.05831
4.01917
3.99123
3.98168
3.93202
3.9016
3.88121
3.86663
3.82332
3.79925
3.78383
3.76518
3.72779
3.70739
3.69357
3.67165
3.63835
3.61864
3.60301
3.57821
3.54489
3.5218
3.50089
3.47322
3.43702
3.40877
3.40203
3.35149
3.30915
3.27417
3.26466
3.20641
3.15623
3.1142
3.10207
3.03432
2.97477
2.926
2.91293
2.84492
2.78589
2.73983
2.72813
2.66555
2.6121
2.57401
2.54036
2.51488
2.47113
2.43866
2.41043
2.38851
2.34963
2.32948
2.31295
2.29673
2.26735
2.25759
2.25079
2.23939
2.21757
2.21269
2.21212
2.20434
2.1865
2.17408
2.16498
2.15633
2.12896
2.11033
2.09856
2.09133
2.06018
2.02851
2.00553
1.97596
1.95664
1.9056
1.86956
1.83085
1.81265
1.75074
5.56789
5.54709
5.53281
5.51266
5.48958
5.46907
5.44633
5.42425
5.39743
5.37055
5.35152
5.32065
5.2962
5.27292
5.24453
5.21239
5.17656
5.15728
5.11995
5.08886
5.06481
5.03151
4.99462
4.95351
4.93299
4.89056
4.85298
4.82693
4.78751
4.74296
4.69678
4.67368
4.62831
4.5846
4.534
4.51422
4.46598
4.4227
4.39781
4.35586
4.31211
4.26687
4.24575
4.20488
4.16735
4.12417
4.10671
4.06732
4.035
4.01301
3.98157
3.9491
3.91802
3.89911
3.87217
3.84513
3.81497
3.79861
3.77435
3.75021
3.72046
3.70587
3.68185
3.65799
3.62688
3.61304
3.58553
3.5582
3.52268
3.50842
3.47598
3.44315
3.4223
3.38698
3.34752
3.30684
3.28456
3.24156
3.19395
3.14538
3.12115
3.06828
3.0112
2.95574
2.93064
2.87651
2.82005
2.7678
2.74393
2.6936
2.64367
2.60012
2.55448
2.53876
2.5008
2.46331
2.42347
2.40838
2.37849
2.35312
2.32518
2.31301
2.29489
2.28079
2.26283
2.25279
2.24294
2.23616
2.2247
2.21567
2.20916
2.19797
2.17912
2.16637
2.14888
2.1339
2.11509
2.10037
2.07715
2.05368
2.02506
1.98613
1.97049
1.9326
1.89177
1.84165
1.82333
1.77299
5.65338
5.66255
5.61066
5.58414
5.59532
5.5593
5.50465
5.51309
5.49951
5.43231
5.42399
5.42534
5.37166
5.33039
5.33224
5.30345
5.22931
5.22715
5.21945
5.15645
5.11863
5.11469
5.08047
5.0026
4.99732
4.98538
4.91879
4.87487
4.863
4.82887
4.74596
4.72915
4.71404
4.65303
4.57117
4.57719
4.55293
4.475
4.4414
4.42551
4.38611
4.30683
4.29306
4.28002
4.22643
4.15529
4.15731
4.14374
4.08155
4.04538
4.0349
4.01763
3.95515
3.93237
3.9276
3.90405
3.84539
3.83267
3.83138
3.80055
3.74621
3.74067
3.74018
3.70165
3.64942
3.64853
3.64482
3.59707
3.54315
3.54453
3.53546
3.47886
3.4435
3.42354
3.40662
3.34036
3.30548
3.27786
3.25238
3.1772
3.14135
3.10341
3.06858
2.98598
2.94948
2.90916
2.87506
2.79623
2.76071
2.72256
2.69477
2.62689
2.5677
2.5633
2.54618
2.48901
2.43567
2.42881
2.41695
2.37835
2.33674
2.32987
2.32708
2.30652
2.27425
2.26667
2.27001
2.26387
2.23662
2.2274
2.23222
2.22971
2.19246
2.17674
2.16899
2.16987
2.13099
2.10977
2.09451
2.08934
2.04476
1.99575
1.98508
1.96263
1.91614
1.852
1.83483
1.79587
6.05744
6.04258
6.00996
5.98939
5.9657
5.93018
5.91168
5.87799
5.84826
5.81409
5.79104
5.7658
5.7234
5.70319
5.66692
5.62893
5.59123
5.56651
5.53566
5.489
5.46794
5.42789
5.38658
5.34583
5.32046
5.28506
5.23294
5.21149
5.16312
5.11701
5.06858
5.04299
4.99807
4.94315
4.89612
4.86759
4.82225
4.76801
4.74516
4.69336
4.64416
4.59747
4.57281
4.52881
4.47992
4.43862
4.41324
4.37616
4.33054
4.3126
4.26892
4.23417
4.19772
4.17962
4.1427
4.11078
4.08055
4.0623
4.03166
4.00148
3.97437
3.95593
3.92989
3.89904
3.87206
3.85306
3.82762
3.79281
3.76222
3.74205
3.71387
3.67389
3.65937
3.61666
3.58185
3.5353
3.51886
3.46844
3.42473
3.37068
3.35184
3.29115
3.23692
3.17505
3.15483
3.09135
3.03595
2.97538
2.956
2.89561
2.845
2.79187
2.74647
2.72476
2.68369
2.63753
2.59804
2.57836
2.54268
2.51091
2.48378
2.46854
2.44301
2.42484
2.40883
2.39745
2.38052
2.37166
2.36348
2.35484
2.34304
2.3321
2.31754
2.30699
2.28633
2.27392
2.25662
2.24588
2.22053
2.19912
2.16969
2.13563
2.11817
2.07535
2.03313
1.9858
1.96665
1.90768
6.14322
6.12267
6.09163
6.0675
6.04495
6.01503
5.9793
5.95979
5.92936
5.88424
5.86766
5.83761
5.80039
5.76922
5.74313
5.70704
5.65365
5.63961
5.60371
5.56033
5.53019
5.50039
5.46129
5.40479
5.38946
5.35009
5.3023
5.26849
5.23389
5.18835
5.12727
5.10585
5.06276
5.0121
4.9446
4.93386
4.88566
4.82786
4.79788
4.75809
4.70995
4.64731
4.6279
4.58691
4.54055
4.4799
4.46924
4.42936
4.38315
4.35337
4.32404
4.28859
4.24251
4.22052
4.19511
4.16384
4.11891
4.10315
4.08009
4.05105
4.00786
3.99664
3.97419
3.94479
3.90213
3.89366
3.86885
3.83527
3.79004
3.78255
3.75387
3.71433
3.68665
3.65745
3.62201
3.5742
3.5458
3.50897
3.46519
3.40826
3.37811
3.33079
3.27676
3.21127
3.17968
3.12884
3.07371
3.00953
2.97862
2.92951
2.87963
2.82373
2.76576
2.75418
2.71546
2.66748
2.61563
2.60336
2.57262
2.53929
2.50006
2.48952
2.47154
2.45219
2.42449
2.41504
2.40731
2.39873
2.37935
2.37004
2.36781
2.3593
2.3348
2.32083
2.30918
2.29948
2.27649
2.25888
2.2413
2.22407
2.19311
2.14968
2.13645
2.10342
2.0598
2.00044
1.98176
1.93288
6.55661
6.52736
6.49817
6.47706
6.43508
6.39941
6.38886
6.33548
6.29868
6.26712
6.23802
6.19629
6.15746
6.14169
6.08763
6.04631
6.01246
5.97988
5.93538
5.89409
5.87699
5.8212
5.77868
5.74376
5.7119
5.66379
5.61822
5.6029
5.53969
5.49094
5.44826
5.41975
5.36095
5.30924
5.26817
5.22827
5.17366
5.12376
5.10373
5.03567
4.98278
4.93941
4.9107
4.85099
4.80213
4.7642
4.72918
4.6789
4.63593
4.62299
4.56329
4.52067
4.48618
4.46906
4.41673
4.38058
4.35304
4.3327
4.28799
4.25668
4.2332
4.21048
4.17187
4.14299
4.12045
4.0957
4.05921
4.02923
4.00386
3.97689
3.93948
3.90623
3.89831
3.84748
3.80517
3.76604
3.75569
3.69729
3.64668
3.59956
3.58649
3.51752
3.45571
3.39955
3.38464
3.31151
3.24637
3.18967
3.1754
3.10446
3.04184
2.99081
2.946
2.91784
2.86377
2.81829
2.77907
2.75462
2.70629
2.67383
2.64731
2.62899
2.59184
2.57228
2.55792
2.54526
2.51882
2.50858
2.50373
2.4956
2.47732
2.46548
2.45652
2.44843
2.42426
2.40924
2.39918
2.39275
2.36552
2.33892
2.31694
2.28858
2.26945
2.21938
2.17905
2.13506
2.11529
2.04687
6.64243
6.60629
6.57647
6.55399
6.51561
6.47995
6.45436
6.41813
6.37572
6.33529
6.31414
6.26866
6.23099
6.20587
6.16479
6.11995
6.07322
6.0524
6.00324
5.96233
5.93731
5.89455
5.84911
5.80128
5.78019
5.7294
5.68481
5.65806
5.61134
5.55874
5.50602
5.48207
5.42727
5.37583
5.31693
5.29545
5.23582
5.18303
5.15605
5.10243
5.04619
4.98965
4.96624
4.91101
4.86156
4.80624
4.78628
4.73229
4.68831
4.66344
4.61995
4.57331
4.5311
4.50984
4.47078
4.43167
4.39151
4.3734
4.33791
4.30457
4.26665
4.25095
4.21739
4.18728
4.1503
4.13595
4.10139
4.07042
4.03137
4.01709
3.97988
3.94561
3.92455
3.88794
3.84526
3.80424
3.78172
3.73788
3.68676
3.63687
3.61206
3.55757
3.49521
3.43598
3.40919
3.3497
3.28421
3.22443
3.19797
3.13923
3.07715
3.02345
2.9662
2.94817
2.89667
2.84886
2.79756
2.78034
2.7379
2.70256
2.66426
2.65033
2.62199
2.59941
2.57403
2.56288
2.5467
2.53476
2.51983
2.51058
2.50255
2.49105
2.47392
2.4619
2.44715
2.43387
2.4192
2.40536
2.38623
2.36521
2.34058
2.30308
2.28781
2.24936
2.20582
2.15054
2.13067
2.07361
7.03134
6.98277
6.96488
6.9449
6.87875
6.84804
6.84938
6.7729
6.72619
6.70427
6.66925
6.60481
6.57488
6.56536
6.488
6.44297
6.41783
6.37742
6.31353
6.28352
6.27171
6.19532
6.15168
6.12724
6.08927
6.02305
5.9902
5.98253
5.90168
5.84863
5.8185
5.78792
5.70937
5.66693
5.63399
5.58253
5.5132
5.47588
5.45967
5.37144
5.31488
5.27998
5.24784
5.16578
5.12242
5.08921
5.04462
4.97482
4.94104
4.93378
4.85592
4.80073
4.77399
4.75819
4.68652
4.64532
4.62336
4.60129
4.53725
4.50711
4.48796
4.46146
4.40459
4.38146
4.36297
4.33317
4.28039
4.25942
4.23844
4.20564
4.15411
4.13204
4.13053
4.07217
4.01768
3.99108
3.98667
3.92114
3.85893
3.82449
3.8171
3.74089
3.66676
3.62255
3.61308
3.53133
3.45168
3.4051
3.39613
3.3154
3.23588
3.1926
3.1483
3.11428
3.04212
3.00222
2.9629
2.9341
2.86841
2.83905
2.81269
2.79159
2.73944
2.72035
2.70729
2.69346
2.65575
2.64389
2.64254
2.63489
2.60956
2.59465
2.59284
2.58713
2.55978
2.53862
2.53931
2.53698
2.50874
2.47382
2.46344
2.44107
2.42094
2.36222
2.32647
2.28646
2.26644
2.1886
7.11421
7.0872
7.03524
7.01336
6.97911
6.92664
6.90372
6.8601
6.81348
6.76347
6.7402
6.70344
6.64268
6.61958
6.57288
6.52014
6.4694
6.4455
6.40405
6.34499
6.32225
6.27551
6.22452
6.1756
6.152
6.11078
6.05059
6.02751
5.97636
5.92254
5.86792
5.84302
5.79173
5.73024
5.67444
5.64766
5.591
5.52881
5.50354
5.44401
5.38212
5.32325
5.29738
5.24073
5.17963
5.12441
5.09872
5.04584
4.98882
4.96658
4.91312
4.8624
4.81344
4.79233
4.74487
4.69893
4.65602
4.63615
4.59515
4.55376
4.51547
4.4967
4.46117
4.4225
4.3868
4.36863
4.33573
4.29623
4.25985
4.24141
4.20871
4.16638
4.14985
4.10839
4.07043
4.02403
4.0059
3.9577
3.91103
3.85673
3.83603
3.77716
3.71849
3.65438
3.6313
3.56605
3.50258
3.43615
3.41291
3.34702
3.28505
3.22233
3.16451
3.14157
3.08717
3.03048
2.97797
2.95665
2.9091
2.86597
2.82651
2.80962
2.77471
2.74624
2.72043
2.70771
2.68527
2.66972
2.65571
2.64639
2.63393
2.62177
2.60737
2.59695
2.58033
2.56952
2.55644
2.54578
2.5263
2.50927
2.48444
2.45218
2.43584
2.3962
2.35181
2.29909
2.27847
2.21545
7.18459
7.15951
7.10275
7.07673
7.05231
7.00192
6.95758
6.93273
6.89119
6.82054
6.80526
6.77144
6.70963
6.6732
6.64272
6.59345
6.51868
6.50785
6.47024
6.40608
6.37254
6.34226
6.29466
6.22202
6.21049
6.17456
6.11098
6.07327
6.04099
5.99291
5.91636
5.89667
5.85821
5.79451
5.71231
5.70804
5.66018
5.58224
5.54859
5.5078
5.44975
5.3658
5.34671
5.30404
5.23871
5.15782
5.15081
5.10728
5.03771
5.00118
4.9661
4.92233
4.85306
4.82766
4.79689
4.75337
4.68816
4.6716
4.64484
4.60168
4.54201
4.53195
4.50804
4.46453
4.40939
4.40362
4.38002
4.33385
4.27986
4.27632
4.25108
4.20111
4.17034
4.14364
4.11403
4.05727
4.02641
3.99344
3.95577
3.88931
3.85646
3.8129
3.76409
3.68666
3.65116
3.60071
3.54776
3.46787
3.43133
3.379
3.32781
3.25299
3.17972
3.1696
3.12685
3.06008
2.99216
2.98019
2.94455
2.89439
2.83981
2.82886
2.80577
2.77382
2.73319
2.72302
2.71209
2.69719
2.6686
2.65872
2.65702
2.65019
2.6215
2.60739
2.60074
2.59852
2.57336
2.55512
2.54447
2.53794
2.50597
2.46271
2.45189
2.42566
2.3789
2.31136
2.29182
2.24119
7.50095
7.48117
7.42309
7.40334
7.37372
7.31671
7.29486
7.24926
7.20361
7.14551
7.12231
7.0831
7.01685
6.99476
6.944
6.88787
6.83225
6.8072
6.76318
6.69951
6.67821
6.62777
6.57459
6.52321
6.49857
6.45591
6.39446
6.37405
6.32015
6.26786
6.21189
6.18697
6.13642
6.07228
6.01835
5.98838
5.93378
5.86618
5.84232
5.77791
5.71341
5.65128
5.62372
5.56357
5.49551
5.43852
5.4085
5.35299
5.28743
5.26685
5.20408
5.14961
5.09315
5.07195
5.01592
4.96407
4.9163
4.89491
4.84706
4.79916
4.7581
4.73688
4.69662
4.65191
4.61526
4.59422
4.55856
4.51472
4.47917
4.45772
4.42335
4.37933
4.3662
4.32093
4.28427
4.23676
4.22214
4.17099
4.12667
4.07142
4.05427
3.99261
3.93632
3.87058
3.8508
3.78144
3.71875
3.64883
3.62849
3.55668
3.49255
3.42456
3.36567
3.33858
3.27982
3.21647
3.16186
3.13693
3.08317
3.03349
2.99167
2.97202
2.92987
2.89592
2.86816
2.85391
2.82475
2.80568
2.79098
2.78146
2.76435
2.75168
2.73857
2.72953
2.71127
2.70264
2.69123
2.6835
2.6643
2.64977
2.62773
2.6008
2.58398
2.54386
2.50049
2.45019
2.42923
2.36095
7.54669
7.51635
7.47001
7.45075
7.41697
7.3683
7.33931
7.30235
7.25382
7.19436
7.17667
7.12959
7.07204
7.04375
6.99891
6.94377
6.87953
6.86315
6.81215
6.75441
6.72704
6.68328
6.63134
6.56999
6.55383
6.50583
6.45063
6.42084
6.37812
6.32553
6.26206
6.2412
6.19093
6.13239
6.06137
6.04784
5.98913
5.92147
5.89131
5.83752
5.7738
5.69888
5.67666
5.61799
5.55353
5.47827
5.46304
5.40338
5.3388
5.30655
5.25754
5.2007
5.13686
5.11183
5.06589
5.0138
4.95296
4.93414
4.892
4.84511
4.78912
4.77508
4.73657
4.69359
4.64214
4.63137
4.59493
4.55292
4.50339
4.49429
4.45822
4.4154
4.39013
4.35756
4.31942
4.27202
4.24622
4.20838
4.16287
4.10676
4.07858
4.03065
3.97363
3.90634
3.875
3.81921
3.75616
3.6845
3.65157
3.59256
3.52867
3.45916
3.38622
3.37087
3.3138
3.24954
3.18095
3.16468
3.11526
3.06465
3.00919
2.99508
2.95996
2.925
2.88454
2.87252
2.85222
2.83298
2.80694
2.79665
2.78892
2.77754
2.75547
2.74265
2.7336
2.72655
2.71083
2.69558
2.68496
2.6742
2.65171
2.61494
2.60304
2.57305
2.52933
2.4664
2.44592
2.3892
7.68045
7.6691
7.63055
7.61933
7.59633
7.5537
7.53882
7.50034
7.46102
7.41018
7.39218
7.35271
7.29506
7.27767
7.22728
7.17429
7.12139
7.09815
7.05087
6.99225
6.97437
6.92106
6.86941
6.82115
6.79701
6.75059
6.69639
6.68033
6.62451
6.57457
6.52432
6.50057
6.44675
6.38842
6.33967
6.30676
6.24946
6.18683
6.16559
6.09504
6.02978
5.96928
5.94056
5.87163
5.80324
5.74632
5.7117
5.64668
5.58054
5.56239
5.48872
5.42671
5.368
5.34706
5.27965
5.2216
5.17088
5.14806
5.08907
5.03667
4.99335
4.96971
4.91924
4.87226
4.83454
4.81063
4.76644
4.72309
4.68825
4.66388
4.62317
4.58209
4.57262
4.52353
4.48307
4.44045
4.42959
4.37596
4.32917
4.27977
4.26651
4.20286
4.14449
4.0844
4.0685
3.99592
3.92941
3.86331
3.84659
3.76937
3.69852
3.63157
3.57257
3.54119
3.4732
3.40856
3.3523
3.3237
3.25987
3.2069
3.16273
3.14032
3.08811
3.0499
3.01997
3.00418
2.96634
2.94343
2.92788
2.9182
2.89511
2.88036
2.86929
2.86177
2.84124
2.83148
2.82502
2.8204
2.80164
2.78641
2.77135
2.75085
2.73374
2.69248
2.65269
2.60613
2.58506
2.51146
7.68484
7.68092
7.63877
7.63063
7.61727
7.57098
7.5542
7.52616
7.48645
7.4334
7.42082
7.38554
7.32564
7.30588
7.2651
7.2102
7.15234
7.13683
7.08991
7.03043
7.00913
6.96501
6.91179
6.85691
6.8405
6.79401
6.74065
6.7176
6.67397
6.62233
6.56654
6.54688
6.49655
6.43979
6.37798
6.36032
6.29985
6.2364
6.20975
6.15102
6.08409
6.01365
5.99007
5.92406
5.85664
5.78427
5.76376
5.69495
5.62868
5.59963
5.54021
5.47408
5.40937
5.38476
5.32795
5.26731
5.20564
5.18516
5.1324
5.07877
5.02255
5.00557
4.9576
4.91024
4.85957
4.8452
4.80123
4.75776
4.71062
4.69773
4.6563
4.61488
4.59412
4.55751
4.51629
4.47281
4.45145
4.4109
4.36348
4.3128
4.28897
4.23912
4.18025
4.1187
4.0914
4.03286
3.96594
3.8984
3.86893
3.80526
3.73446
3.66625
3.59364
3.57398
3.50752
3.44192
3.37213
3.35213
3.29274
3.23839
3.18092
3.16393
3.11913
3.07888
3.03682
3.02302
2.99448
2.96997
2.94399
2.93325
2.9198
2.90471
2.88601
2.87443
2.86326
2.85421
2.84424
2.83188
2.82187
2.81093
2.79493
2.76496
2.7526
2.72243
2.68132
2.62294
2.60195
2.54102
7.51891
7.53549
7.52402
7.52824
7.53403
7.51587
7.50809
7.50023
7.47973
7.44463
7.44163
7.41758
7.37665
7.36678
7.33393
7.2934
7.24964
7.23761
7.19856
7.15141
7.13945
7.09615
7.05293
7.01206
6.99476
6.95352
6.91028
6.89919
6.85075
6.80791
6.76715
6.74773
6.69701
6.64843
6.60717
6.57571
6.51963
6.46585
6.44812
6.37612
6.31278
6.25656
6.22839
6.15277
6.08628
6.02974
5.99254
5.91825
5.85292
5.83695
5.75393
5.6837
5.62379
5.60327
5.525
5.46039
5.40654
5.38281
5.31222
5.25517
5.20834
5.18318
5.12182
5.07236
5.03197
5.00647
4.95336
4.91027
4.87473
4.84902
4.80194
4.76382
4.7571
4.70584
4.66169
4.62448
4.61675
4.56265
4.51391
4.47175
4.46203
4.39886
4.33918
4.28694
4.27474
4.20149
4.13186
4.07205
4.0588
3.97837
3.90105
3.83745
3.77868
3.74395
3.66631
3.60213
3.54419
3.51253
3.43773
3.38274
3.33577
3.31093
3.24773
3.20553
3.17273
3.15542
3.10811
3.08065
3.06343
3.0534
3.02379
3.0056
2.99618
2.98987
2.96707
2.95504
2.95393
2.952
2.9343
2.9182
2.91123
2.89749
2.88069
2.83933
2.80493
2.76297
2.74222
2.66453
7.46231
7.51178
7.47846
7.48589
7.5183
7.48512
7.4803
7.48142
7.4708
7.42828
7.42812
7.43192
7.36997
7.36067
7.34283
7.30141
7.25273
7.24597
7.22736
7.16288
7.14974
7.12176
7.07643
7.02862
7.01783
6.99291
6.9364
6.92036
6.88741
6.84584
6.79618
6.7808
6.74459
6.68878
6.63714
6.62046
6.56954
6.50712
6.48456
6.42912
6.36334
6.29556
6.27247
6.2077
6.13533
6.06429
6.04117
5.96992
5.89716
5.87036
5.80371
5.73182
5.66181
5.63758
5.57315
5.50452
5.43833
5.41668
5.35663
5.29432
5.23469
5.21571
5.16198
5.10664
5.05417
5.0375
4.99013
4.94094
4.89434
4.87927
4.83688
4.79264
4.77536
4.73635
4.69661
4.65317
4.63556
4.59455
4.55015
4.50176
4.48189
4.43288
4.37765
4.31919
4.2957
4.23722
4.17215
4.10615
4.07992
4.01398
3.94162
3.87204
3.79994
3.77705
3.70559
3.63589
3.56452
3.54145
3.47527
3.41494
3.35452
3.33496
3.28224
3.23521
3.18994
3.17441
3.1382
3.10768
3.07956
3.06823
3.04905
3.0305
3.01254
3.00197
2.98875
2.97955
2.97251
2.96276
2.95386
2.94576
2.93426
2.91134
2.89915
2.87172
2.83373
2.78018
2.75911
2.6959
6.95254
7.01495
7.0246
7.04682
7.10711
7.11612
7.10893
7.15948
7.17223
7.153
7.17562
7.1909
7.16821
7.16514
7.17544
7.15734
7.12441
7.13589
7.12462
7.09129
7.08657
7.07546
7.04971
7.01876
7.01858
6.99942
6.97002
6.96398
6.94115
6.91495
6.88664
6.87738
6.84465
6.81016
6.77961
6.75835
6.71365
6.67131
6.65843
6.59583
6.53945
6.48951
6.46495
6.39007
6.32702
6.27144
6.23524
6.15574
6.09101
6.07669
5.98818
5.91108
5.84896
5.82899
5.7424
5.67118
5.61281
5.58892
5.50851
5.44556
5.3932
5.36773
5.29688
5.24305
5.19787
5.17248
5.11203
5.06723
5.02922
5.0043
4.95275
4.91587
4.91063
4.85953
4.81371
4.78075
4.77524
4.72358
4.67543
4.64028
4.63352
4.57419
4.51606
4.4723
4.46343
4.39292
4.32294
4.27052
4.26044
4.17976
4.09823
4.03904
3.9811
3.94424
3.85834
3.79528
3.7358
3.7018
3.61663
3.55995
3.50979
3.48288
3.40873
3.36234
3.32595
3.30713
3.25009
3.21715
3.19719
3.18659
3.15005
3.12725
3.11832
3.11287
3.08773
3.07308
3.07648
3.07674
3.06062
3.04445
3.04552
6.81854
6.91337
6.91364
6.93872
7.01279
7.01763
7.02858
7.0681
7.09998
7.08394
7.10125
7.15839
7.10776
7.11171
7.12766
7.11544
7.08679
7.09499
7.12228
7.061
7.05931
7.05993
7.03676
7.0043
7.00545
7.02219
6.96535
6.95882
6.94932
6.931
6.89313
6.8868
6.88006
6.83087
6.7947
6.78525
6.75897
6.69812
6.68154
6.63948
6.58225
6.51892
6.49899
6.44497
6.36875
6.29993
6.27703
6.21145
6.12914
6.10425
6.03377
5.95936
5.88178
5.85809
5.78838
5.7128
5.6401
5.61788
5.55235
5.48061
5.41535
5.39525
5.33747
5.27229
5.21602
5.19824
5.15004
5.09245
5.04494
5.02918
4.98926
4.93931
4.92471
4.88486
4.84995
4.80445
4.79011
4.75087
4.71347
4.66614
4.64998
4.60465
4.55777
4.50157
4.48178
4.42641
4.36839
4.30295
4.27982
4.21436
4.14553
4.07316
4.00214
3.97719
3.90469
3.82939
3.75637
3.73096
3.66036
3.59299
3.52893
3.50719
3.4476
3.39315
3.3434
3.32621
3.28254
3.24535
3.21323
3.20116
3.17591
3.15352
3.13417
3.12435
3.10887
3.10024
3.09415
3.08665
3.07923
3.07579
3.06774
6.022
6.13731
6.15888
6.19401
6.31983
6.35169
6.33496
6.45667
6.50992
6.50113
6.55416
6.62688
6.6206
6.62142
6.69622
6.70799
6.6835
6.72794
6.76347
6.74239
6.74354
6.78759
6.78746
6.76567
6.79288
6.81625
6.80115
6.79825
6.8242
6.82648
6.81155
6.8195
6.82651
6.81093
6.79424
6.79649
6.77895
6.75028
6.74401
6.70908
6.66802
6.62656
6.61087
6.5509
6.49415
6.44116
6.41249
6.33687
6.27226
6.25877
6.17233
6.09213
6.02575
6.00663
5.91702
5.83981
5.7746
5.75169
5.6655
5.59505
5.53427
5.51013
5.43293
5.37192
5.31921
5.2961
5.23135
5.18173
5.1391
5.11767
5.06494
5.02651
5.02111
4.97331
4.92934
4.89857
4.89411
4.84876
4.80528
4.77617
4.77156
4.72039
4.66821
4.63279
4.62672
4.56322
4.49728
4.45261
4.44528
4.36813
4.28631
4.23194
4.17571
4.13826
4.047
3.9852
3.92451
3.88909
3.79537
3.73678
3.68314
3.6546
3.57048
3.51938
3.47846
3.45833
3.39183
3.35247
3.32831
3.31695
3.27318
3.24478
3.23457
3.22949
3.20181
3.18453
3.19077
3.19262
3.17853
3.16356
3.17182
5.81971
5.93604
5.9914
6.03103
6.12462
6.18261
6.21194
6.28131
6.34967
6.38183
6.41527
6.50184
6.50005
6.52158
6.56867
6.59649
6.60298
6.62693
6.69337
6.66109
6.67445
6.70514
6.71694
6.71411
6.73043
6.78968
6.75325
6.76053
6.78215
6.79829
6.78639
6.79366
6.82249
6.79776
6.78731
6.79038
6.79894
6.75254
6.7457
6.72718
6.68989
6.63885
6.62596
6.59173
6.51967
6.45802
6.43907
6.39119
6.29809
6.27577
6.20627
6.13318
6.04872
6.02619
5.95377
5.87312
5.79362
5.77172
5.70192
5.6214
5.54919
5.5289
5.46709
5.39219
5.33076
5.313
5.26381
5.19805
5.1487
5.13361
5.09806
5.0414
5.02902
4.98995
4.96112
4.91432
4.903
4.86803
4.83966
4.79495
4.78239
4.74391
4.70821
4.65601
4.63979
4.5911
4.54373
4.48022
4.45989
4.39845
4.33764
4.26256
4.19331
4.168
4.09745
4.017
3.9423
3.91567
3.84258
3.76828
3.70004
3.67648
3.61148
3.54938
3.49402
3.47509
3.4248
3.3804
3.34255
5.60452
5.66451
5.79667
5.85377
5.88613
5.97551
6.07108
6.08533
6.13286
6.24183
6.25894
6.27416
6.34343
6.40297
6.39812
6.42575
6.50223
6.50142
6.50126
6.54688
6.58671
6.5752
6.59043
6.64414
6.64406
6.64328
6.67427
6.7063
6.70087
6.71125
6.74399
6.74926
6.74717
6.75482
6.76907
6.7605
6.75054
6.73927
6.73755
6.71252
6.681
6.6419
6.63096
6.58851
6.5312
6.46752
6.45441
6.39463
6.3168
6.29133
6.2274
6.1543
6.06708
6.04401
5.97563
5.89618
5.80866
5.78928
5.72072
5.64115
5.5603
5.54436
5.48021
5.40728
5.33868
5.32582
5.27123
5.20992
5.15491
5.14495
5.10193
5.05248
5.03651
5.00183
4.96913
4.92697
4.91149
4.88284
4.85441
4.81145
4.79322
4.76371
4.73167
4.67781
4.65358
4.61621
4.57562
4.50718
4.47592
4.4272
4.37536
4.29338
4.20879
4.19732
4.13898
4.04994
3.95826
3.94272
3.88301
3.8016
3.71568
3.69936
3.64743
3.58148
3.50879
3.49313
3.45441
3.41019
3.35636
4.55557
4.68552
4.79881
4.85175
4.9673
5.07411
5.1176
5.2177
5.31785
5.39089
5.43616
5.5269
5.58987
5.62508
5.69801
5.76464
5.81221
5.85024
5.92214
5.95656
5.98501
6.04385
6.09413
6.12776
6.15994
6.23321
6.25483
6.27727
6.33407
6.38974
6.4162
6.44065
6.50666
6.52521
6.54937
6.57117
6.62042
6.60673
6.61323
6.63045
6.62635
6.59929
6.59843
6.59285
6.53957
6.49297
6.48363
6.45229
6.36723
6.34913
6.28886
6.22324
6.13566
6.11578
6.04579
5.96321
5.87744
5.8572
5.78562
5.69772
5.61778
5.59859
5.53285
5.44908
5.38113
5.36483
5.31324
5.2409
5.18869
5.17601
5.1406
5.08261
5.07216
5.03606
5.01329
4.96854
4.96037
4.93308
4.91567
4.87738
4.86875
4.84128
4.81902
4.77506
4.76274
4.7248
4.6899
4.63303
4.61573
4.56211
4.50962
4.43745
4.37151
4.34737
4.28034
4.19767
4.12203
4.09528
4.02098
3.94125
3.86871
3.84392
3.77416
3.70471
3.64299
3.62245
3.56556
3.51336
3.46849
4.31063
4.40378
4.56656
4.63639
4.70307
4.82618
4.93755
4.98278
5.06431
5.20937
5.237
5.28454
5.38896
5.46469
5.48956
5.55238
5.67005
5.67918
5.70975
5.79305
5.85245
5.86591
5.91415
6.01272
6.02203
6.04871
6.12089
6.17808
6.19723
6.24271
6.32716
6.34673
6.37412
6.42573
6.49645
6.49032
6.51265
6.54964
6.56871
6.56733
6.56791
6.57294
6.57064
6.54588
6.51492
6.48391
6.47034
6.42032
6.3615
6.34868
6.28511
6.21389
6.13757
6.11988
6.04526
5.9629
5.88062
5.86207
5.78332
5.69864
5.61946
5.60157
5.52548
5.44773
5.38071
5.3646
5.29996
5.23761
5.18737
5.17386
5.12503
5.07981
5.07229
5.03477
5.00145
4.96927
4.96233
4.93633
4.91299
4.88474
4.87475
4.85232
4.8284
4.79065
4.7738
4.74427
4.711
4.6564
4.63105
4.58809
4.53993
4.4668
4.38844
4.37634
4.31659
4.23058
4.14019
4.12358
4.05873
3.97528
3.88658
3.86877
3.80909
3.73738
3.65965
3.6424
3.59493
3.54278
3.48357
3.16532
3.27955
3.44142
3.50196
3.6178
3.76582
3.82339
3.94347
4.06946
4.18169
4.23763
4.34592
4.45525
4.50244
4.60318
4.70506
4.7867
4.83589
4.92643
5.00353
5.04276
5.1247
5.20697
5.27573
5.31983
5.40639
5.48048
5.51704
5.60358
5.69423
5.76455
5.80512
5.90128
5.97226
6.03752
6.07824
6.16675
6.20453
6.22855
6.28896
6.33068
6.34247
6.35792
6.38938
6.3706
6.35122
6.35537
6.3502
6.28463
6.27447
6.2318
6.18065
6.09923
6.08476
6.02243
5.94301
5.85584
5.83921
5.76862
5.67668
5.59139
5.57467
5.50574
5.41424
5.34017
5.32621
5.27142
5.19349
5.13862
5.12931
5.09461
5.03591
5.02827
4.99685
4.98123
4.94209
4.93851
4.92252
4.91983
4.89302
4.89006
4.87859
4.8743
4.8441
4.83731
4.81479
4.79614
4.75112
4.73826
4.6965
4.65559
4.59073
4.53154
4.50959
4.4479
4.36692
4.29278
4.2666
4.19208
4.10919
4.03348
4.00802
3.93362
3.85757
3.78945
3.76761
3.70344
3.6428
3.59016
2.94255
3.04504
3.21471
3.28742
3.37125
3.51319
3.63131
3.69854
3.80554
3.97957
4.01621
4.09101
4.22755
4.31684
4.36854
4.46313
4.61778
4.6341
4.69173
4.80796
4.88093
4.91711
4.99461
5.13071
5.1473
5.19959
5.30848
5.38492
5.4276
5.5054
5.63661
5.66926
5.72599
5.82242
5.9502
5.9483
6.00829
6.10093
6.1435
6.17452
6.21814
6.27926
6.28922
6.29316
6.30133
6.31561
6.30428
6.27386
6.24446
6.24916
6.19333
6.13248
6.07551
6.06653
5.99064
5.91071
5.83937
5.82354
5.73738
5.65073
5.57729
5.55814
5.47108
5.38944
5.32612
5.3066
5.2316
5.16852
5.12495
5.10746
5.05271
5.01285
5.01635
4.97605
4.9436
4.92455
4.92912
4.9079
4.89378
4.88529
4.88655
4.87525
4.86513
4.84841
4.84134
4.82385
4.80341
4.76647
4.7488
4.71558
4.67627
4.61479
4.5461
4.53451
4.47776
4.39664
4.30968
4.29294
4.22617
4.14145
4.05081
4.03209
3.96657
3.88908
3.80581
3.78718
3.7314
3.67076
1.93661
2.00376
2.16937
2.22177
2.3016
2.457
2.51884
2.62715
2.74967
2.88922
2.94584
3.0436
3.19547
3.25193
3.36344
3.49096
3.60321
3.6597
3.76548
3.88063
3.92984
4.03345
4.14389
4.24063
4.29342
4.40049
4.50863
4.55505
4.66517
4.78258
4.8876
4.93903
5.05774
5.17439
5.27843
5.3331
5.45501
5.54835
5.58945
5.69144
5.7822
5.84188
5.87498
5.94759
5.97645
5.99415
6.01432
6.04176
6.00806
6.00885
5.99135
5.96206
5.89664
5.89003
5.84133
5.77167
5.68946
5.67837
5.6123
5.52128
5.43465
5.42197
5.35169
5.25558
5.17699
5.16622
5.10795
5.02627
4.9694
4.96402
4.92926
4.87193
4.86786
4.84242
4.83457
4.80468
4.80714
4.80616
4.8226
4.81296
4.81787
4.82877
4.85042
4.83953
4.84029
4.83999
4.84504
4.81682
4.80993
4.78593
4.76282
4.70935
4.66078
4.64288
4.59092
4.51519
4.4452
4.42094
4.34911
4.26541
4.18791
4.16257
4.08509
4.00341
3.92886
3.90594
3.83475
1.7782
1.85804
1.99532
2.05308
2.1252
2.25177
2.35381
2.42066
2.52638
2.69964
2.73747
2.81932
2.96957
3.0632
3.12775
3.24097
3.42103
3.4419
3.51752
3.66324
3.74805
3.80114
3.90355
4.07365
4.09446
4.16562
4.30679
4.39841
4.45775
4.56062
4.73142
4.77238
4.85099
4.98728
5.16505
5.16552
5.25887
5.40557
5.46929
5.53189
5.62036
5.74209
5.76509
5.80157
5.85873
5.92884
5.92057
5.91687
5.92846
5.95453
5.91245
5.86874
5.84128
5.84397
5.771
5.69998
5.6479
5.6364
5.545
5.46139
5.40005
5.38023
5.28308
5.2013
5.14562
5.12215
5.03574
4.9745
4.94026
4.91769
4.8555
4.82357
4.84082
4.79692
4.76481
4.76328
4.78283
4.76789
4.76556
4.78432
4.8011
4.80496
4.81424
4.82729
4.83406
4.83382
4.83241
4.82036
4.81347
4.79482
4.77009
4.7255
4.67165
4.66165
4.61271
4.54002
4.45989
4.44402
4.37892
4.29489
4.20406
4.18509
4.11595
4.0333
3.94448
3.9247
1.09444
1.12112
1.24075
1.2738
1.31166
1.42836
1.47574
1.54611
1.63126
1.757
1.79816
1.84825
2.0109
2.06389
2.15245
2.27554
2.40034
2.45122
2.53658
2.68756
2.74232
2.84732
2.97509
3.09454
3.15072
3.26455
3.40341
3.45874
3.58476
3.72535
3.85658
3.91589
4.05817
4.20689
4.34244
4.40673
4.56139
4.694
4.748
4.88485
5.01829
5.12276
5.17005
5.28015
5.35913
5.41929
5.45446
5.52019
5.52651
5.54056
5.55271
5.54944
5.50844
5.51119
5.47963
5.4258
5.35581
5.35129
5.29264
5.208
5.12566
5.11758
5.04853
4.95286
4.87366
4.86593
4.80484
4.72239
4.66542
4.66329
4.62826
4.57366
4.574
4.55383
4.55274
4.53485
4.54471
4.55979
4.59725
4.60979
4.62483
4.6624
4.71667
4.73237
4.74389
4.77334
4.81261
4.80718
4.80891
4.81023
4.81456
4.77723
4.74523
4.73354
4.69805
4.63188
4.5701
4.54935
4.48445
4.40297
4.326
4.30173
4.22371
4.13781
4.05748
1.00356
1.04934
1.13526
1.16992
1.21366
1.29823
1.36626
1.41166
1.48697
1.619
1.6459
1.70801
1.83454
1.91172
1.96649
2.06891
2.23844
2.25695
2.3287
2.4804
2.56593
2.62082
2.73239
2.92112
2.94227
3.01828
3.18315
3.287
3.35297
3.47279
3.67938
3.72552
3.81572
3.98652
4.20969
4.2066
4.32328
4.51947
4.60026
4.68513
4.81265
4.99355
5.02604
5.09017
5.1985
5.32801
5.3213
5.34625
5.40867
5.45817
5.43326
5.41085
5.42156
5.43733
5.36913
5.31232
5.28817
5.2817
5.18591
5.11146
5.06958
5.04897
4.94229
4.86701
4.82447
4.7961
4.69718
4.64259
4.62068
4.59136
4.51908
4.49885
4.53156
4.48212
4.44694
4.4677
4.50448
4.49467
4.50256
4.55607
4.59223
4.61265
4.64343
4.69764
4.72382
4.74552
4.76857
4.79328
4.80228
4.80388
4.79982
4.78127
4.75047
4.74282
4.70709
4.64898
0.628956
0.639117
0.7034
0.719947
0.735332
0.800409
0.827187
0.862796
0.908756
0.988033
1.00989
1.01748
1.14271
1.17828
1.22898
1.31473
1.41463
1.4468
1.47986
1.63291
1.67915
1.7548
1.86815
1.98803
2.03437
2.11213
2.27594
2.3338
2.45163
2.59558
2.74461
2.80588
2.9524
3.12419
3.28228
3.35085
3.53016
3.69204
3.75654
3.92168
4.09108
4.23279
4.29141
4.44128
4.55977
4.66008
4.70675
4.81849
4.85856
4.88659
4.93135
4.96115
4.94694
4.95928
4.94779
4.91311
4.86054
4.8624
4.81416
4.74045
4.668
4.66394
4.59944
4.50923
4.43466
4.42902
4.36788
4.28681
4.2323
4.23155
4.19763
4.14516
4.15058
4.13325
4.13727
4.13128
4.1488
4.17696
4.2327
4.26879
4.29496
4.35846
4.44636
4.4946
4.51987
4.58398
4.66523
4.69177
4.70633
4.74121
4.78624
4.77113
4.76511
4.76204
4.75198
4.7019
0.441661
0.463402
0.477363
0.484322
0.514809
0.535357
0.533993
0.575511
0.60685
0.626268
0.646754
0.693649
0.723693
0.729204
0.796049
0.842929
0.871179
0.911442
0.983417
1.02678
1.03886
1.14172
1.21195
1.25471
1.31463
1.42737
1.49774
1.50945
1.66907
1.78913
1.86942
1.93757
2.12262
2.25018
2.34941
2.479
2.67295
2.80193
2.84737
3.08961
3.264
3.37852
3.46375
3.67736
3.80135
3.87879
3.9852
4.13014
4.18444
4.18904
4.31718
4.3746
4.35595
4.36818
4.42092
4.39822
4.32561
4.34272
4.34
4.26695
4.16591
4.18825
4.15524
4.05906
3.95191
3.981
3.94056
3.8473
3.75739
3.79722
3.77622
3.71107
3.68403
3.71081
3.72911
3.7118
3.70149
3.77889
3.85185
3.88733
3.89162
4.01095
4.12145
4.18784
4.19964
4.32317
4.4312
4.49242
4.50185
4.59015
4.65848
4.68564
4.70205
4.71571
4.7238
4.70467
0.406228
0.413737
0.439693
0.446884
0.455109
0.483542
0.495788
0.511843
0.533954
0.571409
0.581025
0.593046
0.646698
0.664418
0.688897
0.733905
0.790185
0.805443
0.829899
0.913192
0.940661
0.981929
1.05399
1.13919
1.16651
1.21597
1.33841
1.38321
1.46557
1.57764
1.71345
1.76353
1.87862
2.04672
2.20311
2.26388
2.43515
2.61513
2.68496
2.85847
3.0489
3.21804
3.28461
3.46359
3.61447
3.74946
3.8057
3.94988
4.02978
4.0716
4.14985
4.21763
4.23281
4.25559
4.27146
4.26
4.22601
4.23436
4.20479
4.14314
4.08271
4.08234
4.03034
3.94615
3.88002
3.87617
3.82208
3.74188
3.6923
3.69171
3.65914
3.61078
3.62073
3.60521
3.61351
3.6166
3.64045
3.67672
3.74439
3.79971
3.8358
3.91894
4.03258
4.11422
4.15402
4.25151
4.37241
4.44058
4.47121
4.54621
4.63284
4.65949
4.68981
4.6988
4.72362
4.70031
0.322746
0.330968
0.337999
0.34109
0.352284
0.361701
0.362615
0.378181
0.390943
0.401546
0.409456
0.427292
0.442634
0.446501
0.472469
0.493662
0.510689
0.526703
0.556565
0.582083
0.589746
0.634261
0.670733
0.700762
0.728322
0.782959
0.831531
0.842442
0.9278
1.00204
1.06893
1.1108
1.22605
1.33087
1.42122
1.5083
1.6577
1.7905
1.83565
2.03684
2.20715
2.3449
2.42617
2.6289
2.78266
2.89303
2.99767
3.15639
3.25502
3.27479
3.42327
3.50918
3.53439
3.55773
3.62975
3.63398
3.59165
3.61519
3.62187
3.56973
3.48853
3.51454
3.48447
3.40659
3.31414
3.34506
3.30411
3.22576
3.14563
3.18482
3.16024
3.10926
3.0885
3.11609
3.1321
3.13087
3.12656
3.20715
3.28188
3.33809
3.34907
3.48181
3.6065
3.70436
3.72505
3.87965
4.0206
4.12494
4.14501
4.28177
4.39833
4.4714
4.52561
4.55958
0.309161
0.313851
0.323166
0.326091
0.331021
0.341726
0.346711
0.353788
0.363798
0.378733
0.382662
0.391143
0.410949
0.418489
0.429918
0.449522
0.474324
0.480573
0.495924
0.530319
0.543057
0.563017
0.597702
0.641392
0.653652
0.68297
0.745521
0.770674
0.815306
0.880952
0.969445
0.99911
1.07114
1.18987
1.31058
1.34924
1.47622
1.63551
1.69656
1.84091
2.01646
2.19073
2.25408
2.42662
2.596
2.75501
2.81212
2.97108
3.0866
3.14218
3.24334
3.34124
3.39172
3.42593
3.46737
3.48227
3.47339
3.48817
3.47613
3.43063
3.38848
3.39102
3.35127
3.27824
3.22766
3.22459
3.17964
3.1066
3.06863
3.06659
3.04002
2.99675
3.01435
2.99975
3.01474
3.02375
3.05484
3.09336
3.16776
3.23562
3.28083
3.37323
3.50049
3.61005
3.66393
3.7841
3.93384
4.04725
4.09719
4.21109
4.34204
4.4204
0.273505
0.276383
0.279689
0.280995
0.28473
0.288793
0.289823
0.295116
0.299902
0.305114
0.30789
0.313858
0.320938
0.323165
0.331885
0.34034
0.348959
0.354383
0.36462
0.377085
0.381184
0.396638
0.411997
0.428132
0.438131
0.458251
0.483773
0.491001
0.525172
0.559572
0.600113
0.619311
0.671534
0.7353
0.796636
0.838106
0.923212
1.02498
1.0582
1.18462
1.31292
1.44004
1.50017
1.65157
1.80239
1.92326
2.00727
2.14999
2.27675
2.3095
2.45237
2.55085
2.61638
2.64877
2.72811
2.75836
2.75147
2.77972
2.79109
2.76273
2.70751
2.73429
2.70479
2.64925
2.57786
2.60781
2.56749
2.511
2.44757
2.48357
2.45719
2.42591
2.41472
2.44256
2.457
2.47463
2.47898
2.55813
2.63083
2.70655
2.72645
2.86183
2.99055
3.11444
3.14497
3.31496
3.47548
3.62362
3.65787
3.83355
0.268698
0.270953
0.274262
0.275421
0.277881
0.281752
0.283681
0.286709
0.290865
0.296438
0.298007
0.302276
0.309265
0.312262
0.31734
0.325018
0.334697
0.337146
0.344708
0.357221
0.362419
0.37135
0.385365
0.403497
0.408323
0.422935
0.448079
0.459268
0.4797
0.510205
0.552783
0.566383
0.604242
0.665006
0.735104
0.753486
0.827782
0.929433
0.968995
1.06247
1.18543
1.32409
1.3703
1.50041
1.64968
1.80132
1.84668
1.98664
2.11733
2.17944
2.28093
2.38607
2.46728
2.50975
2.56318
2.59985
2.62136
2.64143
2.63943
2.61327
2.59465
2.5985
2.56392
2.50834
2.47876
2.47483
2.43502
2.37911
2.35961
2.35441
2.33074
2.3015
2.33046
2.31677
2.33495
2.3562
2.39725
2.43537
2.51184
2.59205
2.64752
2.74254
2.87572
3.00458
3.07105
3.20298
3.36984
3.5252
3.59474
0.253605
0.254542
0.256054
0.256586
0.257698
0.259407
0.260062
0.261704
0.263369
0.265773
0.266677
0.268379
0.271529
0.272642
0.275216
0.27838
0.282365
0.284007
0.286935
0.292618
0.294564
0.299117
0.304952
0.312459
0.315593
0.321447
0.333113
0.336925
0.348027
0.36101
0.38066
0.387874
0.405685
0.436438
0.468311
0.482855
0.518724
0.577883
0.596422
0.655488
0.728126
0.815706
0.848759
0.931512
1.044
1.14283
1.19258
1.28704
1.40856
1.44358
1.54946
1.63182
1.71781
1.75124
1.81517
1.85731
1.88121
1.90851
1.91405
1.90682
1.87864
1.90067
1.86504
1.83255
1.78463
1.80756
1.76338
1.73393
1.69232
1.72025
1.69014
1.68388
1.68456
1.70909
1.71888
1.75764
1.77203
1.84459
1.91123
2.00496
2.03476
2.16534
2.2929
2.43922
2.48164
2.65839
2.83326
3.01992
0.251859
0.252795
0.254035
0.254504
0.255517
0.256926
0.257711
0.258874
0.260444
0.26254
0.263133
0.264842
0.267343
0.268546
0.270515
0.273334
0.277045
0.277925
0.280938
0.285445
0.287525
0.291003
0.296174
0.303202
0.304926
0.310825
0.320096
0.324662
0.332666
0.344634
0.361982
0.367291
0.383499
0.408845
0.441665
0.448423
0.482973
0.532965
0.552811
0.600398
0.666191
0.749765
0.77494
0.850978
0.94879
1.05975
1.08507
1.1792
1.28766
1.34116
1.4164
1.49978
1.58778
1.62858
1.67119
1.71255
1.75698
1.77711
1.77146
1.76163
1.76623
1.76748
1.72776
1.69165
1.68335
1.67444
1.63067
1.59909
1.60123
1.58959
1.56216
1.55548
1.59651
1.58062
1.59262
1.6321
1.68411
1.7155
1.78257
1.8788
1.94628
2.03474
2.16209
2.31402
2.39567
2.53282
2.70985
2.90392
0.244939
0.245263
0.245999
0.246223
0.246525
0.247283
0.247623
0.248103
0.248645
0.249705
0.249989
0.250292
0.251712
0.252203
0.252826
0.25396
0.255659
0.256107
0.256599
0.259197
0.260025
0.261118
0.263241
0.266433
0.267329
0.268364
0.273582
0.275295
0.2784
0.282712
0.291085
0.293522
0.29796
0.311197
0.324803
0.328892
0.340099
0.368568
0.376916
0.398484
0.430923
0.477115
0.491246
0.523056
0.588569
0.648454
0.669762
0.710489
0.799241
0.82486
0.882059
0.928046
1.00435
1.02864
1.06101
1.09426
1.12948
1.14789
1.13657
1.14191
1.13449
1.14593
1.09711
1.08739
1.0612
1.07034
1.012
1.01423
0.995253
1.00835
0.964554
0.989342
0.999755
1.01309
1.00299
1.06302
1.08409
1.13692
1.17817
1.28544
1.32158
1.43203
1.54284
1.7106
1.76493
1.93997
2.12368
2.34135
0.244027
0.244421
0.245001
0.245225
0.245591
0.246158
0.246559
0.246925
0.247475
0.248335
0.248531
0.249068
0.249997
0.25053
0.251108
0.252063
0.253548
0.253781
0.254731
0.256404
0.257285
0.258334
0.260105
0.262889
0.263379
0.265279
0.268683
0.270605
0.273146
0.277271
0.284025
0.285868
0.291427
0.300933
0.314655
0.316241
0.329259
0.350346
0.358867
0.377912
0.406142
0.447013
0.45754
0.491507
0.541283
0.604902
0.613643
0.660737
0.727879
0.762894
0.80221
0.849357
0.916464
0.945065
0.963918
0.991697
1.0372
1.05024
1.03371
1.03096
1.04766
1.04357
0.999034
0.979088
0.983031
0.968542
0.921526
0.910741
0.924762
0.90803
0.877459
0.889001
0.929752
0.91151
0.91014
0.957983
1.00919
1.02546
1.06647
1.16668
1.2372
1.30428
1.40682
1.57878
1.67362
1.80441
1.97486
2.20823
0.239955
0.240217
0.240629
0.24076
0.240977
0.241363
0.24152
0.241745
0.241993
0.242398
0.242504
0.242446
0.24312
0.243312
0.243463
0.243858
0.244458
0.244584
0.244358
0.245596
0.245907
0.246135
0.246866
0.247992
0.248241
0.247833
0.250272
0.250923
0.25173
0.2531
0.256112
0.256889
0.257644
0.262825
0.267799
0.268876
0.271725
0.283345
0.286548
0.293687
0.306268
0.325349
0.330491
0.340145
0.370573
0.398207
0.405474
0.411474
0.465375
0.478802
0.502688
0.521585
0.566444
0.578973
0.58913
0.606398
0.630489
0.638606
0.620917
0.627284
0.626911
0.62925
0.584172
0.587223
0.574888
0.57395
0.516158
0.536558
0.530693
0.531558
0.477211
0.521837
0.531983
0.533524
0.502495
0.56406
0.58043
0.604903
0.604079
0.703458
0.733786
0.805144
0.869429
1.03864
1.094
1.24281
1.4062
1.63804
0.236662
0.237005
0.23723
0.237337
0.237691
0.237914
0.237922
0.238279
0.238507
0.238614
0.238767
0.239018
0.239134
0.23916
0.239457
0.239611
0.239645
0.239846
0.240083
0.240178
0.240212
0.24059
0.240799
0.240864
0.241153
0.241569
0.241815
0.241826
0.242605
0.243206
0.243671
0.244113
0.245428
0.246642
0.247775
0.249131
0.251794
0.254539
0.255269
0.260615
0.266157
0.271668
0.274479
0.284499
0.294197
0.302667
0.309774
0.324633
0.336951
0.338235
0.35881
0.374117
0.382947
0.386727
0.404928
0.412128
0.409652
0.415828
0.422668
0.416111
0.401223
0.408736
0.403776
0.388455
0.369222
0.377235
0.369294
0.356809
0.343599
0.35312
0.351277
0.346298
0.34188
0.352653
0.359348
0.363703
0.361088
0.385786
0.409194
0.433471
0.434976
0.497661
0.569964
0.650249
0.664465
0.808117
0.968479
1.13048
0.235964
0.236288
0.236559
0.236671
0.236952
0.237199
0.237311
0.237529
0.237755
0.237947
0.238034
0.238222
0.238383
0.238472
0.2386
0.238742
0.2389
0.238959
0.239057
0.239236
0.239339
0.239419
0.239587
0.239836
0.239909
0.24001
0.240385
0.240585
0.240779
0.241168
0.241898
0.242129
0.24258
0.243823
0.245325
0.245644
0.24712
0.250207
0.251286
0.253879
0.258256
0.264529
0.26628
0.271277
0.280886
0.291187
0.293587
0.301516
0.31651
0.321824
0.331019
0.34067
0.356171
0.361147
0.365281
0.372017
0.380547
0.383192
0.376333
0.376222
0.375046
0.374739
0.358759
0.354678
0.348688
0.346829
0.33022
0.32951
0.326898
0.325712
0.315323
0.321262
0.325185
0.324247
0.320272
0.335181
0.341619
0.349447
0.356039
0.392212
0.406952
0.441284
0.486102
0.581594
0.619041
0.717616
0.844635
1.02679
)
;

boundaryField
{
    inlet
    {
        type            calculated;
        value           nonuniform List<scalar> 0();
    }
    outlet
    {
        type            calculated;
        value           nonuniform List<scalar> 0();
    }
    front
    {
        type            empty;
    }
    back
    {
        type            empty;
    }
    hub
    {
        type            calculated;
        value           nonuniform List<scalar> 
128
(
0.39461
0.38136
0.364218
0.364218
0.345581
0.325446
0.325446
0.30509
0.284487
0.264264
0.264264
0.244491
0.22545
0.22545
0.207231
0.189974
0.173757
0.173757
0.158659
0.144721
0.144721
0.132003
0.12053
0.110306
0.110306
0.101297
0.0866996
0.0866996
0.0809557
0.0761086
0.0720533
0.0720533
0.0688125
0.066212
0.0641575
0.0641575
0.0625582
0.0613443
0.0613443
0.0604203
0.059733
0.0587774
0.0587774
0.0583851
0.0579902
0.0575154
0.0575154
0.0569449
0.0562
0.0562
0.0552934
0.0526554
0.0510987
0.0510987
0.0497693
0.0498116
0.0498959
0.0498959
0.0501978
0.0504291
0.050677
0.050677
0.0510269
0.0513695
0.0524393
0.0524393
0.053061
0.0524696
0.0524238
0.0524238
0.0528108
0.0535938
0.0535938
0.0540425
0.0545351
0.0550829
0.0550829
0.0562844
0.0568081
0.0578357
0.0578357
0.0601878
0.0581552
0.0567275
0.0567275
0.0568701
0.0564198
0.0561143
0.0561143
0.0560324
0.0555365
0.0550866
0.0547712
0.0547712
0.0536898
0.0528292
0.052413
0.052413
0.0515498
0.0473725
0.0425716
0.0425716
0.0387865
0.03696
0.034664
0.034664
0.030536
0.0285795
0.0247181
0.0247181
0.022862
0.021246
0.0183373
0.0183373
0.0170748
0.016281
0.0131334
0.0131334
0.01255
0.0118832
0.0118944
0.0125903
0.0125903
0.0132104
0.0139512
0.0156745
0.0156745
0.0165928
)
;
    }
    tip
    {
        type            calculated;
        value           nonuniform List<scalar> 0();
    }
    procBoundary6to1
    {
        type            processor;
        value           nonuniform List<scalar> 
85
(
0.698056
0.768701
0.887806
0.896451
1.03761
1.17889
1.19546
1.33395
1.35433
1.5059
1.65532
1.68306
1.82767
1.85805
2.00788
2.04138
2.19677
2.21811
2.24075
2.40817
2.44706
2.62596
2.66867
2.85909
2.88838
2.91937
3.12984
3.17971
3.40873
3.4453
3.48411
3.74039
3.78166
3.82498
4.11688
4.18031
4.50713
4.55951
4.61418
4.98845
5.04724
5.1076
5.52038
5.58374
5.6512
6.07866
6.15469
6.58709
6.66076
7.07115
7.13429
7.19291
7.51755
7.55712
7.68546
7.68445
7.49808
7.44243
6.89656
6.78073
5.93224
5.76941
5.58955
4.49428
4.28336
3.10564
2.91119
1.89537
1.75543
1.07314
0.992362
0.619636
0.43023
0.402359
0.31863
0.307544
0.272142
0.268018
0.253172
0.251586
0.244774
0.243928
0.239833
0.236474
0.235843
)
;
    }
    procBoundary6to5
    {
        type            processor;
        value           nonuniform List<scalar> 
155
(
3.0388
3.02304
2.98343
2.95576
2.91952
2.89953
2.81964
3.0388
3.05207
3.32923
3.29804
3.27106
3.24836
3.23858
3.2209
3.21252
3.20595
3.20006
3.1945
3.19611
3.17218
3.1914
3.32923
3.34256
3.45376
3.46855
3.57404
3.60463
3.60463
3.76526
3.76526
3.86117
3.86117
4.03379
4.58105
4.56707
4.50763
4.42769
4.33973
4.32136
4.25111
4.16482
4.03379
4.07147
4.58105
4.655
4.67609
4.61251
4.67626
4.62763
4.49826
4.61251
4.5199
3.9921
4.49826
4.11941
3.9921
3.74032
3.74032
3.06924
3.06924
2.99278
2.40617
2.31815
1.7137
1.16145
0.232824
0.23312
0.233401
0.233511
0.233784
0.234038
0.234115
0.234375
0.23459
0.234775
0.234883
0.235063
0.235223
0.235287
0.235449
0.235564
0.235636
0.235727
0.235788
0.235836
0.235871
0.235922
0.235925
0.235909
0.235982
0.235957
0.23596
0.235977
0.236017
0.236006
0.236053
0.236152
0.236228
0.236444
0.236688
0.236963
0.237404
0.238266
0.238565
0.239728
0.241231
0.243271
0.244092
0.246506
0.24992
0.253373
0.255137
0.258984
0.264304
0.265603
0.271079
0.275351
0.280539
0.282286
0.286055
0.28832
0.289966
0.291755
0.290868
0.289442
0.286651
0.288121
0.283432
0.279908
0.275388
0.27655
0.271635
0.269195
0.266385
0.267717
0.265287
0.265382
0.265271
0.266622
0.266563
0.26962
0.270119
0.275229
0.279805
0.29137
0.294196
0.314394
0.339906
0.385924
0.398022
0.466366
0.549359
1.09629
0.671999
)
;
    }
    procBoundary6to7
    {
        type            processor;
        value           nonuniform List<scalar> 
58
(
0.148094
0.189152
0.257603
0.260674
0.322198
0.378138
0.382692
0.435288
0.440586
0.494213
0.546358
0.553626
0.604569
0.612774
0.66451
0.673765
0.726568
0.734336
0.742398
0.797828
0.8094
0.866612
0.879475
0.938895
0.950236
0.962406
1.02554
1.04115
1.10791
1.12211
1.13742
1.20935
1.22505
1.2431
1.32087
1.34077
1.42585
1.44587
1.46579
1.5603
1.58164
1.60449
1.70599
1.72828
1.75731
1.85794
1.8849
1.99207
2.0183
2.12769
2.15532
2.1859
2.29729
2.32703
2.4444
2.47363
2.59437
2.62509
)
;
    }
}


// ************************************************************************* //
