/*--------------------------------*- C++ -*----------------------------------*\
| =========                 |                                                 |
| \\      /  F ield         | OpenFOAM: The Open Source CFD Toolbox           |
|  \\    /   O peration     | Version:  v2012                                 |
|   \\  /    A nd           | Website:  www.openfoam.com                      |
|    \\/     M anipulation  |                                                 |
\*---------------------------------------------------------------------------*/
FoamFile
{
    version     2.0;
    format      ascii;
    class       volScalarField;
    location    "1e-06";
    object      p;
}
// * * * * * * * * * * * * * * * * * * * * * * * * * * * * * * * * * * * * * //

dimensions      [1 -1 -2 0 0 0 0];


internalField   nonuniform List<scalar> 
10123
(
236594
234368
234633
233764
231687
232211
231684
230048
229474
230328
229993
228077
229426
229357
227858
227726
229161
229153
227360
229270
229508
228143
228333
230043
230293
228642
230734
231164
230046
230412
232044
232501
231453
232062
233473
233823
232926
234459
235047
234511
235052
236122
236673
236393
236978
237887
238396
238331
239073
239883
239994
240455
241278
241859
242072
242514
243594
244159
244192
244669
246238
246831
246553
247141
249300
249929
249264
250052
252616
253355
251587
254861
255923
254839
255343
258409
259479
258240
258957
261926
263145
262105
263172
265442
266904
265955
267040
269018
269892
270041
270947
271829
273066
273553
274407
276283
275821
276816
278027
278979
277738
278836
281466
281933
280460
281473
284479
284712
283905
284123
287538
288241
288016
288303
291307
291028
292570
293638
294444
295001
294956
300019
300459
298482
299973
305652
306894
304299
236589
234359
234627
233761
231678
232206
231680
230044
229466
230321
229991
228068
229419
229353
227851
227721
229156
229151
227354
229262
229504
228136
228327
230037
230291
228637
230723
231159
230039
230403
232035
232495
231446
232054
233466
233817
232920
234452
235042
234506
235045
236116
236669
236389
236973
237882
238395
238329
239067
239873
239986
240445
241267
241850
242062
242503
243583
244152
244184
244658
246226
246823
246545
247128
249288
249921
249257
250038
252604
253349
251580
254847
255913
254830
255333
258397
259476
258240
258959
261926
263150
262111
263172
265443
266912
265963
267045
269022
269901
270049
270952
271840
273073
273562
274414
276284
275820
276816
278040
278991
277747
278842
281473
281940
280467
281474
284482
284716
283909
284125
287540
288242
288017
288304
291307
291028
292567
293635
294441
295001
294954
300015
300458
298483
299975
305654
306896
304299
236596
234356
234625
233769
231674
232204
231685
230044
229462
230319
229989
228064
229425
229354
227849
227716
229154
229147
227350
229263
229504
228133
228322
230032
230287
228633
230724
231159
230036
230398
232031
232495
231445
232047
233463
233818
232918
234447
235042
234505
235041
236112
236669
236388
236969
237879
238393
238327
239070
239877
239995
240449
241270
241856
242070
242505
243586
244159
244190
244659
246228
246828
246549
247129
249288
249924
249258
250031
252604
253349
251576
254848
255915
254831
255329
258388
259474
258237
258950
261912
263146
262104
263158
265429
266904
265954
267028
269005
269889
270037
270938
271817
273056
273545
274393
276283
275820
276811
278017
278978
277737
278822
281458
281934
280463
281462
284477
284715
283908
284125
287538
288242
288018
288303
291308
291028
292563
293632
294438
295000
294953
300012
300457
298481
299961
305652
306896
304294
236604
234351
234621
233776
231668
232202
231684
230042
229459
230318
229995
228058
229419
229355
227846
227713
229153
229149
227345
229257
229504
228129
228317
230030
230289
228630
230716
231161
230033
230392
232028
232494
231442
232040
233463
233817
232914
234443
235042
234503
235037
236109
236669
236386
236965
237876
238393
238325
239069
239872
239992
240444
241266
241853
242065
242499
243581
244157
244187
244653
246223
246827
246547
247121
249288
249923
249256
250022
252604
253349
251571
254849
255913
254829
255323
258388
259473
258235
258945
261913
263147
262101
263150
265429
266905
265954
267029
269007
269891
270037
270939
271821
273059
273548
274397
276284
275821
276809
278027
278986
277740
278824
281460
281936
280464
281463
284477
284716
283909
284126
287539
288242
288018
288302
291309
291028
292562
293629
294436
295000
294952
300012
300457
298480
299952
305640
306898
304296
236603
234345
234621
233785
231661
232203
231690
230040
229455
230319
229999
228051
229419
229359
227843
227710
229154
229150
227338
229258
229507
228126
228314
230031
230290
228625
230713
231164
230030
230387
232030
232495
231439
232035
233464
233818
232910
234444
235043
234501
235033
236109
236669
236385
236962
237877
238393
238323
239071
239868
239992
240440
241263
241853
242063
242494
243581
244157
244186
244647
246223
246828
246545
247114
249289
249924
249253
250013
252606
253351
251565
254850
255912
254828
255317
258389
259471
258234
258939
261910
263149
262098
263141
265424
266905
265953
267022
268999
269890
270035
270935
271815
273054
273544
274390
276282
275818
276801
278019
278983
277736
278813
281454
281934
280461
281452
284474
284714
283907
284123
287531
288240
288017
288299
291308
291026
292558
293625
294436
295000
294951
300013
300457
298480
299952
305640
306898
304295
236600
234334
234614
233783
231648
232196
231689
230034
229445
230314
229997
228039
229412
229356
227834
227700
229148
229145
227327
229249
229503
228116
228303
230023
230285
228615
230702
231162
230021
230376
232022
232492
231432
232024
233459
233815
232903
234437
235041
234496
235027
236104
236667
236381
236956
237872
238392
238319
239073
239861
239991
240435
241258
241852
242060
242487
243576
244156
244182
244637
246217
246826
246541
247102
249281
249922
249248
249999
252598
253348
251554
254840
255906
254823
255309
258376
259466
258229
258929
261897
263149
262091
263129
265413
266902
265950
267014
268992
269888
270033
270932
271812
273054
273544
274391
276284
275820
276803
278022
278988
277739
278817
281457
281939
280464
281456
284476
284718
283909
284125
287532
288242
288019
288300
291309
291026
292553
293621
294432
294998
294947
300006
300455
298477
299936
305626
306896
304290
236599
234324
234610
233790
231638
232193
231688
230030
229438
230312
229999
228028
229408
229357
227828
227693
229146
229145
227316
229244
229503
228110
228295
230019
230285
228607
230694
231163
230014
230368
232019
232491
231427
232015
233459
233814
232896
234438
235041
234492
235021
236100
236667
236378
236951
237869
238391
238315
239075
239856
239991
240430
241254
241852
242057
242481
243572
244156
244180
244629
246218
246826
246537
247092
249282
249921
249244
249987
252599
253348
251545
254841
255903
254819
255302
258376
259463
258225
258919
261898
263150
262085
263119
265414
266902
265948
267006
268992
269888
270030
270928
271812
273050
273541
274392
276284
275818
276795
278023
278989
277738
278817
281458
281940
280464
281456
284477
284719
283909
284125
287532
288242
288018
288300
291308
291026
292549
293617
294429
294997
294945
300007
300454
298475
299923
305622
306897
304287
236598
234313
234606
233792
231626
232190
231688
230025
229430
230310
230000
228016
229405
229358
227821
227685
229144
229145
227304
229239
229504
228103
228287
230016
230285
228597
230687
231165
230008
230360
232020
232490
231421
232007
233460
233814
232889
234438
235041
234489
235016
236097
236667
236375
236947
237869
238391
238310
239077
239849
239991
240424
241249
241853
242054
242473
243572
244156
244177
244620
246218
246826
246533
247082
249283
249921
249239
249975
252600
253348
251534
254843
255900
254816
255294
258376
259459
258221
258908
261899
263151
262080
263108
265404
266901
265946
266998
268985
269888
270027
270923
271808
273047
273541
274392
276283
275818
276791
278025
278990
277737
278817
281459
281941
280463
281457
284477
284721
283908
284126
287532
288241
288018
288301
291306
291026
292544
293613
294427
294996
294942
300004
300453
298473
299909
305612
306898
304284
236596
234301
234600
233791
231614
232186
231687
230020
229421
230308
230000
228002
229401
229359
227814
227677
229142
229145
227291
229234
229504
228096
228278
230012
230285
228586
230679
231166
230001
230351
232019
232490
231415
231997
233460
233813
232881
234438
235041
234484
235010
236094
236667
236372
236942
237868
238391
238305
239080
239843
239991
240419
241245
241853
242051
242466
243572
244157
244173
244610
246219
246826
246529
247071
249284
249919
249234
249962
252601
253348
251522
254845
255896
254812
255287
258377
259455
258217
258896
261901
263152
262075
263097
265404
266900
265943
266989
268985
269888
270024
270918
271808
273045
273538
274394
276284
275817
276791
278027
278993
277736
278818
281460
281943
280463
281458
284478
284723
283908
284127
287533
288241
288018
288302
291304
291026
292541
293608
294423
294995
294939
300002
300452
298471
299894
305603
306899
304279
236595
234288
234596
233795
231601
232182
231687
230016
229412
230307
230004
227989
229398
229361
227808
227668
229141
229146
227279
229230
229506
228089
228269
230013
230286
228575
230672
231169
229994
230342
232020
232490
231409
231988
233461
233814
232873
234439
235042
234480
235004
236095
236667
236368
236936
237868
238391
238301
239082
239837
239990
240412
241240
241853
242047
242457
243572
244157
244170
244600
246220
246826
246524
247059
249285
249919
249229
249950
252602
253350
251509
254846
255893
254810
255280
258378
259452
258214
258884
261901
263155
262071
263085
265405
266899
265942
266981
268977
269888
270020
270914
271802
273039
273533
274394
276280
275814
276781
278028
278991
277732
278805
281456
281941
280459
281446
284474
284721
283904
284124
287524
288238
288017
288303
291300
291025
292536
293604
294423
294995
294937
300003
300454
298471
299893
305603
306904
304278
236588
234270
234583
233792
231583
232170
231683
230005
229396
230297
230000
227971
229386
229355
227794
227652
229131
229139
227260
229217
229499
228075
228252
230002
230279
228560
230658
231164
229981
230327
232009
232485
231398
231973
233454
233809
232862
234430
235038
234473
234995
236088
236664
236362
236929
237863
238389
238295
239083
239830
239988
240405
241233
241854
242042
242447
243566
244156
244164
244587
246213
246823
246517
247044
249275
249914
249221
249931
252591
253346
251492
254832
255884
254801
255270
258359
259443
258202
258869
261885
263151
262061
263071
265390
266895
265936
266970
268966
269886
270016
270909
271798
273037
273534
274395
276282
275816
276783
278031
278997
277735
278807
281460
281947
280463
281448
284477
284728
283907
284128
287527
288240
288019
288305
291299
291025
292528
293598
294418
294991
294929
299994
300449
298464
299871
305584
306901
304269
236584
234254
234574
233789
231567
232162
231681
229998
229383
230290
229997
227955
229377
229352
227783
227639
229125
229136
227244
229208
229496
228064
228239
229995
230276
228546
230647
231162
229971
230315
232002
232482
231390
231961
233450
233807
232851
234424
235037
234466
234988
236082
236663
236358
236923
237859
238387
238289
239084
239823
239985
240397
241228
241854
242037
242437
243566
244156
244159
244576
246213
246821
246510
247030
249276
249911
249214
249916
252592
253344
251477
254833
255878
254795
255262
258345
259440
258192
258857
261885
263150
262054
263058
265390
266892
265932
266961
268966
269886
270011
270905
271799
273032
273530
274397
276281
275814
276773
278034
279000
277734
278808
281462
281949
280463
281448
284479
284730
283906
284129
287527
288239
288018
288306
291295
291025
292524
293593
294414
294989
294925
299990
300448
298461
299854
305574
306902
304263
236581
234238
234564
233787
231551
232153
231678
229991
229370
230285
229996
227938
229369
229351
227774
227626
229120
229134
227228
229200
229494
228054
228226
229989
230275
228532
230637
231162
229961
230303
231996
232480
231381
231949
233449
233806
232841
234419
235036
234461
234980
236077
236662
236353
236916
237857
238386
238284
239086
239816
239984
240390
241222
241854
242033
242427
243566
244156
244154
244564
246214
246819
246504
247017
249277
249909
249208
249900
252593
253344
251461
254835
255871
254790
255256
258330
259438
258180
258844
261882
263149
262048
263044
265379
266890
265928
266951
268956
269886
270006
270900
271799
273026
273530
274398
276279
275813
276765
278036
279001
277732
278809
281464
281951
280462
281450
284480
284733
283905
284130
287527
288237
288017
288308
291290
291024
292517
293587
294410
294987
294920
299986
300446
298457
299835
305564
306904
304257
236576
234221
234553
233783
231535
232143
231675
229984
229356
230278
229994
227921
229360
229348
227763
227612
229114
229131
227211
229190
229490
228043
228212
229982
230271
228517
230625
231159
229951
230290
231988
232478
231372
231937
233445
233803
232830
234413
235035
234454
234972
236072
236661
236347
236909
237855
238385
238278
239088
239810
239980
240382
241216
241854
242028
242417
243566
244155
244148
244552
246215
246816
246497
247003
249278
249905
249201
249885
252594
253342
251444
254837
255863
254784
255251
258313
259435
258168
258831
261882
263148
262041
263031
265379
266887
265924
266941
268952
269886
270001
270895
271799
273020
273527
274400
276279
275812
276756
278040
279004
277731
278810
281466
281953
280461
281452
284481
284736
283904
284131
287527
288236
288017
288309
291285
291024
292513
293581
294405
294984
294915
299981
300444
298453
299816
305553
306905
304251
236570
234203
234541
233779
231519
232131
231671
229976
229341
230270
229992
227904
229349
229344
227753
227598
229107
229127
227194
229179
229487
228032
228197
229974
230268
228503
230613
231157
229941
230277
231980
232475
231362
231924
233441
233801
232819
234405
235034
234448
234964
236066
236660
236342
236902
237853
238383
238272
239089
239803
239977
240374
241210
241855
242022
242407
243562
244154
244142
244540
246215
246814
246490
246988
249278
249902
249194
249868
252595
253341
251426
254838
255854
254778
255246
258295
259432
258156
258817
261866
263147
262034
263016
265366
266884
265920
266930
268941
269886
269996
270890
271800
273014
273528
274402
276274
275811
276748
278045
279005
277730
278813
281468
281955
280461
281454
284482
284738
283902
284133
287527
288234
288016
288311
291280
291023
292506
293574
294401
294981
294909
299975
300443
298449
299797
305540
306907
304244
236562
234185
234527
233774
231501
232117
231666
229967
229326
230261
229988
227886
229337
229339
227741
227582
229099
229122
227176
229167
229482
228021
228181
229965
230263
228487
230600
231153
229931
230263
231971
232471
231352
231910
233437
233798
232807
234397
235032
234441
234955
236060
236658
236336
236895
237852
238381
238266
239091
239796
239973
240366
241204
241854
242017
242396
243557
244152
244136
244528
246215
246810
246482
246974
249274
249897
249187
249851
252595
253338
251408
254841
255843
254772
255240
258283
259428
258144
258803
261864
263144
262026
263001
265367
266880
265915
266919
268940
269887
269990
270884
271801
273007
273525
274404
276279
275810
276738
278048
279007
277728
278814
281470
281956
280460
281457
284484
284742
283900
284135
287528
288232
288016
288313
291274
291022
292505
293567
294396
294978
294904
299969
300440
298444
299777
305530
306908
304236
236551
234164
234508
233767
231483
232100
231659
229957
229307
230247
229982
227868
229321
229331
227727
227564
229087
229113
227157
229151
229473
228007
228163
229953
230256
228471
230583
231146
229918
230247
231960
232465
231341
231894
233429
233793
232795
234387
235029
234434
234945
236053
236656
236330
236886
237846
238379
238260
239092
239789
239969
240357
241196
241852
242011
242385
243549
244149
244129
244515
246206
246805
246474
246957
249263
249891
249178
249832
252582
253333
251390
254830
255829
254764
255227
258283
259421
258130
258787
261844
263140
262018
262985
265351
266874
265910
266907
268927
269886
269985
270878
271802
273000
273526
274408
276265
275809
276729
278053
279010
277728
278815
281474
281959
280461
281459
284485
284745
283898
284138
287528
288230
288014
288315
291269
291021
292497
293560
294391
294974
294897
299960
300437
298439
299755
305514
306909
304228
236541
234143
234490
233758
231464
232082
231651
229944
229289
230233
229972
227848
229304
229320
227713
227545
229073
229102
227138
229134
229462
227992
228144
229939
230245
228453
230565
231137
229904
230230
231947
232457
231329
231878
233420
233786
232782
234377
235024
234425
234935
236046
236651
236323
236878
237841
238375
238253
239093
239782
239964
240349
241190
241849
242004
242375
243541
244145
244121
244502
246195
246799
246464
246941
249251
249882
249170
249814
252568
253325
251370
254816
255812
254752
255209
258286
259413
258114
258771
261823
263133
262006
262969
265335
266867
265903
266895
268915
269885
269977
270873
271803
273001
273527
274411
276274
275814
276731
278060
279018
277733
278821
281479
281967
280467
281464
284488
284754
283901
284145
287531
288231
288016
288321
291264
291020
292490
293551
294383
294968
294887
299945
300429
298429
299728
305486
306903
304214
236535
234128
234481
233754
231452
232073
231648
229937
229279
230231
229971
227836
229298
229323
227709
227537
229074
229104
227126
229132
229465
227988
228136
229943
230247
228444
230568
231141
229901
230222
231950
232460
231323
231876
233424
233786
232774
234379
235026
234421
234929
236047
236652
236318
236878
237842
238373
238248
239094
239776
239960
240341
241190
241848
241999
242366
243542
244144
244116
244493
246197
246797
246458
246932
249253
249881
249166
249815
252570
253327
251357
254819
255805
254753
255195
258292
259417
258111
258764
261827
263137
262004
262970
265339
266868
265903
266896
268917
269890
269972
270873
271806
272991
273521
274413
276259
275805
276714
278064
279012
277724
278801
281468
281959
280457
281444
284477
284749
283890
284139
287514
288223
288011
288323
291252
291019
292490
293549
294383
294967
294889
299948
300434
298431
299731
305489
306914
304214
236523
234108
234461
233746
231436
232054
231641
229927
229261
230218
229965
227819
229282
229316
227698
227520
229063
229097
227109
229116
229459
227978
228119
229932
230241
228429
230551
231135
229892
230207
231939
232456
231313
231861
233419
233783
232762
234369
235024
234415
234919
236040
236650
236312
236869
237843
238371
238242
239094
239769
239956
240332
241182
241844
241993
242355
243533
244141
244108
244481
246187
246792
246450
246916
249243
249875
249158
249798
252561
253322
251341
254821
255788
254748
255176
258299
259413
258101
258749
261811
263133
261998
262954
265339
266862
265899
266884
268903
269891
269967
270865
271806
272982
273523
274416
276255
275804
276709
278067
279012
277723
278804
281471
281960
280457
281447
284478
284752
283887
284142
287515
288218
288009
288326
291246
291018
292481
293540
294379
294961
294882
299938
300431
298426
299708
305485
306915
304206
236509
234086
234438
233734
231417
232031
231629
229915
229242
230201
229954
227801
229261
229304
227685
227500
229048
229085
227092
229097
229447
227964
228100
229918
230231
228413
230532
231125
229879
230190
231926
232448
231302
231845
233410
233776
232750
234358
235019
234407
234909
236032
236646
236305
236861
237837
238366
238236
239095
239761
239950
240323
241174
241839
241985
242344
243524
244135
244099
244468
246175
246785
246440
246900
249230
249866
249150
249780
252546
253312
251325
254822
255768
254740
255156
258303
259406
258089
258733
261809
263127
261988
262937
265341
266855
265894
266884
268900
269893
269959
270859
271809
272973
273525
274420
276252
275802
276698
278073
279014
277723
278807
281473
281962
280458
281451
284479
284756
283884
284145
287516
288214
288008
288329
291237
291016
292481
293531
294372
294955
294876
299926
300426
298420
299686
305472
306915
304196
236493
234063
234411
233722
231398
232006
231615
229902
229220
230181
229942
227783
229238
229291
227671
227480
229032
229074
227074
229075
229436
227951
228080
229902
230221
228398
230511
231115
229868
230172
231912
232441
231290
231827
233401
233770
232737
234345
235015
234399
234897
236024
236643
236297
236851
237832
238362
238229
239090
239753
239944
240313
241164
241834
241978
242333
243514
244130
244091
244454
246162
246777
246430
246882
249216
249857
249142
249762
252530
253302
251310
254813
255749
254730
255137
258306
259399
258078
258717
261785
263119
261979
262920
265340
266848
265890
266871
268885
269894
269953
270851
271810
272964
273526
274425
276246
275801
276699
278077
279015
277723
278809
281477
281962
280459
281453
284481
284759
283880
284149
287516
288210
288005
288332
291229
291013
292470
293522
294366
294949
294868
299913
300422
298413
299662
305455
306916
304186
236476
234039
234383
233707
231379
231979
231599
229889
229199
230161
229928
227765
229214
229277
227657
227460
229014
229060
227057
229052
229422
227937
228061
229886
230209
228382
230490
231104
229856
230155
231898
232432
231278
231811
233392
233762
232725
234333
235010
234391
234886
236016
236638
236290
236842
237826
238357
238223
239090
239744
239937
240304
241155
241827
241969
242322
243503
244123
244081
244441
246148
246768
246419
246866
249200
249846
249134
249746
252512
253289
251298
254813
255736
254712
255119
258309
259392
258066
258701
261785
263112
261969
262902
265342
266840
265884
266871
268885
269897
269945
270845
271813
272953
273528
274427
276241
275798
276687
278085
279016
277723
278812
281479
281963
280459
281457
284482
284762
283875
284153
287514
288205
288003
288335
291218
291011
292469
293512
294359
294942
294862
299900
300417
298407
299640
305445
306916
304176
236454
234013
234347
233686
231357
231944
231575
229871
229173
230132
229907
227745
229181
229255
227640
227433
228988
229041
227038
229021
229402
227921
228035
229861
230192
228365
230460
231085
229841
230134
231876
232420
231264
231789
233378
233752
232710
234316
235001
234382
234872
236005
236633
236282
236828
237817
238354
238216
239079
239736
239933
240292
241141
241822
241963
242309
243490
244116
244071
244425
246131
246758
246408
246845
249181
249832
249126
249727
252488
253270
251286
254789
255726
254684
255099
258282
259380
258052
258683
261756
263100
261958
262883
265320
266828
265879
266857
268866
269895
269938
270845
271814
272943
273532
274433
276229
275798
276688
278092
279018
277726
278821
281484
281964
280461
281463
284485
284766
283873
284161
287517
288200
288000
288339
291211
291008
292457
293501
294352
294934
294853
299883
300409
298399
299613
305421
306913
304166
236422
233982
234309
233654
231330
231908
231544
229846
229145
230099
229876
227721
229147
229226
227617
227407
228957
229012
227015
228988
229374
227898
228010
229833
230165
228344
230430
231060
229821
230111
231853
232399
231247
231769
233360
233735
232695
234300
234988
234369
234859
235994
236623
236272
236817
237807
238346
238208
239071
239727
239925
240282
241130
241815
241955
242298
243479
244105
244058
244412
246113
246741
246394
246826
249157
249810
249114
249710
252457
253240
251271
254765
255710
254647
255075
258253
259361
258029
258661
261725
263081
261939
262860
265297
266811
265866
266839
268851
269892
269926
270838
271820
272945
273534
274438
276240
275808
276693
278103
279033
277741
278830
281492
281978
280477
281473
284491
284780
283881
284176
287519
288201
288003
288349
291204
291006
292446
293488
294339
294922
294840
299855
300391
298383
299576
305376
306896
304143
236402
233966
234291
233640
231320
231892
231537
229836
229136
230092
229870
227715
229137
229224
227614
227402
228957
229009
227012
228985
229374
227897
228006
229838
230165
228342
230434
231062
229821
230109
231860
232401
231244
231773
233366
233733
232691
234304
234989
234366
234861
235997
236621
236266
236818
237809
238342
238203
239071
239721
239918
240272
241121
241809
241948
242291
243479
244099
244051
244410
246115
246735
246388
246828
249160
249805
249113
249720
252461
253231
251269
254779
255718
254637
255074
258261
259369
258032
258665
261735
263088
261942
262864
265307
266814
265870
266842
268855
269901
269921
270836
271822
272931
273526
274442
276222
275791
276669
278104
279019
277723
278800
281473
281961
280460
281442
284470
284769
283861
284163
287493
288186
287991
288350
291183
291002
292447
293488
294340
294918
294848
299860
300399
298389
299583
305386
306914
304148
236376
233939
234253
233615
231300
231856
231513
229822
229112
230065
229851
227699
229105
229205
227602
227381
228935
228993
226998
228957
229358
227886
227986
229818
230151
228329
230408
231048
229812
230091
231842
232392
231233
231755
233355
233726
232678
234288
234983
234360
234848
235986
236617
236259
236805
237801
238340
238196
239058
239714
239915
240259
241105
241804
241943
242278
243464
244091
244043
244396
246097
246724
246377
246810
249141
249791
249106
249724
252435
253209
251250
254785
255707
254618
255054
258233
259359
258024
258647
261725
263078
261935
262844
265309
266803
265869
266835
268835
269902
269915
270823
271824
272919
273532
274449
276212
275789
276673
278112
279017
277724
278804
281476
281958
280462
281448
284472
284769
283854
284169
287494
288176
287987
288354
291175
290998
292432
293477
294335
294909
294841
299841
300391
298382
299558
305386
306912
304139
236340
233910
234210
233583
231276
231817
231482
229802
229087
230033
229824
227682
229070
229179
227586
227360
228908
228969
226983
228925
229335
227871
227967
229794
230132
228316
230380
231028
229798
230074
231823
232377
231220
231739
233342
233713
232667
234273
234973
234350
234838
235984
236607
236249
236798
237793
238329
238190
239058
239702
239903
240249
241096
241792
241931
242268
243451
244077
244029
244383
246079
246707
246365
246793
249119
249770
249099
249728
252403
253190
251228
254790
255693
254596
255036
258207
259346
258012
258633
261725
263066
261924
262843
265311
266792
265863
266836
268836
269904
269907
270816
271828
272907
273534
274452
276206
275787
276660
278118
279018
277725
278810
281479
281958
280465
281453
284467
284772
283848
284175
287485
288168
287985
288358
291161
290993
292422
293464
294325
294898
294836
299822
300380
298375
299538
305375
306909
304127
236302
233877
234155
233541
231250
231765
231440
229778
229054
229988
229789
227662
229023
229143
227566
227328
228868
228939
226966
228880
229303
227852
227937
229757
230105
228300
230339
230999
229783
230049
231793
232358
231206
231709
233322
233704
232650
234250
234961
234341
234818
235965
236603
236244
236779
237779
238326
238182
239040
239693
239902
240236
241076
241785
241926
242251
243430
244070
244021
244363
246055
246693
246354
246769
249091
249745
249091
249731
252364
253175
251202
254759
255670
254574
255015
258167
259324
257998
258614
261689
263046
261913
262821
265284
266775
265859
266836
268811
269901
269901
270816
271829
272896
273542
274457
276190
275787
276661
278126
279017
277732
278822
281485
281958
280470
281463
284471
284775
283843
284185
287491
288160
287979
288363
291153
290988
292405
293451
294319
294887
294827
299798
300367
298366
299507
305342
306899
304115
236241
233831
234098
233478
231207
231714
231382
229732
229016
229934
229730
227629
228974
229089
227529
227295
228817
228886
226937
228833
229252
227818
227906
229712
230057
228273
230298
230955
229750
230022
231759
232320
231181
231682
233292
233679
232629
234231
234939
234319
234801
235948
236587
236233
236770
237765
238312
238174
239034
239682
239889
240224
241063
241772
241914
242239
243411
244053
244006
244348
246029
246666
246335
246750
249056
249701
249076
249716
252321
253136
251173
254722
255636
254534
254985
258124
259288
257964
258587
261650
263013
261883
262791
265257
266747
265838
266814
268813
269892
269883
270816
271838
272900
273547
274469
276211
275805
276672
278141
279044
277762
278839
281495
281981
280500
281482
284480
284796
283861
284210
287496
288165
287985
288378
291145
290984
292395
293434
294297
294868
294812
299753
300334
298343
299462
305280
306865
304083
236204
233817
234069
233453
231200
231688
231370
229722
229013
229929
229716
227631
228964
229086
227530
227303
228820
228879
226946
228839
229253
227822
227915
229721
230056
228282
230307
230960
229756
230029
231773
232322
231183
231695
233301
233675
232633
234238
234939
234321
234806
235954
236584
236229
236772
237767
238304
238169
239034
239671
239877
240214
241051
241760
241904
242232
243409
244043
243997
244353
246032
246651
246334
246757
249062
249681
249084
249728
252340
253133
251181
254733
255645
254538
254991
258136
259301
257976
258598
261667
263026
261893
262801
265273
266755
265847
266820
268820
269905
269881
270808
271841
272881
273531
274471
276185
275776
276637
278118
279018
277730
278793
281462
281953
280470
281433
284446
284775
283828
284183
287455
288140
287965
288363
291112
290977
292382
293435
294300
294864
294830
299761
300347
298355
299477
305296
306894
304095
236156
233777
233999
233404
231176
231621
231319
229705
228971
229880
229683
227610
228910
229046
227515
227268
228778
228850
226930
228791
229219
227807
227885
229683
230031
228266
230263
230929
229745
230001
231744
232306
231170
231663
233281
233670
232613
234208
234929
234321
234779
235928
236586
236226
236745
237752
238309
238161
239006
239663
239882
240195
241021
241759
241907
242208
243379
244040
243994
244330
246005
246635
246327
246735
249034
249646
249078
249686
252347
253106
251180
254689
255618
254522
254970
258094
259276
257966
258578
261630
263005
261885
262782
265257
266737
265844
266804
268791
269904
269879
270793
271824
272868
273543
274477
276167
275777
276644
278129
279015
277737
278808
281467
281951
280475
281444
284450
284776
283819
284193
287457
288127
287957
288367
291106
290970
292361
293424
294301
294851
294821
299734
300329
298348
299447
305266
306884
304085
236071
233714
233920
233319
231115
231555
231236
229639
228916
229805
229613
227566
228845
228971
227462
227224
228707
228783
226894
228729
229150
227758
227846
229621
229969
228233
230210
230868
229699
229967
231699
232259
231136
231630
233240
233638
232586
234183
234897
234292
234762
235907
236563
236211
236738
237736
238290
238152
238997
239649
239866
240185
241009
241742
241893
242196
243358
244017
243975
244311
245973
246597
246306
246714
248994
249591
249049
249642
252314
253048
251168
254630
255568
254476
254936
258039
259224
257924
258545
261582
262958
261847
262748
265224
266700
265818
266777
268793
269891
269857
270794
271836
272875
273551
274492
276196
275804
276657
278147
279051
277781
278833
281480
281985
280520
281469
284463
284804
283845
284226
287466
288135
287969
288384
291101
290965
292362
293405
294273
294826
294803
299675
300283
298317
299395
305189
306833
304045
236022
233696
233883
233284
231109
231525
231216
229627
228920
229791
229586
227580
228834
228964
227468
227243
228711
228768
226914
228736
229151
227773
227868
229633
229960
228252
230222
230874
229713
229984
231715
232258
231147
231654
233250
233629
232592
234194
234900
234294
234770
235915
236559
236207
236743
237739
238276
238149
238999
239634
239849
240175
241001
241724
241880
242191
243351
244003
243963
244317
245977
246574
246310
246726
249008
249582
249036
249658
252337
253035
251201
254645
255578
254483
254949
258061
259240
257938
258564
261605
262977
261860
262762
265245
266712
265829
266788
268806
269905
269855
270793
271845
272855
273529
274464
276171
275764
276613
278115
279018
277739
278774
281433
281951
280479
281405
284416
284776
283801
284188
287414
288104
287941
288360
291059
290957
292347
293396
294276
294823
294830
299685
300296
298335
299417
305212
306868
304064
235965
233646
233793
233226
231082
231442
231156
229611
228879
229728
229542
227563
228767
228919
227463
227214
228666
228734
226898
228678
229115
227771
227842
229596
229934
228236
230169
230842
229714
229961
231681
232239
231139
231632
233228
233618
232571
234159
234892
234298
234745
235891
236559
236203
236720
237724
238277
238142
238972
239622
239852
240158
240970
241713
241883
242168
243322
243996
243956
244291
245946
246553
246307
246702
249010
249575
248995
249626
252337
253007
251209
254595
255550
254474
254927
258017
259216
257933
258543
261577
262960
261857
262737
265223
266699
265832
266773
268773
269905
269858
270775
271835
272840
273543
274482
276152
275762
276626
278127
279010
277744
278788
281440
281946
280480
281419
284421
284773
283785
284198
287420
288090
287928
288364
291054
290949
292316
293380
294278
294805
294822
299652
300276
298327
299389
305212
306860
304056
235872
233595
233717
233143
231033
231381
231088
229561
228850
229675
229479
227538
228718
228865
227430
227200
228624
228683
226886
228638
229067
227745
227833
229565
229892
228225
230137
230804
229691
229954
231666
232205
231121
231637
233209
233593
232564
234163
234865
234280
234752
235895
236535
236188
236727
237710
238249
238137
238975
239599
239827
240154
240961
241682
241864
242163
243306
243964
243932
244290
245925
246517
246283
246710
248983
249552
248956
249623
252313
252966
251224
254551
255522
254457
254919
258016
259194
257920
258549
261586
262941
261847
262742
265230
266685
265826
266777
268778
269906
269844
270774
271845
272825
273531
274461
276148
275758
276609
278135
279007
277747
278794
281425
281946
280482
281424
284404
284771
283772
284204
287394
288077
287920
288354
291030
290941
292296
293358
294260
294788
294823
299618
300249
298317
299393
305214
306846
304042
235804
233534
233604
233071
231002
231269
231013
229543
228788
229590
229433
227517
228625
228812
227426
227148
228554
228649
226870
228561
229023
227742
227786
229505
229866
228212
230069
230763
229690
229916
231615
232188
231120
231588
233172
233595
232543
234114
234852
234290
234720
235863
236539
236187
236692
237693
238256
238132
238934
239589
239839
240133
240920
241676
241877
242129
243269
243962
243930
244253
245886
246518
246266
246682
248938
249544
248931
249577
252275
252941
251242
254485
255475
254450
254908
257956
259155
257917
258554
261533
262908
261847
262746
265187
266654
265832
266780
268740
269902
269851
270775
271824
272826
273552
274469
276115
275756
276623
278143
278990
277762
278816
281433
281939
280488
281442
284410
284764
283760
284217
287401
288059
287899
288360
291030
290930
292261
293334
294264
294780
294812
299576
300226
298312
299359
305168
306825
304030
235649
233437
233482
232925
230906
231167
230879
229439
228711
229476
229303
227444
228533
228691
227345
227089
228446
228532
226805
228482
228910
227662
227734
229413
229762
228149
230007
230665
229614
229870
231552
232105
231072
231561
233104
233531
232510
234084
234793
234256
234706
235841
236493
236162
236700
237675
238211
238126
238939
239570
239810
240134
240923
241646
241861
242114
243251
243917
243906
244257
245842
246468
246221
246666
248874
249477
248875
249536
252194
252853
251221
254425
255390
254369
254857
257896
259068
257841
258503
261484
262833
261779
262696
265192
266592
265776
266746
268747
269879
269814
270777
271847
272839
273558
274489
276171
275810
276646
278171
279064
277845
278852
281459
282006
280566
281486
284436
284817
283812
284269
287418
288079
287926
288388
291022
290926
292251
293307
294226
294746
294793
299490
300146
298265
299295
305062
306737
303968
235551
233404
233432
232857
230877
231145
230846
229408
228727
229469
229266
227466
228541
228684
227344
227138
228464
228516
226856
228499
228911
227676
227793
229442
229757
228197
230030
230675
229630
229916
231591
232106
231085
231604
233125
233520
232535
234107
234784
234255
234726
235856
236473
236151
236716
237677
238173
238121
238945
239541
239769
240121
240923
241607
241815
242122
243252
243874
243884
244271
245848
246443
246203
246708
248888
249459
248882
249583
252214
252838
251279
254450
255411
254401
254883
257928
259104
257880
258529
261520
262872
261815
262720
265223
266622
265803
266765
268771
269898
269811
270757
271861
272804
273512
274449
276134
275745
276575
278112
279005
277770
278754
281380
281947
280490
281381
284356
284765
283738
284192
287335
288032
287880
288331
290957
290912
292232
293286
294227
294745
294835
299508
300163
298294
299331
305104
306789
304002
235459
233329
233301
232769
230841
231015
230759
229391
228659
229375
229213
227453
228439
228627
227351
227083
228383
228485
226860
228402
228860
227695
227749
229373
229734
228202
229937
230628
229654
229877
231536
232090
231094
231546
233083
233525
232515
234053
234773
234275
234685
235823
236482
236154
236675
237658
238191
238109
238896
239534
239792
240093
240873
241611
241821
242092
243205
243868
243890
244234
245800
246441
246200
246680
248833
249446
248883
249543
252163
252815
251300
254382
255361
254407
254880
257863
259066
257889
258536
261464
262843
261826
262724
265175
266597
265817
266768
268719
269895
269828
270754
271837
272805
273542
274465
276097
275745
276597
278124
278988
277786
278776
281389
281942
280493
281401
284365
284756
283721
284206
287346
288008
287855
288335
290961
290899
292187
293257
294235
294737
294822
299461
300133
298291
299296
305075
306769
303994
235251
233202
233145
232579
230705
230890
230586
229241
228567
229229
229042
227351
228322
228468
227238
227015
228239
228329
226775
228297
228708
227589
227691
229249
229597
228123
229851
230488
229563
229827
231458
231977
231030
231520
232991
233434
232467
234027
234706
234213
234689
235801
236419
236124
236688
237641
238142
238097
238906
239512
239757
240101
240882
241576
241781
242102
243204
243814
243853
244244
245754
246366
246155
246677
248746
249347
248823
249503
252054
252703
251257
254320
255252
254300
254813
257796
258955
257786
258469
261409
262747
261735
262659
265181
266521
265743
266726
268728
269867
269786
270759
271874
272825
273552
274493
276175
275823
276629
278165
279092
277898
278829
281434
282038
280599
281463
284407
284831
283796
284272
287367
288045
287897
288368
290958
290902
292189
293225
294189
294693
294795
299353
300029
298228
299221
304944
306652
303914
235098
233147
233073
232473
230652
230862
230529
229180
228584
229214
228981
227366
228334
228446
227228
227078
228256
228295
226826
228336
228711
227594
227760
229289
229588
228176
229894
230500
229578
229876
231518
231978
231045
231587
233020
233444
232465
234071
234702
234194
234721
235818
236379
236110
236717
237627
238086
238085
238914
239467
239694
240087
240883
241514
241723
242112
243184
243752
243818
244265
245760
246315
246137
246723
248762
249318
248831
249579
252078
252676
251333
254358
255275
254336
254852
257839
258998
257832
258513
261457
262792
261779
262695
265223
266556
265772
266749
268760
269889
269777
270745
271895
272780
273484
274441
276139
275737
276532
278085
279025
277798
278702
281328
281966
280498
281329
284302
284764
283702
284163
287259
287988
287837
288286
290877
290883
292164
293195
294185
294694
294849
299374
300044
298266
299273
304995
306713
303956
234967
233053
232915
232350
230605
230708
230416
229160
228501
229104
228909
227343
228221
228370
227229
227017
228167
228248
226819
228241
228657
227609
227702
229215
229562
228177
229801
230448
229614
229805
231478
231962
231045
231533
232984
233416
232484
234009
234691
234217
234681
235775
236379
236119
236676
237600
238101
238078
238862
239457
239725
240058
240826
241517
241739
242072
243128
243743
243824
244222
245706
246301
246139
246680
248701
249308
248831
249538
252025
252655
251344
254278
255224
254356
254823
257756
258963
257857
258480
261385
262765
261806
262676
265162
266534
265799
266750
268697
269889
269801
270744
271877
272780
273520
274464
276106
275733
276567
278106
279008
277811
278729
281348
281961
280496
281351
284320
284756
283677
284175
287275
287968
287800
288270
290888
290869
292107
293156
294197
294686
294828
299317
300010
298264
299231
304946
306686
303948
234706
232895
232712
232118
230434
230549
230205
228965
228389
228923
228697
227220
228070
228173
227075
226941
227990
228046
226731
228101
228465
227468
227635
229064
229385
228098
229682
230274
229492
229777
231355
231810
230959
231506
232883
233275
232466
233964
234600
234147
234690
235752
236301
236087
236702
237586
238039
238078
238877
239435
239685
240074
240840
241475
241697
242090
243131
243679
243778
244238
245658
246203
246088
246686
248599
249183
248770
249487
251892
252525
251276
254199
255093
254227
254738
257667
258833
257733
258397
261310
262651
261698
262600
265134
266445
265715
266705
268706
269850
269756
270754
271932
272810
273537
274500
276212
275840
276620
278160
279143
277953
278806
281416
282091
280635
281440
284385
284858
283779
284257
287313
288025
287855
288307
290896
290878
292109
293115
294148
294633
294785
299185
299881
298183
299139
304784
306534
303847
234456
232802
232618
231952
230339
230502
230112
228858
228393
228888
228584
227220
228086
228126
227041
227016
227987
227966
226801
228139
228448
227460
227718
229105
229344
228167
229741
230299
229474
229862
231396
231783
230985
231601
232912
233212
232532
234012
234582
234126
234732
235770
236240
236069
236747
237568
237940
238069
238893
239370
239583
240067
240841
241388
241617
242099
243105
243593
243729
244261
245662
246128
246072
246733
248617
249129
248780
249576
251923
252488
251357
254266
255128
254248
254789
257728
258885
257772
258455
261380
262704
261736
262641
265199
266493
265734
266729
268756
269883
269736
270754
271968
272756
273432
274446
276190
275726
276483
278061
279072
277823
278641
281282
282008
280503
281267
284250
284778
283660
284105
287169
287961
287776
288196
290791
290858
292082
293072
294125
294632
294856
299218
299890
298231
299211
304853
306608
303898
234367
232675
232348
231860
230316
230229
229974
228910
228262
228700
228569
227198
227876
228064
227098
226917
227845
227980
226805
227956
228416
227519
227625
228998
229361
228180
229592
230273
229548
229802
231275
231801
231016
231498
232869
233256
232532
233893
234587
234194
234664
235690
236282
236098
236653
237527
238010
238065
238779
239359
239664
240025
240732
241400
241669
242031
243009
243614
243757
244176
245582
246156
246082
246633
248551
249155
248772
249479
251872
252509
251367
254147
255086
254311
254759
257611
258856
257835
258447
261277
262685
261802
262637
265107
266486
265796
266721
268667
269892
269808
270756
271915
272755
273517
274475
276134
275712
276544
278091
279043
277824
278680
281314
281990
280484
281297
284281
284763
283615
284118
287199
287948
287715
288174
290835
290845
291993
293024
294150
294609
294817
299161
299860
298227
299158
304800
306587
303898
234079
232500
232116
231626
230161
230053
229777
228755
228163
228542
228397
227122
227743
227923
227003
226884
227719
227853
226747
227869
228297
227462
227610
228909
229244
228166
229539
230191
229492
229810
231210
231713
230995
231513
232817
233168
232546
233863
234530
234159
234676
235668
236222
236073
236668
237496
237946
238050
238778
239311
239602
240008
240708
241333
241611
242033
242970
243539
243713
244181
245532
246081
246049
246639
248493
249076
248747
249488
251815
252436
251380
254152
255029
254270
254766
257619
258810
257806
258460
261292
262650
261780
262654
265128
266462
265775
266730
268685
269880
269798
270764
271946
272759
273480
274483
276156
275718
276525
278095
279064
277836
278687
281314
282001
280486
281270
284251
284762
283600
284078
287155
287941
287695
288126
290801
290829
291956
292968
294117
294578
294819
299100
299792
298210
299168
304806
306539
303871
233922
232388
231895
231473
230124
229831
229631
228750
228062
228395
228315
227118
227586
227837
227042
226806
227625
227811
226756
227751
228240
227521
227566
228820
229213
228200
229443
230152
229552
229778
231128
231694
231027
231459
232780
233179
232553
233792
234520
234208
234631
235615
236230
236093
236612
237466
237972
238043
238703
239297
239650
239969
240631
241339
241648
241975
242887
243546
243734
244114
245457
246087
246059
246567
248427
249078
248748
249415
251760
252448
251408
254040
254991
254337
254776
257512
258781
257870
258476
261198
262632
261844
262669
265042
266449
265838
266739
268617
269876
269860
270776
271912
272758
273534
274502
276118
275709
276574
278118
279036
277826
278726
281342
281972
280455
281301
284275
284734
283545
284092
287181
287923
287626
288104
290828
290816
291875
292920
294137
294565
294788
299032
299767
298222
299128
304753
306517
303876
233566
232183
231608
231184
229939
229614
229389
228560
227940
228195
228107
227020
227421
227662
226922
226730
227497
227650
226701
227632
228105
227447
227541
228712
229078
228176
229365
230052
229492
229763
231054
231593
230991
231471
232716
233081
232555
233756
234454
234167
234641
235585
236163
236063
236627
237427
237896
238028
238689
239240
239584
239954
240604
241260
241589
241968
242842
243458
243685
244116
245402
246001
246019
246573
248365
248990
248714
249426
251699
252368
251411
253990
254922
254312
254788
257517
258731
257849
258490
261213
262594
261831
262687
265057
266414
265829
266752
268638
269864
269852
270785
271939
272757
273491
274513
276137
275718
276574
278125
279052
277832
278713
281350
281981
280451
281258
284248
284733
283524
284045
287135
287919
287595
288046
290787
290802
291830
292857
294100
294531
294790
298967
299692
298205
299139
304759
306462
303849
233444
232062
231343
231075
229931
229310
229273
228649
227799
228027
228084
227031
227214
227625
227022
226606
227394
227674
226723
227463
228097
227562
227453
228615
229113
228224
229213
230047
229617
229704
230952
231634
231048
231365
232686
233154
232552
233639
234486
234259
234559
235510
236228
236099
236510
237395
237974
238013
238555
239250
239678
239886
240484
241289
241652
241871
242742
243498
243723
244006
245321
246047
246042
246462
248298
249034
248729
249322
251642
252418
251449
253854
254875
254417
254809
257386
258701
257955
258515
261097
262574
261938
262712
264950
266399
265936
266770
268541
269864
269956
270800
271870
272759
273577
274529
276053
275711
276640
278140
278989
277819
278757
281373
281925
280412
281291
284271
284682
283458
284055
287162
287878
287509
288018
290828
290774
291730
292805
294141
294530
294749
298896
299676
298235
299100
304714
306439
303868
233135
231962
231156
230815
229792
229196
229056
228450
227749
227850
227856
226955
227082
227424
226876
226583
227234
227459
226675
227335
227907
227444
227437
228466
228908
228179
229114
229884
229505
229688
230850
231464
230983
231382
232592
232995
232556
233609
234387
234196
234592
235519
236143
236077
236583
237407
237904
238036
238621
239253
239644
239949
240556
241253
241617
241937
242763
243429
243683
244051
245290
245941
245993
246483
248209
248888
248666
249328
251498
252248
251389
253770
254728
254296
254735
257298
258540
257830
258454
261023
262430
261831
262665
264904
266295
265862
266776
268563
269835
269926
270817
271962
272819
273599
274582
276211
275863
276707
278216
279195
278016
278860
281480
282122
280604
281413
284374
284839
283606
284166
287219
287978
287592
288075
290855
290820
291736
292763
294086
294479
294706
298749
299519
298142
299006
304529
306240
303744
232450
231620
230819
230326
229456
228966
228713
228088
227614
227628
227510
226814
226954
227200
226683
226561
227101
227222
226645
227270
227766
227352
227479
228402
228753
228199
229121
229806
229448
229738
230839
231364
230972
231457
232561
232869
232595
233625
234313
234134
234621
235497
236025
236022
236608
237340
237741
237988
238598
239114
239463
239898
240501
241083
241460
241910
242695
243265
243575
244063
245234
245802
245938
246518
248183
248786
248660
249407
251523
252187
251452
253844
254743
254298
254774
257368
258597
257863
258505
261099
262490
261872
262710
264975
266340
265885
266806
268608
269840
269906
270826
271991
272733
273440
274504
276168
275712
276526
278073
279077
277823
278640
281298
281989
280407
281172
284178
284708
283429
283936
287004
287884
287465
287893
290708
290748
291674
292677
294042
294462
294778
298777
299507
298206
299103
304625
306319
303823
232420
231562
230456
230213
229567
228604
228524
228301
227492
227388
227549
226895
226673
227131
226878
226451
226933
227310
226728
227032
227739
227541
227398
228258
228830
228298
228908
229771
229638
229691
230689
231411
231071
231336
232498
232979
232615
233465
234325
234276
234546
235381
236093
236095
236478
237274
237859
237993
238437
239098
239624
239845
240344
241114
241566
241817
242563
243309
243637
243945
245124
245855
245971
246388
248094
248848
248678
249274
251455
252256
251485
253678
254702
254431
254785
257204
258588
258002
258519
260950
262490
262013
262730
264842
266344
266019
266823
268491
269833
270033
270847
271922
272734
273579
274543
276099
275695
276621
278110
279034
277815
278704
281350
281957
280370
281215
284237
284683
283358
283956
287045
287878
287371
287866
290781
290768
291549
292611
294087
294458
294726
298695
299472
298229
299043
304544
306292
303842
231819
231196
229997
229741
229226
228248
228122
227946
227268
227059
227196
226709
226403
226840
226652
226329
226682
227035
226629
226821
227518
227399
227334
228073
228624
228251
228758
229607
229550
229660
230565
231265
231023
231329
232392
232838
232610
233393
234225
234228
234554
235322
236003
236061
236489
237211
237758
237970
238404
239013
239532
239822
240297
241018
241477
241798
242509
243200
243562
243934
245054
245744
245911
246393
248016
248739
248637
249287
251375
252147
251485
253629
254613
254390
254796
257202
258516
257980
258548
260962
262430
262005
262763
264859
266294
266015
266850
268511
269805
270027
270861
271964
272734
273508
274553
276131
275707
276586
278108
279064
277824
278658
281319
281965
280364
281160
284192
284679
283340
283879
286975
287877
287338
287786
290729
290742
291498
292528
294037
294420
294731
298620
299376
298211
299064
304555
306219
303821
231701
231154
229701
229576
229349
227913
227945
228164
227169
226880
227188
226824
226192
226774
226872
226266
226561
227101
226755
226652
227502
227625
227303
227974
228690
228389
228598
229580
229770
229646
230458
231302
231156
231254
232348
232937
232649
233272
234234
234382
234496
235226
236056
236140
236380
237153
237847
237977
238256
239014
239675
239764
240153
241047
241573
241700
242379
243240
243619
243822
244942
245790
245945
246281
247927
248792
248663
249181
251311
252208
251531
253484
254570
254524
254815
257058
258491
258119
258581
260831
262418
262152
262801
264746
266284
266151
266883
268412
269798
270149
270885
271907
272733
273614
274580
276075
275697
276664
278139
279018
277798
278715
281355
281910
280312
281208
284237
284630
283268
283888
287018
287855
287235
287757
290781
290732
291383
292463
294079
294415
294692
298534
299353
298246
299028
304468
306194
303854
231079
230754
229111
229063
228984
227471
227456
227791
226898
226457
226816
226612
225840
226425
226620
226098
226233
226790
226621
226359
227218
227445
227190
227717
228445
228311
228387
229349
229662
229583
230275
231124
231098
231214
232200
232772
232633
233156
234102
234329
234485
235134
235957
236102
236374
237068
237741
237957
238198
238916
239588
239747
240092
240938
241483
241684
242310
243121
243541
243805
244858
245670
245880
246270
247836
248676
248617
249194
251219
252092
251525
253425
254474
254479
254814
257000
258408
258094
258608
260830
262349
262144
262837
264762
266229
266148
266911
268431
269755
270148
270901
271948
272717
273527
274591
276113
275707
276622
278140
279055
277805
278654
281316
281926
280312
281138
284187
284627
283267
283774
286957
287851
287200
287665
290713
290713
291332
292369
294017
294371
294696
298458
299241
298223
299051
304478
306108
303832
230955
230661
228793
228901
229120
227066
227293
228063
226766
226281
226823
226724
225612
226382
226895
226006
226135
226879
226761
226197
227239
227739
227153
227644
228549
228494
228233
229366
229970
229587
230171
231205
231286
231148
232181
232909
232700
233023
234138
234530
234430
235037
236040
236206
236257
237020
237856
237970
238030
238931
239782
239676
239930
240993
241603
241567
242171
243182
243610
243679
244742
245735
245923
246151
247745
248747
248651
249088
251155
252172
251581
253268
254438
254638
254847
256855
258392
258261
258660
260699
262345
262318
262892
264648
266224
266312
266956
268328
269752
270292
270930
271888
272726
273682
274619
276051
275702
276710
278170
278994
277779
278721
281351
281863
280264
281190
284228
284561
283201
283781
287008
287817
287095
287639
290764
290702
291215
292300
294067
294366
294662
298360
299219
298277
299027
304383
306083
303874
230191
230269
228251
228255
228707
226696
226735
227574
226552
225847
226349
226506
225301
225950
226571
225890
225787
226467
226627
225932
226859
227486
227080
227355
228196
228396
228023
229041
229766
229542
229952
230930
231182
231143
231977
232638
232693
232906
233938
234414
234447
234940
235854
236138
236297
236914
237660
237951
238014
238788
239565
239689
239922
240815
241463
241598
242124
243000
243509
243714
244667
245551
245845
246186
247649
248567
248598
249128
251049
251996
251574
253280
254327
254533
254852
256876
258296
258187
258688
260726
262260
262270
262929
264680
266154
266269
266987
268365
269689
270243
270949
271966
272719
273436
274631
276124
275721
276629
278164
279057
277802
278628
281295
281910
280284
281091
284157
284581
283215
283655
286916
287823
287082
287534
290662
290687
291188
292193
293974
294308
294688
298273
299079
298250
299058
304395
305977
303842
230122
230057
227839
228107
228766
226154
226570
227886
226356
225634
226380
226584
225009
225930
226866
225747
225683
226585
226741
225731
226901
227816
227024
227287
228330
228596
227849
229096
230138
229557
229858
231056
231410
231086
231998
232814
232797
232777
234021
234669
234396
234855
235977
236272
236173
236883
237817
237978
237819
238868
240007
239604
239683
240953
241633
241454
241979
243092
243588
243567
244551
245632
245890
246056
247559
248651
248638
249023
250986
252089
251639
253116
254293
254707
254904
256733
258286
258380
258760
260600
262259
262474
263006
264569
266155
266460
267051
268264
269690
270412
270989
271903
272739
273796
274665
276053
275722
276721
278193
278981
277784
278703
281328
281841
280242
281144
284187
284513
283139
283669
286962
287779
286980
287527
290720
290674
291067
292118
294041
294302
294661
229007
229836
227668
227271
228258
226184
225991
227119
226333
225348
225645
226356
224957
225379
226359
225850
225416
225931
226634
225671
226397
227398
227134
227055
227744
228493
227805
228671
229729
229616
229712
230558
231224
231238
231749
232302
232819
232766
233684
234405
234499
234801
235592
236138
236358
236761
237381
237957
237959
238563
239417
239821
240047
240577
241323
241586
242006
242762
243419
243717
244518
245301
245777
246214
247478
248326
248568
249187
250873
251778
251630
253205
254162
254473
254917
256812
258165
258196
258791
260676
262143
262320
263044
264651
266053
266318
267083
268365
269609
270272
271010
272061
272715
273333
274677
276197
275749
276557
278147
279102
277828
278552
281244
281942
280289
280995
284074
284574
283180
283527
286810
287803
287016
287402
290561
290660
291094
291993
293896
294227
294734
228483
228698
226298
226718
227834
225031
225566
227216
225839
224906
225565
226208
224389
225253
226516
225494
225177
225949
226590
225309
226367
227627
226938
226898
227806
228584
227524
228699
230066
229563
229571
230664
231395
231123
231753
232474
232900
232570
233773
234672
234401
234687
235735
236252
236143
236711
237515
237947
237591
238540
239678
239339
239433
240669
241438
241325
241813
242874
243487
243512
244399
245402
245808
246038
247396
248424
248595
249055
250826
251888
251697
253022
254148
254673
254974
256655
258177
258435
258879
260537
262163
262562
263141
264527
266066
266544
267160
268244
269618
270471
271057
271964
272683
273605
274707
276077
275731
276643
278170
278972
277788
278608
281260
281824
280223
281033
284091
284466
283080
283506
286848
287722
286889
287350
290620
290621
290933
291905
293994
294213
294707
228707
230335
228360
227519
228959
226853
226499
227442
227060
225894
225504
226838
225665
225536
226609
226613
225862
225778
227172
226346
226517
227685
227916
227470
227620
229021
228419
228844
230008
230280
230102
230484
231546
231997
231950
232175
233317
233140
233709
234598
234976
235072
235527
236336
236862
236976
237467
238316
238266
238650
239480
240004
240301
240641
241490
241847
242215
242713
243430
243989
244608
245105
245768
246476
247464
248050
248589
249447
250784
251477
251731
253303
254093
254347
255021
256908
258074
258138
258954
260772
262060
262324
263236
264772
266003
266345
267254
268531
269645
270322
271152
272374
272922
273440
274816
276528
276034
276649
278290
279463
278211
278706
281391
282299
280676
281193
284211
284853
283489
225826
227822
226185
224790
226099
225507
224408
224826
226045
224760
223530
225567
224946
224117
224997
226151
224982
224112
226309
225909
225318
226356
227650
226803
226151
228285
228206
227863
228782
230068
229739
229297
230805
232149
231334
230870
233046
233120
232910
233752
235000
234889
234519
235753
237071
236542
235845
237792
238405
237999
238491
239671
239965
239844
240506
241860
242151
241869
242900
244131
244506
244400
245448
246727
247349
247400
248406
249786
250676
250877
251674
253613
253939
253861
255032
257184
257939
257743
259001
261018
261911
261992
263286
264987
265863
266029
267281
268717
269488
269970
271077
272569
272639
272835
274633
276612
275801
276139
277999
279405
277908
278158
280995
282168
280392
280653
283737
284693
283255
225954
228074
226304
225153
227083
225460
224732
226078
226079
224604
223973
225861
224790
224105
225537
226111
224818
224437
226537
225760
225363
226863
227659
226657
226495
228595
228046
227907
229371
230196
229607
229581
231205
232119
231310
231413
233315
232964
233044
234309
235075
234784
234923
236165
236926
236573
237207
238295
238065
238102
239126
239754
239822
240089
241167
241783
241947
242321
243163
243988
244371
244585
245555
246562
247247
247569
248476
249626
250610
251051
251762
253404
253899
254144
255120
257002
257939
258065
259142
260865
261928
262325
263450
264850
265866
266327
267416
268599
269483
270235
271176
272515
272702
273176
274725
276550
275793
276270
278078
279360
277892
278264
281074
282139
280364
280729
283818
284672
283173
224837
227410
225917
224237
226019
225349
224087
224491
225878
224396
222786
225337
224851
223560
224554
226220
224707
223507
226278
225876
224907
226128
227834
226595
225678
228336
228239
227515
228576
230290
229634
228833
230757
232514
231074
230329
233256
233173
232529
233578
235265
234867
233984
235648
237506
236436
235424
238032
238604
237821
238325
239825
240149
239609
240419
242101
242234
241362
242684
244301
244429
243979
245301
246929
247229
246958
248314
250030
250538
250436
251691
253747
253779
253623
255123
257297
257782
257618
259177
261112
261751
261946
263497
265067
265710
266013
267457
268818
269375
269946
271200
272846
272673
272687
274726
276811
275832
275998
277990
279571
277955
278028
280938
282312
280459
280521
283617
284781
283271
224371
226878
225396
223782
225836
224796
223671
224763
225559
223998
222902
225372
224392
223465
225049
225903
224415
223812
226344
225551
224817
226537
227606
226346
225855
228484
227948
227448
229066
230259
229406
229014
231080
232320
231003
230929
233453
232897
232662
234336
235262
234649
234586
236200
237073
236385
236362
238243
238202
237826
238860
239836
239838
239732
240867
241881
241829
242028
243077
244072
244249
244228
245435
246687
247113
247206
248402
249794
250471
250705
251793
253473
253761
254009
255236
257063
257807
258067
259357
260909
261785
262413
263704
264886
265738
266432
267627
268649
269378
270299
271311
272727
272671
272984
274811
276693
275804
276141
278060
279448
277891
278142
281020
282202
280360
280600
283695
284688
283123
223780
226287
224974
223245
225103
224542
223259
223868
225284
223760
222190
224869
224333
222985
224105
225949
224292
222850
226038
225618
224401
225675
227750
226312
225116
228245
228106
227142
228312
230327
229455
228393
230677
232717
230820
229792
233368
233102
232094
233216
235385
234684
233524
235618
237580
236272
235299
238126
238533
237566
238182
239885
240099
239326
240282
242101
242091
241096
242370
244397
244308
243612
245173
247047
247097
246597
248232
250189
250404
250088
251718
253801
253643
253482
255224
257337
257628
257599
259383
261123
261573
262000
263736
265057
265538
266095
267656
268818
269232
270011
271327
273046
272635
272538
274821
276925
275833
275881
277980
279630
277948
277922
280890
282352
280452
280406
283496
284791
222963
225362
224276
222551
224577
223858
222700
223681
224753
223291
221987
224674
223926
222750
224333
225518
223955
223155
226012
225191
224336
226221
227390
226003
225469
228339
227615
227075
228961
230120
229055
228675
231008
232141
230705
230694
233510
232685
232358
234282
235247
234398
234086
236065
237214
236171
235886
238280
238122
237573
238747
239846
239717
239468
240738
241878
241721
241612
243011
243933
244058
244005
245370
246691
246951
246976
248356
249831
250327
250494
251838
253395
253629
254016
255361
256995
257675
258206
259593
260825
261642
262644
263989
264786
265591
266708
267884
268553
269256
270547
271478
272820
272629
272920
274941
276731
275788
276106
278076
279423
277850
278104
280991
282169
280307
280544
283604
222893
225068
223951
222480
224212
223689
222587
223230
224577
223144
221664
224266
223759
222457
223716
225463
223830
222521
225668
225181
223962
225422
227503
225969
224729
228048
227814
226768
228013
230221
229184
227966
230517
232669
230550
229499
233435
232928
231886
233328
235368
234459
233428
235704
237548
236076
235118
238178
238368
237345
238147
239885
239944
239109
240225
242066
241909
241007
242359
244594
244160
243364
245118
247056
246935
246377
248198
250218
250262
249886
251768
253701
253512
253502
255365
257254
257497
257717
259618
261026
261418
262184
264009
264930
265352
266314
267894
268684
269058
270207
271467
273242
272566
272455
274961
276941
275797
275845
278004
279579
277898
277897
280871
282304
280388
280362
221826
223759
222989
221533
223258
222747
221771
222607
223667
222447
221133
223734
223245
222024
223566
224803
223337
222464
225418
224739
223789
225651
226945
225547
224988
228022
227234
226677
228623
229850
228635
228311
230783
231839
230344
230363
233424
232296
231996
234009
235072
234039
233801
236023
237012
235894
235723
238291
237792
237354
238798
239765
239397
239299
240751
241725
241424
241421
242884
243518
243638
243968
245393
246488
246728
246950
248367
249651
250151
250496
251905
253086
253485
254240
255512
256709
257545
258498
259826
260545
261497
263007
264295
264503
265428
267158
268191
268266
269096
271006
271661
272525
272533
272995
275137
276623
275720
276193
278143
279263
277748
278181
281025
282017
280172
221862
223557
222685
221684
223180
222665
221925
222647
223747
222575
221465
223758
223226
222208
223487
224992
223559
222494
225353
224847
223820
225386
227174
225776
224777
227902
227522
226672
228204
230093
228991
228065
230631
232474
230463
229807
233493
232703
231889
233696
235363
234289
233510
235878
237441
235955
235286
238297
238109
237283
238444
239875
239708
239116
240442
241979
241721
241113
242669
244566
244367
243617
245256
246933
246784
246481
248273
250054
250127
250005
251918
253392
253423
253828
255551
257008
257443
258095
259875
260822
261354
262599
264329
264747
265246
266774
268214
268503
268928
270670
271696
273432
272524
272579
275175
276879
220468
221871
221197
220281
221670
221170
220466
221263
222090
221070
220022
222321
221939
220830
222303
223360
222027
221219
224057
223542
222497
224418
225576
224151
223651
226745
225998
225257
227394
228536
227167
227006
229626
230540
228808
229247
232237
230862
230685
233103
233939
232667
232799
235210
235887
234683
234997
237552
236651
236344
238268
238969
238323
238520
240269
240938
240468
240789
242410
243052
242702
243357
244957
245776
246014
246648
248072
249022
249573
250324
251730
252337
252876
254139
255241
255857
256881
258356
259538
259653
260700
262798
263999
263550
264506
266951
267917
267307
268120
270810
271239
271925
271786
272510
274896
276031
220496
221552
220881
220526
221657
220981
220755
221643
222077
221289
220993
222596
221824
221589
222930
223432
222597
222548
224454
223538
223536
225253
225740
224901
225148
227287
226106
226430
228515
228875
227900
228483
230479
230788
229952
230776
232841
231386
232069
234381
234399
233423
234280
236181
236129
235555
236452
238179
236754
237353
239592
239362
238564
239603
241325
241104
240798
241985
243319
243195
243606
244931
245690
245654
246361
247728
248510
248769
249876
251293
252072
251982
253345
255348
255682
255673
257464
259642
260054
259606
261406
264147
264619
263624
265294
268403
268641
267454
268925
272443
272170
272549
272524
273622
275513
276213
219673
220659
220177
219862
220905
220464
220241
221001
221542
220890
220492
222074
221675
221274
222463
223224
222430
222095
224142
223725
223310
224866
225824
224912
224661
227101
226574
226261
228034
229038
228066
228001
230245
231161
229789
230129
232706
231540
231591
233782
234413
233286
233632
235782
236247
235263
235754
237961
236871
236975
238977
239337
238636
239129
240867
241247
240807
241400
242959
243455
243305
243661
245304
246035
246232
247042
248389
249136
249688
250657
252047
252283
253118
254756
255696
255952
257201
259095
260068
259863
261130
263581
264618
263846
264981
267779
268579
267612
268525
271421
271686
272658
272209
272944
275369
276338
218855
219716
219263
219180
220122
219634
219587
220406
220757
220208
220141
221411
220880
220845
221976
222398
221830
221930
223467
222850
222964
224407
224882
224276
224570
226402
225537
225877
227658
228093
227338
227867
229712
229998
229368
230159
232045
230795
231494
233692
233783
232914
233797
235707
235640
235144
236102
237837
236370
237067
239371
239126
238272
239355
241178
240895
240532
241762
243196
242963
243130
244501
245617
245443
246138
247616
248526
248644
249690
251231
252176
251704
253180
255504
255827
255417
257287
259819
260174
259326
261221
264273
264715
263311
265081
268545
268769
267084
268661
272726
272081
272524
272275
273483
218060
218893
218550
218546
219445
219081
219101
219868
220259
219804
219792
220984
220604
220598
221628
222156
221674
221729
223229
222861
222894
224197
224905
224368
224476
226330
225902
225987
227511
228362
227735
227887
229767
230581
229667
230037
232265
231375
231543
233510
234172
233214
233588
235569
236043
235162
235679
237751
236683
236912
238879
239212
238493
239050
240800
241133
240686
241371
242929
243333
243189
243935
245406
246027
246133
247010
248428
249085
249549
250592
252148
252067
252993
254905
255828
255770
257068
259244
260193
259699
261009
263696
264744
263723
264884
267901
268775
267565
268407
271679
271926
272836
217139
217950
217663
217777
218644
218313
218425
219203
219550
219178
219292
220363
219999
220122
221104
221534
221173
221368
222653
222302
222502
223701
224231
223872
224170
225693
225251
225559
226970
227560
227119
227512
229056
229565
229106
229664
231395
230636
231103
232884
233326
232694
233283
235032
235345
234853
235546
237353
236324
236807
238805
238956
238306
239069
240814
240897
240548
241432
242959
243085
243089
244091
245455
245560
246072
247248
248508
248921
249565
250856
252280
251850
253055
255354
255995
255588
257146
259681
260324
259485
261082
264096
264828
263437
264950
268397
268892
267130
268490
272301
216259
217090
216878
217067
217930
217680
217849
218621
218996
218687
218862
219898
219598
219773
220721
221175
220874
221112
222347
222081
222315
223446
224038
223751
224040
225510
225248
225531
226825
227560
227244
227552
229078
229810
229339
229722
231548
231090
231345
232937
233739
233147
233432
235152
235862
235150
235486
237455
236793
236911
238549
239149
238629
238974
240562
241175
240773
241204
242767
243460
243225
243746
245339
246244
246102
246729
248414
249378
249465
250238
252240
252209
252877
254749
255961
255912
256903
259084
260289
259810
260825
263473
264790
263856
264739
267596
268870
267614
268339
215275
216125
215983
216229
217101
216911
217124
217911
218297
218064
218290
219289
219040
219261
220187
220627
220404
220690
221844
221631
221912
222984
223532
223346
223681
225002
224816
225145
226339
226982
226803
227161
228471
229087
228852
229275
230764
230501
230828
232166
232854
232560
232876
234342
234996
234628
234999
236728
236342
236540
238019
238668
238386
238721
240239
240863
240626
241040
242584
243249
243116
243645
245234
245938
246000
246766
248450
249356
249448
250302
252361
252163
252921
254999
256129
255901
256961
259335
260426
259770
260885
263736
264878
263683
264801
267959
268967
267461
214355
215246
215151
215466
216367
216224
216494
217304
217718
217524
217798
218799
218584
218848
219776
220230
220040
220364
221500
221321
221643
222698
223255
223111
223484
224765
224634
225001
226156
226817
226712
227097
228362
229036
228885
229303
230739
230643
230981
232230
233039
232872
233164
234554
235382
235042
235282
236975
236848
236938
238121
239010
238830
238946
240265
241225
240970
241086
242575
243663
243368
243532
245252
246501
246199
246438
248468
249837
249433
249802
252363
252505
252819
254502
256122
256228
256791
258807
260393
260092
260665
263077
264814
264139
264626
267295
268906
267856
213326
214246
214214
214573
215496
215418
215716
216537
216985
216862
217167
218159
218009
218287
219205
219675
219550
219898
221000
220880
221212
222239
222789
222712
223107
224320
224257
224632
225728
226364
226345
226740
227902
228527
228500
228929
230181
230230
230562
231636
232358
232391
232659
233828
234586
234495
234714
236156
236333
236425
237368
238318
238433
238508
239707
240710
240663
240747
242229
243322
243132
243288
245064
246273
245957
246288
248407
249776
249328
249749
252428
252446
252740
254585
256168
256136
256692
258891
260342
259841
260488
263211
264771
263898
264558
267462
268923
267634
212429
213398
213404
213834
214806
214742
215110
215980
216453
216347
216701
217717
217573
217902
218847
219331
219218
219596
220710
220592
220964
221998
222552
222493
222915
224117
224063
224478
225571
226201
226204
226639
227778
228399
228428
228874
230079
230187
230589
231619
232336
232475
232823
233910
234697
234740
235030
236308
236614
236824
237673
238654
238835
238949
239980
241109
241102
241114
242452
243756
243538
243527
245274
246783
246383
246502
248799
250305
249550
249704
252631
252774
252993
254660
256470
256618
256959
259012
260856
260804
261082
263113
265005
264540
264733
267129
269039
268269
211081
212051
212162
212595
213561
213607
213961
214824
215348
215281
215668
216686
216612
216928
217877
218388
218307
218724
219832
219771
220128
221168
221738
221710
222165
223356
223363
223754
224850
225485
225547
226008
227123
227732
227832
228341
229474
229668
230080
231065
231745
231998
232382
233363
234083
234283
234563
235679
236187
236387
237065
237980
238335
238486
239382
240422
240531
240601
241880
243082
242859
242914
244673
246051
245379
245413
247685
249449
248471
248657
251874
251963
251588
253385
255337
255415
255304
257341
259177
259124
259205
261704
263750
263160
263278
265988
267853
266752
210363
211380
211575
212067
213061
213170
213599
214482
215036
215050
215463
216485
216441
216824
217769
218296
218272
218697
219791
219748
220168
221194
221753
221771
222238
223386
223397
223852
224912
225510
225614
226103
227163
227725
227898
228407
229451
229652
230136
231083
231669
231977
232456
233322
233933
234293
234751
235608
236046
236502
237213
237943
238323
238789
239620
240432
240677
241157
242247
243141
243207
243769
245220
246235
246106
246891
248779
249765
249408
250180
252705
252177
252955
255322
256450
255918
256849
259493
260526
259763
260624
263214
264408
263468
264397
267248
268466
267133
209325
210340
210614
211162
212149
212330
212815
213687
214263
214339
214799
215796
215826
216237
217166
217704
217739
218196
219272
219278
219719
220717
221294
221353
221844
222970
223032
223494
224527
225140
225286
225785
226821
227400
227609
228129
229155
229400
229888
230804
231409
231766
232254
233097
233719
234117
234582
235398
235948
236406
237054
237820
238305
238741
239509
240402
240702
241104
242162
243213
243224
243645
245132
246360
246013
246491
248477
249905
249218
249737
252573
252228
252556
254597
256185
255974
256272
258466
260134
259947
260432
262703
264313
263974
264460
266750
268480
267852
)
;

boundaryField
{
    inlet
    {
        type            calculated;
        value           nonuniform List<scalar> 0();
    }
    outlet
    {
        type            calculated;
        value           nonuniform List<scalar> 0();
    }
    front
    {
        type            empty;
    }
    back
    {
        type            empty;
    }
    hub
    {
        type            calculated;
        value           nonuniform List<scalar> 
128
(
236594
234368
234633
233764
231687
232211
231684
230048
229474
230328
229993
228077
229426
229357
227858
227726
229161
229153
227360
229270
229508
228143
228333
230043
230293
228642
230734
231164
230046
230412
232044
232501
231453
232062
233473
233823
232926
234459
235047
234511
235052
236122
236673
236393
236978
237887
238396
238331
239073
239883
239994
240455
241278
241859
242072
242514
243594
244159
244192
244669
246238
246831
246553
247141
249300
249929
249264
250052
252616
253355
251587
254861
255923
254839
255343
258409
259479
258240
258957
261926
263145
262105
263172
265442
266904
265955
267040
269018
269892
270041
270947
271829
273066
273553
274407
276283
275821
276816
278027
278979
277738
278836
281466
281933
280460
281473
284479
284712
283905
284123
287538
288241
288016
288303
291307
291028
292570
293638
294444
295001
294956
300019
300459
298482
299973
305652
306894
304299
)
;
    }
    tip
    {
        type            calculated;
        value           nonuniform List<scalar> 0();
    }
    procBoundary6to1
    {
        type            processor;
        value           nonuniform List<scalar> 
85
(
237812
237808
237807
237806
237806
237803
237801
237799
237796
237794
237785
237780
237774
237767
237759
237749
237735
237720
237714
237698
237678
237654
237629
237596
237558
237540
237503
237460
237406
237341
237308
237239
237150
237102
237011
236922
236809
236666
236591
236455
236272
236158
235985
235750
235579
235302
235019
234776
234421
234161
233912
233403
233029
232451
232121
231422
231091
230394
229993
229558
228193
229804
227393
227124
226577
225844
225436
224436
224193
222978
222682
221084
220731
219833
218847
217944
216930
215965
214916
213929
212858
211892
210502
209748
208639
)
;
    }
    procBoundary6to5
    {
        type            processor;
        value           nonuniform List<scalar> 
155
(
298173
299060
298309
299076
304298
305956
303901
298173
298072
283676
286915
287983
287219
287488
290626
290744
291169
291925
293871
294142
297963
294840
283676
283177
283224
283048
283078
283223
283223
284635
284635
283411
283411
280572
275748
275953
278152
279450
277831
278013
280923
282167
280572
280286
275748
275121
275630
275654
275473
276164
272058
275654
272800
272126
272058
272845
272126
271641
271641
268362
268362
268242
268173
268321
266753
267992
208269
209313
209642
210237
211242
211477
211989
212900
213498
213642
214124
215132
215204
215652
216586
217147
217225
217705
218767
218817
219276
220278
220860
220962
221464
222580
222666
223155
224178
224797
224965
225492
226507
227093
227330
227874
228877
229145
229662
230569
231159
231550
232074
232896
233484
233947
234472
235222
235755
236292
236954
237638
238134
238684
239425
240200
240558
241131
242106
243019
243128
243760
245149
246166
245951
246664
248518
249563
249129
249870
252477
251879
252494
254763
255977
255494
256174
258571
259804
259427
260138
262478
263742
263268
263983
266262
267663
268143
266882
)
;
    }
    procBoundary6to7
    {
        type            processor;
        value           nonuniform List<scalar> 
58
(
306844
306833
306822
306811
306811
306796
306784
306771
306757
306757
306738
306722
306705
306687
306668
306648
306627
306601
306602
306579
306554
306528
306502
306473
306436
306441
306409
306378
306342
306293
306300
306258
306202
306213
306167
306171
306121
306047
306068
306012
305925
305958
305893
305790
305831
305752
305765
305693
305704
305682
305560
305624
305536
305557
305528
305553
305564
305605
)
;
    }
}


// ************************************************************************* //
