/*--------------------------------*- C++ -*----------------------------------*\
| =========                 |                                                 |
| \\      /  F ield         | OpenFOAM: The Open Source CFD Toolbox           |
|  \\    /   O peration     | Version:  v2012                                 |
|   \\  /    A nd           | Website:  www.openfoam.com                      |
|    \\/     M anipulation  |                                                 |
\*---------------------------------------------------------------------------*/
FoamFile
{
    version     2.0;
    format      ascii;
    class       volScalarField;
    location    "1e-06";
    object      p_rgh;
}
// * * * * * * * * * * * * * * * * * * * * * * * * * * * * * * * * * * * * * //

dimensions      [1 -1 -2 0 0 0 0];


internalField   nonuniform List<scalar> 
10123
(
236196
233967
234229
233356
231276
231796
231265
229626
229048
229899
229560
227641
228986
228914
227411
227275
228706
228695
226898
228805
229039
227669
227856
229562
229808
228153
230242
230668
229546
229908
231535
231989
230937
231542
232948
233294
232393
233923
234506
233966
234503
235568
236115
235831
236412
237317
237821
237752
238489
239295
239402
239859
240676
241253
241461
241899
242974
243535
243564
244036
245600
246188
245906
246489
248644
249268
248598
249381
251940
252674
250901
254171
255227
254138
254638
257699
258763
257519
258232
261195
262409
261364
262426
264691
266147
265193
266273
268245
269114
269257
270158
271035
272266
272747
273596
275466
274998
275987
277192
278138
276891
277983
280607
281067
279588
280594
283593
283819
283005
283216
286624
287319
287087
287367
290363
290076
291611
292670
293468
294017
293964
299018
299449
297464
298946
304616
305848
303244
236192
233958
234222
233353
231266
231791
231262
229623
229040
229892
229558
227632
228979
228909
227404
227270
228702
228693
226892
228796
229034
227662
227850
229556
229807
228148
230230
230662
229538
229899
231527
231982
230930
231533
232941
233289
232387
233915
234502
233961
234496
235562
236111
235827
236406
237311
237820
237749
238484
239285
239393
239848
240666
241244
241452
241888
242963
243528
243556
244025
245588
246181
245898
246476
248631
249260
248590
249367
251928
252668
250894
254156
255217
254130
254628
257687
258761
257519
258234
261195
262414
261370
262426
264692
266155
265201
266278
268250
269123
269265
270163
271045
272274
272757
273602
275467
274997
275987
277205
278150
276900
277989
280613
281074
279594
280595
283596
283823
283008
283218
286625
287320
287088
287367
290363
290076
291607
292667
293465
294016
293962
299014
299449
297464
298948
304618
305851
303244
236198
233955
234221
233361
231263
231789
231266
229622
229037
229890
229556
227628
228985
228910
227402
227265
228699
228689
226888
228797
229034
227659
227845
229551
229802
228145
230232
230663
229536
229893
231522
231982
230928
231527
232939
233289
232385
233910
234501
233960
234492
235559
236112
235826
236403
237309
237818
237748
238487
239289
239402
239852
240669
241251
241459
241890
242966
243535
243562
244026
245590
246186
245902
246477
248632
249262
248592
249360
251928
252668
250891
254158
255219
254131
254624
257677
258759
257516
258224
261181
262410
261363
262412
264677
266147
265191
266261
268233
269111
269254
270149
271023
272256
272739
273582
275466
274997
275983
277183
278137
276890
277969
280598
281068
279590
280583
283590
283822
283008
283218
286624
287320
287089
287367
290364
290076
291603
292664
293463
294016
293960
299011
299447
297462
298934
304616
305850
303239
236206
233950
234217
233368
231256
231787
231266
229620
229033
229889
229562
227622
228979
228912
227399
227262
228698
228690
226883
228791
229035
227656
227840
229549
229804
228141
230223
230664
229532
229888
231520
231982
230925
231520
232939
233289
232381
233906
234501
233958
234488
235555
236111
235824
236399
237306
237818
237746
238485
239284
239400
239847
240664
241247
241455
241884
242961
243533
243559
244020
245585
246185
245900
246469
248631
249262
248589
249351
251928
252668
250886
254159
255217
254129
254618
257678
258757
257515
258220
261182
262411
261360
262404
264678
266148
265192
266262
268234
269113
269254
270150
271027
272259
272742
273586
275467
274998
275980
277192
278145
276893
277971
280601
281070
279591
280583
283591
283823
283009
283218
286624
287320
287089
287365
290364
290076
291602
292661
293460
294016
293959
299011
299447
297462
298924
304604
305852
303241
236206
233944
234217
233377
231249
231788
231272
229618
229030
229890
229566
227615
228979
228915
227396
227259
228699
228692
226876
228792
229038
227653
227836
229550
229805
228136
230220
230668
229529
229883
231521
231983
230923
231514
232940
233290
232377
233907
234502
233956
234484
235555
236111
235823
236395
237306
237818
237743
238487
239280
239400
239843
240661
241247
241453
241879
242962
243533
243557
244013
245586
246186
245898
246462
248632
249263
248587
249342
251930
252670
250879
254160
255216
254128
254612
257679
258756
257513
258213
261179
262413
261356
262394
264672
266148
265191
266255
268227
269112
269252
270146
271020
272254
272738
273579
275465
274996
275973
277184
278142
276889
277959
280594
281068
279588
280573
283587
283821
283006
283215
286617
287319
287088
287362
290364
290074
291598
292658
293460
294016
293959
299011
299448
297462
298924
304604
305852
303240
236202
233933
234210
233375
231237
231781
231270
229612
229020
229885
229564
227602
228972
228913
227387
227249
228693
228687
226865
228783
229034
227643
227826
229542
229801
228126
230209
230666
229520
229872
231514
231979
230916
231503
232935
233287
232370
233901
234500
233951
234477
235550
236110
235819
236390
237302
237817
237739
238489
239273
239399
239838
240657
241246
241449
241872
242956
243532
243554
244004
245579
246184
245894
246450
248625
249260
248582
249328
251922
252667
250869
254150
255211
254122
254603
257666
258751
257508
258203
261166
262413
261350
262383
264662
266146
265188
266247
268219
269110
269250
270143
271017
272254
272739
273580
275467
274997
275974
277188
278147
276892
277963
280597
281073
279591
280576
283590
283825
283009
283217
286618
287320
287090
287363
290364
290074
291593
292653
293456
294014
293955
299005
299445
297458
298908
304590
305851
303235
236201
233923
234205
233382
231226
231778
231270
229608
229012
229883
229567
227592
228968
228913
227381
227242
228691
228687
226854
228778
229034
227636
227818
229538
229800
228118
230201
230667
229514
229864
231511
231978
230911
231495
232935
233286
232363
233901
234500
233947
234472
235546
236109
235816
236385
237299
237817
237735
238491
239268
239399
239833
240652
241246
241447
241866
242953
243532
243551
243996
245580
246184
245890
246440
248625
249260
248578
249316
251923
252667
250859
254151
255208
254119
254596
257666
258747
257504
258194
261167
262414
261344
262373
264662
266145
265186
266239
268219
269110
269247
270139
271017
272250
272736
273581
275467
274995
275966
277189
278148
276891
277963
280598
281074
279591
280577
283590
283826
283009
283218
286618
287320
287089
287364
290363
290074
291589
292649
293453
294013
293952
299005
299444
297457
298896
304586
305852
303232
236200
233912
234201
233384
231215
231775
231270
229604
229004
229881
229567
227580
228965
228915
227374
227234
228690
228687
226842
228773
229034
227630
227810
229535
229800
228109
230194
230669
229507
229855
231511
231978
230905
231486
232935
233286
232356
233901
234500
233943
234466
235543
236109
235813
236380
237298
237816
237731
238494
239261
239399
239827
240648
241247
241444
241859
242953
243532
243548
243987
245580
246184
245886
246430
248626
249259
248573
249304
251924
252667
250848
254152
255204
254115
254589
257666
258744
257500
258182
261168
262415
261339
262362
264652
266144
265184
266230
268212
269110
269244
270134
271014
272247
272736
273581
275466
274995
275962
277190
278150
276890
277964
280599
281075
279591
280577
283591
283828
283008
283219
286618
287319
287089
287365
290362
290074
291584
292645
293451
294012
293949
299003
299443
297455
298881
304576
305853
303229
236199
233900
234196
233383
231202
231771
231269
229598
228995
229879
229567
227566
228961
228916
227367
227226
228687
228687
226830
228768
229035
227622
227801
229531
229800
228097
230187
230670
229500
229846
231511
231977
230899
231477
232936
233285
232349
233902
234500
233939
234461
235541
236109
235810
236375
237297
237816
237726
238496
239255
239398
239822
240643
241247
241440
241851
242953
243533
243545
243977
245581
246184
245882
246419
248627
249258
248568
249291
251925
252667
250836
254154
255201
254112
254581
257666
258740
257496
258170
261170
262416
261333
262350
264653
266143
265181
266222
268212
269110
269240
270129
271014
272245
272732
273582
275467
274994
275962
277192
278152
276889
277964
280601
281076
279590
280579
283592
283829
283008
283219
286618
287319
287089
287366
290360
290074
291581
292640
293447
294011
293946
299001
299443
297453
298867
304566
305854
303225
236197
233887
234191
233387
231190
231767
231269
229594
228986
229878
229571
227553
228958
228918
227361
227217
228686
228688
226817
228764
229036
227616
227792
229532
229801
228087
230180
230673
229494
229838
231512
231978
230893
231468
232937
233285
232340
233902
234501
233935
234455
235541
236109
235806
236370
237297
237816
237721
238498
239249
239398
239815
240638
241248
241437
241842
242953
243533
243541
243967
245582
246184
245877
246407
248628
249258
248563
249279
251926
252669
250823
254155
255198
254109
254574
257667
258736
257493
258158
261170
262419
261330
262339
264653
266142
265179
266213
268204
269110
269237
270125
271007
272239
272728
273583
275463
274991
275952
277193
278150
276885
277952
280596
281075
279586
280566
283588
283828
283004
283217
286609
287316
287088
287366
290356
290073
291576
292636
293447
294010
293944
299002
299444
297452
298865
304567
305858
303223
236191
233869
234179
233384
231171
231755
231265
229583
228970
229868
229567
227535
228946
228911
227347
227201
228676
228681
226798
228751
229029
227601
227775
229521
229795
228071
230165
230667
229480
229823
231501
231972
230882
231453
232929
233281
232329
233893
234497
233927
234446
235534
236106
235800
236363
237292
237814
237716
238499
239242
239395
239808
240632
241248
241432
241832
242946
243532
243535
243954
245575
246180
245869
246392
248619
249253
248555
249260
251915
252665
250807
254141
255188
254101
254564
257649
258728
257482
258144
261154
262415
261320
262324
264639
266138
265174
266203
268193
269108
269232
270120
271003
272237
272728
273584
275465
274993
275954
277196
278156
276888
277953
280600
281081
279590
280568
283591
283835
283007
283220
286612
287318
287089
287368
290354
290073
291568
292630
293442
294007
293937
298993
299439
297446
298844
304548
305855
303214
236187
233853
234169
233381
231155
231747
231262
229576
228957
229861
229565
227518
228937
228909
227336
227188
228671
228678
226782
228742
229026
227590
227762
229514
229792
228057
230154
230666
229470
229810
231494
231970
230873
231441
232925
233279
232319
233887
234496
233921
234438
235529
236105
235796
236356
237288
237812
237710
238501
239235
239393
239801
240627
241248
241427
241822
242946
243532
243530
243942
245575
246178
245863
246378
248619
249250
248548
249245
251916
252664
250791
254142
255182
254095
254557
257635
258724
257471
258131
261154
262414
261313
262311
264639
266135
265170
266193
268193
269108
269227
270116
271004
272232
272724
273585
275464
274991
275944
277200
278159
276887
277954
280602
281083
279590
280568
283592
283837
283006
283221
286612
287317
287089
287369
290350
290073
291564
292625
293437
294005
293932
298989
299438
297442
298826
304538
305857
303208
236183
233837
234160
233379
231140
231738
231260
229569
228944
229856
229564
227502
228930
228907
227327
227175
228666
228676
226766
228734
229024
227581
227749
229508
229790
228043
230144
230665
229461
229798
231488
231968
230865
231429
232924
233277
232308
233882
234495
233916
234431
235524
236105
235791
236350
237287
237811
237704
238502
239228
239391
239793
240621
241249
241422
241812
242946
243532
243525
243931
245576
246176
245857
246365
248620
249247
248542
249229
251917
252663
250775
254145
255175
254090
254550
257619
258722
257460
258118
261151
262413
261307
262298
264627
266133
265166
266183
268183
269108
269223
270111
271004
272226
272724
273587
275462
274990
275936
277201
278160
276885
277955
280604
281085
279589
280570
283593
283840
283005
283223
286612
287315
287088
287371
290346
290072
291557
292619
293434
294003
293927
298984
299436
297439
298808
304528
305858
303202
236178
233820
234149
233375
231123
231728
231256
229562
228930
229849
229562
227485
228920
228904
227316
227161
228659
228672
226749
228724
229021
227570
227735
229501
229786
228029
230133
230663
229451
229786
231480
231965
230855
231416
232921
233275
232297
233876
234494
233909
234423
235518
236103
235785
236343
237284
237810
237699
238504
239222
239388
239785
240615
241249
241417
241802
242946
243531
243519
243919
245577
246174
245850
246351
248621
249244
248535
249214
251918
252661
250758
254147
255167
254084
254545
257602
258720
257447
258105
261151
262412
261299
262284
264627
266130
265162
266173
268179
269108
269217
270106
271005
272220
272721
273589
275462
274989
275928
277206
278163
276884
277957
280606
281087
279589
280572
283595
283842
283004
283224
286613
287314
287088
287372
290341
290072
291553
292613
293429
294000
293922
298979
299435
297435
298789
304516
305860
303196
236172
233802
234136
233371
231107
231716
231253
229554
228916
229841
229559
227468
228909
228901
227305
227147
228653
228669
226732
228713
229017
227559
227720
229493
229783
228014
230121
230660
229441
229772
231472
231963
230846
231403
232917
233272
232286
233869
234493
233903
234414
235512
236102
235780
236336
237282
237808
237693
238505
239215
239385
239777
240609
241249
241412
241792
242943
243530
243514
243907
245577
246171
245843
246336
248621
249240
248528
249197
251919
252660
250741
254148
255158
254078
254541
257584
258716
257435
258091
261135
262411
261293
262270
264615
266127
265158
266162
268168
269108
269212
270101
271005
272214
272722
273591
275457
274988
275919
277210
278164
276883
277959
280609
281088
279588
280574
283596
283845
283002
283226
286613
287312
287087
287374
290336
290071
291546
292606
293425
293997
293917
298974
299433
297431
298769
304504
305861
303189
236164
233784
234122
233366
231090
231702
231248
229545
228900
229832
229556
227450
228897
228896
227294
227131
228644
228663
226714
228701
229012
227547
227704
229484
229778
227998
230107
230657
229430
229758
231463
231959
230836
231390
232912
233269
232275
233861
234491
233896
234405
235506
236100
235774
236328
237281
237806
237687
238508
239208
239381
239769
240602
241248
241406
241781
242937
243528
243507
243895
245577
246167
245835
246322
248618
249235
248520
249180
251919
252657
250723
254150
255148
254071
254534
257572
258712
257423
258077
261133
262408
261285
262255
264615
266123
265153
266151
268168
269109
269206
270095
271007
272207
272719
273593
275462
274987
275909
277213
278166
276881
277961
280611
281090
279587
280577
283597
283848
283000
283227
286613
287310
287086
287376
290330
290070
291545
292599
293420
293994
293911
298968
299431
297426
298749
304493
305863
303182
236154
233763
234104
233359
231072
231685
231241
229535
228882
229818
229549
227431
228881
228887
227280
227113
228632
228655
226695
228685
229004
227534
227686
229472
229771
227982
230090
230650
229418
229742
231451
231953
230825
231373
232904
233264
232262
233850
234488
233889
234395
235499
236098
235768
236320
237276
237804
237680
238508
239201
239377
239760
240595
241246
241400
241770
242929
243525
243500
243881
245568
246163
245826
246305
248607
249229
248512
249161
251906
252652
250704
254140
255134
254063
254522
257572
258706
257410
258062
261113
262404
261276
262239
264600
266117
265148
266140
268155
269108
269201
270089
271007
272200
272720
273596
275447
274986
275901
277218
278169
276881
277962
280614
281093
279588
280579
283599
283852
282998
283230
286614
287308
287085
287378
290325
290069
291537
292592
293415
293990
293904
298959
299427
297420
298728
304477
305863
303173
236143
233742
234085
233350
231052
231667
231232
229522
228863
229804
229539
227412
228864
228877
227265
227094
228619
228644
226675
228668
228993
227519
227667
229458
229760
227965
230073
230641
229404
229725
231438
231945
230813
231357
232896
233257
232249
233840
234483
233880
234385
235492
236094
235761
236312
237270
237800
237674
238509
239194
239372
239752
240589
241243
241394
241760
242922
243521
243492
243869
245557
246156
245817
246289
248594
249220
248503
249143
251892
252644
250684
254125
255117
254052
254503
257575
258697
257394
258045
261092
262397
261264
262222
264583
266110
265140
266127
268143
269107
269193
270084
271008
272201
272722
273600
275457
274991
275902
277225
278177
276886
277968
280620
281101
279594
280584
283602
283861
283000
283237
286616
287309
287087
287384
290320
290068
291530
292583
293407
293984
293895
298944
299419
297411
298701
304449
305857
303159
236137
233727
234076
233346
231041
231658
231229
229515
228853
229802
229539
227400
228858
228879
227262
227086
228619
228645
226664
228666
228996
227515
227659
229462
229762
227955
230075
230644
229400
229717
231441
231947
230807
231355
232899
233258
232241
233842
234485
233876
234380
235493
236094
235756
236312
237272
237798
237669
238510
239188
239368
239744
240589
241242
241388
241751
242922
243520
243487
243860
245559
246155
245811
246280
248596
249220
248499
249144
251894
252646
250672
254128
255110
254052
254490
257581
258701
257390
258038
261096
262401
261263
262224
264587
266111
265140
266128
268144
269111
269188
270084
271011
272191
272716
273601
275442
274982
275885
277229
278171
276876
277947
280609
281093
279584
280564
283591
283856
282990
283232
286600
287301
287082
287386
290308
290067
291530
292581
293407
293982
293896
298947
299424
297413
298703
304453
305869
303159
236125
233707
234057
233338
231024
231639
231222
229505
228836
229789
229533
227383
228842
228872
227251
227069
228609
228639
226647
228651
228989
227504
227642
229451
229757
227940
230059
230638
229391
229702
231431
231943
230797
231340
232894
233254
232229
233832
234483
233870
234370
235486
236092
235750
236303
237272
237796
237663
238510
239181
239364
239735
240580
241238
241382
241740
242914
243517
243479
243847
245549
246150
245802
246264
248586
249214
248492
249127
251885
252641
250655
254130
255093
254047
254470
257588
258697
257380
258023
261080
262397
261256
262207
264588
266105
265137
266116
268130
269113
269183
270076
271011
272182
272717
273605
275438
274981
275880
277232
278171
276876
277951
280611
281093
279584
280567
283592
283859
282987
283235
286601
287296
287080
287389
290301
290066
291521
292572
293403
293977
293889
298937
299421
297407
298681
304448
305869
303151
236111
233685
234033
233326
231005
231616
231210
229492
228816
229772
229521
227365
228821
228860
227237
227050
228594
228627
226630
228631
228978
227491
227623
229437
229746
227925
230040
230629
229379
229686
231418
231935
230785
231324
232886
233247
232217
233821
234478
233862
234359
235479
236088
235743
236294
237267
237791
237656
238511
239173
239357
239726
240572
241233
241374
241729
242904
243511
243471
243834
245537
246142
245792
246248
248573
249204
248484
249109
251870
252631
250639
254131
255073
254039
254450
257593
258690
257368
258007
261078
262391
261247
262191
264589
266098
265131
266116
268127
269114
269175
270069
271014
272173
272719
273609
275435
274979
275869
277238
278173
276876
277954
280614
281095
279585
280571
283593
283862
282983
283238
286601
287292
287078
287392
290293
290064
291521
292563
293396
293971
293883
298925
299417
297401
298658
304436
305870
303141
236095
233661
234007
233314
230987
231591
231197
229480
228795
229752
229509
227346
228798
228847
227224
227029
228577
228615
226612
228609
228966
227477
227603
229421
229736
227909
230018
230618
229367
229668
231403
231928
230773
231307
232877
233241
232204
233808
234474
233854
234348
235470
236085
235735
236284
237261
237787
237650
238506
239165
239352
239716
240562
241228
241367
241718
242894
243506
243462
243821
245524
246135
245782
246230
248559
249195
248476
249091
251853
252621
250624
254122
255053
254029
254432
257595
258684
257357
257991
261054
262383
261238
262173
264589
266091
265127
266104
268112
269116
269169
270062
271016
272164
272721
273613
275429
274978
275870
277242
278174
276876
277955
280617
281096
279586
280574
283595
283865
282979
283242
286602
287288
287076
287395
290284
290061
291510
292554
293390
293965
293875
298912
299412
297395
298634
304419
305870
303131
236078
233638
233979
233299
230967
231564
231181
229466
228774
229732
229495
227329
228774
228833
227210
227009
228560
228602
226595
228587
228953
227464
227583
229405
229724
227894
229997
230607
229355
229651
231389
231920
230761
231290
232867
233233
232192
233796
234468
233846
234337
235463
236080
235728
236276
237256
237782
237643
238506
239156
239344
239706
240553
241221
241359
241707
242884
243499
243452
243808
245510
246125
245772
246214
248544
249184
248468
249075
251836
252608
250612
254122
255040
254011
254413
257598
258677
257345
257975
261054
262376
261228
262156
264590
266083
265122
266104
268112
269118
269161
270056
271019
272153
272722
273616
275423
274975
275858
277250
278175
276876
277959
280619
281096
279586
280578
283596
283869
282975
283246
286599
287283
287074
287398
290274
290059
291509
292544
293383
293957
293869
298898
299407
297388
298612
304409
305870
303121
236056
233611
233942
233278
230946
231529
231157
229449
228747
229702
229474
227309
228741
228811
227193
226982
228533
228583
226576
228555
228932
227447
227558
229380
229707
227876
229968
230589
229341
229629
231368
231907
230748
231269
232853
233223
232177
233779
234460
233837
234322
235451
236075
235720
236262
237246
237779
237636
238495
239148
239340
239695
240540
241216
241353
241694
242871
243492
243442
243792
245493
246115
245760
246193
248524
249170
248459
249056
251812
252589
250600
254098
255030
253983
254393
257572
258664
257331
257957
261025
262364
261217
262136
264568
266071
265117
266089
268093
269117
269154
270055
271019
272143
272726
273621
275412
274975
275859
277257
278177
276878
277967
280624
281098
279588
280584
283599
283873
282972
283254
286602
287278
287071
287402
290267
290056
291497
292533
293376
293949
293860
298882
299399
297380
298585
304384
305867
303111
236024
233581
233904
233246
230919
231493
231126
229424
228720
229669
229444
227284
228706
228782
227170
226956
228503
228553
226553
228522
228904
227424
227532
229352
229680
227855
229937
230564
229320
229607
231344
231886
230730
231248
232835
233206
232162
233763
234447
233824
234309
235440
236065
235709
236251
237236
237771
237629
238487
239139
239332
239685
240529
241209
241344
241683
242859
243481
243429
243779
245475
246098
245746
246174
248500
249149
248447
249039
251781
252559
250586
254074
255014
253947
254370
257542
258646
257309
257935
260994
262345
261197
262113
264545
266054
265104
266072
268078
269113
269142
270049
271025
272145
272729
273627
275423
274985
275864
277268
278192
276894
277977
280632
281111
279604
280594
283605
283887
282981
283269
286604
287279
287074
287413
290260
290053
291486
292520
293362
293937
293847
298854
299381
297364
298549
304339
305850
303088
236004
233565
233887
233231
230908
231477
231118
229414
228710
229663
229437
227279
228697
228780
227166
226951
228503
228550
226550
228519
228905
227423
227529
229357
229680
227853
229942
230566
229320
229605
231351
231888
230727
231253
232841
233205
232158
233767
234448
233821
234311
235443
236063
235704
236252
237238
237767
237624
238487
239132
239325
239674
240519
241203
241337
241676
242860
243475
243423
243777
245477
246092
245740
246176
248504
249143
248447
249049
251785
252550
250584
254088
255022
253936
254368
257550
258654
257312
257939
261004
262352
261200
262118
264555
266057
265108
266075
268082
269122
269137
270046
271027
272131
272720
273631
275405
274968
275840
277269
278178
276876
277946
280613
281094
279587
280562
283584
283875
282961
283256
286578
287264
287061
287413
290239
290049
291487
292520
293364
293934
293855
298858
299389
297370
298556
304350
305869
303093
235978
233538
233848
233207
230888
231441
231094
229400
228686
229635
229418
227263
228665
228761
227155
226930
228480
228534
226535
228491
228888
227413
227509
229336
229666
227840
229915
230551
229311
229587
231333
231879
230716
231235
232830
233197
232145
233751
234442
233815
234298
235432
236059
235697
236239
237230
237764
237617
238474
239125
239322
239662
240504
241198
241332
241663
242844
243467
243414
243762
245459
246081
245730
246157
248484
249129
248440
249052
251758
252528
250565
254094
255011
253917
254349
257522
258643
257303
257922
260994
262342
261194
262097
264557
266046
265106
266067
268062
269124
269132
270034
271030
272119
272726
273638
275394
274966
275844
277277
278176
276877
277950
280616
281091
279589
280568
283585
283876
282953
283261
286580
287254
287057
287417
290230
290045
291472
292509
293359
293924
293848
298840
299381
297364
298531
304349
305866
303084
235942
233509
233805
233175
230865
231402
231063
229379
228662
229603
229391
227245
228630
228735
227138
226909
228453
228511
226521
228459
228866
227397
227489
229313
229646
227827
229887
230531
229298
229569
231315
231864
230704
231219
232818
233184
232134
233736
234432
233804
234288
235430
236049
235687
236232
237222
237754
237610
238474
239114
239310
239652
240494
241186
241320
241653
242832
243453
243401
243749
245441
246065
245718
246140
248462
249108
248432
249057
251727
252509
250543
254099
254997
253895
254330
257496
258630
257291
257907
260994
262330
261183
262097
264560
266035
265101
266068
268063
269126
269123
270027
271034
272107
272728
273641
275388
274963
275831
277283
278177
276878
277956
280619
281091
279592
280573
283580
283879
282947
283267
286571
287246
287055
287421
290216
290041
291462
292496
293349
293913
293844
298820
299370
297356
298510
304338
305863
303072
235904
233475
233750
233133
230839
231350
231021
229355
228628
229558
229356
227226
228583
228700
227119
226877
228413
228480
226504
228414
228833
227379
227459
229276
229620
227811
229846
230503
229282
229544
231285
231846
230689
231188
232798
233175
232117
233713
234420
233795
234268
235411
236045
235682
236213
237208
237751
237603
238456
239105
239309
239638
240474
241179
241316
241636
242810
243445
243393
243730
245417
246051
245706
246117
248434
249083
248425
249060
251687
252494
250516
254068
254974
253873
254309
257457
258608
257277
257888
260958
262310
261171
262074
264532
266017
265096
266068
268038
269123
269117
270027
271034
272095
272736
273646
275373
274964
275832
277291
278176
276884
277969
280625
281091
279597
280583
283584
283882
282943
283278
286576
287238
287050
287426
290209
290036
291445
292483
293342
293902
293834
298797
299357
297347
298479
304305
305854
303060
235843
233430
233693
233070
230796
231299
230963
229310
228590
229505
229297
227192
228534
228645
227081
226844
228362
228427
226475
228367
228782
227344
227428
229231
229572
227784
229805
230458
229250
229518
231251
231808
230664
231162
232768
233150
232097
233694
234397
233774
234251
235394
236029
235671
236203
237194
237736
237594
238450
239093
239296
239627
240461
241166
241303
241624
242791
243429
243377
243714
245391
246023
245688
246097
248399
249039
248409
249045
251644
252455
250487
254031
254940
253833
254279
257413
258572
257243
257861
260919
262276
261141
262045
264505
265990
265076
266046
268040
269113
269099
270027
271043
272100
272741
273658
275394
274981
275843
277305
278202
276914
277985
280635
281115
279627
280602
283594
283903
282961
283302
286581
287243
287056
287441
290200
290032
291435
292466
293320
293883
293819
298752
299324
297324
298435
304243
305819
303028
235806
233416
233664
233045
230788
231273
230951
229300
228587
229499
229283
227194
228524
228642
227082
226852
228365
228421
226484
228372
228784
227349
227437
229239
229571
227793
229814
230463
229255
229524
231264
231810
230666
231174
232776
233146
232100
233701
234397
233776
234256
235400
236026
235666
236206
237196
237729
237590
238450
239083
239284
239617
240450
241154
241293
241617
242789
243419
243368
243720
245394
246008
245687
246105
248405
249019
248417
249056
251664
252452
250495
254042
254949
253837
254285
257425
258585
257255
257872
260935
262290
261151
262054
264521
265998
265084
266053
268047
269126
269097
270019
271046
272081
272725
273659
275367
274953
275808
277283
278177
276883
277939
280602
281087
279597
280554
283559
283882
282927
283276
286540
287218
287035
287426
290167
290025
291422
292467
293324
293879
293837
298759
299336
297337
298450
304260
305848
303040
235758
233375
233594
232996
230764
231206
230900
229283
228545
229450
229250
227174
228470
228602
227068
226817
228323
228392
226467
228325
228749
227334
227407
229202
229546
227777
229770
230432
229244
229496
231235
231794
230653
231143
232756
233141
232080
233670
234387
233775
234230
235374
236028
235664
236178
237181
237734
237582
238422
239075
239289
239598
240420
241153
241297
241592
242759
243416
243365
243696
245366
245992
245680
246083
248377
248984
248412
249015
251670
252425
250494
253998
254922
253821
254264
257383
258560
257245
257852
260899
262269
261143
262035
264505
265980
265082
266036
268018
269125
269095
270003
271030
272068
272737
273665
275349
274954
275814
277294
278173
276890
277955
280607
281085
279602
280565
283563
283882
282918
283285
286542
287205
287028
287430
290162
290017
291401
292456
293324
293866
293828
298732
299319
297329
298419
304229
305838
303030
235673
233312
233515
232911
230704
231139
230818
229216
228491
229376
229180
227129
228404
228527
227014
226773
228252
228324
226431
228263
228680
227284
227368
229140
229484
227744
229717
230371
229198
229462
231191
231747
230620
231110
232715
233109
232053
233646
234355
233747
234213
235353
236005
235649
236171
237165
237715
237573
238414
239061
239274
239587
240407
241135
241282
241581
242738
243393
243346
243678
245335
245954
245658
246062
248337
248930
248382
248971
251638
252367
250482
253939
254872
253775
254230
257328
258508
257203
257819
260851
262222
261106
262001
264472
265943
265055
266009
268020
269113
269073
270005
271041
272074
272745
273681
275379
274980
275828
277312
278210
276933
277980
280620
281119
279646
280589
283577
283911
282944
283319
286551
287213
287039
287447
290156
290013
291402
292437
293297
293841
293810
298674
299273
297299
298368
304152
305787
302990
235624
233295
233478
232875
230697
231110
230797
229205
228494
229362
229153
227144
228394
228520
227020
226792
228256
228309
226452
228270
228681
227300
227390
229151
229475
227763
229729
230377
229212
229479
231206
231745
230630
231133
232725
233100
232058
233657
234359
233749
234220
235361
236001
235645
236177
237168
237701
237569
238415
239046
239256
239578
240399
241117
241270
241575
242732
243379
243334
243683
245338
245932
245663
246074
248351
248920
248369
248986
251661
252353
250515
253954
254882
253782
254244
257351
258524
257217
257838
260874
262240
261118
262015
264493
265955
265066
266021
268033
269126
269071
270004
271050
272054
272723
273652
275354
274941
275784
277279
278177
276892
277920
280573
281084
279605
280526
283530
283882
282901
283280
286499
287182
287011
287423
290114
290005
291387
292428
293300
293838
293837
298684
299286
297316
298389
304175
305822
303008
235567
233245
233388
232817
230671
231026
230737
229189
228453
229299
229109
227126
228327
228475
227015
226763
228211
228275
226435
228212
228645
227297
227364
229115
229449
227747
229676
230345
229214
229457
231173
231726
230622
231111
232703
233089
232038
233622
234351
233753
234196
235337
236001
235640
236153
237153
237701
237563
238388
239034
239259
239561
240369
241107
241272
241553
242702
243371
243327
243657
245308
245910
245659
246049
248352
248913
248328
248955
251661
252326
250523
253904
254854
253773
254221
257306
258500
257212
257817
260846
262224
261116
261990
264471
265941
265070
266005
267999
269126
269074
269986
271040
272040
272737
273671
275334
274938
275797
277292
278169
276896
277934
280580
281079
279607
280539
283535
283879
282884
283291
286505
287167
286998
287427
290109
289997
291356
292412
293302
293821
293829
298650
299266
297308
298361
304176
305814
303001
235474
233194
233312
232734
230621
230965
230670
229139
228424
229245
229046
227101
228278
228421
226983
226749
228169
228224
226424
228172
228597
227271
227355
229084
229407
227736
229644
230307
229191
229450
231157
231692
230604
231116
232684
233064
232030
233626
234324
233734
234202
235342
235977
235625
236160
237139
237674
237557
238391
239011
239234
239557
240360
241075
241253
241548
242686
243339
243303
243656
245287
245874
245635
246057
248326
248890
248289
248952
251637
252284
250538
253860
254826
253756
254214
257305
258478
257199
257823
260855
262205
261105
261995
264478
265928
265063
266009
268005
269127
269060
269984
271051
272025
272725
273650
275331
274935
275779
277299
278165
276900
277940
280565
281079
279609
280544
283518
283877
282872
283297
286479
287155
286990
287417
290086
289989
291336
292390
293284
293803
293830
298616
299239
297298
298365
304177
305800
302986
235406
233133
233199
232663
230590
230853
230594
229121
228362
229160
229000
227081
228185
228368
226978
226697
228099
228190
226408
228095
228553
227268
227309
229024
229381
227722
229576
230266
229189
229411
231106
231676
230603
231067
232647
233066
232010
233577
234310
233744
234170
235309
235981
235624
236125
237122
237680
237552
238350
239001
239246
239535
240318
241069
241266
241514
242649
243337
243301
243620
245248
245875
245619
246030
248281
248882
248265
248905
251598
252259
250556
253794
254779
253749
254202
257245
258439
257196
257827
260802
262172
261105
261999
264435
265897
265069
266012
267966
269123
269067
269985
271029
272025
272746
273657
275297
274933
275794
277308
278149
276915
277962
280573
281072
279614
280562
283524
283871
282860
283309
286486
287137
286969
287422
290085
289977
291300
292366
293288
293795
293819
298574
299215
297293
298332
304132
305779
302975
235251
233035
233077
232516
230494
230751
230460
229016
228285
229046
228870
227007
228092
228247
226897
226637
227991
228073
226342
228016
228440
227188
227256
228931
229277
227660
229514
230168
229113
229365
231043
231592
230556
231040
232579
233002
231976
233547
234251
233710
234157
235287
235935
235600
236133
237104
237636
237546
238355
238982
239217
239537
240321
241040
241250
241499
242631
243292
243277
243623
245203
245825
245574
246013
248216
248815
248208
248865
251517
252172
250535
253734
254693
253668
254151
257185
258352
257120
257777
260752
262096
261037
261949
264440
265835
265014
265978
267974
269101
269030
269988
271052
272039
272752
273678
275353
274986
275817
277336
278223
276998
277998
280599
281139
279693
280606
283549
283923
282912
283361
286503
287157
286997
287451
290077
289974
291291
292338
293249
293761
293800
298488
299135
297246
298267
304025
305690
302913
235152
233002
233027
232448
230465
230730
230427
228986
228301
229040
228833
227029
228101
228240
226896
226686
228009
228057
226393
228033
228441
227202
227315
228961
229272
227708
229537
230178
229129
229411
231082
231593
230568
231083
232600
232991
232002
233569
234242
233709
234176
235302
235915
235589
236149
237106
237598
237541
238360
238953
239176
239523
240322
241000
241204
241506
242632
243249
243255
243638
245209
245800
245555
246056
248231
248797
248215
248912
251537
252157
250593
253759
254715
253699
254176
257217
258388
257159
257803
260789
262135
261074
261974
264471
265865
265040
265997
267998
269119
269027
269967
271066
272004
272706
273637
275316
274922
275745
277277
278164
276922
277900
280520
281081
279617
280501
283469
283871
282838
283285
286420
287109
286951
287394
290012
289959
291271
292318
293251
293760
293842
298506
299153
297275
298303
304067
305743
302947
235061
232928
232896
232360
230429
230600
230340
228969
228233
228945
228779
227017
227999
228183
226903
226631
227928
228026
226398
227936
228389
227221
227271
228892
229248
227713
229444
230131
229153
229372
231027
231577
230577
231025
232558
232996
231982
233516
234232
233730
234135
235269
235923
235592
236108
237086
237615
237529
238311
238945
239199
239496
240271
241005
241210
241477
242585
243243
243261
243600
245162
245798
245553
246027
248176
248784
248216
248871
251487
252134
250614
253691
254665
253706
254174
257151
258349
257168
257809
260733
262106
261084
261977
264423
265839
265054
266000
267946
269117
269044
269965
271041
272005
272736
273653
275279
274922
275767
277289
278147
276938
277922
280529
281075
279619
280521
283478
283862
282820
283298
286431
287085
286926
287397
290016
289947
291227
292288
293259
293752
293829
298459
299122
297272
298268
304038
305722
302938
234853
232800
232740
232171
230293
230474
230167
228818
228141
228799
228608
226914
227882
228024
226790
226563
227784
227870
226313
227830
228238
227115
227213
228768
229111
227633
229358
229991
229062
229322
230949
231464
230513
230999
232466
232905
231934
233490
234164
233667
234140
235247
235861
235562
236121
237070
237567
237517
238322
238924
239164
239503
240280
240969
241171
241486
242584
243190
243224
243610
245116
245723
245507
246024
248089
248685
248156
248831
251378
252022
250571
253629
254556
253599
254106
257084
258239
257065
257743
260677
262010
260994
261912
264428
265764
264980
265958
267955
269088
269002
269970
271079
272024
272746
273681
275358
275000
275800
277330
278251
277050
277975
280573
281171
279726
280583
283520
283937
282895
283364
286452
287123
286968
287431
290013
289949
291228
292256
293213
293708
293802
298352
299019
297209
298193
303907
305606
302859
234699
232746
232668
232065
230240
230447
230110
228758
228158
228785
228548
226929
227894
228002
226780
226627
227801
227836
226363
227869
228241
227120
227283
228807
229102
227687
229401
230003
229077
229371
231009
231465
230528
231066
232495
232915
231932
233533
234160
233649
234171
235264
235821
235547
236150
237055
237510
237505
238330
238879
239101
239489
240281
240907
241112
241496
242564
243127
243188
243631
245122
245672
245490
246071
248105
248656
248164
248907
251401
251995
250647
253667
254578
253635
254146
257128
258282
257111
257787
260725
262055
261037
261948
264470
265798
265009
265980
267987
269110
268993
269956
271100
271979
272678
273629
275322
274914
275703
277249
278183
276950
277848
280468
281099
279625
280449
283415
283870
282801
283255
286343
287066
286907
287349
289932
289931
291203
292226
293208
293709
293856
298372
299034
297247
298245
303958
305667
302900
234569
232652
232510
231942
230193
230292
229997
228737
228075
228674
228475
226906
227781
227926
226782
226566
227712
227789
226356
227775
228187
227135
227224
228733
229076
227687
229308
229951
229113
229300
230969
231449
230528
231012
232459
232887
231950
233472
234149
233671
234131
235220
235820
235557
236109
237029
237526
237498
238277
238868
239132
239460
240224
240910
241128
241457
242508
243118
243195
243588
245068
245658
245491
246028
248043
248646
248164
248866
251348
251974
250657
253587
254528
253655
254117
257044
258246
257135
257754
260654
262029
261064
261929
264410
265776
265036
265982
267923
269110
269017
269955
271082
271979
272714
273652
275289
274910
275737
277271
278167
276963
277875
280488
281094
279623
280471
283433
283862
282776
283267
286360
287046
286870
287333
289943
289916
291147
292187
293220
293701
293835
298315
298999
297244
298203
303909
305640
302893
234308
232493
232307
231709
230022
230133
229785
228542
227963
228493
228264
226783
227630
227729
226627
226489
227534
227588
226268
227635
227995
226994
227158
228582
228900
227608
229189
229776
228991
229271
230846
231296
230442
230985
232358
232745
231933
233426
234058
233601
234140
235197
235743
235524
236135
237014
237463
237499
238293
238846
239091
239476
240238
240869
241086
241475
242511
243054
243149
243605
245019
245560
245440
246033
247942
248521
248103
248816
251215
251843
250590
253507
254397
253525
254032
256955
258117
257011
257670
260579
261914
260956
261853
264382
265688
264952
265937
267932
269072
268972
269964
271136
272010
272731
273688
275394
275017
275791
277324
278302
277106
277952
280555
281224
279762
280559
283498
283965
282878
283349
286398
287103
286925
287369
289951
289925
291148
292146
293171
293648
293791
298183
298870
297164
298111
303747
305488
302791
234057
232400
232213
231544
229927
230087
229693
228435
227967
228458
228151
226783
227645
227682
226593
226564
227532
227507
226338
227672
227977
226986
227240
228623
228858
227678
229247
229802
228972
229357
230886
231270
230468
231080
232387
232683
231998
233474
234040
233581
234182
235215
235681
235506
236180
236997
237364
237489
238308
238781
238990
239470
240239
240781
241006
241484
242485
242968
243100
243627
245023
245485
245424
246080
247959
248466
248113
248905
251246
251807
250670
253574
254432
253547
254083
257017
258169
257051
257729
260648
261968
260995
261894
264446
265736
264972
265961
267982
269104
268951
269964
271173
271955
272626
273634
275372
274902
275653
277225
278231
276975
277787
280421
281141
279629
280386
283363
283884
282759
283197
286254
287039
286846
287259
289846
289905
291121
292103
293148
293647
293863
298216
298879
297211
298182
303816
305561
302842
233968
232273
231943
231451
229904
229813
229555
228487
227836
228271
228136
226761
227435
227620
226651
226466
227390
227521
226342
227489
227946
227045
227147
228516
228876
227691
229098
229776
229047
229297
230766
231288
230499
230977
232344
232727
231999
233355
234045
233648
234114
235136
235723
235535
236086
236956
237435
237485
238194
238770
239071
239428
240130
240793
241058
241415
242389
242989
243128
243542
244943
245513
245434
245980
247893
248493
248105
248807
251196
251827
250680
253456
254390
253609
254053
256899
258140
257114
257721
260546
261948
261060
261890
264355
265728
265033
265953
267894
269113
269024
269966
271120
271954
272710
273663
275317
274888
275714
277255
278201
276976
277826
280453
281123
279611
280417
283394
283869
282714
283210
286284
287026
286785
287236
289889
289892
291032
292055
293173
293624
293824
298159
298850
297208
298129
303763
305540
302843
233681
232098
231711
231217
229749
229637
229358
228332
227737
228112
227964
226685
227302
227479
226555
226432
227264
227394
226284
227402
227826
226988
227132
228427
228759
227677
229046
229694
228991
229305
230701
231200
230478
230992
232291
232638
232012
233325
233988
233613
234126
235114
235663
235510
236101
236925
237370
237470
238194
238722
239008
239410
240106
240727
241000
241417
242350
242915
243083
243547
244893
245438
245401
245987
247836
248413
248080
248816
251138
251754
250694
253461
254333
253569
254060
256908
258094
257084
257734
260561
261913
261038
261906
264376
265704
265012
265962
267911
269100
269013
269974
271150
271958
272674
273671
275338
274894
275696
277259
278223
276989
277833
280454
281134
279612
280389
283364
283868
282699
283170
286240
287018
286765
287188
289855
289876
290995
292000
293140
293593
293825
298098
298781
297191
298139
303768
305492
302816
233524
231986
231490
231064
229712
229415
229212
228327
227636
227965
227882
226681
227146
227393
226594
226354
227170
227352
226293
227285
227769
227047
227088
228338
228728
227711
228949
229655
229051
229273
230619
231181
230510
230937
232255
232649
232019
233255
233978
233662
234081
235061
235672
235530
236045
236895
237397
237463
238118
238708
239056
239371
240029
240732
241036
241359
242267
242921
243105
243480
244818
245443
245411
245914
247769
248416
248081
248743
251083
251766
250722
253348
254294
253636
254070
256801
258065
257149
257750
260466
261895
261102
261922
264289
265691
265075
265971
267843
269097
269076
269986
271116
271958
272728
273690
275300
274885
275744
277282
278194
276979
277872
280482
281105
279581
280421
283388
283840
282644
283184
286265
287000
286696
287167
289883
289863
290914
291952
293160
293580
293794
298030
298756
297203
298099
303716
305471
302820
233167
231781
231202
230775
229527
229198
228969
228137
227514
227765
227673
226583
226980
227218
226474
226278
227042
227191
226239
227165
227635
226973
227063
228230
228593
227687
228872
229555
228991
229258
230545
231080
230474
230950
232190
232551
232021
233219
233913
233621
234091
235031
235604
235500
236060
236856
237320
237448
238105
238651
238990
239356
240002
240654
240978
241352
242221
242834
243056
243482
244763
245357
245371
245920
247707
248328
248047
248754
251022
251687
250725
253298
254225
253610
254081
256806
258015
257127
257763
260481
261857
261089
261940
264305
265656
265066
265984
267864
269084
269067
269995
271144
271956
272685
273701
275320
274894
275744
277289
278210
276984
277859
280490
281114
279577
280377
283361
283839
282623
283137
286220
286996
286665
287108
289842
289849
290869
291888
293123
293545
293796
297964
298681
297185
298111
303722
305415
302793
233046
231660
230937
230666
229519
228894
228854
228227
227373
227597
227651
226594
226774
227181
226573
226154
226938
227215
226260
226996
227626
227087
226975
228133
228627
227735
228719
229549
229116
229199
230443
231121
230531
230844
232160
232625
232019
233102
233944
233713
234009
234956
235670
235536
235943
236824
237399
237433
237970
238661
239084
239289
239882
240682
241040
241255
242121
242873
243093
243372
244683
245403
245394
245809
247640
248372
248061
248650
250965
251737
250762
253163
254178
253715
254102
256675
257984
257234
257788
260366
261837
261195
261965
264198
265641
265173
266001
267768
269085
269171
270010
271075
271958
272771
273717
275235
274888
275810
277304
278147
276971
277903
280512
281058
279538
280410
283384
283788
282556
283147
286246
286955
286578
287080
289882
289821
290769
291837
293164
293545
293755
297894
298666
297216
298072
303676
305393
302812
232736
231560
230750
230406
229380
228780
228636
228027
227323
227420
227422
226517
226641
226980
226428
226132
226778
227000
226212
226868
227436
226970
226959
227985
228422
227689
228620
229386
229004
229183
230341
230951
230466
230861
232066
232465
232022
233071
233845
233650
234041
234964
235584
235514
236016
236835
237328
237456
238037
238664
239051
239351
239954
240647
241005
241321
242142
242804
243054
243416
244651
245297
245345
245830
247551
248225
247998
248656
250821
251566
250702
253078
254031
253595
254029
256586
257823
257108
257727
260291
261693
261089
261918
264151
265537
265098
266008
267789
269055
269141
270027
271166
272018
272793
273770
275393
275040
275878
277380
278353
277168
278005
280619
281255
279731
280532
283486
283944
282705
283257
286304
287055
286662
287137
289910
289866
290775
291794
293109
293494
293712
297746
298508
297123
297978
303492
305193
302688
232051
231218
230413
229917
229044
228550
228294
227665
227187
227198
227077
226377
226513
226755
226235
226109
226646
226763
226182
226803
227296
226877
227000
227920
228267
227709
228628
229308
228947
229232
230329
230850
230455
230936
232036
232339
232061
233087
233771
233588
234071
234943
235467
235459
236040
236768
237165
237407
238013
238525
238870
239300
239898
240476
240848
241294
242075
242640
242945
243428
244595
245159
245290
245865
247525
248123
247993
248735
250846
251505
250765
253153
254047
253596
254067
256657
257881
257142
257779
260367
261753
261130
261962
264223
265582
265122
266037
267834
269060
269121
270036
271196
271931
272633
273692
275350
274888
275696
277237
278235
276975
277785
280437
281122
279534
280291
283291
283814
282527
283028
286089
286962
286535
286955
289763
289794
290713
291707
293064
293477
293784
297775
298496
297187
298075
303587
305272
302767
232021
231160
230050
229804
229154
228189
228104
227878
227066
226958
227115
226458
226232
226687
226430
225999
226477
226851
226265
226565
227268
227067
226920
227776
228344
227809
228414
229274
229137
229185
230179
230898
230553
230815
231972
232450
232081
232927
233783
233730
233995
234827
235535
235532
235911
236702
237283
237413
237852
238509
239030
239247
239741
240508
240955
241201
241943
242684
243007
243311
244485
245211
245323
245735
247436
248186
248010
248602
250778
251574
250798
252987
254005
253730
254078
256493
257872
257281
257793
260218
261753
261271
261982
264089
265586
265255
266055
267717
269053
269248
270057
271126
271933
272772
273731
275281
274871
275791
277274
278192
276967
277850
280489
281089
279496
280335
283350
283789
282457
283048
286130
286955
286440
286928
289836
289815
290588
291642
293110
293472
293732
297693
298461
297209
298015
303506
305245
302786
231420
230794
229591
229332
228813
227832
227703
227523
226841
226628
226762
226271
225962
226395
226203
225877
226227
226576
226166
226354
227047
226924
226855
227591
228138
227762
228264
229109
229048
229155
230056
230752
230505
230807
231866
232309
232076
232855
233683
233681
234003
234767
235444
235497
235922
236639
237182
237390
237819
238424
238939
239224
239695
240411
240865
241182
241888
242574
242932
243299
244415
245100
245263
245740
247358
248076
247970
248615
250698
251465
250798
252937
253916
253689
254090
256490
257799
257258
257822
260230
261693
261263
262015
264106
265536
265251
266081
267737
269026
269243
270071
271168
271933
272701
273741
275313
274883
275756
277272
278221
276975
277803
280458
281098
279490
280279
283305
283785
282438
282971
286059
286954
286408
286848
289784
289789
290537
291559
293060
293434
293737
297618
298365
297191
298035
303517
305173
302765
231303
230752
229295
229167
228936
227496
227526
227741
226742
226450
226754
226387
225751
226329
226424
225814
226105
226642
226291
226185
227032
227150
226824
227492
228204
227900
228104
229082
229269
229141
229949
230788
230638
230732
231822
232407
232115
232734
233692
233835
233946
234671
235498
235577
235813
236582
237271
237397
237672
238424
239082
239166
239551
240440
240962
241084
241759
242615
242990
243188
244303
245146
245297
245628
247269
248130
247996
248509
250634
251526
250844
252793
253873
253823
254108
256346
257774
257398
257854
260098
261681
261410
262054
263993
265526
265388
266115
267638
269018
269364
270095
271112
271932
272808
273767
275257
274873
275834
277303
278176
276950
277861
280494
281043
279438
280327
283349
283736
282366
282980
286102
286932
286304
286819
289835
289779
290421
291494
293102
293429
293698
297531
298341
297227
297999
303430
305147
302798
230680
230352
228705
228653
228572
227055
227036
227368
226472
226027
226382
226175
225399
225980
226171
225646
225778
226331
226158
225893
226748
226970
226711
227235
227959
227821
227893
228851
229161
229077
229765
230610
230580
230692
231674
232242
232099
232618
233560
233783
233935
234579
235398
235538
235806
236496
237165
237376
237613
238327
238995
239149
239490
240331
240871
241068
241689
242496
242911
243171
244219
245027
245232
245616
247178
248013
247950
248522
250542
251410
250838
252733
253778
253777
254107
256288
257692
257372
257881
260098
261612
261401
262089
264009
265471
265385
266142
267657
268975
269363
270111
271152
271916
272720
273778
275295
274883
275792
277304
278213
276957
277799
280455
281058
279438
280257
283300
283732
282366
282866
286042
286928
286270
286727
289767
289760
290370
291399
293039
293385
293702
297456
298229
297203
298022
303440
305061
302776
230556
230258
228387
228492
228707
226649
226874
227639
226339
225851
226389
226287
225171
225937
226447
225554
225679
226419
226298
225730
226768
227265
226675
227161
228062
228004
227739
228869
229468
229081
229662
230691
230768
230626
231655
232379
232166
232485
233596
233983
233879
234482
235481
235642
235690
236448
237280
237390
237445
238342
239188
239078
239328
240385
240992
240951
241551
242557
242980
243044
244103
245091
245274
245497
247087
248084
247984
248416
250478
251490
250894
252576
253741
253936
254140
256143
257675
257539
257933
259967
261607
261576
262144
263896
265466
265548
266188
267553
268973
269507
270139
271092
271924
272875
273807
275232
274878
275880
277333
278152
276931
277866
280489
280995
279389
280309
283340
283667
282299
282872
286092
286893
286164
286701
289819
289749
290254
291330
293089
293380
293668
297357
298207
297257
297998
303345
305036
302818
229792
229867
227845
227846
228294
226280
226315
227150
226125
225417
225915
226068
224860
225505
226122
225438
225332
226007
226163
225465
226388
227011
226601
226873
227710
227906
227529
228543
229265
229036
229442
230416
230665
230622
231452
232108
232159
232368
233396
233867
233897
234385
235295
235575
235730
236342
237084
237371
237429
238199
238971
239091
239319
240207
240851
240981
241503
242375
242879
243080
244028
244907
245196
245533
246991
247904
247930
248456
250372
251314
250887
252588
253630
253831
254145
256164
257579
257465
257960
259994
261522
261527
262181
263927
265396
265505
266218
267590
268909
269458
270159
271170
271918
272629
273818
275306
274897
275799
277328
278215
276954
277773
280434
281042
279410
280210
283269
283686
282313
282746
286000
286900
286152
286596
289717
289733
290227
291224
292997
293323
293694
297271
298067
297230
298029
303357
304930
302786
229723
229654
227434
227698
228353
225738
226150
227463
225929
225203
225946
226147
224567
225485
226418
225295
225227
226125
226277
225264
226430
227341
226546
226805
227844
228106
227355
228598
229637
229051
229348
230542
230892
230564
231472
232284
232263
232239
233479
234123
233845
234300
235418
235709
235606
236311
237240
237398
237234
238279
239413
239006
239080
240346
241022
240838
241358
242467
242958
242933
243912
244988
245242
245403
246901
247988
247970
248351
250309
251407
250952
252424
253596
254005
254197
256021
257569
257658
258032
259868
261521
261731
262258
263816
265397
265696
266282
267489
268910
269627
270198
271107
271937
272989
273852
275234
274898
275891
277357
278139
276935
277848
280467
280974
279368
280263
283299
283619
282237
282761
286046
286855
286049
286589
289774
289721
290106
291149
293063
293316
293667
228608
229433
227262
226862
227845
225767
225571
226696
225906
224917
225211
225918
224516
224934
225910
225398
224960
225471
226170
225204
225926
226923
226655
226573
227258
228003
227311
228173
229228
229110
229202
230044
230706
230716
231223
231772
232285
232227
233141
233858
233948
234246
235033
235575
235791
236189
236805
237376
237374
237974
238823
239222
239444
239970
240711
240970
241385
242136
242789
243082
243879
244657
245129
245561
246820
247663
247901
248514
250196
251096
250943
252513
253464
253771
254210
256100
257448
257474
258064
259944
261406
261577
262296
263898
265294
265555
266314
267591
268829
269487
270220
271265
271914
272526
273864
275378
274925
275726
277311
278260
276979
277697
280383
281074
279415
280114
283186
283679
282278
282618
285894
286880
286085
286464
289615
289706
290133
291024
292919
293241
293739
228084
228295
225892
226308
227421
224615
225146
226792
225412
224475
225131
225770
223947
224808
226067
225042
224721
225490
226126
224842
225896
227153
226460
226416
227320
228094
227030
228201
229564
229057
229061
230151
230877
230601
231227
231944
232366
232032
233230
234126
233850
234132
235175
235689
235575
236139
236939
237366
237006
237951
239084
238741
238831
240062
240826
240709
241192
242248
242857
242877
243760
244758
245159
245385
246738
247761
247927
248383
250148
251206
251010
252330
253451
253971
254267
255943
257459
257712
258152
259805
261425
261820
262393
263773
265307
265780
266391
267470
268838
269686
270266
271168
271881
272797
273895
275259
274906
275813
277333
278129
276940
277753
280399
280956
279349
280152
283204
283571
282178
282597
285932
286799
285958
286412
289674
289667
289971
290935
293017
293227
293713
228308
229932
227954
227110
228546
226437
226079
227019
226633
225463
225070
226400
225223
225091
226160
226161
225406
225318
226709
225879
226046
227210
227438
226988
227133
228531
227925
228346
229506
229774
229592
229970
231029
231475
231424
231645
232782
232601
233167
234052
234426
234517
234968
235773
236294
236404
236890
237735
237681
238060
238886
239406
239698
240033
240879
241231
241594
242087
242800
243354
243969
244461
245119
245823
246806
247387
247921
248775
250107
250795
251044
252611
253396
253645
254314
256196
257357
257416
258227
260040
261322
261581
262488
264018
265245
265582
266485
267757
268865
269537
270361
271578
272121
272633
274003
275709
275209
275819
277454
278620
277362
277851
280530
281431
279801
280311
283323
283959
282587
225426
227420
225779
224380
225686
225090
223988
224402
225618
224329
223096
225130
224505
223671
224548
225699
224526
223652
225846
225442
224847
225881
227171
226320
225664
227795
227712
227365
228280
229562
229229
228783
230287
231627
230808
230340
232511
232581
232368
233205
234449
234334
233959
235190
236504
235970
235268
237211
237820
237409
237896
239073
239362
239237
239894
241243
241530
241243
242269
243496
243866
243756
244799
246073
246691
246737
247739
249114
249998
250195
250987
252921
253242
253159
254325
256472
257222
257021
258273
260286
261174
261249
262538
264234
265104
265265
266512
267943
268708
269185
270286
271773
271837
272028
273820
275793
274977
275308
277163
278563
277059
277303
280134
281300
279518
279772
282849
283799
282353
225555
227671
225898
224744
226670
225044
224312
225655
225652
224173
223538
225423
224348
223660
225088
225658
224362
223977
226073
225292
224892
226388
227180
226174
226008
228104
227552
227409
228868
229690
229097
229067
230687
231597
230783
230882
232781
232425
232501
233762
234524
234229
234364
235602
236358
236000
236630
237714
237480
237513
238532
239155
239219
239481
240555
241166
241326
241695
242533
243353
243731
243941
244906
245909
246588
246906
247808
248953
249932
250369
251074
252712
253202
253442
254413
256290
257222
257343
258415
260132
261190
261582
262702
264097
265107
265563
266647
267825
268703
269450
270385
271719
271900
272368
273912
275731
274969
275439
277241
278517
277043
277409
280212
281271
279489
279848
282930
283777
282271
224437
227008
225511
223827
225606
224933
223667
224068
225450
223966
222351
224899
224410
223114
224105
225768
224250
223047
225814
225409
224436
225653
227356
226113
225192
227845
227744
227017
228074
229784
229124
228319
230239
231992
230548
229799
232722
232634
231986
233031
234714
234312
233425
235084
236938
235863
234848
237451
238019
237232
237731
239227
239546
239001
239807
241485
241613
240737
242054
243667
243790
243334
244652
246275
246571
246295
247646
249357
249860
249753
251004
253055
253082
252921
254416
256585
257065
256895
258450
260380
261013
261203
262749
264314
264952
265249
266687
268044
268595
269160
270409
272050
271871
271880
273913
275992
275008
275167
277153
278728
277106
277173
280076
281444
279584
279640
282729
283886
282369
223972
226475
224989
223372
225423
224379
223250
224339
225132
223567
222468
224934
223950
223020
224600
225451
223959
223352
225881
225083
224346
226062
227127
225863
225368
227994
227454
226950
228563
229753
228896
228500
230561
231798
230477
230398
232919
232358
232119
233789
234711
234094
234027
235636
236505
235813
235785
237662
237616
237236
238266
239238
239235
239125
240255
241264
241208
241403
242447
243437
243610
243584
244786
246033
246454
246543
247734
249121
249794
250022
251106
252781
253064
253307
254529
256351
257089
257344
258629
260176
261047
261670
262956
264132
264979
265668
266857
267874
268598
269514
270520
271931
271869
272176
273997
275874
274979
275310
277223
278605
277042
277287
280158
281334
279486
279719
282807
283792
282221
223380
225885
224567
222836
224690
224125
222838
223444
224857
223329
221756
224431
223891
222539
223656
225497
223836
222390
225574
225150
223930
225199
227271
225829
224629
227754
227612
226643
227810
229820
228945
227879
230159
232195
230293
229262
232833
232563
231551
232669
234834
234128
232965
235054
237012
235700
234722
237545
237947
236976
237588
239287
239496
238719
239670
241484
241469
240470
241740
243762
243668
242967
244524
246394
246438
245933
247564
249516
249726
249405
251030
253108
252945
252780
254517
256625
256910
256877
258655
260390
260835
261257
262987
264303
264779
265331
266887
268043
268452
269226
270536
272250
271833
271730
274008
276106
275009
275050
277144
278787
277099
277066
280029
281484
279577
279524
282608
283896
222563
224959
223870
222141
224163
223441
222280
223257
224325
222860
221553
224236
223484
222305
223884
225066
223499
222695
225548
224724
223864
225746
226911
225520
224983
227849
227121
226576
228459
229614
228545
228160
230489
231618
230179
230163
232975
232146
231815
233735
234696
233842
233526
235501
236645
235598
235309
237699
237536
236983
238153
239247
239114
238860
240125
241261
241100
240986
242381
243298
243419
243361
244721
246037
246292
246312
247688
249158
249650
249811
251150
252702
252931
253314
254653
256283
256957
257483
258865
260092
260904
261901
263241
264032
264833
265944
267114
267778
268475
269761
270687
272024
271827
272113
274128
275912
274963
275275
277239
278580
277001
277249
280130
281301
279432
279662
282716
222493
224665
223544
222070
223799
223272
222167
222806
224149
222713
221229
223828
223317
222011
223267
225010
223373
222061
225204
224714
223490
224947
227024
225486
224242
227557
227320
226270
227511
229715
228674
227452
229999
232147
230023
228969
232900
232389
231344
232781
234817
233903
232868
235140
236980
235503
234541
237597
237782
236755
237553
239286
239341
238501
239612
241450
241288
240381
241729
243959
243520
242719
244469
246402
246277
245713
247530
249545
249584
249203
251080
253009
252815
252799
254657
256542
256779
256995
258890
260293
260680
261440
263261
264176
264593
265549
267125
267909
268278
269421
270676
272445
271764
271648
274148
276122
274973
275014
277167
278736
277048
277041
280009
281436
279513
279480
221426
223356
222582
221123
222845
222330
221351
222182
223240
222016
220698
223296
222803
221579
223116
224350
222881
222004
224954
224271
223318
225175
226466
225063
224501
227531
226740
226178
228121
229343
228125
227796
230265
231316
229817
229832
232889
231757
231453
233462
234520
233483
233241
235459
236444
235321
235146
237710
237206
236764
238204
239166
238794
238691
240139
241108
240802
240795
242254
242883
242998
243323
244744
245834
246069
246287
247698
248978
249473
249813
251217
252393
252787
253537
254804
255996
256828
257775
259098
259812
260759
262264
263546
263749
264669
266393
267421
267491
268316
270221
270870
271728
271731
272187
274324
275804
274895
275362
277306
278420
276899
277325
280163
281148
279297
221462
223154
222278
221274
222766
222248
221505
222223
223319
222144
221030
223320
222784
221762
223037
224539
223102
222034
224889
224379
223348
224910
226695
225293
224290
227411
227027
226173
227702
229586
228481
227551
230112
231951
229937
229276
232959
232164
231346
233149
234811
233733
232950
235313
236873
235382
234709
237716
237524
236692
237849
239276
239104
238508
239830
241362
241100
240487
242039
243930
243727
242973
244606
246279
246125
245817
247604
249381
249448
249322
251231
252700
252725
253125
254843
256295
256726
257372
259147
260089
260615
261855
263581
263993
264487
266010
267444
267728
268147
269884
270905
272635
271722
271771
274361
276060
220068
221468
220791
219871
221256
220753
220045
220839
221662
220639
219587
221883
221497
220384
221854
222906
221570
220759
223593
223074
222025
223942
225097
223668
223164
226254
225503
224758
226891
228029
226656
226492
229107
230017
228281
228716
231702
230323
230141
232555
233387
232112
232239
234645
235318
234110
234420
236970
236065
235754
237673
238370
237719
237911
239656
240321
239847
240162
241779
242417
242062
242712
244307
245122
245355
245984
247403
248349
248895
249641
251042
251644
252179
253436
254533
255144
256163
257633
258810
258919
259962
262055
263250
262796
263747
266187
267147
266532
267340
270024
270448
271128
270984
271702
274083
275212
220096
221148
220474
220115
221244
220564
220335
221219
221649
220858
220558
222158
221382
221143
222481
222979
222140
222087
223990
223070
223064
224778
225261
224418
224661
226795
225611
225931
228012
228368
227389
227968
229961
230266
229425
230245
232306
230847
231526
233833
233847
232867
233720
235617
235561
234982
235875
237597
236168
236763
238997
238763
237960
238995
240713
240487
240176
241359
242688
242560
242966
244287
245041
245000
245702
247064
247842
248095
249198
250610
251384
251289
252647
254645
254974
254960
256746
258919
259326
258873
260668
263403
263870
262870
264535
267638
267871
266679
268145
271657
271378
271752
271721
272814
274699
275393
219273
220256
219771
219451
220491
220047
219820
220577
221115
220458
220057
221636
221233
220828
222014
222770
221973
221635
223677
223257
222838
224391
225345
224429
224174
226609
226079
225763
227531
228531
227556
227486
229727
230638
229262
229598
232171
231001
231048
233235
233861
232730
233071
235217
235679
234690
235177
237379
236285
236384
238382
238738
238032
238521
240254
240630
240185
240773
242328
242819
242664
243016
244654
245381
245573
246379
247721
248462
249010
249974
251359
251590
252420
254053
254988
255239
256483
258372
259340
259129
260391
262837
263870
263091
264221
267014
267809
266837
267745
270635
270894
271861
271407
272136
274555
275518
218455
219312
218856
218769
219708
219217
219166
219982
220329
219776
219706
220972
220437
220399
221526
221944
221373
221469
223002
222382
222492
223931
224403
223793
224082
225911
225042
225378
227155
227586
226828
227352
229193
229475
228842
229628
231510
230255
230951
233145
233231
232358
233236
235142
235072
234571
235525
237255
235784
236476
238776
238526
237668
238746
240565
240278
239910
241135
242565
242327
242490
243856
244968
244788
245479
246952
247857
247971
249011
250548
251488
251011
252482
254801
255119
254704
256569
259096
259446
258592
260483
263529
263966
262557
264321
267780
267999
266309
267880
271939
271289
271727
271472
272675
217660
218490
218143
218135
219031
218664
218680
219443
219831
219372
219357
220545
220161
220152
221179
221702
221216
221268
222764
222393
222422
223721
224425
223885
223989
225839
225407
225488
227008
227855
227224
227372
229248
230058
229139
229506
231730
230836
231000
232962
233620
232658
233027
235004
235474
234589
235102
237169
236097
236321
238284
238612
237889
238442
240187
240516
240064
240744
242298
242697
242548
243290
244756
245373
245473
246346
247759
248411
248871
249908
251460
251374
252295
254202
255120
255057
256350
258520
259465
258966
260271
262952
263995
262969
264124
267136
268005
266790
267626
270893
271135
272039
216739
217547
217256
217367
218230
217895
218004
218778
219122
218747
218856
219924
219557
219676
220654
221080
220716
220907
222188
221834
222030
223225
223751
223389
223683
225201
224756
225060
226467
227053
226608
226997
228537
229042
228579
229133
230860
230097
230560
232336
232774
232138
232723
234467
234776
234280
234969
236772
235737
236216
238210
238357
237702
238460
240201
240280
239926
240806
242328
242449
242449
243446
244805
244905
245413
246584
247839
248247
248887
250172
251591
251156
252357
254650
255287
254875
256428
258957
259595
258751
260344
263352
264079
262683
264190
267632
268122
266354
267709
271515
215859
216686
216471
216656
217516
217263
217428
218196
218568
218255
218427
219459
219156
219326
220271
220722
220417
220651
221882
221613
221843
222970
223558
223268
223552
225019
224753
225032
226322
227052
226733
227037
228559
229286
228812
229190
231012
230550
230801
232389
233187
232590
232872
234588
235293
234577
234908
236873
236207
236320
237954
238549
238024
238365
239949
240558
240151
240578
242136
242824
242584
243101
244689
245589
245443
246065
247745
248704
248786
249555
251552
251515
252179
254045
255253
255198
256184
258361
259560
259077
260086
262729
264041
263101
263980
266831
268099
266838
267558
214875
215721
215576
215818
216687
216494
216703
217487
217869
217632
217854
218849
218597
218815
219737
220173
219947
220229
221380
221163
221439
222508
223052
222862
223193
224510
224320
224646
225836
226475
226292
226646
227952
228564
228325
228744
230228
229962
230284
231618
232301
232003
232315
233777
234427
234055
234421
236146
235756
235949
237423
238068
237782
238113
239626
240245
240004
240413
241953
242613
242475
243000
244584
245283
245340
246101
247781
248682
248770
249618
251673
251470
252222
254295
255420
255188
256243
258612
259697
259037
260146
262991
264129
262929
264041
267194
268197
266685
213954
214842
214744
215055
215953
215807
216072
216879
217290
217092
217362
218360
218141
218402
219326
219776
219583
219903
221035
220853
221171
222222
222775
222627
222997
224273
224138
224502
225653
226310
226201
226581
227842
228513
228357
228772
230203
230103
230437
231682
232487
232316
232603
233989
234813
234469
234704
236392
236261
236347
237525
238411
238226
238337
239652
240607
240347
240459
241944
243027
242727
242886
244602
245846
245539
245774
247799
249163
248754
249118
251674
251811
252120
253799
255413
255515
256072
258084
259664
259358
259926
262332
264064
263385
263866
266530
268136
267080
212925
213842
213806
214162
215082
215000
215294
216112
216556
216430
216732
217720
217566
217841
218755
219221
219092
219436
220535
220411
220740
221762
222309
222229
222619
223829
223761
224133
225225
225856
225834
226225
227382
228004
227972
228398
229645
229690
230018
231088
231806
231835
232099
233263
234016
233921
234136
235574
235747
235834
236773
237718
237829
237899
239094
240092
240041
240120
241597
242686
242491
242642
244413
245618
245298
245623
247738
249101
248649
249065
251739
251752
252042
253882
255460
255422
255973
258167
259614
259107
259749
262467
264021
263143
263798
266696
268152
266858
212028
212994
212997
213423
214391
214324
214688
215555
216025
215915
216265
217278
217130
217455
218397
218877
218760
219135
220245
220123
220491
221522
222072
222009
222427
223626
223568
223978
225067
225693
225692
226124
227258
227876
227900
228343
229543
229647
230045
231070
231783
231919
232262
233345
234127
234166
234452
235726
236027
236233
237078
238054
238231
238340
239367
240491
240479
240487
241821
243120
242897
242881
244623
246128
245723
245837
248130
249630
248871
249020
251942
252080
252295
253956
255761
255904
256240
258288
260127
260070
260343
262368
264255
263785
263973
266364
268268
267493
210680
211647
211754
212184
213146
213189
213539
214399
214919
214849
215232
216247
216169
216481
217427
217934
217849
218262
219367
219302
219656
220692
221258
221225
221677
222864
222867
223254
224347
224978
225035
225492
226604
227208
227305
227809
228938
229128
229535
230517
231193
231441
231821
232798
233514
233709
233985
235096
235600
235796
236469
237380
237731
237877
238768
239804
239908
239973
241248
242446
242218
242268
244022
245396
244719
244749
247015
248775
247791
247973
251186
251269
250889
252681
254628
254701
254585
256617
258448
258390
258465
260959
263001
262405
262518
265222
267082
265976
209962
210976
211167
211656
212647
212752
213177
214057
214607
214617
215027
216046
215998
216377
217319
217842
217814
218235
219326
219279
219695
220717
221273
221287
221749
222894
222902
223353
224408
225002
225102
225588
226644
227202
227371
227875
228915
229112
229592
230535
231116
231420
231894
232757
233364
233719
234173
235025
235459
235911
236617
237343
237718
238180
239006
239814
240054
240530
241615
242504
242566
243123
244569
245580
245446
246226
248109
249091
248729
249495
252016
251483
252256
254618
255741
255204
256130
258769
259797
259029
259884
262469
263658
262713
263637
266482
267695
266356
208924
209935
210206
210751
211735
211912
212394
213261
213834
213906
214363
215356
215383
215791
216715
217250
217281
217735
218807
218809
219246
220240
220814
220868
221355
222478
222536
222994
224024
224632
224775
225270
226302
226876
227081
227597
228619
228860
229344
230255
230856
231210
231693
232531
233150
233543
234003
234815
235360
235815
236458
237220
237701
238132
238895
239783
240079
240477
241530
242576
242582
242999
244482
245705
245353
245826
247808
249231
248539
249052
251884
251533
251857
253893
255476
255260
255553
257742
259404
259213
259692
261959
263563
263219
263699
265985
267709
267076
)
;

boundaryField
{
    inlet
    {
        type            fixedFluxPressure;
        gradient        nonuniform List<scalar> 0();
        value           nonuniform List<scalar> 0();
    }
    outlet
    {
        type            prghPressure;
        p               nonuniform List<scalar> 0();
        value           nonuniform List<scalar> 0();
    }
    front
    {
        type            empty;
    }
    back
    {
        type            empty;
    }
    hub
    {
        type            zeroGradient;
    }
    tip
    {
        type            zeroGradient;
    }
    procBoundary6to1
    {
        type            processor;
        value           nonuniform List<scalar> 
85
(
237418
237414
237413
237412
237411
237408
237406
237404
237402
237399
237391
237385
237380
237373
237365
237354
237340
237325
237320
237304
237283
237260
237235
237201
237164
237146
237108
237066
237011
236947
236913
236844
236755
236708
236616
236527
236414
236271
236196
236061
235877
235763
235591
235355
235184
234907
234624
234381
234026
233765
233517
233008
232633
232056
231725
231026
230696
229999
229598
229162
227797
229408
226997
226728
226181
225448
225039
224040
223796
222581
222286
220687
220334
219436
218450
217547
216533
215569
214519
213532
212461
211494
210105
209351
208241
)
;
    }
    procBoundary6to5
    {
        type            processor;
        value           nonuniform List<scalar> 
155
(
297170
298049
297289
298047
303260
304909
302844
297170
297069
282767
285999
287060
286289
286550
289680
289790
290207
290956
292893
293156
296961
293846
282767
282268
282315
282139
282169
282321
282321
283740
283740
282522
282522
279690
274923
275122
277315
278606
276982
277158
280061
281298
279690
279410
274923
274296
274805
274840
274648
275345
271255
274840
271992
271334
271255
272048
271334
270854
270854
267581
267581
267461
267391
267540
265972
267211
207868
208908
209234
209825
210827
211059
211567
212474
213069
213210
213688
214692
214760
215205
216135
216692
216767
217244
218302
218348
218803
219801
220379
220478
220976
222088
222170
222655
223674
224289
224453
224976
225987
226569
226802
227342
228341
228604
229117
230021
230607
230993
231513
232330
232914
233372
233893
234639
235168
235700
236358
237037
237529
238075
238811
239581
239936
240504
241474
242382
242486
243114
244498
245510
245291
245999
247848
248889
248450
249186
251788
251184
251795
254059
255268
254780
255455
257846
259075
258693
259398
261734
262992
262512
263223
265496
266892
267361
266105
)
;
    }
    procBoundary6to7
    {
        type            processor;
        value           nonuniform List<scalar> 
58
(
305780
305769
305757
305747
305747
305732
305720
305707
305693
305693
305674
305657
305640
305622
305603
305584
305562
305537
305538
305514
305490
305464
305438
305408
305371
305377
305344
305314
305277
305229
305235
305194
305137
305148
305102
305107
305056
304982
305003
304948
304860
304894
304828
304725
304766
304687
304700
304628
304639
304617
304495
304559
304471
304491
304463
304487
304498
304539
)
;
    }
}


// ************************************************************************* //
