/*--------------------------------*- C++ -*----------------------------------*\
| =========                 |                                                 |
| \\      /  F ield         | OpenFOAM: The Open Source CFD Toolbox           |
|  \\    /   O peration     | Version:  v2012                                 |
|   \\  /    A nd           | Website:  www.openfoam.com                      |
|    \\/     M anipulation  |                                                 |
\*---------------------------------------------------------------------------*/
FoamFile
{
    version     2.0;
    format      ascii;
    class       volScalarField;
    location    "1e-06";
    object      totalP;
}
// * * * * * * * * * * * * * * * * * * * * * * * * * * * * * * * * * * * * * //

dimensions      [1 -1 -2 0 0 0 0];


internalField   nonuniform List<scalar> 
10123
(
239554
237221
237399
236449
234320
234744
234101
232424
231789
232504
232120
229968
231379
231223
229672
229477
230790
230741
228756
230697
230865
229447
229584
231198
231412
229621
231728
232101
230941
231269
232834
233261
232172
232748
234108
234442
233513
235012
235575
235019
235543
236583
237120
236823
237390
238274
238776
238671
239433
240229
240333
240788
241594
242165
242374
242809
243872
244428
244454
244920
246469
247052
246761
247336
249474
250091
249408
250185
252729
253457
251670
254933
255985
254887
255385
258441
259505
258257
258972
261934
263151
262108
263174
265443
266905
265957
267043
269022
269897
270049
270952
271840
273077
273566
274423
276300
275837
276834
278047
278997
277752
278850
281478
281944
280468
281480
284484
284715
283907
284125
287539
288242
288017
288305
291308
291029
292572
293639
294445
295003
294958
300022
300464
298492
299985
305670
306918
304334
239922
237553
237754
236810
234582
235040
234452
232688
232028
232789
232385
230411
231606
231476
229856
229658
231003
230928
229077
230855
231042
229572
229706
231340
231540
229837
231825
232218
231022
231340
232918
233341
232227
232807
234179
234499
233558
235063
235633
235060
235580
236629
237164
236855
237426
238318
238816
238746
239466
240262
240357
240806
241619
242192
242392
242823
243892
244450
244466
244930
246481
247066
246767
247338
249477
250096
249409
250178
252723
253455
251671
254918
255976
254878
255373
258426
259500
258254
258970
261932
263154
262112
263173
265445
266914
265968
267051
269032
269913
270065
270972
271861
273096
273586
274439
276312
275848
276846
278067
279018
277770
278863
281489
281955
280477
281484
284488
284721
283911
284127
287541
288243
288018
288305
291308
291029
292568
293636
294442
295002
294957
300021
300466
298495
299991
305682
306930
304346
240337
237933
238124
237184
234935
235370
234780
233002
232321
233066
232658
230575
231857
231717
230083
229867
231198
231119
229192
231026
231207
229726
229846
231468
231665
229909
231937
232326
231121
231427
232998
233424
232305
232872
234242
234565
233616
235114
235687
235111
235624
236670
237209
236898
237464
238357
238855
238769
239506
240303
240403
240845
241655
242231
242431
242856
243922
244484
244498
244954
246503
247090
246789
247352
249488
250110
249420
250177
252726
253458
251667
254919
255976
254876
255366
258412
259493
258247
258957
261915
263147
262105
263160
265433
266911
265965
267043
269026
269913
270067
270968
271855
273096
273586
274436
276330
275865
276858
278061
279019
277772
278855
281483
281956
280479
281476
284486
284722
283912
284128
287540
288244
288019
288304
291309
291029
292564
293633
294440
295002
294957
300020
300468
298499
299986
305693
306930
304361
240391
238040
238162
237232
234998
235410
234816
233039
232364
233097
232694
230665
231881
231746
230110
229892
231218
231141
229249
231039
231225
229742
229859
231479
231680
229947
231941
232339
231129
231435
233005
233433
232316
232874
234249
234571
233625
235116
235692
235114
235626
236671
237213
236904
237464
238357
238859
238777
239507
240301
240403
240844
241653
242231
242429
242852
243919
244484
244498
244949
246499
247091
246789
247346
249489
250110
249419
250168
252727
253459
251662
254919
255974
254873
255358
258412
259491
258245
258951
261915
263148
262102
263152
265435
266912
265966
267047
269028
269915
270069
270975
271861
273100
273591
274446
276332
275867
276857
278073
279028
277775
278857
281487
281959
280480
281477
284487
284723
283913
284129
287541
288244
288019
288303
291310
291029
292563
293630
294438
295002
294956
300020
300467
298499
299977
305681
306947
304364
240619
238228
238368
237444
235178
235592
234999
233206
232516
233247
232846
230785
232010
231875
230225
229997
231319
231242
229327
231124
231310
229815
229924
231542
231744
229994
231989
232393
231172
231471
233044
233470
232346
232898
234277
234599
233644
235140
235715
235134
235641
236689
237231
236918
237478
238374
238875
238790
239524
240310
240417
240853
241662
242243
242439
242858
243928
244493
244504
244950
246505
247096
246790
247340
249490
250111
249415
250157
252725
253457
251651
254916
255968
254868
255347
258408
259486
258241
258943
261911
263150
262101
263146
265434
266918
265973
267048
269032
269926
270080
270984
271870
273110
273603
274454
276346
275879
276864
278078
279037
277782
278855
281488
281963
280482
281471
284486
284724
283912
284127
287534
288242
288018
288300
291309
291027
292559
293627
294438
295003
294957
300024
300472
298505
299986
305694
306961
304380
240744
238329
238476
237555
235271
235686
235095
233293
232592
233323
232923
230827
232072
231939
230278
230043
231366
231289
229348
231158
231347
229843
229947
231565
231768
230002
232001
232412
231183
231478
233052
233481
232352
232899
234282
234606
233645
235140
235720
235135
235640
236689
237234
236920
237477
238374
238879
238788
239529
240308
240420
240851
241660
242244
242438
242852
243924
244493
244501
244940
246497
247093
246784
247326
249479
250105
249407
250138
252712
253448
251635
254900
255957
254857
255335
258391
259477
258233
258931
261898
263150
262096
263138
265429
266922
265978
267049
269035
269936
270091
270992
271881
273125
273618
274467
276361
275894
276879
278093
279052
277794
278868
281498
281974
280490
281479
284492
284731
283917
284131
287536
288245
288020
288301
291310
291027
292554
293623
294435
295003
294955
300021
300474
298508
299978
305691
306971
304390
240766
238355
238491
237581
235287
235701
235111
233307
232604
233335
232939
230842
232079
231951
230284
230047
231372
231297
229350
231159
231353
229843
229944
231565
231772
230002
231996
232417
231179
231472
233051
233482
232349
232892
234283
234606
233639
235141
235720
235132
235635
236685
237234
236917
237472
238371
238878
238784
239530
240301
240420
240846
241656
242244
242435
242845
243920
244492
244498
244931
246497
247092
246779
247315
249479
250104
249400
250125
252711
253447
251624
254900
255953
254853
255326
258390
259473
258229
258921
261899
263152
262091
263129
265431
266922
265978
267045
269037
269938
270090
270993
271883
273123
273617
274473
276364
275894
276873
278097
279055
277794
278869
281500
281976
280490
281480
284493
284732
283917
284132
287536
288245
288020
288302
291309
291027
292551
293619
294432
295002
294953
300022
300474
298508
299966
305688
306974
304390
240818
238389
238533
237628
235317
235736
235148
233337
232626
233363
232967
230854
232098
231974
230297
230056
231385
231311
229352
231164
231363
229844
229942
231566
231776
229994
231991
232420
231173
231463
233050
233480
232341
232880
234280
234602
233628
235137
235716
235124
235625
236678
237229
236910
237463
238366
238874
238776
239528
240290
240416
240836
241647
242240
242427
242833
243915
244488
244490
244916
246492
247087
246770
247299
249473
250096
249390
250106
252706
253441
251606
254895
255944
254845
255315
258387
259466
258223
258909
261901
263155
262090
263122
265427
266928
265984
267045
269040
269949
270099
271001
271892
273133
273630
274486
276376
275905
276881
278109
279067
277802
278878
281508
281983
280495
281485
284497
284736
283918
284134
287538
288245
288021
288303
291308
291027
292546
293616
294431
295003
294953
300024
300478
298512
299960
305689
306986
304400
240826
238388
238536
237635
235314
235738
235153
233338
232623
233364
232971
230839
232097
231977
230292
230049
231383
231312
229336
231159
231363
229836
229932
231561
231774
229978
231981
232419
231164
231451
233047
233477
232332
232868
234277
234599
233616
235135
235713
235117
235616
236672
237226
236903
237455
238363
238871
238767
239528
240282
240414
240828
241641
242239
242422
242823
243914
244487
244484
244905
246492
247085
246763
247286
249472
250093
249381
250091
252705
253439
251590
254896
255939
254840
255305
258387
259462
258219
258897
261903
263157
262085
263113
265429
266929
265983
267040
269043
269952
270098
271001
271896
273134
273629
274492
276380
275907
276884
278114
279071
277803
278881
281511
281986
280495
281488
284499
284739
283918
284136
287539
288245
288021
288305
291306
291027
292543
293611
294428
295002
294951
300022
300478
298511
299947
305681
306989
304398
240834
238381
238536
237643
235305
235736
235154
233334
232612
233360
232972
230824
232088
231973
230279
230032
231372
231304
229315
231143
231353
229818
229910
231548
231762
229957
231960
232407
231144
231428
233032
233463
232313
232844
234263
234585
233595
235121
235700
235099
235597
236659
237213
236888
237437
238350
238859
238753
239518
240264
240402
240811
241625
242229
242408
242804
243903
244477
244471
244884
246481
247074
246748
247264
249463
250083
249367
250069
252697
253432
251572
254890
255930
254833
255295
258384
259456
258215
258885
261906
263162
262086
263107
265437
266937
265992
267041
269047
269965
270110
271009
271904
273143
273641
274506
276391
275918
276888
278127
279081
277809
278878
281515
281992
280498
281481
284499
284742
283918
284135
287532
288244
288021
288306
291303
291028
292539
293609
294430
295004
294952
300028
300485
298518
299955
305693
307007
304412
240812
238350
238506
237623
235272
235707
235132
233306
232578
233330
232948
230787
232055
231946
230246
229995
231340
231275
229278
231108
231324
229783
229872
231515
231734
229922
231924
232381
231110
231394
233001
233437
232285
232809
234236
234561
233568
235093
235678
235075
235571
236635
237194
236868
237414
238330
238842
238734
239505
240242
240385
240791
241605
242216
242390
242782
243884
244463
244453
244859
246462
247058
246730
247236
249442
250067
249351
250040
252677
253420
251549
254869
255914
254819
255281
258364
259446
258204
258872
261892
263161
262082
263098
265431
266942
265997
267041
269050
269976
270119
271015
271916
273157
273657
274520
276408
275934
276904
278142
279099
277822
278890
281527
282006
280508
281489
284507
284752
283924
284142
287537
288247
288024
288310
291303
291029
292534
293604
294427
295003
294949
300025
300487
298519
299943
305686
307017
304418
240796
238320
238485
237609
235242
235685
235117
233286
232551
233312
232934
230758
232035
231932
230223
229970
231323
231261
229249
231088
231311
229761
229847
231498
231721
229896
231903
232370
231090
231371
232985
233425
232265
232789
234225
234551
233548
235080
235670
235061
235556
236623
237186
236855
237401
238320
238834
238721
239500
240230
240377
240778
241595
242211
242380
242767
243879
244457
244442
244842
246458
247052
246719
247219
249439
250060
249339
250022
252674
253415
251530
254868
255906
254812
255272
258349
259442
258193
258860
261894
263162
262077
263088
265434
266942
265996
267036
269053
269980
270119
271018
271921
273156
273657
274528
276411
275937
276898
278151
279105
277824
278894
281532
282010
280510
281491
284510
284756
283924
284144
287538
288247
288024
288312
291299
291029
292530
293600
294423
295003
294945
300022
300487
298518
299928
305679
307021
304415
240752
238268
238435
237567
235192
235638
235076
233243
232504
233268
232897
230708
231991
231894
230181
229924
231284
231226
229203
231048
231277
229722
229805
231461
231690
229856
231865
232341
231055
231334
232953
233398
232235
232753
234200
234527
233517
235053
235648
235035
235529
236598
237165
236833
237376
238300
238816
238700
239485
240206
240359
240755
241573
242196
242361
242742
243864
244442
244424
244817
246445
247037
246701
247193
249428
250047
249324
249997
252667
253407
251507
254865
255894
254803
255263
258332
259439
258183
258849
261894
263166
262077
263081
265431
266950
266004
267037
269057
269994
270129
271026
271937
273166
273673
274542
276424
275950
276904
278164
279119
277833
278905
281543
282020
280516
281500
284517
284763
283927
284149
287541
288248
288026
288315
291297
291030
292525
293596
294422
295004
294945
300024
300492
298523
299919
305681
307035
304424
240723
238224
238401
237541
235151
235606
235052
233214
232467
233241
232874
230669
231962
231873
230150
229891
231261
231205
229167
231021
231257
229694
229774
231439
231672
229825
231839
232325
231031
231307
232933
233383
232212
232729
234185
234514
233494
235037
235637
235019
235511
236583
237156
236818
237361
238289
238806
238684
239479
240192
240349
240739
241561
242189
242349
242725
243858
244435
244411
244799
246440
247029
246688
247174
249424
250039
249312
249977
252665
253402
251487
254865
255884
254795
255257
258315
259437
258171
258837
261896
263167
262072
263071
265435
266950
266003
267032
269057
269999
270128
271028
271942
273165
273674
274551
276429
275953
276900
278174
279125
277836
278910
281548
282025
280518
281504
284520
284768
283927
284152
287542
288248
288026
288318
291293
291031
292522
293591
294418
295003
294941
300021
300492
298521
299903
305672
307040
304421
240656
238153
238329
237477
235084
235538
234991
233153
232403
233180
232820
230607
231902
231820
230095
229832
231207
231156
229110
230968
231211
229645
229722
231392
231631
229778
231791
232287
230988
231263
232892
233349
232176
232686
234152
234483
233459
235003
235609
234989
235479
236553
237131
236792
237332
238265
238783
238660
239460
240165
240326
240714
241535
242170
242326
242698
243836
244417
244390
244771
246425
247011
246668
247147
249412
250023
249295
249951
252657
253392
251464
254860
255870
254786
255251
258296
259434
258161
258826
261885
263171
262073
263064
265433
266958
266012
267033
269061
270015
270140
271037
271960
273176
273693
274568
276441
275968
276908
278191
279141
277847
278925
281561
282036
280525
281514
284528
284776
283930
284158
287546
288249
288028
288323
291290
291033
292518
293588
294418
295004
294941
300022
300498
298526
299894
305673
307055
304430
240615
238096
238282
237441
235031
235493
234957
233114
232355
233143
232789
230558
231863
231789
230057
229790
231176
231128
229067
230934
231185
229611
229685
231365
231607
229741
231760
232267
230960
231231
232868
233330
232149
232658
234135
234467
233432
234983
235596
234970
235458
236537
237118
236774
237314
238254
238772
238643
239453
240149
240313
240696
241520
242161
242312
242679
243824
244408
244376
244752
246419
247001
246653
247126
249403
250013
249282
249930
252653
253386
251442
254861
255858
254779
255243
258284
259430
258150
258814
261886
263172
262068
263054
265438
266959
266012
267029
269066
270020
270140
271040
271967
273174
273696
274578
276451
275972
276903
278201
279148
277850
278930
281567
282041
280528
281519
284531
284782
283929
284161
287548
288249
288029
288325
291285
291033
292518
293582
294414
295002
294937
300018
300498
298525
299878
305666
307060
304427
240525
238008
238188
237358
234948
235406
234878
233037
232275
233063
232718
230484
231786
231720
229989
229718
231108
231066
229001
230866
231126
229552
229621
231306
231555
229687
231701
232218
230910
231180
232819
233288
232107
232609
234093
234430
233393
234942
235562
234935
235421
236502
237089
236745
237281
238224
238745
238617
239430
240119
240288
240668
241492
242138
242287
242649
243796
244387
244353
244722
246393
246980
246632
247096
249379
249995
249265
249901
252632
253374
251418
254845
255840
254768
255229
258285
259425
258140
258802
261873
263175
262070
263047
265435
266967
266022
267031
269071
270038
270153
271049
271987
273187
273717
274597
276456
275990
276913
278221
279166
277864
278945
281582
282055
280538
281531
284541
284793
283934
284170
287553
288251
288031
288331
291284
291035
292514
293579
294414
295003
294937
300018
300504
298529
299868
305664
307076
304436
240488
237948
238145
237327
234894
235363
234849
233000
232228
233029
232688
230432
231749
231692
229951
229677
231079
231038
228955
230834
231101
229519
229585
231280
231531
229648
231672
232198
230883
231148
232796
233270
232079
232583
234076
234414
233366
234924
235550
234917
235402
236488
237078
236727
237266
238213
238735
238599
239425
240106
240276
240651
241480
242131
242274
242632
243785
244378
244338
244704
246378
246970
246616
247076
249364
249983
249251
249880
252615
253363
251396
254830
255822
254756
255211
258289
259417
258125
258788
261853
263169
262060
263035
265421
266962
266018
267025
269062
270040
270149
271053
271992
273192
273722
274609
276469
275998
276917
278233
279178
277872
278954
281591
282066
280546
281538
284546
284803
283937
284178
287557
288253
288034
288338
291279
291035
292507
293571
294407
294999
294929
300004
300497
298522
299843
305638
307072
304425
240450
237888
238107
237295
234844
235325
234822
232963
232185
233004
232664
230385
231721
231674
229921
229644
231061
231019
228915
230815
231088
229494
229557
231269
231518
229615
231660
232189
230864
231124
232788
233261
232057
232569
234071
234404
233343
234917
235544
234902
235386
236481
237071
236711
237258
238207
238726
238583
239420
240094
240265
240634
241475
242124
242261
242617
243780
244372
244326
244690
246375
246964
246604
247063
249363
249979
249242
249878
252616
253364
251380
254832
255815
254757
255197
258295
259422
258123
258784
261859
263176
262061
263042
265428
266966
266021
267033
269067
270048
270149
271061
271999
273186
273720
274618
276459
275993
276904
278243
279175
277865
278936
281584
282061
280538
281520
284537
284800
283929
284174
287542
288247
288029
288341
291268
291036
292509
293569
294408
295000
294932
300008
300504
298527
299848
305644
307086
304428
240335
237778
237988
237188
234742
235215
234722
232869
232089
232906
232575
230297
231627
231589
229842
229560
230979
230945
228840
230735
231018
229428
229486
231200
231457
229554
231592
232133
230809
231066
232732
233213
232010
232514
234025
234363
233299
234871
235506
234864
235345
236442
237038
236678
237220
238178
238696
238553
239393
240060
240236
240603
241442
242096
242233
242585
243749
244347
244300
244659
246347
246941
246581
247032
249339
249960
249225
249851
252598
253351
251359
254830
255794
254750
255178
258304
259421
258119
258775
261852
263182
262067
263037
265445
266978
266037
267038
269074
270072
270166
271073
272024
273201
273746
274641
276477
276014
276921
278264
279194
277882
278957
281600
282075
280551
281534
284548
284812
283933
284185
287549
288247
288033
288349
291266
291038
292505
293566
294410
295001
294933
300009
300512
298533
299840
305656
307105
304438
240264
237697
237912
237126
234668
235142
234663
232807
232019
232845
232521
230234
231566
231539
229787
229501
230930
230898
228786
230683
230976
229382
229435
231159
231420
229510
231548
232099
230773
231025
232698
233185
231976
232479
233999
234338
233268
234844
235486
234840
235318
236421
237020
236656
237198
238161
238679
238533
239382
240041
240218
240581
241423
242081
242215
242563
243731
244333
244282
244637
246327
246926
246563
247008
249320
249945
249211
249829
252580
253338
251340
254830
255774
254742
255159
258310
259416
258109
258763
261854
263180
262062
263028
265452
266977
266038
267047
269079
270080
270166
271076
272034
273200
273755
274656
276482
276019
276917
278278
279203
277888
278965
281609
282082
280556
281543
284553
284819
283933
284191
287552
288246
288034
288354
291260
291039
292507
293559
294405
294998
294930
300000
300510
298531
299822
305648
307109
304434
240122
237562
237763
236992
234545
235007
234535
232693
231903
232722
232409
230130
231450
231432
229692
229400
230828
230806
228699
230586
230888
229303
229351
231076
231345
229440
231468
232030
230709
230959
232631
233127
231922
232416
233944
234289
233218
234790
235441
234797
235273
236376
236981
236619
237156
238122
238644
238500
239347
240003
240185
240547
241386
242049
242184
242529
243696
244304
244253
244603
246294
246900
246538
246975
249290
249922
249193
249801
252555
253321
251321
254818
255752
254733
255142
258317
259415
258106
258755
261843
263187
262069
263025
265471
266990
266056
267054
269089
270108
270186
271092
272064
273219
273785
274683
276503
276044
276944
278303
279226
277910
278988
281629
282099
280572
281560
284566
284833
283939
284204
287561
288248
288038
288364
291258
291042
292503
293557
294408
294999
294933
299999
300519
298538
299814
305651
307130
304446
240038
237472
237672
236917
234462
234920
234464
232621
231824
232650
232344
230061
231377
231372
229631
229334
230770
230752
228642
230526
230840
229252
229296
231028
231302
229394
231418
231991
230669
230914
232594
233096
231886
232377
233915
234261
233185
234760
235419
234771
235244
236352
236961
236595
237132
238104
238625
238479
239334
239982
240165
240524
241365
242031
242164
242506
243676
244287
244233
244580
246272
246883
246519
246951
249269
249906
249180
249781
252534
253305
251307
254817
255739
254716
255125
258323
259411
258098
258744
261848
263185
262066
263015
265480
266990
266059
267064
269098
270120
270188
271097
272076
273217
273796
274697
276507
276050
276940
278321
279236
277916
278998
281639
282106
280578
281569
284572
284841
283938
284212
287561
288247
288039
288370
291250
291043
292504
293550
294403
294996
294930
299989
300517
298537
299797
305646
307136
304443
239872
237317
237496
236756
234323
234761
234308
232488
231689
232502
232210
229945
231240
231244
229522
229218
230647
230643
228546
230411
230735
229163
229200
230928
231214
229317
231324
231908
230598
230839
232515
233028
231827
232307
233851
234205
233132
234699
235367
234724
235194
236302
236919
236556
237084
238059
238589
238445
239292
239942
240133
240487
241323
241998
242133
242470
243638
244256
244203
244545
246235
246853
246492
246915
249235
249879
249162
249752
252503
253281
251292
254792
255729
254690
255109
258304
259408
258095
258737
261836
263190
262075
263014
265482
267004
266081
267073
269110
270150
270213
271123
272110
273241
273833
274728
276527
276081
276972
278352
279264
277945
279031
281663
282127
280599
281593
284590
284859
283949
284232
287575
288251
288046
288383
291252
291047
292502
293549
294407
294997
294933
299988
300526
298545
299789
305643
307156
304456
239789
237222
237413
236682
234236
234678
234241
232417
231612
232435
232143
229869
231171
231185
229460
229154
230590
230584
228483
230352
230683
229111
229146
230880
231166
229265
231274
231866
230556
230795
232477
232992
231788
232271
233821
234174
233098
234671
235343
234697
235167
236282
236899
236531
237063
238041
238573
238424
239276
239926
240116
240466
241305
241984
242116
242451
243620
244240
244182
244525
246212
246832
246472
246892
249209
249855
249146
249733
252471
253250
251277
254769
255714
254655
255088
258276
259391
258076
258721
261809
263175
262060
263000
265465
266992
266074
267067
269101
270152
270207
271130
272123
273248
273842
274747
276545
276097
276983
278373
279286
277965
279045
281678
282146
280619
281607
284600
284877
283960
284249
287580
288255
288050
288396
291247
291048
292493
293538
294395
294989
294923
299962
300510
298533
299757
305602
307142
304438
239711
237138
237344
236619
234164
234610
234192
232356
231548
232389
232095
229813
231122
231149
229414
229109
230560
230549
228440
230319
230658
229077
229112
230862
231141
229233
231256
231849
230533
230769
232467
232977
231763
232258
233814
234157
233075
234663
235333
234679
235154
236275
236887
236512
237053
238034
238559
238406
239267
239912
240100
240444
241288
241972
242100
242435
243615
244227
244167
244516
246209
246821
246459
246889
249209
249846
249142
249741
252473
253239
251274
254783
255722
254646
255089
258287
259402
258083
258731
261823
263186
262069
263013
265481
267000
266085
267081
269112
270167
270210
271139
272133
273242
273841
274762
276534
276086
276965
278384
279278
277952
279020
281666
282135
280605
281579
284584
284869
283942
284239
287557
288244
288040
288398
291228
291047
292496
293540
294399
294990
294934
299969
300521
298545
299768
305616
307164
304449
239508
236952
237134
236425
233998
234424
234007
232202
231393
232218
231940
229678
230965
231002
229293
228981
230423
230426
228333
230192
230542
228982
229010
230754
231046
229150
231156
231759
230460
230691
232384
232906
231701
232186
233747
234099
233019
234599
235279
234632
235103
236221
236842
236470
237004
237988
238521
238369
239221
239871
240066
240405
241242
241937
242069
242397
243573
244194
244138
244481
246171
246791
246434
246856
249176
249820
249126
249737
252442
253215
251255
254791
255715
254633
255077
258271
259405
258091
258730
261835
263201
262087
263017
265514
267023
266117
267104
269130
270208
270244
271161
272176
273272
273887
274803
276563
276123
277007
278422
279310
277986
279055
281694
282157
280632
281608
284604
284888
283953
284261
287572
288246
288049
288415
291231
291053
292494
293542
294407
294992
294942
299969
300532
298557
299765
305642
307190
304467
239383
236838
237008
236312
233893
234306
233904
232106
231295
232119
231847
229599
230868
230918
229216
228902
230344
230351
228271
230113
230475
228921
228947
230692
230988
229102
231093
231707
230413
230642
232337
232864
231661
232145
233711
234063
232985
234564
235249
234602
235073
236202
236816
236443
236981
237966
238496
238348
239207
239847
240041
240382
241221
241913
242045
242375
243550
244171
244114
244459
246144
246767
246415
246833
249149
249794
249116
249739
252409
253195
251233
254798
255704
254615
255063
258250
259398
258085
258723
261845
263198
262087
263028
265528
267022
266125
267119
269144
270223
270249
271169
272194
273272
273903
274822
276570
276132
277006
278442
279322
277997
279071
281709
282167
280643
281621
284607
284898
283952
284273
287568
288243
288051
288423
291221
291053
292487
293533
294402
294987
294943
299955
300527
298557
299752
305638
307194
304464
239141
236622
236756
236075
233701
234082
233677
231923
231111
231911
231657
229445
230679
230736
229073
228750
230175
230201
228151
229958
230331
228809
228826
230559
230872
229009
230971
231595
230328
230552
232237
232779
231592
232057
233632
234001
232922
234490
235188
234551
235013
236140
236770
236404
236926
237914
238458
238311
239155
239804
240010
240341
241171
241876
242015
242334
243503
244138
244086
244419
246101
246735
246389
246796
249110
249760
249102
249738
252369
253180
251210
254774
255689
254604
255054
258229
259396
258093
258726
261837
263210
262108
263035
265539
267047
266162
267155
269165
270269
270291
271208
272243
273312
273960
274866
276601
276180
277053
278485
279361
278043
279122
281744
282197
280678
281661
284634
284923
283970
284305
287592
288251
288063
288446
291229
291061
292487
293537
294413
294991
294953
299954
300538
298570
299748
305637
307217
304485
239011
236492
236638
235955
233581
233969
233571
231816
231010
231812
231551
229348
230585
230644
228986
228670
230091
230111
228073
229878
230252
228737
228761
230489
230797
228946
230906
231532
230271
230500
232186
232724
231543
232012
233589
233959
232882
234458
235154
234515
234981
236113
236744
236378
236905
237892
238433
238289
239141
239785
239988
240319
241151
241857
241994
242314
243479
244116
244063
244398
246071
246703
246365
246773
249072
249714
249084
249723
252326
253142
251183
254739
255657
254568
255030
258191
259365
258066
258709
261805
263182
262087
263019
265521
267027
266151
267150
269177
270268
270283
271228
272263
273325
273975
274897
276633
276207
277073
278515
279397
278080
279145
281765
282229
280714
281685
284651
284950
283992
284333
287601
288261
288072
288464
291224
291063
292480
293523
294394
294978
294942
299913
300509
298554
299709
305580
307188
304460
238899
236397
236542
235866
233500
233876
233506
231741
230941
231756
231484
229292
230524
230598
228935
228628
230057
230064
228038
229847
230222
228703
228733
230471
230767
228924
230889
231515
230250
230480
232181
232707
231522
232006
233584
233938
232867
234451
235141
234502
234971
236108
236730
236361
236896
237885
238416
238273
239132
239767
239966
240299
241132
241838
241976
242299
243470
244101
244047
244398
246070
246684
246360
246778
249076
249693
249091
249734
252346
253140
251194
254753
255669
254576
255043
258209
259383
258085
258730
261830
263203
262107
263042
265548
267044
266171
267171
269195
270290
270293
271236
272278
273316
273971
274914
276618
276187
277048
278507
279382
278056
279108
281743
282210
280690
281642
284624
284937
283963
284311
287566
288243
288055
288451
291195
291061
292470
293527
294401
294980
294964
299925
300525
298574
299731
305601
307222
304481
238610
236135
236242
235588
233274
233607
233238
231537
230721
231517
231272
229112
230308
230390
228778
228456
229868
229899
227902
229677
230062
228583
228602
230326
230643
228823
230758
231394
230164
230383
232077
232620
231450
231915
233501
233879
232799
234371
235081
234459
234905
236039
236691
236324
236834
237833
238387
238235
239073
239727
239944
240254
241075
241810
241956
242252
243418
244076
244027
244357
246026
246654
246342
246746
249042
249652
249084
249693
252357
253119
251200
254723
255659
254579
255041
258193
259388
258107
258740
261832
263225
262142
263063
265581
267080
266222
267204
269224
270352
270351
271273
272323
273368
274044
274972
276658
276248
277112
278564
279429
278115
279171
281787
282247
280735
281691
284658
284966
283984
284349
287591
288250
288071
288478
291210
291071
292471
293539
294424
294987
294980
299927
300537
298593
299732
305610
307252
304509
238448
235994
236094
235439
233138
233473
233103
231405
230602
231392
231148
229013
230192
230273
228672
228362
229760
229792
227824
229579
229963
228496
228528
230238
230553
228760
230680
231313
230093
230324
232015
232556
231396
231864
233447
233831
232756
234334
235038
234416
234875
236009
236659
236297
236817
237810
238360
238217
239057
239707
239920
240235
241056
241787
241935
242234
243392
244049
244002
244335
245992
246613
246318
246723
249001
249597
249055
249650
252327
253064
251193
254669
255613
254539
255015
258145
259342
258074
258720
261795
263186
262116
263044
265560
267053
266208
267193
269239
270350
270342
271293
272347
273385
274064
275006
276701
276285
277136
278599
279478
278167
279205
281813
282292
280786
281722
284682
285003
284015
284388
287606
288265
288086
288499
291209
291073
292476
293523
294401
294969
294967
299872
300495
298572
299689
305538
307207
304478
238313
235873
235982
235333
233042
233367
233024
231320
230528
231323
231063
228952
230127
230220
228620
228325
229725
229732
227789
229547
229931
228470
228509
230223
230514
228740
230665
231296
230079
230313
232012
232535
231383
231869
233445
233806
232742
234331
235031
234404
234868
236007
236645
236281
236812
237806
238337
238202
239051
239686
239895
240217
241042
241763
241915
242222
243381
244030
243984
244335
245992
246588
246319
246734
249015
249587
249043
249668
252352
253054
251232
254689
255627
254553
255040
258176
259365
258098
258754
261829
263214
262141
263078
265594
267076
266234
267227
269267
270375
270356
271316
272372
273376
274057
275000
276691
276256
277104
278586
279458
278134
279156
281781
282269
280753
281666
284645
284984
283978
284355
287562
288243
288063
288479
291172
291073
292466
293518
294408
294975
295000
299887
300514
298599
299718
305567
307247
304507
237970
235563
235619
235003
232778
233047
232709
231085
230281
231038
230810
228750
229873
229981
228451
228139
229512
229545
227639
229351
229754
228351
228373
230068
230380
228632
230519
231169
230002
230218
231902
232444
231315
231787
233361
233742
232676
234249
234975
234370
234808
235944
236609
236246
236758
237758
238309
238171
238998
239647
239875
240180
240989
241731
241899
242183
243334
244007
243965
244298
245952
246558
246312
246707
249017
249584
249008
249645
252367
253043
251258
254664
255629
254575
255048
258171
259386
258138
258776
261855
263257
262197
263107
265639
267134
266307
267275
269308
270456
270437
271366
272440
273447
274150
275085
276746
276332
277191
278658
279515
278206
279233
281838
282315
280807
281730
284690
285019
284002
284404
287599
288256
288081
288515
291195
291089
292464
293533
294441
294984
295025
299892
300532
298626
299730
305616
307290
304546
237760
235407
235434
234815
232630
232885
232550
230940
230163
230902
230665
228652
229747
229856
228347
228058
229410
229432
227574
229257
229657
228275
228317
229996
230297
228586
230450
231098
229946
230181
231860
232385
231275
231770
233323
233697
232652
234237
234934
234337
234801
235938
236574
236221
236756
237736
238273
238158
238993
239617
239843
240169
240974
241694
241875
242173
243314
243971
243939
244295
245930
246522
246288
246716
248992
249563
248973
249648
252349
253009
251282
254631
255611
254571
255054
258186
259379
258144
258800
261884
263257
262209
263135
265669
267142
266325
267304
269340
270480
270448
271390
272477
273454
274163
275089
276768
276349
277196
278689
279534
278227
279257
281843
282334
280824
281749
284689
285032
284000
284420
287585
288255
288083
288514
291181
291091
292453
293518
294432
294976
295036
299866
300515
298629
299748
305629
307287
304548
237372
235052
235016
234442
232334
232509
232192
230681
229871
230574
230391
228430
229450
229594
228167
227836
229161
229236
227416
229036
229467
228152
228156
229817
230163
228480
230291
230964
229869
230074
231739
232302
231219
231669
233234
233654
232593
234150
234883
234317
234742
235879
236553
236199
236701
237700
238262
238138
238938
239593
239842
240136
240922
241678
241880
242131
243271
243964
243933
244258
245893
246525
246276
246697
248962
249570
248965
249624
252341
253013
251330
254604
255610
254610
255087
258182
259403
258202
258863
261903
263304
262285
263208
265711
267205
266420
267385
269396
270580
270552
271475
272553
273561
274282
275177
276827
276447
277304
278771
279598
278328
279359
281913
282391
280898
281833
284746
285074
284041
284484
287633
288273
288103
288562
291217
291111
292455
293536
294475
295001
295066
299873
300539
298665
299763
305643
307327
304593
237125
234844
234815
234221
232140
232328
231998
230497
229715
230404
230201
228279
229303
229427
228025
227721
229015
229076
227297
228921
229323
228031
228067
229700
230032
228383
230207
230848
229771
230006
231662
232205
231154
231630
233157
233580
232547
234113
234818
234276
234722
235852
236503
236170
236706
237680
238215
238129
238942
239572
239812
240136
240925
241648
241863
242116
243254
243920
243910
244263
245851
246478
246236
246686
248902
249509
248918
249592
252267
252934
251324
254556
255534
254542
255057
258138
259328
258143
258839
261872
263243
262237
263189
265737
267158
266385
267386
269425
270574
270537
271514
272599
273591
274309
275234
276905
276516
277344
278830
279692
278424
279411
281963
282476
280988
281887
284788
285141
284102
284545
287661
288307
288139
288597
291218
291120
292454
293514
294444
294982
295056
299794
300466
298633
299711
305545
307247
304545
236933
234723
234681
234074
232030
232227
231900
230393
229659
230338
230101
228242
229254
229372
227970
227718
228992
229015
227306
228900
229291
228010
228092
229705
230000
228406
230207
230840
229766
230033
231687
232192
231154
231660
233170
233559
232565
234129
234804
234269
234737
235865
236480
236156
236720
237681
238176
238123
238947
239543
239770
240122
240926
241609
241818
242125
243256
243878
243890
244280
245860
246457
246222
246734
248921
249498
248933
249648
252295
252930
251395
254595
255566
254589
255099
258186
259378
258201
258886
261928
263298
262296
263238
265790
267206
266436
267431
269473
270611
270558
271520
272637
273574
274285
275219
276891
276468
277293
278795
279655
278363
279329
281905
282436
280924
281796
284725
285105
284038
284477
287591
288272
288101
288546
291162
291116
292442
293500
294453
294991
295108
299819
300492
298676
299760
305596
307309
304593
236490
234318
234219
233659
231699
231811
231512
230114
229342
229989
229809
228013
228941
229100
227793
227488
228734
228823
227166
228664
229101
227912
227940
229528
229879
228328
230037
230715
229728
229938
231581
232129
231125
231569
233099
233539
232526
234061
234780
234282
234691
235829
236488
236161
236682
237667
238200
238118
238907
239546
239803
240105
240887
241626
241836
242109
243226
243890
243913
244262
245837
246480
246245
246735
248905
249521
248972
249652
252301
252960
251470
254591
255590
254667
255166
258204
259432
258298
258978
261973
263380
262411
263340
265857
267307
266568
267544
269546
270746
270702
271632
272739
273713
274442
275346
276974
276597
277434
278906
279743
278491
279455
281998
282515
281017
281901
284802
285162
284091
284560
287658
288299
288132
288608
291216
291148
292449
293526
294513
295029
295148
299835
300523
298728
299786
305643
307365
304655
236191
234098
233987
233396
231478
231612
231281
229891
229180
229790
229581
227849
228774
228898
227628
227374
228556
228628
227041
228528
228923
227775
227855
229385
229721
228227
229935
230563
229622
229876
231495
232009
231054
231539
233005
233446
232477
234036
234714
234221
234698
235811
236429
236135
236701
237655
238156
238112
238923
239529
239774
240119
240902
241596
241803
242125
243231
243843
243885
244281
245798
246413
246211
246743
248827
249434
248928
249626
252203
252864
251448
254548
255494
254580
255125
258159
259339
258220
258943
261943
263303
262347
263311
265890
267252
266522
267541
269584
270739
270689
271678
272806
273753
274479
275414
277080
276694
277490
278983
279872
278620
279527
282071
282634
281138
281978
284866
285256
284178
284637
287694
288353
288185
288649
291225
291166
292460
293501
294477
295002
295133
299735
300429
298683
299726
305522
307258
304593
235949
233951
233836
233216
231345
231509
231165
229762
229128
229722
229464
227805
228735
228834
227571
227391
228539
228557
227055
228536
228901
227752
227899
229407
229693
228262
229964
230565
229626
229916
231548
232005
231065
231604
233033
233456
232476
234081
234712
234206
234734
235832
236394
236128
236736
237646
238107
238108
238939
239490
239720
240114
240910
241541
241753
242144
243218
243788
243859
244312
245813
246372
246206
246802
248853
249418
248952
249719
252240
252854
251545
254606
255533
254638
255191
258226
259400
258293
259018
262017
263369
262421
263381
265960
267309
266583
267600
269646
270783
270711
271700
272857
273730
274440
275396
277075
276628
277418
278934
279833
278538
279420
281993
282587
281052
281860
284782
285210
284096
284540
287602
288313
288135
288577
291156
291162
292446
293478
294483
295017
295199
299765
300455
298738
299795
305584
307331
304654
235480
233539
233365
232785
231018
231088
230774
229499
228818
229384
229178
227589
228439
228573
227414
227184
228306
228381
226934
228337
228744
227684
227766
229265
229607
228215
229832
230476
229639
229829
231500
231983
231068
231558
233013
233446
232518
234049
234734
234263
234731
235832
236437
236180
236741
237670
238169
238149
238936
239533
239799
240132
240905
241596
241816
242153
243217
243833
243916
244322
245820
246418
246266
246822
248866
249479
249023
249756
252280
252920
251644
254625
255594
254765
255267
258261
259496
258441
259107
262083
263493
262588
263499
266051
267453
266764
267749
269744
270959
270898
271851
273001
273906
274637
275565
277194
276788
277605
279088
279950
278694
279580
282124
282692
281167
281994
284891
285289
284164
284642
287693
288362
288172
288636
291232
291208
292456
293511
294561
295071
295246
299787
300497
298805
299829
305627
307398
304732
235147
233317
233100
232494
230788
230873
230518
229251
228657
229163
228925
227429
228253
228347
227227
227079
228108
228155
226826
228180
228538
227528
227688
229107
229423
228131
229711
230301
229518
229803
231382
231837
230990
231541
232921
233315
232513
234016
234654
234209
234756
235822
236374
236164
236784
237669
238124
238165
238968
239524
239776
240166
240933
241568
241793
242189
243234
243783
243889
244357
245786
246336
246234
246848
248780
249374
248985
249729
252164
252814
251602
254573
255483
254664
255213
258203
259389
258350
259059
262040
263403
262516
263461
266058
267390
266717
267744
269789
270946
270889
271900
273092
273961
274688
275642
277335
276918
277688
279179
280118
278857
279682
282225
282850
281324
282101
284984
285416
284282
284738
287751
288439
288240
288683
291255
291233
292471
293479
294525
295035
295219
299664
300380
298745
299756
305477
307258
304652
234820
233129
232941
232269
230616
230762
230381
229086
228600
229088
228770
227376
228231
228271
227158
227120
228085
228052
226871
228202
228508
227508
227761
229143
229379
228199
229771
230328
229506
229896
231429
231819
231031
231650
232960
233268
232600
234080
234650
234210
234822
235856
236330
236174
236851
237666
238046
238186
239003
239475
239697
240187
240952
241496
241737
242223
243223
243714
243866
244403
245805
246280
246248
246919
248814
249341
249031
249844
252214
252804
251726
254670
255539
254718
255314
258296
259464
258427
259173
262145
263483
262594
263562
266159
267465
266778
267831
269878
271006
270909
271964
273168
273932
274620
275648
277351
276827
277582
279132
280083
278747
279543
282132
282801
281210
281947
284878
285365
284178
284601
287629
288402
288174
288583
291166
291239
292456
293445
294516
295059
295305
299707
300403
298817
299849
305558
307345
304728
234500
232799
232462
231970
230418
230322
230063
228992
228338
228767
228633
227256
227927
228113
227145
226961
227885
228020
226844
227994
228456
227562
227670
229047
229413
228240
229657
230343
229629
229890
231373
231906
231134
231624
233007
233399
232688
234058
234758
234376
234852
235887
236481
236305
236863
237742
238225
238284
238998
239578
239882
240243
240950
241618
241887
242251
243235
243841
243990
244417
245837
246416
246358
246926
248871
249485
249135
249868
252304
252957
251862
254694
255655
254931
255425
258339
259612
258656
259320
262220
263657
262841
263726
266259
267666
267033
268001
269988
271232
271181
272146
273311
274145
274900
275849
277482
277013
277828
279319
280218
278924
279745
282300
282919
281337
282116
285024
285459
284250
284727
287753
288474
288208
288657
291293
291299
292452
293486
294624
295109
295350
299746
300466
298896
299886
305614
307434
304829
234168
232583
232191
231701
230230
230114
229840
228812
228216
228590
228444
227166
227783
227964
227045
226924
227759
227894
226792
227914
228344
227518
227670
228974
229315
228247
229628
230283
229602
229929
231338
231849
231148
231675
232986
233349
232741
234067
234737
234383
234908
235903
236461
236323
236922
237746
238202
238311
239039
239565
239862
240268
240964
241586
241870
242294
243229
243801
243985
244462
245819
246377
246365
246974
248846
249445
249151
249921
252282
252929
251923
254746
255637
254941
255485
258399
259608
258682
259390
262290
263667
262878
263803
266337
267688
267072
268071
270064
271265
271229
272214
273400
274192
274919
275915
277559
277059
277857
279376
280291
278972
279792
282347
282975
281369
282120
285033
285496
284261
284712
287740
288498
288210
288628
291284
291309
292435
293447
294613
295103
295375
299703
300418
298908
299924
305639
307407
304833
233956
232424
231933
231513
230167
229876
229681
228804
228120
228459
228381
227190
227665
227922
227134
226905
227737
227925
226881
227888
228385
227679
227734
229008
229406
228409
229669
230391
229805
230045
231418
231992
231342
231787
233135
233532
232922
234179
234916
234611
235042
236043
236659
236524
237048
237914
238412
238482
239145
239742
240082
240398
241063
241770
242069
242397
243320
243976
244163
244552
245917
246548
246534
247063
248961
249619
249320
250023
252423
253124
252133
254828
255810
255206
255689
258501
259806
258958
259614
262419
263890
263166
264037
266485
267928
267369
268306
270234
271520
271528
272450
273600
274445
275205
276148
277741
277286
278126
279595
280458
279170
280026
282543
283111
281513
282319
285196
285601
284348
284864
287882
288588
288257
288724
291413
291390
292456
293508
294732
295182
295443
299748
300503
299019
299989
305712
307512
304954
233622
232240
231670
231247
230006
229687
229463
228643
228028
228290
228205
227124
227536
227781
227054
226870
227649
227807
226869
227816
228295
227655
227761
228949
229324
228437
229649
230343
229806
230091
231403
231951
231368
231866
233126
233501
232988
234209
234911
234640
235121
236074
236655
236560
237131
237931
238401
238528
239195
239739
240082
240444
241094
241744
242072
242450
243325
243941
244172
244613
245910
246515
246550
247127
248946
249586
249342
250093
252410
253104
252195
254840
255790
255245
255765
258572
259808
259006
259696
262502
263907
263224
264126
266570
267949
267432
268390
270325
271561
271590
272529
273696
274494
275226
276226
277826
277343
278182
279665
280534
279219
280061
282608
283172
281546
282313
285217
285644
284358
284846
287874
288620
288254
288689
291402
291405
292438
293464
294721
295176
295474
299703
300451
299035
300034
305742
307481
304963
233769
232373
231676
231405
230240
229636
229620
228974
228129
228388
228433
227375
227586
228011
227395
226995
227820
228087
227140
227915
228564
228023
227935
229142
229630
228749
229778
230635
230201
230305
231601
232283
231699
232046
233412
233858
233264
234390
235249
235008
235318
236304
237015
236865
237294
238204
238756
238776
239336
240042
240432
240626
241240
242044
242371
242589
243483
244232
244434
244733
246084
246802
246793
247248
249138
249870
249582
250231
252623
253400
252468
254962
256025
255607
256031
258710
260070
259378
259976
262666
264190
263606
264412
266749
268243
267819
268671
270514
271872
271974
272802
273904
274796
275587
276488
278002
277616
278509
279903
280704
279454
280340
282824
283314
281717
282549
285405
285755
284463
285027
288041
288710
288307
288805
291566
291489
292460
293545
294881
295282
295551
299766
300564
299177
300117
305840
307604
305113
233578
232391
231594
231243
230216
229628
229484
228881
228186
228297
228298
227399
227547
227887
227352
227072
227737
227961
227190
227874
228448
228006
228017
229068
229513
228805
229767
230542
230188
230389
231576
232194
231738
232156
233383
233790
233369
234441
235221
235044
235446
236383
237006
236945
237453
238275
238767
238895
239478
240102
240483
240776
241377
242066
242420
242735
243560
244221
244476
244850
246102
246755
246825
247338
249095
249784
249601
250304
252525
253294
252492
254945
255923
255554
256045
258689
259955
259323
260004
262660
264093
263571
264457
266771
268186
267815
268770
270602
271887
272010
272912
274061
274899
275670
276630
278222
277809
278630
280061
280969
279688
280486
283001
283565
281942
282705
285563
285959
284641
285162
288140
288852
288416
288880
291623
291573
292490
293517
294849
295269
295535
299636
300427
299124
300057
305676
307424
305025
233043
232226
231393
230878
230035
229539
229242
228653
228194
228180
228067
227402
227535
227756
227282
227176
227693
227831
227290
227913
228394
228030
228177
229088
229457
228948
229876
230544
230240
230556
231649
232185
231843
232336
233424
233764
233525
234547
235224
235088
235586
236437
236972
236997
237575
238272
238692
238953
239539
240026
240390
240826
241392
241958
242349
242798
243552
244120
244453
244944
246099
246680
246855
247448
249118
249748
249683
250455
252598
253304
252648
255091
255987
255630
256178
258830
260063
259433
260154
262807
264204
263689
264601
266913
268281
267914
268897
270718
271940
272062
273014
274160
274857
275575
276639
278248
277699
278505
279997
280917
279533
280312
282885
283492
281779
282499
285421
285883
284492
284959
287965
288806
288314
288718
291507
291543
292453
293446
294830
295291
295635
299681
300438
299226
300189
305792
307524
305143
234009
233105
231951
231676
230995
229995
229899
229645
228816
228699
228836
228175
227936
228383
228122
227687
228172
228534
227960
228263
228967
228778
228640
229515
230081
229571
230188
231056
230939
231003
232020
232743
232426
232696
233878
234354
234009
234864
235726
235683
235954
236795
237500
237504
237877
238672
239241
239372
239798
240450
240952
241158
241640
242397
242828
243066
243809
244543
244864
245172
246365
247091
247224
247657
249401
250160
250033
250664
252906
253721
253015
255276
256326
256115
256525
259022
260438
259928
260507
263018
264591
264187
264959
267139
268671
268401
269249
270952
272311
272536
273360
274430
275223
276049
276987
278497
278022
278916
280318
281159
279830
280662
283187
283704
282001
282791
285691
286059
284637
285190
288185
288964
288396
288870
291735
291704
292480
293542
295022
295421
295727
299760
300557
299388
300274
305880
307668
305319
233765
233080
231819
231510
230962
229950
229751
229578
228876
228616
228739
228239
227915
228307
228133
227804
228119
228476
228073
228259
228928
228838
228779
229499
230061
229707
230220
231047
231031
231153
232053
232759
232544
232859
233905
234376
234164
234944
235763
235793
236121
236868
237550
237616
238038
238724
239280
239486
239900
240476
240996
241270
241712
242409
242866
243177
243857
244540
244908
245282
246387
247085
247276
247777
249408
250156
250102
250787
252908
253720
253126
255335
256318
256183
256648
259126
260447
260016
260649
263137
264612
264289
265104
267260
268701
268505
269384
271075
272360
272631
273477
274571
275294
276071
277094
278623
278100
278963
280407
281277
279898
280684
283236
283791
282049
282790
285716
286123
284664
285156
288172
289020
288404
288823
291728
291725
292468
293487
295010
295426
295772
299714
300496
299417
300342
305923
307629
305347
235709
235012
233425
233212
232847
231295
231292
231368
230296
229943
230171
229735
229032
229582
229594
228936
229204
229679
229292
229151
229982
230054
229705
230374
231049
230734
230927
231909
232071
231938
232761
233586
233434
233524
234638
235192
234905
235526
236485
236611
236717
237450
238260
238325
238548
239322
239978
240090
240347
241095
241705
241768
242136
243010
243490
243597
244270
245110
245462
245659
246797
247628
247785
248137
249828
250686
250590
251146
253347
254246
253629
255654
256774
256775
257116
259442
260914
260607
261125
263459
265085
264879
265575
267589
269163
269072
269835
271400
272809
273169
273901
274919
275726
276576
277499
278947
278495
279418
280785
281575
280236
281084
283577
284034
282310
283139
286020
286323
284853
285422
288435
289206
288517
289013
291970
291894
292538
293619
295231
295588
295907
299818
300656
299620
300479
306035
307803
305563
235722
235182
233408
233242
233005
231388
231249
231497
230498
229951
230249
229933
229104
229604
229741
229158
229209
229734
229488
229196
229996
230196
229908
230385
231098
230923
230994
231913
232233
232135
232807
233645
233609
233726
234679
235259
235104
235622
236543
236775
236919
237539
238351
238481
238743
239391
240063
240248
240469
241144
241802
241926
242233
243045
243572
243750
244339
245133
245542
245801
246836
247648
247866
248275
249848
250707
250682
251301
253360
254269
253758
255732
256780
256868
257249
259518
260931
260719
261286
263589
265115
265005
265741
267731
269203
269197
269988
271541
272855
273288
274036
275077
275794
276599
277623
279096
278584
279474
280893
281716
280315
281104
283636
284142
282373
283135
286054
286400
284909
285358
288442
289268
288531
288960
291956
291929
292534
293557
295213
295594
295960
299777
300584
299651
300555
306083
307754
305598
239089
238447
236342
236267
236143
233866
234034
234448
232970
232356
232715
232400
231150
231852
232116
231100
231154
231737
231468
230812
231801
232122
231450
231904
232696
232537
232225
233341
233817
233382
233955
234929
234933
234768
235809
236445
236194
236507
237606
237919
237792
238400
239357
239460
239489
240251
241017
241080
241117
242009
242765
242615
242848
243882
244408
244341
244941
245916
246283
246343
247428
248387
248548
248795
250442
251417
251334
251816
253964
254962
254413
256183
257394
257618
257861
259964
261544
261458
261896
264028
265716
265728
266330
268162
269775
269883
270539
271951
273402
273929
274541
275502
276319
277228
278099
279487
279060
280011
281334
282067
280724
281583
284034
284439
282703
283551
286408
286640
285163
285681
288761
289489
288691
289205
292242
292138
292644
293729
295480
295790
296134
299907
300780
299902
300737
306220
307962
305851
239342
238998
236694
236482
236611
234348
234173
234785
233532
232603
232965
232864
231510
232006
232455
231614
231330
231914
231873
231078
231889
232395
231877
232028
232804
232863
232438
233369
234033
233732
234075
235004
235183
235116
235876
236513
236501
236687
237670
238117
238110
238551
239435
239670
239803
240353
241081
241310
241343
242060
242800
242868
243050
243895
244505
244599
245077
245923
246402
246591
247515
248388
248673
249028
250491
251419
251469
252042
253992
254966
254589
256372
257411
257689
258044
260153
261572
261556
262097
264216
265750
265844
266533
268346
269819
269995
270728
272133
273443
274023
274710
275718
276411
277112
278253
279691
279172
280046
281464
282253
280832
281587
284101
284597
282800
283530
286442
286756
285243
285614
288754
289577
288739
289147
292206
292189
292673
293661
295441
295795
296218
299860
300687
299943
300831
306276
307900
305886
244296
243599
241048
241024
241029
238070
238420
239061
237200
236284
236696
236452
234666
235476
235903
234554
234362
234955
234770
233614
234687
235199
234234
234415
235226
235224
234378
235582
236317
235603
235861
236928
237068
236689
237586
238212
238067
238025
239232
239696
239361
239815
240849
240998
240871
241578
242385
242436
242259
243299
244274
243794
243858
245087
245621
245396
245926
246983
247362
247333
248349
249369
249553
249746
251313
252347
252306
252753
254808
255860
255418
256997
258223
258624
258824
260766
262367
262471
262859
264805
266508
266727
267256
268904
270531
270821
271392
272653
274109
274788
275308
276234
277047
278037
278807
280158
279747
280673
281970
282667
281335
282156
284561
284960
283215
284025
286847
287057
285556
286014
289126
289843
288962
289474
292551
292442
292830
293882
295771
296026
296443
244633
244861
242138
241405
241916
239344
238827
239547
238380
236977
237027
237338
235602
235776
236437
235629
234866
235186
235550
234345
234872
235616
235123
234798
235334
235815
234967
235679
236558
236276
236214
236946
237443
237360
237727
238198
238570
238437
239267
239893
239899
240107
240832
241278
241438
241742
242309
242777
242728
243258
244030
244348
244504
244968
245640
245840
246196
246902
247505
247769
248528
249281
249730
250167
251422
252260
252507
253160
254869
255782
255665
257312
258253
258615
259084
261056
262401
262503
263126
265080
266539
266776
267516
269173
270565
270868
271633
272930
274154
274820
275524
276557
277144
277729
279004
280458
279886
280646
282100
282934
281482
282121
284634
285194
283354
283971
286867
287236
285678
285945
289081
289971
289071
289406
292473
292517
292925
293802
295691
296036
296585
250411
249659
246857
246891
246975
243708
244214
244798
242903
241740
241890
241771
239683
240413
240816
239438
238973
239240
239272
237808
238729
239268
238294
238147
238649
238907
237709
238823
239599
238839
238783
239637
239921
239561
240154
240523
240668
240315
241451
241984
241593
241879
242771
242997
242855
243424
244010
244227
243869
244816
245675
245200
245296
246474
246995
246813
247330
248304
248709
248727
249670
250570
250822
251100
252543
253464
253540
254093
255973
256930
256690
258149
259341
259791
260044
261865
263444
263650
264053
265837
267513
267857
268384
269870
271455
271864
272413
273559
274970
275733
276215
277149
277848
278674
279629
280976
280551
281370
282670
283385
282065
282769
285147
285590
283840
284544
287330
287570
286053
286397
289515
290263
289344
289766
292884
292793
293105
294079
296112
296301
296864
252375
253231
250432
249152
249939
247078
246310
246623
245699
243912
243148
243984
242189
241727
242291
241836
240602
240194
241142
239845
239731
240465
240317
239483
239359
240371
239418
239612
240423
240400
239938
240111
240873
241110
240823
240870
241761
241411
241838
242526
242741
242680
243013
243645
244051
244022
244406
245089
244940
245225
245910
246304
246494
246742
247466
247726
248008
248430
249052
249551
250116
250552
251158
251849
252820
253363
253886
254768
256117
256786
257052
258689
259454
259720
260402
262354
263498
263594
264419
266289
267555
267838
268750
270313
271525
271865
272759
274029
275116
275763
276545
277731
278202
278670
279962
281589
280963
281516
283001
284031
282589
282986
285466
286211
284384
284800
287606
288093
286545
251107
252455
249766
247821
248652
247269
245399
245443
246206
243955
242436
244095
242742
241350
241955
242701
240666
239632
241525
240465
239413
240240
241187
239599
238799
240706
240097
239323
240093
241145
240240
239619
240987
242026
240696
240242
242275
241973
241533
242321
243429
242945
242487
243672
244807
243944
243256
245142
245521
244909
245372
246488
246518
246267
246913
248190
248243
247897
248936
250088
250264
250148
251237
252447
252923
253006
254092
255418
256205
256472
257374
259282
259485
259508
260771
262886
263538
263456
264796
266766
267566
267741
269101
270739
271529
271759
273060
274410
275089
275598
276720
278112
278035
278232
280005
281851
280839
281154
282916
284147
282388
282563
285250
286245
284193
284361
287282
288088
286393
258934
260065
257247
255543
256576
253980
252778
253243
252530
250269
249141
250342
248457
247370
248084
248049
246125
245305
246824
245354
244603
245481
245741
244197
243648
245229
244106
243669
244586
244962
243927
243594
244750
245287
244122
243931
245439
244772
244651
245562
246053
245519
245466
246416
246971
246414
246872
247720
247308
247220
248000
248435
248347
248489
249363
249830
249880
250141
250821
251549
251863
251980
252838
253801
254463
254707
255553
256706
257702
258083
258768
260454
260924
261133
262075
263993
264903
265008
266045
267782
268815
269176
270253
271644
272633
273042
274082
275224
276076
276756
277624
278904
279002
279400
280842
282566
281668
282061
283689
284811
283138
283389
285964
286848
284850
285093
287936
288615
286908
259660
261308
258611
256280
257308
255670
253561
253337
254080
251485
249466
251388
250039
248115
248599
249709
247203
245726
247973
246788
245279
246077
247296
245173
244007
246232
245467
244223
244946
246271
244880
243803
245390
246721
244599
243782
246398
245812
244854
245707
247147
246259
245224
246712
248316
246809
245759
248210
248482
247436
247837
249205
249204
248487
249218
250774
250612
249641
250912
252418
252299
251813
253127
254663
254775
254521
255913
257558
257925
257878
259200
261206
261085
261004
262554
264658
265007
264922
266514
268360
268873
269121
270686
272155
272687
273012
274463
275709
276154
276719
277953
279483
279139
279138
281119
283061
281861
281991
283853
285246
283344
283325
286051
287232
285076
285027
287927
288920
287126
267501
268969
266184
263933
264944
262695
261012
261005
260907
258381
256671
258244
256267
254862
255519
255607
253339
252186
253960
252316
251158
252073
252474
250535
249554
251525
250231
249364
250255
250861
249396
248595
250032
250728
248920
248430
250407
249362
248848
249994
250513
249531
249188
250378
250929
249956
249665
251199
250880
250342
251015
251718
251494
251220
252053
252852
252637
252677
253487
254332
254409
254243
255277
256444
256829
256798
257884
259246
259922
260049
261070
262763
263016
263166
264309
266120
266816
266979
268161
269667
270488
270998
272166
273282
274085
274653
275741
276677
277360
278153
279050
280382
280214
280424
282108
283869
282823
283056
284763
285970
284190
284297
286904
287882
285798
285895
288706
289498
287703
268641
270095
267490
265059
265979
264293
262094
261875
262479
259660
257586
259431
257856
255786
256199
257335
254513
252699
255170
253823
251988
252662
254119
251649
250118
252643
251695
250123
250794
252284
250510
249081
250858
252343
249581
248406
251504
250574
249159
249936
251729
250382
248994
250783
252389
250498
249443
252012
252015
250708
251142
252641
252430
251421
252234
253868
253469
252334
253504
255368
254952
254194
255705
257446
257235
256737
258374
260221
260231
259963
261630
263622
263255
263145
264900
266873
266968
266976
268737
270305
270570
270994
272682
273822
274140
274666
276185
277170
277434
278167
279427
280997
280371
280246
282441
284380
283032
283034
284979
286418
284415
284281
287039
288284
286044
285869
288736
289838
275279
276904
274476
272145
273275
271259
269499
269368
269509
266908
264930
266672
264696
262966
263478
263740
261236
259787
261710
259878
258522
259437
259799
257591
256480
258523
256899
255920
256924
257373
255553
254680
256247
256701
254634
254118
256255
254761
254070
255319
255746
254383
253705
255122
255822
254385
253748
255687
255127
254363
255058
255797
255346
254876
255747
256595
256206
255885
256966
257673
257646
257400
258531
259709
259888
259742
260964
262358
262821
262837
264074
265591
265765
265986
267194
268729
269323
269668
270869
271960
272674
273455
274583
275218
275926
276819
277804
278314
278933
280026
280782
282001
281655
281814
283645
285290
284161
284356
286079
287220
285397
285485
288066
289013
286879
286952
289691
276465
277733
275501
273419
274254
272652
270710
270475
270973
268198
266174
267838
266178
264102
264524
265439
262465
260719
263007
261422
259496
260224
261560
258797
257160
259738
258528
256783
257397
258965
256851
255195
257107
258580
255413
254167
257497
256149
254599
255582
257137
255389
254060
255926
257292
255062
253988
256697
256345
254888
255437
256902
256399
255260
256180
257769
257097
256009
257215
259222
258351
257467
259142
260880
260396
259832
261632
263476
263221
262896
264801
266566
266092
266109
267955
269593
269558
269769
271594
272699
272820
273516
275225
275830
276005
276866
278346
278847
279003
280056
281222
282782
281820
281671
284061
285835
284381
284377
286365
287696
285641
285520
288267
289453
287143
286971
280413
281895
280112
278217
279353
277793
276321
276286
276628
274339
272431
274339
272535
270771
271325
271635
269135
267604
269678
267781
266281
267098
267467
265104
263903
265990
264134
263066
263989
264368
262263
261373
262916
263185
260919
260365
262597
260675
259941
261150
261564
259879
259207
260756
261177
259536
258954
260974
259937
259216
260084
260609
259808
259429
260403
261006
260380
260117
261197
261536
261421
261521
262657
263538
263627
263643
264853
265988
266396
266561
267823
268887
269181
269710
270790
271784
272478
273161
274224
274678
275457
276641
277606
277516
278268
279659
280395
280195
280876
282498
282892
283571
283348
283648
285539
286844
285704
286034
287700
288585
286776
287021
289526
290259
288101
281152
282236
280596
279188
280021
278696
277362
277362
277790
275505
273935
275404
273832
272134
272616
273327
270565
269069
271065
269389
267629
268421
269389
266598
265177
267495
265961
264305
265140
266292
263873
262454
264317
265316
262014
261173
264176
262328
260909
262203
263289
261151
260028
261939
262883
260431
259647
262261
261355
259980
260856
261974
261059
260089
261210
262431
261482
260649
262067
263647
262844
262004
263571
264945
264281
263986
265771
267262
266898
266862
268813
269986
269623
270059
271766
272806
272851
273471
275154
275608
275747
276872
278442
278335
278463
279822
281114
280929
281022
282613
283515
284918
283603
283618
286083
287503
282288
283401
282112
280930
281942
280769
279742
279967
280349
278561
277102
279041
277567
276048
276813
277173
274933
273606
275915
274130
272581
273633
273937
271491
270391
272737
270721
269411
270535
270788
268356
267587
269214
269211
266523
266363
268395
266095
265398
266914
267004
264920
264566
266194
266218
264326
264208
266125
264580
263898
265192
265396
264188
264040
265275
265512
264589
264610
265815
266097
265384
265779
267053
267580
267551
267978
269154
269873
270227
270808
272024
272421
272775
273789
274650
274942
275739
276900
277748
277453
278231
279924
280709
279797
280472
282469
283024
281984
282543
284840
284900
285313
284817
285347
287400
288301
283436
284145
283174
282658
283354
282303
281960
282301
282382
281204
280591
281585
280369
279948
280537
280588
279294
278764
279886
278425
278166
278886
278779
277381
277003
278133
276259
276306
277119
276682
275014
274958
275670
275291
273808
273680
274631
272456
272720
273682
272939
271353
271582
272310
271703
270657
270791
271607
269709
270122
271291
270451
269289
270026
270827
270171
269628
270439
270985
270572
270840
271740
271853
271643
272302
273208
273463
273648
274772
275714
276064
275924
277329
278715
278598
278410
280161
281655
281535
280797
282491
284460
284327
282941
284474
286772
286397
284797
286141
288931
288091
288207
287876
288581
289934
290429
282891
283614
282765
282287
283036
282172
281749
282136
282369
281223
280588
281805
280797
280136
280867
281176
279751
279108
280708
279472
278703
279683
280023
278280
277623
279486
277909
277108
278108
278353
276327
275736
277147
277092
274702
274520
276149
273912
273390
274669
274449
272354
272185
273454
273167
271336
271402
272828
271024
270663
272008
271781
270423
270516
271703
271583
270578
270841
271930
272009
271376
271465
272712
273107
272908
273512
274539
275020
275240
276051
277182
277150
277694
279063
279705
279552
280465
282005
282578
281856
282745
284734
285278
283906
284643
286904
287182
285627
286163
288558
288330
288912
287950
288451
290427
291085
282528
283134
282417
282214
282861
282069
281904
282372
282476
281594
281341
282226
281337
281149
281837
281962
281017
280854
281924
280884
280799
281674
281768
280700
280634
281858
280436
280528
281521
281416
280034
280114
281089
280763
279495
279606
280612
278571
278849
279931
279273
277649
277933
278784
278028
276896
277143
277998
275859
276261
277531
276656
275243
275961
276907
276125
275350
276171
276869
276244
276117
277045
277558
277083
277581
278603
279026
278923
279839
280917
281463
280760
282165
283851
283748
282963
284683
286498
286335
285005
286693
288936
288783
286793
288322
290904
290488
288177
289518
292741
291465
291459
290749
291500
281886
282482
281861
281735
282373
281696
281574
282043
282191
281386
281212
282077
281312
281133
281812
282041
281143
281004
282129
281285
281096
281989
282316
281243
281100
282510
281436
281199
282194
282542
281164
280959
282233
282334
280595
280589
282067
280225
279893
281071
280946
279018
278907
280023
279708
277907
278002
279233
277380
277091
278349
278015
276577
276690
277818
277598
276514
276839
277843
277798
277084
277544
278521
278787
278392
279049
280043
280418
280433
281305
282494
282102
282648
284237
284761
284230
285104
286860
287316
286237
287087
289251
289731
288019
288691
291093
291351
289423
289781
292441
292076
292473
281152
281743
281212
281223
281844
281244
281243
281742
281881
281214
281191
281964
281292
281283
281942
282139
281460
281490
282447
281758
281807
282641
282910
282199
282289
283436
282597
282720
283676
283947
283068
283198
284249
284362
283437
283619
284816
283452
283611
284681
284589
283294
283436
284422
284096
282969
283086
284158
282380
282528
283600
283148
281819
282189
283123
282669
281787
282247
283089
282744
282339
282889
283684
283377
283575
284286
285070
285130
285519
286334
287343
286512
287549
289150
289335
288365
289676
291426
291520
290025
291327
293479
293599
291457
292648
295161
295003
292439
293477
296352
280382
280993
280537
280620
281243
280724
280773
281279
281441
280837
280882
281628
281020
281059
281704
281922
281300
281392
282312
281711
281790
282594
282924
282275
282398
283521
282865
282954
283874
284298
283535
283635
284747
285086
284099
284258
285601
284542
284477
285539
285820
284510
284449
285523
285601
284093
284086
285337
283926
283551
284521
284479
283218
283117
284072
284121
283036
283097
284074
284295
283424
283645
284696
285212
284479
284866
286059
286692
286214
286792
288337
287907
288110
289573
290284
289658
290138
291801
292412
291256
291732
293770
294436
292727
293055
295220
295812
293737
293895
279446
280090
279721
279869
280519
280081
280184
280724
280918
280414
280522
281257
280729
280829
281477
281709
281202
281358
282234
281728
281881
282664
282996
282517
282708
283746
283250
283442
284328
284752
284267
284471
285486
285863
285335
285571
286775
286152
286308
287293
287719
287020
287096
288188
288440
287634
287664
288974
287973
287900
288734
288950
288014
288008
288899
289035
288232
288257
289240
289408
288807
288912
290009
290228
289897
290211
291454
291891
291620
291998
293629
292855
293358
294676
295309
294319
295043
296552
297038
295540
296271
298179
298647
296542
297263
299424
299737
297287
278613
279296
278976
279193
279867
279476
279641
280199
280418
279954
280112
280848
280356
280504
281152
281395
280921
281122
281978
281513
281712
282479
282819
282382
282628
283621
283197
283428
284290
284731
284327
284582
285556
286010
285551
285845
286992
286581
286759
287710
288270
287724
287841
288882
289377
288549
288600
289859
289223
288968
289688
290123
289330
289081
289903
290391
289490
289276
290265
290908
289960
289844
291075
291911
290956
290964
292514
293487
292410
292576
294651
294260
294029
295224
296292
295662
295628
297032
297963
296825
296774
298479
299493
297908
297757
299658
300535
298544
277534
278261
278014
278277
278994
278682
278872
279466
279732
279359
279553
280303
279890
280054
280718
280991
280604
280834
281682
281294
281510
282278
282631
282293
282568
283533
283203
283463
284307
284760
284496
284781
285723
286176
285946
286269
287340
287175
287420
288317
288927
288774
288944
289991
290583
290308
290390
291726
291560
291520
292170
292963
292629
292498
293369
294062
293554
293361
294513
295173
294547
294367
295824
296517
295780
295726
297521
298309
297412
297397
299703
298945
298920
299985
301107
300119
300280
301589
302456
300939
301146
302893
303760
301822
302017
303871
304573
302201
276702
277471
277267
277608
278360
278065
278343
278966
279258
278899
279148
279914
279513
279740
280417
280705
280325
280595
281449
281069
281334
282099
282460
282134
282449
283396
283087
283394
284231
284679
284436
284778
285684
286148
285958
286330
287342
287263
287585
288447
289054
289021
289306
290248
290925
290766
290998
292113
292207
292261
292914
293704
293538
293450
294226
295088
294609
294401
295433
296407
295618
295399
296794
297919
296871
296800
298697
299758
298273
298237
300692
300165
299822
300943
302221
301497
301220
302617
303839
302822
302438
303743
304947
303411
302888
304488
305674
303770
275210
276006
275913
276250
277028
276854
277102
277753
278107
277805
278082
278881
278558
278762
279475
279800
279474
279776
280652
280339
280585
281384
281769
281500
281844
282811
282574
282861
283729
284198
284045
284413
285332
285796
285730
286161
287147
287190
287548
288412
289026
289192
289542
290476
291147
291309
291559
292723
293091
293272
293877
294803
294976
295057
295858
296783
296634
296567
297724
298643
298089
297931
299540
300456
299374
299118
301190
302295
300814
300632
303619
302734
302021
303061
304680
303697
303195
304412
305814
304695
304350
305985
307524
305808
305441
307179
308371
306077
274264
275115
275118
275530
276344
276249
276587
277267
277664
277447
277772
278577
278304
278592
279305
279661
279394
279726
280592
280315
280641
281428
281818
281601
281975
282899
282691
283061
283895
284341
284244
284658
285519
285957
285975
286419
287316
287400
287849
288675
289206
289461
289924
290729
291343
291715
292160
293003
293466
293950
294625
295363
295751
296209
296955
297734
297920
298325
299225
300011
299916
300308
301434
302237
301804
302305
303698
304339
303527
303919
305822
304705
305251
306822
307334
306117
306777
308590
309005
307587
308193
309936
310504
308894
309569
311448
311917
309772
273264
274114
274201
274661
275471
275447
275838
276512
276926
276782
277143
277927
277728
278039
278744
279105
278911
279265
280115
279887
280228
280997
281399
281232
281625
282531
282373
282743
283565
284021
283970
284391
285239
285684
285742
286201
287082
287205
287655
288464
289011
289305
289782
290580
291193
291587
292062
292885
293437
293913
294567
295360
295820
296252
297004
297867
298063
298413
299382
300298
300083
300385
301667
302616
301886
302157
303759
304741
303518
303749
306061
305026
305025
306401
307472
306493
306436
307944
309102
308173
308307
309927
311055
309936
310038
311615
312764
311188
)
;

boundaryField
{
    inlet
    {
        type            calculated;
        value           nonuniform List<scalar> 0();
    }
    outlet
    {
        type            calculated;
        value           nonuniform List<scalar> 0();
    }
    front
    {
        type            empty;
    }
    back
    {
        type            empty;
    }
    hub
    {
        type            calculated;
        value           nonuniform List<scalar> 
128
(
236595
234369
234634
233765
231688
232212
231685
230049
229475
230329
229994
228078
229427
229358
227859
227727
229162
229154
227361
229271
229509
228144
228334
230044
230294
228643
230735
231165
230047
230413
232045
232502
231454
232063
233474
233824
232927
234460
235048
234512
235053
236123
236674
236394
236979
237888
238397
238332
239074
239884
239995
240456
241279
241860
242073
242515
243595
244160
244193
244670
246239
246832
246554
247142
249301
249930
249265
250053
252617
253356
251588
254862
255924
254840
255344
258410
259480
258241
258958
261927
263146
262106
263173
265443
266905
265956
267041
269019
269893
270042
270948
271830
273067
273554
274408
276284
275822
276817
278028
278980
277739
278837
281467
281934
280461
281474
284480
284713
283906
284124
287539
288242
288017
288304
291308
291029
292571
293639
294445
295002
294957
300020
300460
298483
299974
305653
306895
304300
)
;
    }
    tip
    {
        type            calculated;
        value           nonuniform List<scalar> 0();
    }
    procBoundary6to1
    {
        type            processor;
        value           nonuniform List<scalar> 
85
(
240811
241236
241646
241689
241919
242046
242065
242117
242124
242130
242106
242088
242041
242010
241938
241894
241797
241758
241723
241599
241524
241367
241275
241087
241003
240934
240706
240575
240301
240175
240073
239745
239586
239463
239062
238858
238397
238174
238013
237498
237236
237041
236506
236206
235967
235439
235112
234811
234477
234514
234370
233992
234670
234431
236279
236177
239544
239770
244702
245542
250870
253976
252996
260758
261866
269692
270824
277355
278209
281959
282255
283129
283844
283184
282628
281875
281033
280183
279173
278278
277154
276253
274721
273717
272662
)
;
    }
    procBoundary6to5
    {
        type            processor;
        value           nonuniform List<scalar> 
155
(
300035
300931
300233
301093
306453
308153
306190
300035
299982
286641
289703
290647
289749
289958
292979
293027
293411
294141
296055
296334
300207
297070
286641
286218
286851
286788
287531
287946
287946
290496
290496
289777
289777
288313
285970
286125
288158
289156
287083
287136
289825
290781
288313
288426
285970
287064
289586
293058
289778
293216
291012
293058
291471
295494
291012
295593
295494
296496
296496
297793
297793
298285
302266
303067
305527
310331
271919
272806
272962
273477
274312
274362
274785
275510
275960
275898
276291
277098
276958
277312
278034
278433
278291
278680
279527
279359
279726
280510
280930
280817
281230
282138
282018
282423
283245
283719
283700
284157
284993
285458
285548
286037
286904
287058
287541
288344
288880
289212
289730
290505
291087
291548
292084
292835
293382
293943
294613
295323
295826
296386
297115
297883
298184
298723
299604
300426
300355
300883
302038
302837
302274
302795
304231
304909
303969
304438
306496
305291
305625
307242
307947
306799
307186
308928
309680
308705
309157
310908
311762
310738
311219
312890
313867
310964
312442
)
;
    }
    procBoundary6to7
    {
        type            processor;
        value           nonuniform List<scalar> 
58
(
306885
306887
306899
306890
306910
306913
306903
306905
306894
306911
306908
306895
306894
306880
306878
306863
306860
306838
306843
306839
306821
306817
306799
306794
306763
306776
306771
306751
306747
306708
306724
306721
306676
306700
306700
306721
306728
306670
306709
306724
306657
306712
306733
306654
306726
306746
306793
306838
306886
306998
306917
307026
307094
307167
307323
307407
307633
307743
)
;
    }
}


// ************************************************************************* //
