/*--------------------------------*- C++ -*----------------------------------*\
| =========                 |                                                 |
| \\      /  F ield         | OpenFOAM: The Open Source CFD Toolbox           |
|  \\    /   O peration     | Version:  v2012                                 |
|   \\  /    A nd           | Website:  www.openfoam.com                      |
|    \\/     M anipulation  |                                                 |
\*---------------------------------------------------------------------------*/
FoamFile
{
    version     2.0;
    format      ascii;
    class       volScalarField;
    location    "1e-06";
    object      kMean;
}
// * * * * * * * * * * * * * * * * * * * * * * * * * * * * * * * * * * * * * //

dimensions      [0 2 -2 0 0 0 0];


internalField   nonuniform List<scalar> 
10302
(
2.31949
2.40479
2.37134
2.32016
2.2664
2.03194
1.96705
1.68363
1.67812
1.57239
1.58954
1.56381
1.55042
1.49825
1.47472
1.51211
1.31464
1.41649
1.20397
1.17462
1.08946
1.06972
1.07296
1.07687
1.00812
0.985432
0.823068
0.794226
0.681658
0.598907
0.578482
0.493246
0.46929
0.27804
0.259601
0.119725
0.156257
0.152926
0.208678
0.217805
0.163911
0.160779
0.13751
0.0722675
0.0531386
0.0502103
0.0488444
0.0466104
0.0411852
0.0414209
0.0512728
0.0532332
0.065024
0.0621465
0.0534699
0.0620712
0.0611043
0.021419
0.0189148
0.00530114
0.0201515
0.0215027
0.0350833
0.031202
0.0411042
2.10259
2.21153
2.14476
2.13966
2.06812
1.8742
1.80357
1.52603
1.50485
1.40441
1.39446
1.36619
1.34351
1.30311
1.2707
1.14536
1.12457
1.06919
1.04848
1.06223
0.965326
0.967826
0.960788
0.96176
0.912379
0.891287
0.76309
0.736705
0.588226
0.587667
0.586044
0.553509
0.540227
0.354385
0.343804
0.248402
0.231485
0.213258
0.263615
0.261753
0.18783
0.18154
0.126766
0.0986605
0.0867474
0.0950018
0.0931608
0.0861233
0.0878134
0.0779525
0.0973184
0.0961615
0.112875
0.11774
0.143958
0.10058
0.0926505
0.0404823
0.0391647
0.022267
0.0410126
0.0424061
0.0611726
0.0637606
0.0686675
1.78686
1.85055
1.80828
1.81601
1.76897
1.63194
1.58067
1.35802
1.32782
1.20877
1.19204
1.15878
1.13223
1.10564
1.07058
1.00262
0.967667
0.980668
0.915344
0.920204
0.865634
0.863608
0.845353
0.84172
0.815232
0.802791
0.733462
0.715943
0.621157
0.634588
0.631094
0.613944
0.603826
0.499244
0.490658
0.357238
0.35371
0.326032
0.345217
0.337605
0.254547
0.250082
0.181711
0.174771
0.159857
0.17238
0.169949
0.154659
0.160418
0.139461
0.167279
0.165887
0.186723
0.193926
0.195093
0.153563
0.142374
0.0722099
0.0717121
0.0457317
0.0758927
0.0776534
0.103264
0.108278
0.113957
1.7292
1.78982
1.74982
1.76266
1.71939
1.58912
1.54672
1.26459
1.30987
1.17777
1.17929
1.12048
1.12238
1.06212
1.06345
0.99798
0.959159
0.948927
0.907353
0.903164
0.859203
0.857775
0.837694
0.838453
0.808179
0.802248
0.739527
0.718419
0.625915
0.635686
0.638019
0.620467
0.612951
0.52067
0.498921
0.389925
0.359208
0.355148
0.352242
0.347875
0.268276
0.255055
0.192472
0.178645
0.175876
0.178853
0.175709
0.171412
0.16344
0.160383
0.171187
0.171565
0.197846
0.196996
0.224178
0.156056
0.146189
0.0768618
0.0727972
0.0558812
0.0774206
0.0799736
0.110201
0.109513
0.123893
1.55261
1.5902
1.55989
1.58062
1.54874
1.46534
1.43082
1.24635
1.23364
1.09909
1.09222
1.03039
1.02483
0.976059
0.970606
0.92199
0.890862
0.880741
0.853653
0.851644
0.824593
0.823535
0.809676
0.809367
0.794575
0.79166
0.760948
0.747104
0.69189
0.680754
0.676079
0.689031
0.686589
0.622766
0.609093
0.52743
0.481556
0.465069
0.459483
0.451475
0.371804
0.361182
0.29676
0.279284
0.268964
0.271077
0.266438
0.248382
0.244907
0.226284
0.240746
0.23975
0.261133
0.260688
0.269103
0.19847
0.187361
0.11209
0.109218
0.0860295
0.113994
0.116438
0.147588
0.149366
0.160952
1.41303
1.42931
1.40659
1.42635
1.40276
1.36382
1.336
1.19982
1.17877
1.05288
1.03896
0.971551
0.958649
0.916187
0.901781
0.872208
0.833949
0.8365
0.805436
0.807237
0.787636
0.787696
0.780939
0.779358
0.777706
0.773987
0.767684
0.758515
0.725013
0.71379
0.705334
0.713883
0.711484
0.689977
0.683473
0.617683
0.589709
0.563181
0.560253
0.55046
0.483248
0.477949
0.398502
0.392246
0.371517
0.374883
0.368728
0.333251
0.336632
0.295852
0.312435
0.308581
0.317853
0.320163
0.308066
0.24141
0.228258
0.147363
0.146166
0.115866
0.148938
0.150986
0.180183
0.184381
0.192027
1.37762
1.39359
1.37205
1.39108
1.3699
1.33924
1.31663
1.18844
1.17228
1.04425
1.03605
0.959001
0.955018
0.901171
0.898648
0.858246
0.828221
0.822755
0.799713
0.797557
0.781954
0.782911
0.774891
0.777475
0.771983
0.774043
0.766712
0.760602
0.740709
0.71481
0.712738
0.714377
0.714988
0.699357
0.689394
0.646137
0.595462
0.589144
0.568949
0.563807
0.504504
0.487727
0.422222
0.399842
0.396637
0.387037
0.3801
0.35759
0.34329
0.320284
0.319427
0.317836
0.329471
0.324655
0.323999
0.245251
0.233732
0.153728
0.148214
0.125802
0.151334
0.154323
0.186899
0.186207
0.200067
1.27856
1.28867
1.26878
1.28525
1.26829
1.26188
1.24149
1.15017
1.13417
1.02297
1.00953
0.931164
0.921129
0.866907
0.858693
0.815933
0.789208
0.779302
0.762624
0.761816
0.748659
0.748952
0.745589
0.745515
0.748915
0.747953
0.755564
0.751316
0.756227
0.736813
0.732799
0.732937
0.731108
0.736283
0.732061
0.724233
0.68294
0.669122
0.659599
0.651807
0.610627
0.600401
0.545431
0.517542
0.503012
0.501394
0.493247
0.458083
0.452412
0.404816
0.403634
0.397735
0.392461
0.390252
0.376004
0.291368
0.277169
0.190473
0.187282
0.158151
0.186222
0.18824
0.217075
0.219223
0.227954
1.25106
1.25979
1.24193
1.25841
1.24068
1.23732
1.22154
1.11058
1.09164
1.01561
1.00733
0.924399
0.918741
0.858839
0.856291
0.810648
0.784437
0.775168
0.757435
0.753075
0.742708
0.742925
0.738571
0.742042
0.740771
0.746445
0.7472
0.751411
0.747452
0.73614
0.73652
0.733072
0.734326
0.739936
0.736198
0.727383
0.687056
0.688766
0.666984
0.664525
0.630182
0.610362
0.572556
0.524974
0.528755
0.515075
0.507054
0.489563
0.461258
0.435552
0.412974
0.410757
0.408824
0.396755
0.390498
0.296346
0.284375
0.198344
0.190145
0.169197
0.189173
0.192397
0.224276
0.221392
0.235794
1.16185
1.16883
1.15402
1.16399
1.14878
1.15895
1.1447
1.09807
1.08519
0.998484
0.987215
0.908961
0.899911
0.840269
0.833611
0.786392
0.757213
0.747388
0.727877
0.725035
0.711756
0.712065
0.707302
0.709309
0.711496
0.714511
0.723151
0.726297
0.739005
0.736779
0.73779
0.739562
0.740517
0.753454
0.754874
0.768034
0.748354
0.744136
0.739478
0.735545
0.718995
0.709841
0.669428
0.640758
0.629934
0.630166
0.62404
0.603357
0.590265
0.539828
0.523211
0.514335
0.49474
0.487025
0.451084
0.356441
0.339647
0.242546
0.237325
0.201969
0.22706
0.228699
0.255302
0.256074
0.263652
1.07374
1.08215
1.06322
1.07418
1.05989
1.0779
1.06485
1.05388
1.04295
0.978677
0.965274
0.896924
0.884746
0.828478
0.816935
0.774249
0.735882
0.731664
0.702407
0.701146
0.681975
0.681834
0.674125
0.673363
0.677062
0.674492
0.68974
0.685016
0.707609
0.710555
0.716908
0.722829
0.724034
0.743592
0.743261
0.764654
0.769988
0.769417
0.778862
0.776483
0.779466
0.777551
0.742177
0.736601
0.71589
0.72749
0.724403
0.710979
0.714891
0.653176
0.653324
0.637252
0.604649
0.607132
0.533108
0.439748
0.414652
0.299678
0.299149
0.244006
0.268849
0.268362
0.288067
0.29315
0.292047
1.05332
1.05448
1.03925
1.04971
1.03706
1.05461
1.04521
1.03856
1.03305
0.973547
0.963285
0.893721
0.884541
0.825076
0.816879
0.768742
0.733353
0.724727
0.698959
0.695702
0.677267
0.677014
0.667608
0.669383
0.66832
0.671452
0.67898
0.682902
0.697544
0.705165
0.710406
0.717453
0.721811
0.738369
0.742951
0.769613
0.769057
0.773944
0.780068
0.78203
0.78789
0.783996
0.772713
0.743145
0.736105
0.737711
0.735982
0.737595
0.724599
0.693313
0.669013
0.658088
0.633727
0.620361
0.56132
0.451321
0.429728
0.31427
0.305421
0.253937
0.273738
0.274399
0.296693
0.296372
0.30119
0.97405
0.979054
0.964684
0.975081
0.962257
0.985148
0.972621
0.986617
0.981805
0.951822
0.939229
0.883772
0.872218
0.81862
0.807625
0.763112
0.72367
0.716909
0.685558
0.681827
0.658963
0.657095
0.64398
0.642535
0.639993
0.637834
0.646672
0.643472
0.662374
0.6684
0.676044
0.685895
0.688657
0.710971
0.710675
0.741596
0.756652
0.765816
0.7844
0.787498
0.811143
0.811162
0.81395
0.811617
0.799294
0.809283
0.807309
0.816889
0.822651
0.797142
0.80114
0.787571
0.767016
0.767376
0.68964
0.58076
0.545728
0.400132
0.397255
0.312565
0.323644
0.320837
0.333877
0.338693
0.33313
0.950886
0.956073
0.942653
0.952047
0.943563
0.960534
0.952983
0.972171
0.96823
0.945717
0.936229
0.880822
0.871485
0.816238
0.807723
0.760306
0.722253
0.713056
0.683296
0.678712
0.655623
0.653791
0.639008
0.639291
0.632752
0.634822
0.636738
0.640828
0.650738
0.66169
0.666883
0.678091
0.683199
0.70187
0.707749
0.736658
0.752163
0.760684
0.780723
0.78682
0.811143
0.813553
0.83583
0.815677
0.813943
0.816888
0.816885
0.83298
0.830333
0.829727
0.816191
0.808643
0.799762
0.783011
0.72655
0.600423
0.571577
0.42354
0.408082
0.328905
0.330314
0.328896
0.344076
0.34282
0.343404
0.87743
0.883618
0.869908
0.880615
0.868445
0.889831
0.880626
0.910112
0.909886
0.91152
0.904163
0.866672
0.855972
0.810611
0.79996
0.757159
0.717442
0.709934
0.676887
0.671645
0.645163
0.641797
0.623297
0.620822
0.611376
0.608757
0.609825
0.60637
0.618221
0.62145
0.628444
0.637457
0.640606
0.661946
0.661291
0.693865
0.712253
0.726427
0.751445
0.75856
0.795509
0.797255
0.830675
0.842543
0.84343
0.858008
0.857803
0.879077
0.88587
0.895375
0.917107
0.912121
0.92554
0.933694
0.89179
0.810377
0.760542
0.560968
0.554453
0.410032
0.397172
0.389551
0.389916
0.395268
0.382041
0.855787
0.860727
0.849071
0.860758
0.848048
0.867161
0.861554
0.891064
0.893232
0.900154
0.896311
0.86375
0.853889
0.808924
0.799809
0.755487
0.716975
0.708402
0.675777
0.670245
0.643249
0.640048
0.620056
0.618749
0.60611
0.606491
0.601423
0.604014
0.605463
0.614674
0.618634
0.628754
0.633561
0.650821
0.656492
0.682024
0.705286
0.714782
0.743372
0.752061
0.787614
0.794922
0.838034
0.84183
0.848523
0.860838
0.863482
0.887713
0.890969
0.913843
0.92625
0.926897
0.950886
0.94684
0.966658
0.842845
0.804423
0.598637
0.573329
0.424303
0.40699
0.401003
0.402695
0.400863
0.394604
0.783758
0.79071
0.779732
0.788446
0.776989
0.798279
0.7897
0.825223
0.826137
0.852794
0.852011
0.842023
0.831449
0.799927
0.78964
0.752673
0.714623
0.707202
0.67373
0.668055
0.639394
0.635023
0.61224
0.608864
0.593266
0.589987
0.583434
0.579181
0.582465
0.579759
0.585068
0.589194
0.591534
0.60805
0.60638
0.636153
0.650583
0.667897
0.69217
0.701229
0.74269
0.744092
0.795903
0.820296
0.834895
0.861455
0.865526
0.900121
0.904831
0.937702
0.976002
0.978703
1.02699
1.04578
1.08023
1.08616
1.0414
0.820991
0.810569
0.560147
0.505536
0.488314
0.463769
0.471414
0.444063
0.764638
0.7696
0.760378
0.767478
0.759178
0.776847
0.772719
0.805152
0.810035
0.841112
0.840084
0.835832
0.829251
0.798018
0.788691
0.751833
0.715004
0.706412
0.673674
0.667538
0.638753
0.634161
0.610563
0.607527
0.589728
0.5882
0.576356
0.577005
0.570194
0.574236
0.575664
0.581158
0.583954
0.596071
0.600268
0.616983
0.642861
0.651101
0.681535
0.6899
0.728813
0.73689
0.783157
0.813872
0.825903
0.856609
0.86274
0.900472
0.90446
0.943795
0.977085
0.982757
1.03672
1.05015
1.1559
1.11846
1.09318
0.877269
0.836353
0.585264
0.518809
0.503922
0.479944
0.477526
0.46012
0.747299
0.75599
0.742798
0.75235
0.743303
0.761694
0.757943
0.740752
0.794538
0.823681
0.831582
0.826965
0.825746
0.795582
0.787597
0.75107
0.714437
0.706695
0.67344
0.667857
0.638688
0.634486
0.610224
0.607434
0.588666
0.587659
0.574928
0.57613
0.569434
0.570771
0.570556
0.575393
0.578509
0.587398
0.595553
0.608783
0.637355
0.639978
0.672815
0.680442
0.715986
0.730758
0.766787
0.809038
0.816399
0.851726
0.860123
0.89553
0.904856
0.941453
0.978887
0.987022
1.04303
1.05483
1.13168
1.14978
1.14157
0.949627
0.869579
0.655129
0.53421
0.522935
0.499765
0.485075
0.476611
0.681912
0.687443
0.677713
0.685022
0.677972
0.693785
0.690497
0.718894
0.727346
0.765359
0.772722
0.787245
0.785817
0.778047
0.769565
0.744348
0.711907
0.704487
0.673481
0.667156
0.638617
0.633496
0.60864
0.60438
0.583733
0.580449
0.564553
0.562543
0.552394
0.547436
0.54637
0.545536
0.546041
0.550764
0.552696
0.562633
0.581591
0.586497
0.613163
0.61986
0.655081
0.66213
0.704404
0.746095
0.759449
0.804316
0.813195
0.864153
0.870265
0.923269
0.970789
0.980394
1.0482
1.06258
1.17077
1.3118
1.32889
1.24943
1.18534
0.881215
0.702003
0.669082
0.593421
0.590837
0.551934
0.665704
0.668924
0.660518
0.667959
0.661083
0.676666
0.674067
0.704648
0.711042
0.748918
0.756982
0.775855
0.777636
0.772257
0.76724
0.74257
0.711337
0.7044
0.673297
0.667599
0.638458
0.63412
0.608434
0.604927
0.583243
0.580618
0.563646
0.5622
0.550729
0.544025
0.543049
0.540405
0.541589
0.543761
0.547937
0.555884
0.573772
0.577174
0.601918
0.608938
0.640329
0.652845
0.690729
0.734697
0.745432
0.790506
0.803016
0.850022
0.865128
0.913562
0.963568
0.975769
1.04126
1.06118
1.16617
1.32077
1.34748
1.32491
1.23423
0.953699
0.732767
0.703479
0.62129
0.605234
0.572742
0.604697
0.608732
0.600871
0.607692
0.601215
0.615337
0.611847
0.640015
0.644835
0.684615
0.691572
0.719601
0.723639
0.73431
0.732857
0.725905
0.701961
0.697938
0.671529
0.666269
0.639483
0.634504
0.609762
0.605318
0.583669
0.579499
0.561649
0.557653
0.544214
0.532773
0.530561
0.523041
0.521983
0.519203
0.518853
0.522002
0.52951
0.533349
0.548976
0.553949
0.579038
0.5837
0.618615
0.654152
0.668729
0.713708
0.724302
0.779716
0.786992
0.84964
0.905933
0.920827
0.994792
1.00729
1.11765
1.34736
1.40049
1.5734
1.51747
1.32863
1.02885
0.958588
0.777949
0.776032
0.688396
0.590679
0.592991
0.587393
0.592217
0.587828
0.599567
0.598385
0.624945
0.630539
0.669253
0.677295
0.706297
0.711165
0.727611
0.724756
0.723669
0.702188
0.697672
0.671369
0.666649
0.639722
0.635195
0.609964
0.606188
0.583601
0.580295
0.561005
0.558129
0.542995
0.531222
0.528944
0.520289
0.519672
0.514696
0.516039
0.515298
0.523556
0.524989
0.54001
0.544688
0.566495
0.575063
0.603793
0.641423
0.652233
0.697036
0.710149
0.762276
0.777682
0.835065
0.891581
0.908153
0.980218
0.999906
1.10199
1.3292
1.38552
1.61523
1.54878
1.41461
1.08497
1.01833
0.817011
0.800918
0.716142
0.539291
0.543941
0.537002
0.543097
0.537033
0.549258
0.545219
0.569008
0.571954
0.609334
0.614115
0.647632
0.649625
0.675171
0.675497
0.688296
0.678784
0.680656
0.661348
0.659391
0.637578
0.633759
0.611269
0.607192
0.585818
0.581835
0.562951
0.558889
0.543218
0.528667
0.525884
0.514103
0.512002
0.503855
0.501792
0.498931
0.496706
0.499599
0.503718
0.506477
0.520213
0.520861
0.547191
0.566876
0.582309
0.614993
0.623698
0.675355
0.676138
0.744677
0.795926
0.815532
0.891685
0.898974
1.0092
1.21041
1.27269
1.65408
1.70007
1.75907
1.53448
1.42191
1.09853
1.10249
0.899187
0.527998
0.529952
0.525903
0.529324
0.526151
0.534941
0.534225
0.555
0.560058
0.593191
0.601133
0.630825
0.637737
0.660305
0.664616
0.67876
0.675332
0.677862
0.661019
0.658558
0.637689
0.633983
0.611829
0.60777
0.58628
0.582378
0.5631
0.559152
0.542957
0.528451
0.525401
0.513052
0.511009
0.501176
0.500288
0.491218
0.493308
0.492006
0.497498
0.499153
0.509235
0.513989
0.523821
0.555926
0.562326
0.598159
0.607894
0.64983
0.664554
0.71353
0.776391
0.793607
0.867312
0.885355
0.973624
1.17833
1.23338
1.63733
1.6911
1.9681
1.61596
1.51448
1.16064
1.13848
0.946413
0.519087
0.521877
0.517137
0.521314
0.51756
0.526918
0.525828
0.545673
0.550696
0.582075
0.590932
0.619049
0.627679
0.648752
0.655793
0.668341
0.669509
0.670572
0.660333
0.657089
0.636749
0.63306
0.611869
0.608084
0.586843
0.583166
0.563779
0.560115
0.543732
0.528428
0.52583
0.512935
0.511135
0.500891
0.500023
0.493196
0.491463
0.49074
0.493942
0.495569
0.503803
0.509342
0.522927
0.548517
0.553305
0.585833
0.596345
0.634416
0.654057
0.698194
0.759613
0.776002
0.844281
0.871647
0.95718
1.15224
1.20472
1.58535
1.66618
1.9179
1.70071
1.61357
1.25966
1.18861
1.00802
0.478304
0.480546
0.476699
0.479925
0.476792
0.484131
0.482797
0.498655
0.502416
0.52886
0.535453
0.561595
0.568104
0.591672
0.597206
0.615684
0.627103
0.632021
0.632678
0.633996
0.625133
0.622666
0.607746
0.604319
0.587281
0.582926
0.565675
0.560962
0.545304
0.529809
0.526267
0.512835
0.510039
0.498551
0.496106
0.487228
0.480908
0.47903
0.476474
0.476
0.47738
0.478319
0.484382
0.49724
0.500833
0.521485
0.527026
0.554746
0.563088
0.601899
0.651443
0.665519
0.727397
0.742467
0.821723
0.962105
1.00488
1.37137
1.4991
1.98547
2.05213
2.01937
1.74029
1.67716
1.35446
0.470568
0.471525
0.469043
0.471122
0.469174
0.475108
0.475
0.489728
0.493499
0.51848
0.524889
0.550484
0.557178
0.58084
0.586893
0.606141
0.617538
0.623888
0.626172
0.629383
0.622768
0.622067
0.60709
0.603822
0.587234
0.583408
0.565918
0.561794
0.54562
0.529931
0.526932
0.512702
0.510539
0.498068
0.49635
0.486469
0.4796
0.477819
0.474119
0.473879
0.473468
0.475362
0.478444
0.490665
0.492759
0.511494
0.517406
0.541517
0.553572
0.584831
0.633196
0.646546
0.704742
0.725662
0.797226
0.93012
0.969999
1.31304
1.45426
1.98989
2.10399
2.0978
1.83931
1.75475
1.42492
0.437063
0.439406
0.435723
0.438857
0.435663
0.442016
0.439895
0.452333
0.454103
0.475673
0.479035
0.502399
0.505011
0.529302
0.530695
0.554152
0.565936
0.575182
0.583527
0.589955
0.592071
0.594594
0.590511
0.589506
0.579523
0.57677
0.564446
0.560633
0.546887
0.531991
0.5288
0.514743
0.511937
0.499281
0.496669
0.486076
0.476573
0.47496
0.467928
0.466802
0.462943
0.461766
0.462371
0.463687
0.466509
0.473838
0.475951
0.492346
0.492157
0.520948
0.547242
0.558179
0.602625
0.60627
0.675737
0.752343
0.784297
1.02588
1.09279
1.65951
2.10806
2.21606
2.25884
2.22225
1.95038
0.429873
0.430655
0.428668
0.430258
0.428771
0.433099
0.432907
0.443347
0.446395
0.464519
0.469879
0.489097
0.495397
0.514295
0.521314
0.538562
0.55598
0.560721
0.573537
0.578522
0.585003
0.587499
0.587278
0.586628
0.579431
0.575496
0.565427
0.5604
0.548189
0.532959
0.529651
0.515265
0.512449
0.499182
0.496845
0.485319
0.476537
0.474128
0.466959
0.465666
0.460537
0.4602
0.45707
0.460091
0.459903
0.466933
0.469198
0.478874
0.485721
0.500203
0.53234
0.539954
0.576654
0.591474
0.633282
0.722615
0.745924
0.944682
1.05356
1.49631
2.07123
2.20222
2.4302
2.27877
2.11141
0.424967
0.426092
0.423927
0.425802
0.424092
0.42869
0.42833
0.438513
0.44115
0.458615
0.463597
0.482535
0.48832
0.507527
0.513824
0.531732
0.548997
0.553567
0.566383
0.570325
0.578652
0.581597
0.581798
0.582753
0.577093
0.575015
0.563445
0.559909
0.54748
0.533138
0.529982
0.515771
0.513096
0.49981
0.497538
0.486162
0.476362
0.474441
0.466573
0.465534
0.459878
0.459691
0.45704
0.458089
0.458412
0.46362
0.465952
0.475493
0.481525
0.496804
0.523297
0.530708
0.565232
0.580334
0.624811
0.702812
0.725284
0.913246
1.01499
1.45099
2.00835
2.14284
2.4136
2.31824
2.2081
0.396622
0.397982
0.395842
0.397744
0.395985
0.400024
0.399162
0.407222
0.409072
0.422927
0.426363
0.441643
0.445334
0.461776
0.46557
0.482486
0.497345
0.503021
0.516531
0.521572
0.532843
0.537266
0.545476
0.547282
0.550836
0.550954
0.54928
0.546953
0.540678
0.530644
0.528586
0.517247
0.514453
0.502761
0.499661
0.488538
0.477936
0.475048
0.465937
0.463878
0.456493
0.45494
0.449964
0.446726
0.446212
0.446195
0.44638
0.449933
0.450744
0.459685
0.472821
0.476873
0.497592
0.502761
0.534117
0.578242
0.59227
0.69137
0.729547
1.02719
1.5987
1.75895
2.34071
2.41975
2.6184
0.392031
0.392382
0.391317
0.392285
0.391538
0.394415
0.394621
0.401826
0.403946
0.416434
0.420084
0.433975
0.438469
0.453015
0.458405
0.472314
0.488909
0.493065
0.508135
0.512156
0.524909
0.528464
0.538017
0.541153
0.545862
0.546407
0.548048
0.545233
0.542192
0.53053
0.529366
0.517703
0.515228
0.503463
0.500446
0.488874
0.478641
0.475306
0.466012
0.463937
0.455718
0.454635
0.447372
0.445305
0.44416
0.44357
0.443856
0.445352
0.447777
0.452046
0.465699
0.468702
0.486131
0.494191
0.513887
0.560893
0.571231
0.654629
0.703141
0.900156
1.49107
1.64041
2.32252
2.38489
2.77695
0.387367
0.388635
0.386778
0.388534
0.387038
0.390742
0.390205
0.397294
0.399103
0.411062
0.414785
0.427859
0.432414
0.446309
0.451685
0.465639
0.482617
0.485417
0.500807
0.503882
0.516897
0.520241
0.52933
0.532531
0.537984
0.540771
0.540463
0.541665
0.537361
0.529561
0.527127
0.516691
0.514487
0.503503
0.500976
0.490006
0.478882
0.476621
0.466598
0.46486
0.456401
0.455166
0.448866
0.444485
0.44394
0.442146
0.442661
0.443628
0.445835
0.450559
0.461186
0.464452
0.48009
0.488026
0.510023
0.549493
0.559905
0.638689
0.681292
0.906044
1.40471
1.54848
2.14332
2.29815
2.64263
0.363376
0.364319
0.363074
0.364427
0.363478
0.366264
0.365993
0.371494
0.373073
0.382207
0.385006
0.395022
0.398311
0.409151
0.412984
0.424453
0.437395
0.440834
0.454053
0.457537
0.470415
0.47396
0.485162
0.488474
0.497269
0.500208
0.507013
0.50885
0.511711
0.511479
0.512001
0.50801
0.506655
0.500563
0.498284
0.49135
0.481928
0.479649
0.470064
0.467589
0.458633
0.456246
0.448432
0.442168
0.440033
0.435568
0.434563
0.431754
0.431864
0.431987
0.436043
0.437
0.444422
0.447461
0.459199
0.480455
0.485731
0.522331
0.5389
0.635304
0.939266
1.02187
1.58642
1.80631
2.4289
0.360003
0.360534
0.35973
0.36072
0.360145
0.362507
0.362594
0.367801
0.369218
0.377938
0.380374
0.390212
0.393155
0.403858
0.407378
0.41866
0.430875
0.434557
0.447148
0.450789
0.463344
0.466877
0.478332
0.481498
0.491106
0.493656
0.500927
0.502892
0.508083
0.507954
0.509191
0.506534
0.505897
0.500619
0.498091
0.491471
0.482238
0.4804
0.470624
0.468489
0.459164
0.457112
0.448744
0.442209
0.440151
0.435006
0.434257
0.430487
0.431084
0.42996
0.432947
0.434142
0.440131
0.443718
0.453455
0.472245
0.477364
0.509892
0.52678
0.606454
0.875924
0.950668
1.4837
1.70961
2.35817
0.33918
0.340485
0.339038
0.3407
0.339465
0.342349
0.341536
0.346305
0.346972
0.354725
0.356021
0.364485
0.365598
0.375135
0.37603
0.38675
0.395297
0.399464
0.408627
0.412728
0.422667
0.426424
0.436607
0.439461
0.449687
0.451306
0.461207
0.461446
0.470354
0.474295
0.477358
0.478553
0.480168
0.480585
0.480087
0.478712
0.473095
0.473222
0.467334
0.466523
0.459991
0.458572
0.451634
0.444698
0.442889
0.43648
0.434973
0.429712
0.428357
0.425234
0.423048
0.423023
0.424218
0.423927
0.429893
0.43681
0.440199
0.456721
0.459124
0.504217
0.615177
0.648444
0.981464
1.04546
1.69111
0.334968
0.335594
0.334895
0.335891
0.335412
0.337451
0.337484
0.341508
0.342773
0.349149
0.351233
0.358025
0.36054
0.367713
0.370794
0.378347
0.388114
0.390215
0.400787
0.403092
0.41411
0.416792
0.427343
0.430355
0.439809
0.443134
0.451059
0.454501
0.46086
0.466704
0.468676
0.473019
0.474007
0.475597
0.47601
0.476078
0.47271
0.472711
0.467311
0.466508
0.461142
0.458982
0.4537
0.446054
0.444504
0.437415
0.435719
0.429634
0.428301
0.42372
0.421537
0.420906
0.420111
0.421399
0.422501
0.430795
0.432549
0.444661
0.451626
0.476509
0.574301
0.60015
0.833858
0.979727
1.43697
0.332871
0.33345
0.332811
0.333788
0.333315
0.335345
0.335369
0.33938
0.340413
0.34669
0.348443
0.355381
0.357428
0.364961
0.367355
0.375438
0.384415
0.387022
0.396579
0.399354
0.40948
0.412409
0.42253
0.425484
0.435108
0.438053
0.446672
0.449537
0.456584
0.462172
0.464141
0.4678
0.469481
0.472112
0.472621
0.473059
0.471234
0.471081
0.466857
0.465767
0.460145
0.458401
0.452805
0.446042
0.444426
0.437691
0.436112
0.430104
0.428763
0.424269
0.421375
0.420804
0.419822
0.420623
0.42229
0.42827
0.430209
0.441612
0.447438
0.47436
0.558058
0.58312
0.810094
0.928421
1.3831
0.314472
0.315323
0.314419
0.315564
0.314819
0.31694
0.31654
0.320087
0.320766
0.32633
0.327519
0.333388
0.334523
0.340879
0.34198
0.34896
0.355473
0.357877
0.364968
0.367458
0.375302
0.37782
0.386092
0.38841
0.396982
0.398928
0.407638
0.409037
0.417552
0.4235
0.426173
0.431283
0.433127
0.437641
0.438778
0.443016
0.443803
0.445952
0.446182
0.446998
0.446131
0.44579
0.443597
0.439834
0.439655
0.435589
0.434851
0.430553
0.429448
0.425298
0.421245
0.420232
0.417233
0.416369
0.41508
0.415181
0.41543
0.419015
0.419714
0.431167
0.46031
0.469179
0.562909
0.588265
0.852275
0.311501
0.311837
0.311459
0.312099
0.311872
0.313337
0.313527
0.316622
0.317641
0.322434
0.324002
0.328981
0.330864
0.335856
0.338221
0.343204
0.350341
0.351537
0.359412
0.360856
0.369238
0.37108
0.379448
0.381746
0.389654
0.392564
0.399509
0.403208
0.409273
0.416962
0.418557
0.42483
0.426451
0.431313
0.432972
0.436425
0.439947
0.44096
0.442121
0.442942
0.443589
0.443349
0.443292
0.439441
0.439552
0.435717
0.434879
0.431833
0.429622
0.426907
0.42183
0.420866
0.417302
0.416307
0.413724
0.413599
0.413247
0.414717
0.416876
0.420646
0.44751
0.453729
0.514797
0.562666
0.713717
0.309556
0.310092
0.309517
0.310329
0.309895
0.311619
0.31158
0.314732
0.315502
0.320287
0.32163
0.326749
0.328261
0.333679
0.335385
0.341115
0.347714
0.34931
0.356336
0.358153
0.365726
0.367807
0.375644
0.377936
0.385804
0.388329
0.39594
0.398716
0.40568
0.412663
0.414496
0.420339
0.422078
0.426915
0.428623
0.432273
0.435478
0.436594
0.438874
0.43956
0.440149
0.440749
0.439991
0.438414
0.437903
0.434542
0.433797
0.429947
0.428915
0.425331
0.421357
0.420476
0.417081
0.416306
0.414086
0.413199
0.413074
0.414615
0.415835
0.422426
0.443634
0.450236
0.514244
0.546028
0.720703
0.293851
0.294375
0.293825
0.294587
0.294178
0.295655
0.295527
0.298197
0.298888
0.303038
0.304154
0.308505
0.309654
0.314201
0.315396
0.320191
0.325157
0.326664
0.331976
0.33357
0.339403
0.341125
0.347293
0.349098
0.355513
0.35738
0.363954
0.365808
0.37239
0.378511
0.380444
0.386129
0.38786
0.393181
0.394716
0.399571
0.403616
0.405313
0.408757
0.410211
0.412937
0.414023
0.416449
0.417164
0.418272
0.418516
0.418762
0.418357
0.418038
0.416795
0.414823
0.414679
0.41282
0.412292
0.41062
0.408912
0.408623
0.408038
0.40785
0.409336
0.415244
0.417034
0.437611
0.445746
0.509913
0.291892
0.292098
0.291861
0.292323
0.292203
0.293323
0.293542
0.295924
0.296634
0.300615
0.301722
0.305882
0.307124
0.311399
0.312822
0.317156
0.321899
0.323301
0.328517
0.329909
0.335693
0.337181
0.343325
0.344976
0.351273
0.353203
0.3594
0.361742
0.367564
0.373794
0.375465
0.381396
0.382969
0.3885
0.390116
0.395001
0.399247
0.400813
0.404598
0.405797
0.409099
0.40999
0.412685
0.414438
0.415334
0.41569
0.416236
0.416667
0.416344
0.416451
0.414078
0.413866
0.412463
0.411582
0.410899
0.40845
0.408323
0.407518
0.407198
0.408022
0.4125
0.413779
0.428495
0.439092
0.479667
0.289322
0.289962
0.289298
0.290158
0.289615
0.291195
0.29093
0.283548
0.283531
0.297459
0.298941
0.302874
0.304148
0.3082
0.309656
0.313815
0.319239
0.319867
0.325394
0.326284
0.332055
0.333319
0.339168
0.340822
0.346654
0.34876
0.354453
0.357037
0.3624
0.369174
0.370207
0.376077
0.377621
0.382669
0.384831
0.388939
0.394591
0.39491
0.39925
0.400284
0.403299
0.405053
0.406713
0.409506
0.409663
0.41138
0.412047
0.411974
0.413287
0.412378
0.411904
0.411839
0.410139
0.410212
0.408054
0.406593
0.406251
0.405477
0.405822
0.406322
0.410683
0.411934
0.426559
0.433685
0.478922
0.277132
0.277429
0.277158
0.277624
0.277446
0.278428
0.278488
0.28024
0.280879
0.284167
0.285203
0.288398
0.289578
0.292847
0.29421
0.297534
0.30159
0.302555
0.306866
0.307865
0.312458
0.31359
0.31828
0.319636
0.324297
0.32601
0.330515
0.332674
0.337023
0.34248
0.343655
0.348822
0.350199
0.354906
0.356666
0.36075
0.365653
0.366763
0.371409
0.372632
0.37657
0.378024
0.381063
0.384371
0.385276
0.387932
0.388838
0.390633
0.391536
0.392854
0.394463
0.394888
0.395466
0.395854
0.396149
0.396127
0.396207
0.396055
0.395865
0.396556
0.397731
0.398317
0.40272
0.405283
0.417645
0.275535
0.275882
0.275556
0.276087
0.275857
0.276942
0.276942
0.278912
0.279404
0.282422
0.28327
0.286516
0.287472
0.290889
0.291947
0.295513
0.299428
0.300433
0.304488
0.305572
0.309875
0.311067
0.315558
0.316855
0.321514
0.322967
0.327741
0.329401
0.334141
0.339179
0.340512
0.345343
0.346722
0.351444
0.352967
0.357443
0.362115
0.363341
0.367629
0.368917
0.372855
0.374237
0.377625
0.380894
0.381841
0.384409
0.385343
0.38733
0.388304
0.389722
0.390904
0.391609
0.392558
0.393292
0.393619
0.394092
0.394362
0.39456
0.394932
0.395103
0.396036
0.396508
0.400282
0.40236
0.414525
0.264897
0.26524
0.264934
0.26542
0.265184
0.266099
0.266044
0.267713
0.268165
0.270743
0.271458
0.274189
0.274935
0.277816
0.278611
0.281659
0.284857
0.285812
0.289167
0.290164
0.293753
0.2948
0.298521
0.299601
0.303434
0.30456
0.30851
0.309675
0.313721
0.317766
0.318959
0.322952
0.324116
0.328138
0.329312
0.333332
0.337285
0.338627
0.342575
0.34383
0.347682
0.348884
0.352526
0.35588
0.357158
0.360243
0.361321
0.364057
0.364939
0.367454
0.369515
0.370411
0.372041
0.372648
0.374068
0.375143
0.375957
0.376939
0.377255
0.378267
0.379321
0.379953
0.381816
0.38255
0.387083
0.263489
0.263691
0.263538
0.263909
0.263822
0.264587
0.264692
0.266258
0.266702
0.26911
0.269787
0.272408
0.273177
0.275919
0.276796
0.279662
0.282657
0.28365
0.28688
0.287869
0.291372
0.292368
0.296054
0.297069
0.300862
0.301968
0.30579
0.307092
0.310819
0.314734
0.31586
0.319825
0.320914
0.32492
0.32612
0.329999
0.333878
0.335127
0.33909
0.340241
0.344196
0.34539
0.349051
0.352425
0.353618
0.356826
0.357821
0.360822
0.361769
0.364321
0.366447
0.367263
0.369188
0.369768
0.371361
0.37234
0.372885
0.373886
0.374351
0.375714
0.376693
0.377197
0.379186
0.380098
0.3837
0.254735
0.255146
0.254797
0.255311
0.255013
0.255897
0.255729
0.257202
0.257452
0.259729
0.260167
0.262553
0.26296
0.265507
0.265889
0.268626
0.271155
0.272026
0.274702
0.275586
0.278519
0.279395
0.28253
0.28333
0.286673
0.28736
0.290926
0.291459
0.295223
0.298374
0.299473
0.302687
0.303566
0.307038
0.307657
0.311412
0.314451
0.315853
0.31908
0.32018
0.323725
0.324418
0.328244
0.331074
0.33259
0.335541
0.336523
0.339725
0.340084
0.343561
0.345794
0.346928
0.34926
0.349616
0.352139
0.353381
0.354365
0.355744
0.355872
0.357598
0.358305
0.359103
0.360457
0.360565
0.363341
0.253171
0.253351
0.253251
0.253541
0.253496
0.254091
0.254209
0.25547
0.255888
0.257821
0.258435
0.260466
0.26119
0.263234
0.264117
0.266083
0.268786
0.269366
0.272235
0.272869
0.275926
0.276651
0.279787
0.280625
0.283734
0.284752
0.287692
0.289017
0.291604
0.295209
0.295964
0.299327
0.30017
0.303361
0.304465
0.307098
0.310838
0.311583
0.315261
0.316151
0.319569
0.320749
0.323419
0.327196
0.328017
0.331447
0.332394
0.335297
0.336571
0.338946
0.341969
0.342782
0.345229
0.346139
0.347855
0.349966
0.350577
0.352122
0.352714
0.353795
0.355107
0.35555
0.356662
0.357331
0.358517
0.251941
0.252299
0.252046
0.25249
0.252287
0.253077
0.253005
0.25431
0.254584
0.256534
0.257063
0.259111
0.259708
0.261851
0.262517
0.264777
0.267444
0.267914
0.270676
0.271248
0.274155
0.274855
0.277836
0.278653
0.28167
0.282617
0.285641
0.286731
0.289703
0.293099
0.29378
0.296979
0.297803
0.30091
0.301941
0.304936
0.30854
0.309149
0.312556
0.313427
0.316679
0.317861
0.320861
0.324476
0.325133
0.328324
0.329317
0.33212
0.333496
0.335913
0.338819
0.339628
0.341909
0.343106
0.344818
0.346951
0.347513
0.348933
0.349903
0.35081
0.352241
0.352688
0.353701
0.354721
0.355807
0.244582
0.244811
0.244675
0.244999
0.244912
0.245494
0.245536
0.246601
0.246953
0.248541
0.249068
0.250724
0.251309
0.253014
0.253674
0.255422
0.257516
0.258058
0.260281
0.260853
0.263251
0.263893
0.26638
0.267118
0.269633
0.270512
0.273014
0.274051
0.276516
0.279353
0.280062
0.282823
0.283587
0.286239
0.287152
0.289644
0.292506
0.293225
0.296143
0.296935
0.299734
0.300745
0.303301
0.30632
0.307086
0.310024
0.310914
0.313522
0.314686
0.317073
0.319958
0.320783
0.323214
0.324227
0.326231
0.328573
0.329259
0.331071
0.331855
0.333247
0.33492
0.335458
0.336676
0.337328
0.338377
0.243668
0.243923
0.243781
0.244122
0.244024
0.244633
0.244649
0.245707
0.245965
0.247533
0.247969
0.249648
0.250128
0.251886
0.252411
0.254273
0.256284
0.25681
0.258931
0.259507
0.261786
0.262424
0.264828
0.26552
0.268027
0.268788
0.271369
0.272221
0.274816
0.277534
0.278262
0.280918
0.281658
0.284314
0.285117
0.287739
0.290518
0.291249
0.293999
0.294785
0.297562
0.298455
0.301171
0.304043
0.304839
0.307608
0.308469
0.311168
0.312182
0.314728
0.317409
0.318248
0.32071
0.321649
0.323836
0.326022
0.326729
0.328583
0.329354
0.330906
0.332454
0.33301
0.334317
0.334995
0.336104
0.237438
0.237684
0.237567
0.23788
0.237798
0.238327
0.238338
0.239244
0.239503
0.240849
0.241233
0.242644
0.243046
0.244518
0.244946
0.246482
0.248153
0.248628
0.250375
0.250877
0.252766
0.253309
0.255298
0.255879
0.257958
0.258589
0.260754
0.261432
0.263661
0.265976
0.266632
0.268933
0.269592
0.271916
0.272607
0.274934
0.277311
0.278044
0.28045
0.281162
0.283573
0.284313
0.286687
0.289114
0.289883
0.292305
0.293061
0.295436
0.296228
0.298615
0.301064
0.30186
0.304152
0.304936
0.307116
0.309273
0.310016
0.311924
0.312589
0.314352
0.316058
0.316694
0.318161
0.318693
0.320081
0.236668
0.236874
0.236805
0.237082
0.237048
0.237526
0.237591
0.238452
0.238691
0.239961
0.240319
0.241688
0.242082
0.243512
0.243946
0.245447
0.247
0.247492
0.249155
0.249665
0.251476
0.25201
0.253944
0.254504
0.256543
0.257154
0.259272
0.259969
0.262119
0.264323
0.264989
0.267236
0.267882
0.27019
0.27087
0.273179
0.27547
0.27621
0.278551
0.279243
0.281648
0.282367
0.28473
0.287071
0.287824
0.290198
0.290916
0.293317
0.29413
0.29643
0.298808
0.299559
0.301897
0.302676
0.30485
0.306953
0.30765
0.309634
0.310307
0.312091
0.313764
0.314353
0.315935
0.316513
0.317867
0.231623
0.231881
0.231775
0.232084
0.232003
0.232485
0.232469
0.233248
0.233426
0.234574
0.234844
0.236046
0.236316
0.237574
0.237848
0.239174
0.240522
0.240916
0.242318
0.242731
0.244251
0.24468
0.246297
0.246729
0.24845
0.248882
0.250714
0.251136
0.25307
0.254941
0.255493
0.257396
0.257913
0.25992
0.260405
0.262515
0.264527
0.265209
0.267284
0.267905
0.270068
0.270621
0.272852
0.274911
0.275646
0.277732
0.278351
0.280503
0.281007
0.283277
0.285345
0.286051
0.288136
0.288675
0.290834
0.292722
0.293436
0.295287
0.295756
0.297672
0.299273
0.299919
0.301512
0.301868
0.303538
0.230899
0.23108
0.231058
0.231295
0.231298
0.231681
0.231767
0.232475
0.232686
0.23372
0.234014
0.235126
0.235455
0.236603
0.236975
0.238162
0.239401
0.239805
0.241154
0.241555
0.24303
0.243441
0.245016
0.245452
0.247099
0.247593
0.249277
0.24987
0.251558
0.253354
0.253877
0.255757
0.256273
0.258215
0.258797
0.26074
0.262695
0.263337
0.265421
0.266013
0.268168
0.2688
0.270889
0.272931
0.273596
0.275709
0.276311
0.278416
0.279116
0.281073
0.283187
0.283809
0.285902
0.286583
0.288496
0.290467
0.291068
0.292964
0.293584
0.295268
0.296984
0.297525
0.299169
0.299742
0.301137
0.226916
0.227186
0.227085
0.227393
0.227312
0.227755
0.227719
0.228391
0.22851
0.229486
0.229677
0.230691
0.230873
0.231937
0.232111
0.233241
0.23433
0.234654
0.235788
0.236119
0.237353
0.237687
0.239008
0.239327
0.240745
0.241039
0.242568
0.242825
0.244458
0.24596
0.246408
0.247956
0.248347
0.250027
0.250349
0.252172
0.253828
0.254423
0.256177
0.256689
0.258599
0.258997
0.261056
0.262844
0.263532
0.265394
0.265916
0.267915
0.268245
0.270406
0.272218
0.272839
0.274736
0.275095
0.277145
0.27878
0.279425
0.281142
0.281444
0.283344
0.284788
0.28539
0.286977
0.28717
0.288953
0.226227
0.226402
0.226404
0.226621
0.226642
0.226965
0.22705
0.227636
0.227819
0.22866
0.22891
0.2298
0.230086
0.230987
0.231324
0.232232
0.23327
0.233556
0.234691
0.234978
0.236204
0.236511
0.237794
0.238139
0.239451
0.239864
0.241162
0.241696
0.242962
0.244465
0.244841
0.246393
0.246796
0.248361
0.24886
0.25037
0.252052
0.25251
0.254341
0.254817
0.256667
0.257243
0.258984
0.260871
0.261408
0.263371
0.263907
0.265795
0.266466
0.26816
0.270123
0.270653
0.272519
0.273135
0.274738
0.276588
0.277085
0.278791
0.27938
0.280801
0.282519
0.282991
0.28453
0.285121
0.286381
0.223136
0.22341
0.223317
0.223619
0.223542
0.223947
0.223903
0.224485
0.224565
0.22539
0.225525
0.226376
0.226498
0.227393
0.227504
0.228457
0.229338
0.229603
0.230523
0.230788
0.231792
0.232052
0.233132
0.233369
0.234536
0.234738
0.236003
0.236158
0.237517
0.238719
0.239084
0.240332
0.240628
0.242006
0.242217
0.243737
0.245067
0.245566
0.247001
0.247408
0.249022
0.249294
0.251092
0.2526
0.253209
0.254837
0.255264
0.25709
0.257296
0.259337
0.260964
0.261523
0.26329
0.263543
0.265503
0.266974
0.26756
0.26916
0.269352
0.271175
0.27247
0.273006
0.274512
0.274588
0.276347
0.222524
0.222706
0.222712
0.222923
0.222946
0.223235
0.223308
0.223797
0.223956
0.224638
0.224854
0.225562
0.225814
0.226518
0.226821
0.227495
0.228398
0.228556
0.229547
0.229759
0.23077
0.231007
0.232046
0.232324
0.233367
0.233715
0.234714
0.235185
0.236091
0.237397
0.237676
0.238937
0.239257
0.240495
0.240918
0.24201
0.243484
0.243807
0.245335
0.245712
0.247215
0.247718
0.249014
0.250759
0.251163
0.252897
0.253366
0.25498
0.255644
0.257082
0.25895
0.259426
0.261134
0.261729
0.263104
0.264917
0.265367
0.266926
0.267471
0.268715
0.270338
0.270752
0.272126
0.272702
0.273808
0.222051
0.222303
0.222241
0.222519
0.22247
0.222843
0.222827
0.223349
0.223436
0.224145
0.224309
0.225043
0.225226
0.225985
0.226188
0.226981
0.227906
0.228033
0.228977
0.229134
0.230118
0.230315
0.231326
0.231562
0.232596
0.23288
0.233932
0.23427
0.235346
0.236584
0.236793
0.238005
0.238277
0.23949
0.239844
0.241074
0.242547
0.242751
0.244204
0.244522
0.245966
0.246417
0.247847
0.249574
0.249839
0.251482
0.25191
0.253477
0.254094
0.255599
0.257411
0.257821
0.259443
0.260071
0.261532
0.263306
0.263674
0.265162
0.265778
0.267051
0.26866
0.269023
0.270334
0.271007
0.272085
0.21959
0.219769
0.219782
0.219984
0.220009
0.220275
0.220337
0.220754
0.220889
0.221451
0.221634
0.222214
0.222424
0.223003
0.223254
0.223825
0.224547
0.224715
0.225483
0.225657
0.226474
0.22667
0.227508
0.227738
0.228572
0.228862
0.229665
0.230047
0.23081
0.23183
0.232052
0.233061
0.233322
0.234308
0.234655
0.235556
0.236715
0.236969
0.238193
0.238494
0.239692
0.240108
0.24118
0.242579
0.242893
0.244321
0.244713
0.246034
0.246618
0.247818
0.249453
0.249863
0.251358
0.251921
0.253194
0.254841
0.255254
0.256712
0.257243
0.258445
0.259972
0.260367
0.26167
0.262198
0.263256
0.219195
0.219424
0.219388
0.219638
0.219611
0.219935
0.219934
0.220375
0.220451
0.221038
0.221172
0.22178
0.221928
0.222557
0.222719
0.22338
0.224127
0.224241
0.225004
0.22514
0.225936
0.226101
0.226919
0.227111
0.227948
0.228174
0.22903
0.229289
0.230171
0.231158
0.231336
0.232307
0.232526
0.233504
0.233777
0.234777
0.23594
0.236121
0.237277
0.237535
0.238699
0.239047
0.240223
0.241598
0.241835
0.243176
0.243525
0.244841
0.245322
0.246636
0.248172
0.248531
0.24997
0.250489
0.25185
0.253439
0.253791
0.255193
0.255722
0.256983
0.258481
0.258829
0.260102
0.260664
0.261749
0.217146
0.217321
0.217337
0.217531
0.217557
0.217803
0.217859
0.218222
0.218337
0.218816
0.218968
0.219459
0.219632
0.220123
0.220325
0.220812
0.221405
0.221552
0.22218
0.222328
0.222996
0.223158
0.223844
0.224031
0.224715
0.224947
0.225611
0.225911
0.226545
0.227362
0.227545
0.228359
0.228571
0.229368
0.229646
0.230384
0.231306
0.231519
0.232492
0.232736
0.233694
0.234027
0.234894
0.236009
0.236263
0.237407
0.237724
0.23879
0.239263
0.240243
0.24159
0.241927
0.243169
0.24365
0.24473
0.246166
0.246522
0.247815
0.248305
0.2494
0.250833
0.251205
0.252452
0.252961
0.254009
0.216822
0.217037
0.217013
0.217244
0.217228
0.217519
0.217523
0.217906
0.217972
0.21847
0.218582
0.219097
0.219219
0.219751
0.219883
0.220441
0.221062
0.221158
0.221791
0.221905
0.222562
0.222697
0.223371
0.223526
0.224217
0.224395
0.225099
0.225304
0.22603
0.226832
0.226978
0.227767
0.227942
0.228738
0.228953
0.229768
0.230701
0.23085
0.23178
0.231984
0.232922
0.233191
0.234146
0.235244
0.235437
0.236517
0.236791
0.237865
0.238234
0.239322
0.240579
0.240872
0.242077
0.242491
0.243667
0.245027
0.245331
0.246579
0.247025
0.248196
0.249568
0.249889
0.251106
0.251604
0.252689
0.215091
0.215259
0.215279
0.215463
0.215491
0.215717
0.215769
0.216091
0.216191
0.216604
0.216735
0.217159
0.217306
0.217727
0.217898
0.218314
0.218815
0.218942
0.21947
0.219597
0.220157
0.220293
0.220867
0.221022
0.221594
0.221784
0.222338
0.222583
0.223111
0.223782
0.223934
0.224605
0.224777
0.225436
0.225659
0.22627
0.227017
0.227193
0.227982
0.22818
0.228958
0.229224
0.22993
0.230824
0.231033
0.231951
0.232205
0.233066
0.233443
0.234232
0.23532
0.23559
0.236602
0.23699
0.23787
0.239061
0.239354
0.24044
0.240853
0.241781
0.243037
0.243358
0.244467
0.244936
0.24589
0.214814
0.215018
0.215001
0.215218
0.215208
0.215474
0.215481
0.215823
0.215876
0.216309
0.216402
0.216848
0.216949
0.217408
0.217516
0.217995
0.218527
0.218606
0.219143
0.219236
0.219792
0.219901
0.22047
0.220595
0.221175
0.221319
0.221909
0.222072
0.222677
0.223346
0.223462
0.224117
0.224257
0.224916
0.225086
0.225759
0.226526
0.226643
0.227404
0.227566
0.228331
0.228542
0.229319
0.230212
0.23036
0.231236
0.231449
0.232318
0.232606
0.233488
0.234509
0.234737
0.235721
0.236045
0.237014
0.238139
0.23838
0.23943
0.23979
0.240797
0.241983
0.242252
0.243337
0.243762
0.244767
0.213371
0.21353
0.213554
0.213726
0.213756
0.213965
0.214013
0.214297
0.214389
0.21475
0.214861
0.21523
0.215355
0.215722
0.215867
0.216228
0.216657
0.216766
0.21722
0.217329
0.217808
0.217923
0.218413
0.218542
0.219032
0.219188
0.219658
0.219863
0.220306
0.22087
0.220998
0.221563
0.221705
0.222259
0.222442
0.222954
0.223569
0.223717
0.224371
0.224532
0.225179
0.225392
0.225974
0.226703
0.226875
0.227626
0.22783
0.228538
0.228837
0.229476
0.230358
0.230577
0.231401
0.231709
0.232419
0.233391
0.233628
0.234521
0.234855
0.23561
0.236662
0.236926
0.237864
0.23826
0.239068
0.213119
0.213313
0.213299
0.213505
0.213496
0.213743
0.213736
0.213089
0.214063
0.214482
0.214558
0.214949
0.215034
0.215432
0.215524
0.21594
0.216406
0.216467
0.216934
0.217007
0.217487
0.217575
0.218063
0.218165
0.21866
0.218778
0.219279
0.219414
0.219925
0.220496
0.220587
0.221142
0.221253
0.221808
0.221946
0.222508
0.223156
0.223244
0.22388
0.224006
0.224641
0.22481
0.225449
0.226193
0.226304
0.227025
0.227191
0.227901
0.228133
0.228847
0.229687
0.22986
0.230661
0.230918
0.231702
0.23263
0.232814
0.233674
0.233964
0.234789
0.235785
0.235994
0.236906
0.237259
0.238116
0.211902
0.212052
0.212077
0.212239
0.212269
0.212462
0.212509
0.212754
0.212839
0.213166
0.213254
0.213591
0.21369
0.214025
0.214141
0.214465
0.21483
0.214926
0.215323
0.215421
0.215835
0.215934
0.21636
0.216466
0.216897
0.217023
0.21744
0.217601
0.217985
0.218464
0.218579
0.21906
0.219178
0.219657
0.219801
0.220244
0.220757
0.220888
0.221434
0.221568
0.222118
0.222285
0.22278
0.223378
0.223527
0.22415
0.224312
0.224914
0.225144
0.225686
0.226397
0.226574
0.227262
0.227498
0.228078
0.228877
0.229069
0.22981
0.230068
0.230677
0.231552
0.231766
0.232552
0.232861
0.233546
0.210738
0.210917
0.210905
0.211094
0.211086
0.211309
0.211312
0.211587
0.211622
0.21196
0.212013
0.212357
0.212405
0.212757
0.212804
0.213171
0.213527
0.213604
0.213963
0.214042
0.214419
0.214497
0.214888
0.214962
0.21537
0.215438
0.215865
0.215925
0.216371
0.216794
0.216888
0.217313
0.217397
0.217844
0.217916
0.218392
0.218841
0.218958
0.219422
0.219528
0.220025
0.220109
0.220643
0.221142
0.221281
0.221803
0.221917
0.222481
0.222562
0.223179
0.223753
0.223899
0.224509
0.224609
0.225274
0.225883
0.226055
0.226702
0.226805
0.227522
0.228172
0.228355
0.229063
0.229158
0.229949
0.210549
0.210687
0.210713
0.210864
0.210896
0.211074
0.211121
0.211355
0.211423
0.211714
0.211795
0.212099
0.212187
0.212494
0.212591
0.212903
0.213213
0.213321
0.21365
0.213752
0.214104
0.214202
0.21457
0.214669
0.215046
0.215154
0.215531
0.215659
0.216028
0.216415
0.216529
0.216935
0.217044
0.217459
0.21758
0.217992
0.218403
0.218538
0.218986
0.219109
0.219576
0.219712
0.220173
0.220643
0.220788
0.221296
0.221437
0.221952
0.222127
0.222619
0.223179
0.223336
0.223909
0.224091
0.224635
0.225238
0.225408
0.226023
0.226219
0.226796
0.227449
0.227632
0.228291
0.228521
0.229129
0.209406
0.209568
0.209564
0.209736
0.209737
0.20994
0.20995
0.2102
0.21024
0.210546
0.210599
0.21091
0.210961
0.211278
0.211328
0.211655
0.211981
0.212051
0.212377
0.212449
0.212789
0.212861
0.213211
0.213282
0.213643
0.213711
0.214086
0.21415
0.214538
0.214915
0.214998
0.215374
0.215453
0.215844
0.215916
0.216325
0.216725
0.216824
0.217232
0.217325
0.217753
0.217838
0.218287
0.218727
0.218842
0.219292
0.219394
0.21987
0.219958
0.220464
0.220957
0.221082
0.22159
0.221695
0.222234
0.222755
0.222895
0.223432
0.223541
0.224115
0.224668
0.224819
0.225398
0.225509
0.226133
0.209252
0.209382
0.209408
0.20955
0.209581
0.20975
0.209792
0.21001
0.210071
0.210339
0.210415
0.210695
0.210776
0.21106
0.211146
0.21144
0.211728
0.211825
0.212124
0.212219
0.212535
0.212628
0.212956
0.213049
0.213386
0.213484
0.213825
0.213932
0.214276
0.214621
0.214728
0.215082
0.215184
0.21555
0.215655
0.216029
0.216392
0.216516
0.2169
0.217014
0.217418
0.217536
0.217948
0.218353
0.218488
0.218916
0.219042
0.219487
0.219627
0.220071
0.220536
0.220678
0.221161
0.221309
0.221791
0.222286
0.222437
0.222951
0.223109
0.223617
0.224147
0.224307
0.224858
0.225037
0.225573
0.20812
0.208265
0.20827
0.208426
0.208436
0.208619
0.208639
0.208866
0.208911
0.209187
0.209245
0.209525
0.209582
0.209867
0.209925
0.210218
0.210516
0.210584
0.210882
0.210952
0.211261
0.211332
0.211649
0.21172
0.212045
0.212116
0.212449
0.21252
0.21286
0.213201
0.21328
0.213619
0.213696
0.214043
0.214119
0.214477
0.214837
0.214926
0.215291
0.215379
0.215756
0.215843
0.216231
0.216622
0.216724
0.21712
0.217218
0.217627
0.217723
0.218148
0.21858
0.218692
0.219127
0.219235
0.219684
0.220136
0.220258
0.220714
0.220827
0.221298
0.221774
0.221906
0.222389
0.22251
0.223013
0.207989
0.208119
0.208139
0.208278
0.208302
0.208468
0.208501
0.208708
0.208761
0.209013
0.20908
0.209343
0.209414
0.209683
0.209755
0.210035
0.210315
0.210394
0.210678
0.210758
0.211053
0.211135
0.211438
0.211521
0.211831
0.211917
0.212232
0.212322
0.212646
0.212969
0.213059
0.213384
0.213473
0.213805
0.213898
0.21424
0.214581
0.214682
0.215031
0.215131
0.215492
0.215594
0.215966
0.216339
0.21645
0.216831
0.216941
0.217332
0.217449
0.21785
0.218262
0.218383
0.218802
0.218926
0.219354
0.219788
0.219916
0.220357
0.220488
0.220935
0.221393
0.221528
0.221997
0.222141
0.22261
0.206886
0.207015
0.207029
0.207167
0.207186
0.20735
0.207378
0.207583
0.207636
0.207883
0.207946
0.208199
0.208263
0.208518
0.208583
0.208844
0.209117
0.209185
0.209458
0.209529
0.209811
0.209884
0.210171
0.210246
0.210538
0.210616
0.210912
0.210993
0.211292
0.211602
0.21168
0.211987
0.212065
0.212377
0.21246
0.212774
0.2131
0.213187
0.213517
0.213605
0.213941
0.214034
0.214371
0.214724
0.214821
0.215175
0.215272
0.215632
0.215738
0.216101
0.216485
0.216592
0.216973
0.217086
0.217466
0.217868
0.217981
0.218377
0.218495
0.218891
0.21931
0.21943
0.219845
0.219974
0.220387
0.206752
0.206884
0.206894
0.207034
0.207047
0.207213
0.207235
0.207436
0.207476
0.207721
0.207775
0.208029
0.208085
0.208344
0.208403
0.208672
0.208948
0.209005
0.209283
0.209344
0.209628
0.209692
0.209981
0.210049
0.210342
0.210414
0.210712
0.210786
0.211091
0.211404
0.211473
0.21178
0.211853
0.212164
0.21224
0.212561
0.21289
0.212965
0.213294
0.213374
0.213709
0.213793
0.214137
0.214491
0.214575
0.214929
0.215018
0.215376
0.215473
0.215839
0.21622
0.216317
0.216696
0.2168
0.217185
0.217584
0.217686
0.218079
0.218188
0.218586
0.219002
0.219109
0.219521
0.219643
0.220057
0.205676
0.205791
0.20581
0.205935
0.205958
0.206106
0.206139
0.206326
0.206383
0.206607
0.206674
0.206903
0.206973
0.207203
0.207279
0.207509
0.207756
0.207827
0.208079
0.20815
0.208411
0.208484
0.20875
0.208825
0.209093
0.209176
0.209442
0.209535
0.209795
0.210079
0.210157
0.210441
0.210519
0.210804
0.210892
0.211171
0.211468
0.211553
0.211859
0.211942
0.212251
0.212347
0.212645
0.212966
0.213057
0.213386
0.213479
0.213803
0.213918
0.214228
0.214582
0.21468
0.215026
0.215143
0.215471
0.215837
0.21594
0.216297
0.216418
0.216754
0.217137
0.217245
0.217614
0.217749
0.218095
0.2055
0.205636
0.205633
0.205777
0.205776
0.205944
0.205951
0.20615
0.206178
0.206419
0.206463
0.206709
0.206755
0.207004
0.207052
0.20731
0.207583
0.207624
0.207894
0.207938
0.208214
0.208263
0.208543
0.208596
0.208877
0.208936
0.209218
0.209281
0.20957
0.209874
0.209924
0.210221
0.210276
0.210572
0.210634
0.210935
0.211259
0.211309
0.211625
0.211685
0.212001
0.212071
0.212392
0.212736
0.212794
0.213129
0.213199
0.213532
0.213615
0.213952
0.214316
0.214388
0.214739
0.214827
0.215178
0.215557
0.215631
0.215993
0.216086
0.216445
0.216836
0.216915
0.21729
0.217395
0.217764
0.204465
0.204572
0.204591
0.204709
0.204731
0.204867
0.2049
0.205078
0.205127
0.205343
0.2054
0.205622
0.205685
0.205905
0.205976
0.206191
0.206413
0.206484
0.206723
0.206789
0.20704
0.207103
0.207363
0.207428
0.207689
0.207761
0.208015
0.208103
0.208339
0.208605
0.208677
0.20895
0.209019
0.209295
0.209372
0.209636
0.209901
0.209984
0.210274
0.21035
0.210647
0.21073
0.211012
0.2113
0.211388
0.211699
0.211781
0.212091
0.212194
0.212476
0.212804
0.212892
0.213223
0.213324
0.213622
0.21396
0.214053
0.214393
0.214498
0.2148
0.215155
0.21525
0.2156
0.215718
0.216028
0.203398
0.203526
0.203519
0.203655
0.203651
0.20381
0.203813
0.204004
0.204029
0.204261
0.204295
0.204529
0.204562
0.204798
0.20483
0.205075
0.205316
0.205361
0.205602
0.205647
0.205896
0.205942
0.206197
0.206241
0.206502
0.206544
0.206812
0.206851
0.207126
0.207394
0.207445
0.20771
0.207758
0.20803
0.208074
0.208357
0.208633
0.208693
0.208971
0.209026
0.209315
0.209364
0.209665
0.209956
0.210023
0.210318
0.210376
0.210684
0.210732
0.211056
0.211367
0.211436
0.211754
0.211809
0.212142
0.21246
0.212534
0.212859
0.212914
0.213256
0.213582
0.213658
0.213994
0.214049
0.214406
0.203243
0.203345
0.203363
0.203473
0.203495
0.203625
0.203657
0.20382
0.203865
0.204063
0.204119
0.204326
0.204386
0.204595
0.204657
0.204872
0.205086
0.205155
0.205373
0.205442
0.205668
0.205736
0.20597
0.206037
0.206276
0.206345
0.206586
0.20666
0.206903
0.207147
0.207222
0.207468
0.207539
0.20779
0.207861
0.208118
0.208369
0.208453
0.208711
0.208789
0.209059
0.209136
0.20941
0.209678
0.209768
0.210045
0.210127
0.210413
0.2105
0.210787
0.211079
0.211168
0.211469
0.211557
0.211857
0.212157
0.21225
0.212558
0.21265
0.212957
0.213266
0.21336
0.213681
0.213778
0.214092
0.202137
0.202245
0.202252
0.202368
0.202378
0.202516
0.202533
0.202703
0.202738
0.202943
0.202987
0.203197
0.20324
0.203452
0.203495
0.203712
0.203935
0.203984
0.204205
0.204255
0.204483
0.204535
0.204767
0.204819
0.205055
0.205108
0.205347
0.205401
0.205644
0.20589
0.205945
0.206188
0.206244
0.20649
0.206547
0.206798
0.207054
0.207115
0.207372
0.207434
0.207695
0.207758
0.208024
0.208296
0.208364
0.208634
0.208702
0.208978
0.209046
0.209329
0.209618
0.209691
0.209978
0.21005
0.210342
0.210637
0.210715
0.211008
0.211083
0.21138
0.211683
0.211764
0.212066
0.212144
0.212451
0.202002
0.202108
0.202115
0.202229
0.20224
0.202374
0.202391
0.202554
0.202585
0.202782
0.202824
0.203029
0.203073
0.203281
0.203326
0.203541
0.203763
0.203809
0.204029
0.204077
0.204303
0.204353
0.204583
0.204635
0.204868
0.204922
0.205157
0.205213
0.205454
0.205698
0.205753
0.205993
0.206049
0.206292
0.206349
0.206598
0.206854
0.206912
0.207165
0.207227
0.207483
0.207547
0.207811
0.208082
0.208146
0.208414
0.208481
0.208752
0.208823
0.209101
0.209386
0.209459
0.209742
0.209816
0.210103
0.210397
0.210471
0.210761
0.210839
0.211131
0.211432
0.211509
0.211807
0.21189
0.21219
0.20091
0.201002
0.201019
0.201118
0.201139
0.201257
0.201286
0.201435
0.201481
0.20166
0.201715
0.201899
0.201955
0.20214
0.2022
0.202385
0.202582
0.20264
0.202841
0.202898
0.203105
0.203164
0.203374
0.203435
0.203648
0.203713
0.203924
0.203996
0.204203
0.204427
0.20449
0.204713
0.204775
0.204999
0.205067
0.205287
0.205519
0.205587
0.205825
0.205891
0.206131
0.206206
0.206439
0.206686
0.206759
0.207011
0.207085
0.207335
0.207421
0.207663
0.207932
0.208009
0.208272
0.208361
0.208612
0.208889
0.208968
0.209238
0.209329
0.209586
0.20987
0.209952
0.210228
0.210327
0.210588
0.200725
0.200839
0.200833
0.200953
0.200949
0.201089
0.20109
0.201254
0.201273
0.20147
0.201501
0.201702
0.201735
0.201939
0.201974
0.202182
0.202405
0.202432
0.202652
0.202683
0.202908
0.202942
0.203167
0.203205
0.203432
0.203474
0.203701
0.203746
0.203978
0.204223
0.204258
0.204494
0.204534
0.204769
0.204813
0.205054
0.205312
0.205346
0.205596
0.205638
0.205889
0.205938
0.206191
0.206464
0.206502
0.206766
0.206815
0.207076
0.207134
0.207398
0.207682
0.207731
0.208003
0.208065
0.208337
0.208631
0.20868
0.208959
0.209024
0.209299
0.209599
0.209651
0.209936
0.210008
0.210289
0.199723
0.199809
0.199826
0.199919
0.199939
0.200048
0.200076
0.200216
0.200255
0.200425
0.20047
0.200647
0.200697
0.200874
0.200929
0.201103
0.201278
0.20134
0.201523
0.20158
0.201775
0.201829
0.20203
0.202084
0.202289
0.202346
0.20255
0.202617
0.202812
0.203015
0.203076
0.203288
0.203344
0.20356
0.203621
0.203833
0.204038
0.204109
0.204332
0.204394
0.204625
0.20469
0.204916
0.205136
0.20521
0.205448
0.205514
0.205758
0.205834
0.206064
0.20631
0.206382
0.206638
0.206713
0.206957
0.207207
0.207283
0.207546
0.207623
0.20787
0.20813
0.208207
0.208477
0.208561
0.20881
0.198666
0.198765
0.198764
0.19887
0.198871
0.198994
0.199001
0.19915
0.199173
0.199351
0.19938
0.199563
0.199591
0.199776
0.199804
0.199993
0.200185
0.20022
0.200411
0.200446
0.200642
0.200678
0.200878
0.200914
0.201118
0.201154
0.201361
0.201397
0.201609
0.20182
0.201861
0.202069
0.202107
0.202319
0.202357
0.202576
0.202795
0.20284
0.203058
0.203103
0.203327
0.20337
0.203601
0.203832
0.203882
0.204112
0.204161
0.204397
0.204442
0.204688
0.204933
0.204987
0.205232
0.205281
0.205534
0.205784
0.205842
0.206092
0.206142
0.2064
0.206656
0.206715
0.206972
0.207025
0.207292
0.198531
0.198618
0.198628
0.198722
0.198734
0.198845
0.198861
0.198997
0.199025
0.199186
0.199223
0.199393
0.199432
0.199604
0.199643
0.199821
0.200004
0.200046
0.200227
0.20027
0.200456
0.200501
0.20069
0.200737
0.200929
0.200977
0.201172
0.201221
0.20142
0.201621
0.20167
0.201868
0.201917
0.202119
0.202168
0.202375
0.202585
0.202638
0.202847
0.202901
0.203114
0.203169
0.203388
0.203609
0.203668
0.203889
0.203948
0.204173
0.204233
0.204464
0.204699
0.204762
0.204997
0.205061
0.2053
0.205542
0.205607
0.205847
0.205913
0.206157
0.206403
0.206471
0.206718
0.206789
0.207038
0.207292
0.207362
0.197468
0.197547
0.197561
0.197647
0.197663
0.197765
0.197787
0.197914
0.197949
0.198101
0.198143
0.198299
0.198343
0.198499
0.198545
0.198704
0.198872
0.198917
0.199085
0.199131
0.199303
0.19935
0.199526
0.199575
0.199752
0.199803
0.199981
0.200036
0.200214
0.200401
0.200451
0.200636
0.200687
0.200872
0.200927
0.201113
0.201308
0.201363
0.201558
0.201614
0.201812
0.201871
0.202069
0.202277
0.202336
0.202543
0.202603
0.202812
0.202878
0.203086
0.203307
0.203371
0.20359
0.203659
0.203873
0.204101
0.204167
0.204391
0.204462
0.204681
0.204915
0.204984
0.205214
0.205289
0.205514
0.205756
0.205828
0.206062
0.206304
0.197301
0.197398
0.197393
0.197495
0.197493
0.19761
0.197611
0.197749
0.197764
0.197929
0.197953
0.198122
0.198148
0.198318
0.198345
0.19852
0.198705
0.198729
0.198912
0.198936
0.199123
0.19915
0.199339
0.199369
0.199558
0.199591
0.199782
0.199816
0.20001
0.200213
0.200242
0.200438
0.20047
0.200668
0.200702
0.200902
0.201116
0.201145
0.201353
0.201387
0.201595
0.201634
0.201846
0.202072
0.202103
0.202323
0.202362
0.20258
0.202625
0.202846
0.203082
0.203122
0.203349
0.203397
0.203625
0.203868
0.203908
0.204141
0.204191
0.204423
0.20467
0.204714
0.204952
0.205008
0.205244
0.205495
0.205544
0.205789
0.206052
0.196322
0.196396
0.196411
0.19649
0.196507
0.196599
0.196623
0.19674
0.196773
0.196914
0.196953
0.1971
0.197142
0.197288
0.197334
0.197479
0.197623
0.197674
0.197826
0.197874
0.198035
0.198079
0.198246
0.19829
0.19846
0.198508
0.198674
0.19873
0.19889
0.199057
0.199109
0.199282
0.19933
0.199508
0.199559
0.199733
0.199902
0.199961
0.200143
0.200195
0.200385
0.20044
0.200625
0.200807
0.200868
0.201064
0.201119
0.201319
0.201383
0.20157
0.201774
0.201833
0.202044
0.202107
0.202306
0.202513
0.202576
0.202792
0.202856
0.203059
0.203274
0.203337
0.20356
0.20363
0.203834
0.20406
0.204125
0.204351
0.204563
0.195304
0.19539
0.195389
0.195479
0.195481
0.195586
0.195591
0.195717
0.195735
0.195884
0.195907
0.196059
0.196082
0.196236
0.196259
0.196416
0.196577
0.196604
0.196763
0.196791
0.196954
0.196982
0.197149
0.197177
0.197345
0.197374
0.197546
0.197574
0.19775
0.197925
0.197956
0.198128
0.198159
0.198334
0.198365
0.198545
0.198726
0.198762
0.198942
0.198977
0.199162
0.199196
0.199386
0.199577
0.199617
0.199807
0.199845
0.200039
0.200075
0.200277
0.200479
0.200521
0.200724
0.200762
0.20097
0.201177
0.201222
0.201428
0.201467
0.20168
0.201891
0.201937
0.202149
0.20219
0.20241
0.202627
0.202675
0.202895
0.203112
0.195171
0.195249
0.195255
0.195338
0.195347
0.195443
0.195455
0.19557
0.195591
0.195728
0.195756
0.1959
0.195928
0.196075
0.196104
0.196254
0.196409
0.196439
0.196593
0.196624
0.196781
0.196815
0.196974
0.197008
0.19717
0.197206
0.197369
0.197405
0.197572
0.197741
0.197778
0.197944
0.197981
0.198149
0.198186
0.198358
0.198534
0.198574
0.198747
0.198789
0.198965
0.199007
0.199189
0.199375
0.199417
0.199602
0.199646
0.199833
0.199878
0.20007
0.200265
0.200313
0.200507
0.200556
0.200754
0.200955
0.201004
0.201202
0.201253
0.201454
0.20166
0.201712
0.201916
0.201969
0.202176
0.202387
0.202441
0.202652
0.202867
0.202922
0.203135
0.194164
0.19423
0.194245
0.194316
0.194332
0.194416
0.194437
0.194541
0.194573
0.194697
0.194733
0.19486
0.194898
0.195025
0.195066
0.195194
0.195331
0.19537
0.195507
0.195546
0.195687
0.195727
0.19587
0.195912
0.196056
0.196101
0.196244
0.196292
0.196435
0.196586
0.19663
0.19678
0.196824
0.196975
0.197021
0.197172
0.197329
0.197376
0.197536
0.197582
0.197743
0.197793
0.197953
0.19812
0.19817
0.19834
0.19839
0.198559
0.198617
0.198782
0.198962
0.199014
0.199193
0.199251
0.199423
0.199609
0.199664
0.199845
0.199906
0.200081
0.200272
0.200328
0.200514
0.20058
0.200758
0.200955
0.201014
0.201203
0.2014
0.20146
0.201658
0.201724
0.201912
0.193982
0.194068
0.194061
0.194152
0.194146
0.194249
0.194239
0.19367
0.193654
0.194486
0.194531
0.194674
0.194692
0.194835
0.194855
0.195
0.195157
0.195172
0.195325
0.195343
0.195498
0.195518
0.195675
0.195696
0.195854
0.195877
0.196036
0.196062
0.196222
0.196393
0.196411
0.196576
0.196597
0.196761
0.196786
0.196953
0.197132
0.197149
0.197323
0.197346
0.197519
0.197547
0.197721
0.19791
0.197931
0.198113
0.198139
0.19832
0.198354
0.198535
0.198731
0.198758
0.198946
0.198981
0.199168
0.19937
0.199398
0.19959
0.199626
0.199816
0.200022
0.200051
0.200246
0.200289
0.200481
0.200691
0.200725
0.200925
0.201144
0.20117
0.201376
0.20142
0.20162
0.201839
0.201874
0.193095
0.193158
0.193171
0.193239
0.193254
0.193332
0.193352
0.193445
0.193471
0.193588
0.19362
0.193739
0.193773
0.193894
0.193929
0.194052
0.194175
0.194214
0.194339
0.194377
0.194506
0.194544
0.194678
0.194716
0.194851
0.19489
0.195027
0.195069
0.195206
0.195343
0.195386
0.195524
0.195565
0.195707
0.195748
0.195891
0.196033
0.19608
0.196225
0.196269
0.19642
0.196464
0.196616
0.196767
0.196817
0.196972
0.197018
0.197178
0.197227
0.197385
0.197548
0.197597
0.197764
0.197815
0.19798
0.198147
0.198199
0.198369
0.198421
0.19859
0.198761
0.198814
0.19899
0.199044
0.199216
0.199395
0.199448
0.19963
0.199804
0.199863
0.200047
0.200103
0.200285
0.20047
0.200526
0.192126
0.192194
0.192199
0.192272
0.192278
0.192362
0.192372
0.192472
0.19249
0.192608
0.19263
0.192751
0.192773
0.192895
0.192917
0.193042
0.193172
0.193195
0.193323
0.193348
0.193478
0.193504
0.193636
0.193663
0.193797
0.193824
0.19396
0.193987
0.194125
0.194264
0.194293
0.19443
0.194458
0.194597
0.194626
0.194768
0.194912
0.194944
0.195088
0.195119
0.195266
0.195297
0.195447
0.195599
0.195634
0.195784
0.195819
0.195972
0.196006
0.196164
0.196325
0.196362
0.196521
0.196558
0.196721
0.196886
0.196924
0.197086
0.197125
0.19729
0.197458
0.197498
0.197665
0.197705
0.197875
0.198046
0.19809
0.198261
0.198435
0.19848
0.198652
0.198697
0.198873
0.199051
0.199097
0.191995
0.192067
0.192067
0.192144
0.192145
0.192232
0.192236
0.192337
0.192348
0.192467
0.192483
0.192606
0.192623
0.192748
0.192766
0.192893
0.193026
0.193044
0.193174
0.193193
0.193326
0.193347
0.193481
0.193503
0.193639
0.193661
0.193798
0.193821
0.193962
0.194106
0.194128
0.194267
0.19429
0.194431
0.194454
0.194598
0.194747
0.194771
0.194918
0.194942
0.195091
0.195116
0.195267
0.195425
0.19545
0.195604
0.195632
0.195786
0.195816
0.195975
0.196139
0.196168
0.196329
0.19636
0.196524
0.196693
0.196723
0.196887
0.19692
0.197085
0.197257
0.197289
0.197457
0.197492
0.197662
0.197837
0.197871
0.198045
0.198224
0.198256
0.198432
0.19847
0.198646
0.198827
0.198864
0.191087
0.191145
0.191157
0.191219
0.191233
0.191301
0.191319
0.191406
0.191431
0.191532
0.191561
0.191665
0.191697
0.191799
0.191835
0.191934
0.19204
0.192074
0.192186
0.192217
0.192333
0.192364
0.192483
0.192515
0.192634
0.19267
0.192785
0.192829
0.192935
0.193058
0.193093
0.193218
0.193251
0.193376
0.193414
0.193532
0.193654
0.193693
0.193825
0.193861
0.193994
0.194034
0.194159
0.19429
0.194331
0.194471
0.194509
0.194647
0.194696
0.19482
0.194967
0.195007
0.195153
0.195201
0.19533
0.195482
0.195524
0.195674
0.195722
0.195855
0.19601
0.196053
0.196206
0.19626
0.196394
0.196555
0.1966
0.196753
0.196904
0.19695
0.197114
0.197165
0.197309
0.197476
0.197523
0.190204
0.190271
0.19027
0.190342
0.190342
0.190422
0.190424
0.190518
0.190528
0.190637
0.190651
0.190761
0.190776
0.190887
0.190901
0.191016
0.191132
0.191149
0.191263
0.191281
0.191398
0.191416
0.191535
0.191552
0.191673
0.191691
0.191813
0.19183
0.191956
0.192082
0.192101
0.192224
0.192242
0.192368
0.192385
0.192514
0.192645
0.192666
0.192795
0.192815
0.192947
0.192967
0.193102
0.193238
0.193261
0.193396
0.193418
0.193556
0.193577
0.19372
0.193862
0.193888
0.19403
0.194052
0.194199
0.194344
0.194371
0.194514
0.194538
0.194687
0.194835
0.194862
0.19501
0.195033
0.195188
0.195339
0.195366
0.195521
0.195672
0.195704
0.195856
0.195883
0.196042
0.196197
0.196228
0.190079
0.190141
0.190145
0.19021
0.190215
0.190289
0.190296
0.190383
0.190396
0.190497
0.190514
0.190619
0.190637
0.190743
0.190761
0.19087
0.190981
0.191001
0.191111
0.191132
0.191244
0.191266
0.191379
0.191402
0.191517
0.19154
0.191656
0.191679
0.191798
0.191919
0.191943
0.19206
0.192084
0.192203
0.192227
0.192349
0.192474
0.192499
0.192623
0.192648
0.192774
0.1928
0.192928
0.193058
0.193086
0.193215
0.193244
0.193374
0.193403
0.193538
0.193675
0.193706
0.19384
0.193871
0.19401
0.194149
0.194181
0.194319
0.194351
0.194491
0.194633
0.194666
0.194807
0.194842
0.194984
0.19513
0.195164
0.19531
0.195458
0.195492
0.195639
0.195675
0.195823
0.195974
0.196011
0.189195
0.189247
0.189259
0.189314
0.189327
0.18939
0.189406
0.189481
0.189505
0.189592
0.189618
0.189708
0.189735
0.189825
0.189852
0.189945
0.19004
0.190067
0.190164
0.190191
0.19029
0.190318
0.190418
0.190447
0.190549
0.190579
0.19068
0.190713
0.190812
0.190918
0.190947
0.191052
0.191082
0.191188
0.19122
0.191325
0.191433
0.191465
0.191576
0.191608
0.191719
0.191754
0.191865
0.191979
0.192013
0.19213
0.192164
0.19228
0.19232
0.192433
0.192556
0.192592
0.192713
0.192753
0.19287
0.192996
0.193033
0.193157
0.193198
0.193317
0.193446
0.193484
0.19361
0.193655
0.193775
0.193908
0.193948
0.194076
0.194207
0.194247
0.19438
0.194425
0.194551
0.194689
0.19473
0.188403
0.188467
0.188464
0.18853
0.188528
0.188602
0.188602
0.188686
0.188693
0.18879
0.1888
0.188898
0.188907
0.189007
0.189016
0.189119
0.189221
0.189233
0.189334
0.189347
0.18945
0.189463
0.189568
0.189581
0.189688
0.189699
0.189809
0.189819
0.189931
0.190042
0.190056
0.190164
0.190177
0.190288
0.190299
0.190413
0.190527
0.190543
0.190655
0.19067
0.190786
0.190799
0.190918
0.191036
0.191053
0.191172
0.191186
0.191308
0.191319
0.191447
0.19157
0.191588
0.191712
0.191726
0.191856
0.191981
0.192
0.192126
0.19214
0.192272
0.192399
0.192419
0.192547
0.19256
0.192697
0.192827
0.192846
0.192981
0.193109
0.193134
0.193264
0.19328
0.19342
0.193552
0.193574
0.188263
0.188316
0.188324
0.188379
0.188388
0.188451
0.188461
0.188534
0.188549
0.188633
0.188651
0.188739
0.188757
0.188846
0.188866
0.188957
0.18905
0.18907
0.189162
0.189184
0.189278
0.1893
0.189396
0.189418
0.189515
0.189538
0.189636
0.189659
0.189759
0.189859
0.189883
0.189982
0.190006
0.190106
0.190129
0.190232
0.190335
0.190361
0.190464
0.19049
0.190596
0.190621
0.190729
0.190837
0.190864
0.190972
0.191
0.19111
0.191139
0.19125
0.191363
0.191393
0.191506
0.191537
0.191652
0.191767
0.191798
0.191913
0.191945
0.19206
0.192178
0.19221
0.192328
0.192361
0.192479
0.192599
0.192633
0.192754
0.192874
0.192908
0.193031
0.193064
0.193187
0.19331
0.193345
0.187443
0.187491
0.187501
0.187552
0.187563
0.187621
0.187633
0.187701
0.187719
0.187798
0.187818
0.187899
0.187919
0.188001
0.188021
0.188105
0.188192
0.188213
0.188298
0.18832
0.188407
0.188429
0.188517
0.18854
0.188629
0.188652
0.188742
0.188767
0.188858
0.18895
0.188975
0.189066
0.18909
0.189182
0.189207
0.1893
0.189396
0.189422
0.189517
0.189543
0.189639
0.189665
0.189763
0.189864
0.189891
0.189991
0.190018
0.190119
0.190147
0.19025
0.190355
0.190383
0.190487
0.190518
0.190622
0.19073
0.190759
0.190865
0.190896
0.191002
0.19111
0.191141
0.191249
0.191282
0.191389
0.191501
0.191533
0.191643
0.191755
0.191787
0.191898
0.191932
0.192043
0.192158
0.192191
0.187303
0.187364
0.187361
0.187423
0.187421
0.187489
0.187489
0.187566
0.18757
0.187658
0.187668
0.187756
0.187766
0.187856
0.187866
0.187958
0.188055
0.188063
0.188158
0.188166
0.188263
0.188272
0.188369
0.18838
0.188478
0.18849
0.188587
0.1886
0.188698
0.188802
0.188812
0.188912
0.188923
0.189023
0.189035
0.189136
0.189244
0.189253
0.189358
0.18937
0.189473
0.189487
0.189593
0.189705
0.189715
0.189823
0.189836
0.189944
0.189961
0.190069
0.190184
0.190197
0.190308
0.190326
0.190437
0.190554
0.190568
0.19068
0.190697
0.19081
0.190929
0.190943
0.191056
0.191077
0.19119
0.19131
0.191326
0.191442
0.191566
0.191578
0.191697
0.191718
0.191832
0.191956
0.191973
0.186623
0.18667
0.186679
0.186727
0.186737
0.186791
0.186803
0.186866
0.186882
0.186953
0.186972
0.187046
0.187066
0.187141
0.187161
0.187239
0.187317
0.187339
0.187416
0.187438
0.187518
0.187539
0.187621
0.187643
0.187725
0.187748
0.187831
0.187854
0.187938
0.188022
0.188046
0.18813
0.188153
0.188238
0.188261
0.188348
0.188435
0.18846
0.188548
0.188572
0.188662
0.188686
0.188777
0.188868
0.188894
0.188986
0.189012
0.189106
0.189132
0.189225
0.189321
0.189348
0.189445
0.189472
0.189568
0.189666
0.189694
0.189792
0.18982
0.189918
0.190017
0.190046
0.190146
0.190175
0.190273
0.190374
0.190403
0.190505
0.190605
0.190636
0.190739
0.190769
0.190871
0.190974
0.191005
0.185925
0.18597
0.185978
0.186026
0.186034
0.186088
0.186098
0.186159
0.186174
0.186244
0.18626
0.186332
0.186348
0.186421
0.186438
0.186512
0.186588
0.186606
0.186682
0.186699
0.186776
0.186794
0.186872
0.186891
0.18697
0.186989
0.187068
0.187088
0.187168
0.187249
0.187269
0.18735
0.187369
0.18745
0.18747
0.187553
0.187636
0.187658
0.187741
0.187762
0.187846
0.187868
0.187954
0.188041
0.188063
0.18815
0.188173
0.18826
0.188283
0.188372
0.188463
0.188487
0.188577
0.188601
0.188691
0.188784
0.188809
0.188899
0.188925
0.189016
0.18911
0.189135
0.189227
0.189254
0.189345
0.189441
0.189467
0.189561
0.189657
0.189683
0.189778
0.189805
0.189899
0.189997
0.190024
0.185803
0.185859
0.185856
0.185913
0.185911
0.185973
0.185972
0.186041
0.186046
0.186123
0.186131
0.186209
0.186217
0.186296
0.186305
0.186385
0.186469
0.186476
0.186559
0.186567
0.18665
0.186659
0.186743
0.186753
0.186837
0.186848
0.186932
0.186944
0.18703
0.18712
0.187128
0.187215
0.187225
0.187312
0.187322
0.18741
0.187504
0.187512
0.187602
0.187612
0.187702
0.187714
0.187805
0.187901
0.18791
0.188004
0.188015
0.188108
0.188123
0.188215
0.188314
0.188325
0.18842
0.188436
0.18853
0.188631
0.188643
0.188738
0.188754
0.188849
0.188951
0.188963
0.189059
0.189077
0.189172
0.189274
0.189288
0.189387
0.189493
0.189502
0.189602
0.18962
0.189716
0.189821
0.189835
0.185228
0.185271
0.185279
0.185323
0.185332
0.185382
0.185392
0.185449
0.185462
0.185526
0.185542
0.185607
0.185624
0.18569
0.185707
0.185776
0.185845
0.185863
0.185932
0.18595
0.18602
0.186038
0.18611
0.186128
0.186201
0.186219
0.186292
0.186311
0.186386
0.18646
0.186479
0.186553
0.186572
0.186647
0.186666
0.186743
0.186818
0.186839
0.186916
0.186936
0.187014
0.187035
0.187113
0.187193
0.187215
0.187295
0.187316
0.187397
0.18742
0.1875
0.187583
0.187606
0.187689
0.187712
0.187795
0.187879
0.187903
0.187986
0.18801
0.188093
0.188178
0.188202
0.188288
0.188312
0.188396
0.188483
0.188507
0.188593
0.188679
0.188705
0.188792
0.188817
0.188902
0.188989
0.189015
0.184633
0.184674
0.184682
0.184725
0.184734
0.184782
0.184792
0.184845
0.18486
0.18492
0.184936
0.184998
0.185014
0.185077
0.185094
0.185157
0.185223
0.185239
0.185305
0.185321
0.185388
0.185405
0.185473
0.18549
0.185558
0.185576
0.185644
0.185663
0.185732
0.185802
0.18582
0.185889
0.185908
0.185977
0.185997
0.186067
0.186139
0.186158
0.18623
0.186249
0.186322
0.186342
0.186414
0.18649
0.18651
0.186585
0.186605
0.18668
0.186703
0.186776
0.186855
0.186876
0.186953
0.186976
0.187051
0.187131
0.187153
0.18723
0.187254
0.187329
0.18741
0.187432
0.18751
0.187535
0.187611
0.187692
0.187715
0.187793
0.187875
0.187897
0.187978
0.188002
0.188079
0.188162
0.188185
0.184123
0.184171
0.18417
0.18422
0.18422
0.184274
0.184275
0.184333
0.184338
0.184404
0.184411
0.184478
0.184485
0.184552
0.184558
0.184628
0.184696
0.184705
0.184773
0.184782
0.184851
0.18486
0.18493
0.184939
0.185009
0.185017
0.185089
0.185097
0.185171
0.185244
0.185254
0.185325
0.185334
0.185406
0.185413
0.185489
0.185562
0.185573
0.185647
0.185656
0.185731
0.18574
0.185818
0.185894
0.185905
0.185981
0.185991
0.186068
0.186076
0.186157
0.186235
0.186247
0.186325
0.186334
0.186416
0.186494
0.186507
0.186585
0.186594
0.186676
0.186755
0.186768
0.186847
0.186855
0.186939
0.187019
0.187031
0.187113
0.18719
0.187205
0.187284
0.187294
0.187378
0.187456
0.187469
0.184029
0.184071
0.184076
0.184119
0.184125
0.184173
0.184179
0.184232
0.184241
0.1843
0.184311
0.184372
0.184383
0.184446
0.184457
0.184521
0.184585
0.184597
0.184661
0.184673
0.184739
0.184751
0.184817
0.18483
0.184896
0.184909
0.184976
0.18499
0.185057
0.185126
0.185139
0.185206
0.18522
0.185288
0.185302
0.18537
0.18544
0.185454
0.185523
0.185538
0.185608
0.185623
0.185694
0.185765
0.185781
0.185852
0.185869
0.185939
0.185956
0.186028
0.186102
0.186119
0.186191
0.186208
0.186282
0.186357
0.186375
0.186447
0.186465
0.186539
0.186613
0.186631
0.186705
0.186723
0.186797
0.186872
0.186891
0.186966
0.187041
0.187059
0.187133
0.187152
0.187227
0.187302
0.187321
0.18352
0.183556
0.183565
0.183603
0.183613
0.183655
0.183666
0.183714
0.183727
0.183779
0.183795
0.183848
0.183866
0.183918
0.183937
0.183989
0.184044
0.184062
0.184118
0.184135
0.184194
0.18421
0.184269
0.184286
0.184345
0.184363
0.184421
0.184443
0.184497
0.184558
0.184575
0.184637
0.184654
0.184715
0.184734
0.184793
0.184853
0.184872
0.184936
0.184954
0.185018
0.185038
0.185098
0.185161
0.18518
0.185247
0.185265
0.185329
0.185352
0.185413
0.185481
0.1855
0.185567
0.185589
0.185651
0.18572
0.185739
0.185807
0.185828
0.18589
0.18596
0.185979
0.186047
0.186071
0.186132
0.186203
0.186222
0.186288
0.186356
0.186375
0.186446
0.186468
0.18653
0.186602
0.186621
0.183045
0.183086
0.183089
0.183131
0.183135
0.183181
0.183186
0.183236
0.183244
0.183299
0.183309
0.183365
0.183375
0.183431
0.183441
0.1835
0.183559
0.18357
0.183628
0.183638
0.183697
0.183708
0.183767
0.183778
0.183838
0.183848
0.18391
0.18392
0.183984
0.184045
0.184056
0.184117
0.184128
0.18419
0.1842
0.184264
0.184327
0.184339
0.184401
0.184413
0.184476
0.184488
0.184553
0.184617
0.18463
0.184694
0.184707
0.184771
0.184783
0.18485
0.184916
0.18493
0.184995
0.185007
0.185074
0.185141
0.185155
0.18522
0.185232
0.185299
0.185366
0.185379
0.185445
0.185457
0.185526
0.185592
0.185605
0.185673
0.185738
0.185752
0.185818
0.185831
0.185899
0.185964
0.185978
0.182961
0.183003
0.183004
0.183048
0.18305
0.183096
0.183099
0.183149
0.183155
0.183211
0.183218
0.183275
0.183282
0.183341
0.183348
0.183408
0.183469
0.183476
0.183536
0.183543
0.183605
0.183612
0.183673
0.183681
0.183743
0.183752
0.183813
0.183822
0.183885
0.18395
0.183957
0.18402
0.184028
0.184091
0.1841
0.184163
0.184227
0.184236
0.1843
0.184309
0.184373
0.184383
0.184448
0.184514
0.184523
0.184588
0.184599
0.184662
0.184674
0.18474
0.184807
0.184818
0.184883
0.184895
0.184961
0.185029
0.185039
0.185104
0.185117
0.185182
0.18525
0.185261
0.185326
0.18534
0.185404
0.185472
0.185484
0.185549
0.185618
0.185627
0.185693
0.185706
0.18577
0.185838
0.18585
0.18252
0.182554
0.182562
0.182598
0.182606
0.182645
0.182654
0.182697
0.182709
0.182757
0.18277
0.182819
0.182833
0.182882
0.182897
0.182947
0.182997
0.183013
0.183063
0.183078
0.18313
0.183145
0.183197
0.183212
0.183265
0.183281
0.183334
0.18335
0.183403
0.183457
0.183473
0.183527
0.183542
0.183597
0.183612
0.183667
0.183721
0.183738
0.183793
0.183809
0.183866
0.183881
0.183938
0.183993
0.184011
0.184068
0.184084
0.184142
0.184159
0.184216
0.184274
0.184291
0.18435
0.184367
0.184425
0.184483
0.1845
0.184559
0.184576
0.184634
0.184691
0.184709
0.184768
0.184786
0.184843
0.184901
0.184918
0.184978
0.185033
0.185053
0.18511
0.185128
0.185186
0.185242
0.18526
0.182055
0.182089
0.182096
0.182131
0.182139
0.182176
0.182185
0.182227
0.182239
0.182285
0.182298
0.182346
0.182359
0.182406
0.18242
0.182468
0.182517
0.182531
0.18258
0.182594
0.182644
0.182658
0.182709
0.182723
0.182774
0.182788
0.182839
0.182854
0.182905
0.182958
0.182972
0.183024
0.183037
0.18309
0.183105
0.183156
0.18321
0.183224
0.183278
0.183292
0.183346
0.183362
0.183414
0.183469
0.183484
0.183539
0.183554
0.183609
0.183626
0.183678
0.183735
0.183751
0.183806
0.183823
0.183876
0.183932
0.183948
0.184004
0.18402
0.184073
0.184129
0.184146
0.1842
0.184218
0.18427
0.184326
0.184343
0.184396
0.184451
0.184467
0.184522
0.184539
0.184591
0.184646
0.184662
0.181613
0.18165
0.181652
0.18169
0.181693
0.181734
0.181738
0.181783
0.181789
0.181838
0.181845
0.181896
0.181903
0.181954
0.181961
0.182015
0.182067
0.182075
0.182126
0.182135
0.182187
0.182195
0.182248
0.182256
0.18231
0.182318
0.182372
0.182379
0.182436
0.182489
0.182498
0.182551
0.18256
0.182614
0.182622
0.182678
0.182732
0.182742
0.182795
0.182805
0.182859
0.182868
0.182925
0.18298
0.182991
0.183045
0.183055
0.18311
0.183118
0.183176
0.183232
0.183242
0.183298
0.183306
0.183365
0.18342
0.183431
0.183486
0.183494
0.183552
0.183607
0.183618
0.183673
0.18368
0.183738
0.183793
0.183803
0.183859
0.183912
0.183924
0.183977
0.183986
0.184042
0.184094
0.184105
0.181523
0.18156
0.181562
0.1816
0.181602
0.181643
0.181646
0.18169
0.181695
0.181744
0.181751
0.181801
0.181808
0.181859
0.181866
0.181918
0.181971
0.181977
0.18203
0.182036
0.182089
0.182096
0.182149
0.182157
0.18221
0.182218
0.182271
0.18228
0.182334
0.182389
0.182396
0.18245
0.182458
0.182511
0.182519
0.182573
0.182629
0.182636
0.182691
0.182699
0.182753
0.182762
0.182818
0.182873
0.182881
0.182937
0.182945
0.183
0.18301
0.183066
0.183121
0.183131
0.183186
0.183196
0.183251
0.183307
0.183316
0.183371
0.183382
0.183435
0.183491
0.183501
0.183554
0.183566
0.183618
0.183673
0.183684
0.183737
0.183792
0.183801
0.183853
0.183865
0.183916
0.183969
0.18398
0.181075
0.181106
0.181112
0.181144
0.18115
0.181185
0.181193
0.181231
0.181242
0.181284
0.181296
0.18134
0.181352
0.181397
0.181409
0.181454
0.181499
0.181513
0.181557
0.181571
0.181616
0.181629
0.181676
0.181689
0.181736
0.181748
0.181796
0.181809
0.181857
0.181904
0.181918
0.181965
0.181978
0.182026
0.182039
0.182087
0.182134
0.182149
0.182197
0.18221
0.18226
0.182273
0.182322
0.18237
0.182385
0.182434
0.182447
0.182497
0.182511
0.182561
0.18261
0.182625
0.182675
0.182689
0.182739
0.182787
0.182802
0.182851
0.182866
0.182915
0.182963
0.182978
0.183027
0.183041
0.183089
0.183137
0.183152
0.183201
0.183246
0.183261
0.183309
0.183322
0.183371
0.183416
0.183429
0.180579
0.180608
0.180614
0.180643
0.180652
0.180684
0.180693
0.18073
0.180741
0.180782
0.180794
0.180836
0.180849
0.180891
0.180905
0.180946
0.18099
0.181003
0.181047
0.181059
0.181105
0.181117
0.181163
0.181175
0.181221
0.181234
0.181279
0.181295
0.181337
0.181384
0.181397
0.181443
0.181456
0.181502
0.181516
0.181561
0.181607
0.181621
0.181668
0.18168
0.181728
0.181742
0.181788
0.181834
0.181849
0.181896
0.18191
0.181958
0.181973
0.182017
0.182066
0.18208
0.182127
0.182143
0.182188
0.182236
0.18225
0.182297
0.182313
0.182357
0.182405
0.182418
0.182464
0.18248
0.182523
0.182571
0.182584
0.18263
0.182675
0.182688
0.182734
0.182748
0.182791
0.182836
0.182849
0.180068
0.180099
0.180102
0.180135
0.180138
0.180173
0.180177
0.180217
0.180224
0.180268
0.180276
0.180321
0.180329
0.180374
0.180382
0.180429
0.180475
0.180484
0.18053
0.180539
0.180585
0.180594
0.180641
0.18065
0.180697
0.180706
0.180753
0.180762
0.180811
0.180858
0.180868
0.180915
0.180924
0.180971
0.18098
0.181028
0.181075
0.181086
0.181133
0.181143
0.18119
0.1812
0.181249
0.181296
0.181307
0.181355
0.181365
0.181413
0.181421
0.18147
0.181519
0.181529
0.181578
0.181587
0.181636
0.181684
0.181694
0.181742
0.181751
0.181799
0.181846
0.181856
0.181903
0.181911
0.181959
0.182005
0.182015
0.182061
0.182105
0.182116
0.182161
0.18217
0.182215
0.182259
0.182269
0.17994
0.179976
0.179974
0.18001
0.180009
0.180047
0.180048
0.180089
0.180093
0.18014
0.180145
0.180191
0.180198
0.180244
0.180251
0.180297
0.180349
0.180351
0.180403
0.180405
0.180456
0.18046
0.18051
0.180516
0.180564
0.180571
0.180619
0.180627
0.180675
0.180727
0.180731
0.180782
0.180787
0.180835
0.180842
0.18089
0.180945
0.180947
0.180999
0.181002
0.181053
0.18106
0.181109
0.181163
0.181166
0.181217
0.181222
0.181271
0.181281
0.181328
0.18138
0.181385
0.181435
0.181445
0.181491
0.181544
0.181548
0.181597
0.181607
0.181651
0.181703
0.181708
0.181755
0.181767
0.181809
0.181858
0.181866
0.181909
0.181963
0.181963
0.18201
0.182021
0.182059
0.182109
0.182115
0.179429
0.17946
0.179462
0.179493
0.179496
0.17953
0.179534
0.179572
0.179578
0.179621
0.179629
0.179672
0.17968
0.179724
0.179732
0.179776
0.179823
0.179831
0.179876
0.179884
0.179929
0.179937
0.179983
0.179991
0.180037
0.180046
0.180092
0.180101
0.180146
0.180193
0.180202
0.180248
0.180256
0.180302
0.180311
0.180357
0.180405
0.180413
0.180459
0.180468
0.180514
0.180524
0.18057
0.180617
0.180626
0.180672
0.180682
0.180727
0.180739
0.180784
0.180831
0.180841
0.180887
0.180898
0.180943
0.18099
0.180999
0.181044
0.181054
0.181099
0.181144
0.181154
0.181198
0.181209
0.181251
0.181296
0.181305
0.181349
0.181393
0.181401
0.181444
0.181454
0.181495
0.181537
0.181546
0.178863
0.178889
0.178895
0.178922
0.178929
0.178959
0.178967
0.179001
0.17901
0.17905
0.17906
0.179101
0.179111
0.179152
0.179162
0.179203
0.179244
0.179257
0.179297
0.179309
0.179351
0.179362
0.179405
0.179416
0.179459
0.17947
0.179514
0.179526
0.179569
0.17961
0.179623
0.179665
0.179677
0.17972
0.179732
0.179775
0.179815
0.17983
0.179871
0.179884
0.179927
0.179939
0.179984
0.180025
0.180039
0.180081
0.180094
0.180138
0.18015
0.180194
0.180236
0.18025
0.180294
0.180305
0.18035
0.180391
0.180403
0.180447
0.180458
0.180502
0.180542
0.180554
0.180598
0.180609
0.180651
0.180691
0.180702
0.180745
0.180783
0.180796
0.180837
0.180847
0.180889
0.180925
0.180936
0.178261
0.178287
0.178293
0.17832
0.178327
0.178356
0.178364
0.178398
0.178408
0.178446
0.178457
0.178496
0.178508
0.178546
0.17856
0.178597
0.178637
0.178649
0.17869
0.178701
0.178744
0.178754
0.178797
0.178808
0.17885
0.178863
0.178903
0.178918
0.178956
0.178999
0.179011
0.179054
0.179065
0.179108
0.179121
0.179161
0.179202
0.179214
0.179258
0.179269
0.179312
0.179326
0.179366
0.179409
0.179421
0.179465
0.179477
0.179519
0.179534
0.179573
0.179618
0.17963
0.179673
0.179687
0.179726
0.17977
0.179782
0.179824
0.179838
0.179876
0.17992
0.179931
0.179972
0.179987
0.180024
0.180067
0.180078
0.180117
0.180157
0.180168
0.180209
0.180221
0.180257
0.180298
0.180308
0.177672
0.1777
0.177705
0.177734
0.177739
0.17777
0.177777
0.177812
0.177821
0.17786
0.17787
0.177909
0.177919
0.177959
0.177969
0.178009
0.178052
0.178062
0.178103
0.178113
0.178155
0.178165
0.178208
0.178218
0.17826
0.17827
0.178313
0.178324
0.178366
0.178409
0.178419
0.178462
0.178472
0.178515
0.178526
0.178568
0.178611
0.178622
0.178665
0.178675
0.178718
0.178729
0.178772
0.178815
0.178827
0.178869
0.178881
0.178923
0.178936
0.178978
0.179022
0.179033
0.179075
0.179088
0.17913
0.179173
0.179184
0.179226
0.179237
0.179279
0.179322
0.179333
0.179374
0.179385
0.179426
0.179468
0.179478
0.179519
0.17956
0.17957
0.17961
0.179621
0.17966
0.1797
0.179709
0.177146
0.177178
0.177181
0.177213
0.177216
0.177251
0.177255
0.177293
0.177299
0.177341
0.177347
0.17739
0.177396
0.177439
0.177445
0.177489
0.177533
0.177541
0.177583
0.177591
0.177634
0.177642
0.177686
0.177693
0.177738
0.177745
0.17779
0.177795
0.177842
0.177887
0.177894
0.177939
0.177945
0.177991
0.177997
0.178043
0.178088
0.178096
0.178141
0.178148
0.178193
0.1782
0.178246
0.17829
0.1783
0.178344
0.178353
0.178398
0.178405
0.178452
0.178496
0.178505
0.17855
0.178557
0.178604
0.178648
0.178657
0.178701
0.178708
0.178754
0.178797
0.178806
0.178849
0.178856
0.178902
0.178944
0.178953
0.178997
0.179036
0.179047
0.179088
0.179096
0.179139
0.179179
0.179187
0.176738
0.176775
0.176776
0.176813
0.176814
0.176853
0.176855
0.176896
0.176899
0.176944
0.176947
0.176992
0.176995
0.177041
0.177044
0.17709
0.177133
0.177141
0.177184
0.17719
0.177234
0.17724
0.177285
0.17729
0.177336
0.17734
0.177388
0.17739
0.17744
0.177484
0.177492
0.177536
0.177542
0.177588
0.177591
0.177641
0.177684
0.177693
0.177738
0.177744
0.177791
0.177795
0.177844
0.177888
0.177897
0.177942
0.177948
0.177996
0.177998
0.17805
0.178095
0.178102
0.178149
0.178152
0.178204
0.178247
0.178256
0.178302
0.178305
0.178356
0.178399
0.178407
0.178453
0.178454
0.178505
0.178549
0.178555
0.178603
0.178643
0.178653
0.178697
0.1787
0.178749
0.17879
0.178797
0.17665
0.176684
0.176689
0.176724
0.176728
0.176764
0.176769
0.176808
0.176814
0.176854
0.176861
0.176902
0.176909
0.176951
0.176957
0.177
0.177044
0.177051
0.177094
0.1771
0.177144
0.17715
0.177194
0.177201
0.177244
0.177252
0.177295
0.177304
0.177348
0.177394
0.1774
0.177444
0.177452
0.177495
0.177504
0.177548
0.177594
0.177601
0.177646
0.177653
0.177697
0.177706
0.177751
0.177798
0.177805
0.17785
0.177858
0.177902
0.177912
0.177956
0.178003
0.178011
0.178055
0.178065
0.178109
0.178156
0.178164
0.178208
0.178218
0.178262
0.178307
0.178316
0.178359
0.178369
0.178412
0.178457
0.178466
0.17851
0.178555
0.178563
0.178605
0.178615
0.178657
0.178701
0.178709
0.176476
0.176513
0.17652
0.176557
0.176565
0.176602
0.17661
0.176648
0.176656
0.176695
0.176704
0.176743
0.176752
0.176792
0.176801
0.176841
0.176883
0.176892
0.176933
0.176942
0.176983
0.176992
0.177033
0.177043
0.177084
0.177094
0.177135
0.177145
0.177188
0.177231
0.17724
0.177283
0.177292
0.177335
0.177345
0.177388
0.177433
0.177442
0.177486
0.177496
0.177539
0.177549
0.177593
0.177638
0.177648
0.177693
0.177703
0.177747
0.177758
0.177801
0.177847
0.177857
0.177902
0.177913
0.177957
0.178003
0.178013
0.178058
0.17807
0.178113
0.178159
0.17817
0.178214
0.178226
0.178269
0.178314
0.178326
0.178369
0.178414
0.178425
0.178469
0.178481
0.178523
0.178568
0.17858
0.176641
0.17668
0.176693
0.176732
0.176745
0.176783
0.176796
0.176833
0.176846
0.176881
0.176894
0.176929
0.176942
0.176977
0.17699
0.177027
0.177068
0.177077
0.177118
0.177127
0.177168
0.177178
0.177218
0.177229
0.177268
0.177282
0.177319
0.177334
0.177371
0.177416
0.177425
0.177468
0.17748
0.17752
0.177535
0.177573
0.177619
0.177628
0.177674
0.177685
0.177726
0.177742
0.17778
0.177828
0.177837
0.177883
0.177896
0.177936
0.177954
0.177992
0.178041
0.178052
0.178095
0.178113
0.17815
0.1782
0.178211
0.178255
0.178273
0.17831
0.17836
0.178373
0.178415
0.178435
0.178472
0.178521
0.178536
0.178575
0.178626
0.178636
0.178682
0.178699
0.178736
0.178787
0.178801
0.177334
0.177379
0.177397
0.177441
0.17746
0.1775
0.177519
0.177555
0.177572
0.177602
0.177621
0.177648
0.177671
0.177695
0.177721
0.177742
0.177794
0.177793
0.177844
0.177845
0.177892
0.177899
0.177939
0.177953
0.177985
0.178008
0.178032
0.178062
0.178082
0.178138
0.178141
0.178189
0.178201
0.178236
0.178262
0.178284
0.178344
0.178342
0.178397
0.178406
0.178444
0.17847
0.178492
0.178554
0.178554
0.178607
0.178622
0.178652
0.178686
0.178706
0.178768
0.178777
0.178814
0.178845
0.178864
0.17893
0.178937
0.178976
0.179008
0.179027
0.179093
0.179103
0.179137
0.179173
0.179194
0.179256
0.179273
0.179296
0.179366
0.179366
0.179413
0.179442
0.179458
0.179526
0.179539
0.178799
0.178856
0.178876
0.17893
0.178952
0.178998
0.179022
0.179055
0.179082
0.179098
0.179132
0.179138
0.179182
0.179176
0.179231
0.179218
0.179301
0.179271
0.179349
0.179331
0.179395
0.179393
0.179436
0.179453
0.179472
0.17951
0.179503
0.179564
0.179549
0.179636
0.179622
0.179682
0.179694
0.179719
0.17976
0.179746
0.17984
0.179814
0.179891
0.179895
0.179926
0.179967
0.17995
0.180049
0.180028
0.180096
0.180113
0.180122
0.18018
0.180165
0.180256
0.18026
0.180286
0.180334
0.180313
0.180413
0.180414
0.180445
0.180493
0.180473
0.180572
0.180578
0.180597
0.180654
0.180644
0.180726
0.180744
0.180734
0.180831
0.180818
0.180865
0.180904
0.180879
0.180975
0.180987
0.181348
0.181419
0.18144
0.181507
0.181532
0.181587
0.181615
0.181647
0.181677
0.181689
0.181728
0.181724
0.181776
0.181755
0.181824
0.181766
0.181887
0.181842
0.181933
0.181906
0.181975
0.181968
0.182011
0.182028
0.18204
0.182083
0.182058
0.182134
0.182069
0.182197
0.182178
0.18224
0.182252
0.18227
0.182316
0.182256
0.182389
0.182354
0.182436
0.18244
0.182466
0.18251
0.182447
0.182582
0.182555
0.182624
0.182641
0.182638
0.182705
0.182671
0.182768
0.18277
0.182787
0.182841
0.182767
0.182904
0.182903
0.182924
0.182977
0.182932
0.18304
0.183044
0.183051
0.183115
0.183084
0.183167
0.183186
0.183152
0.183257
0.183235
0.183274
0.183318
0.183262
0.183368
0.183379
0.185363
0.185446
0.185472
0.18555
0.185578
0.185643
0.185671
0.185706
0.185735
0.185744
0.18578
0.185777
0.185822
0.185808
0.185865
0.185842
0.185917
0.185884
0.185955
0.185932
0.185988
0.185982
0.186017
0.186032
0.186039
0.18608
0.186059
0.186123
0.186094
0.186172
0.186153
0.186205
0.186216
0.186229
0.186274
0.186249
0.186334
0.186301
0.18637
0.186372
0.18639
0.186434
0.186403
0.186491
0.186463
0.18652
0.186536
0.186527
0.186591
0.186552
0.186632
0.186632
0.18664
0.186695
0.186647
0.186738
0.186733
0.186743
0.1868
0.186749
0.186841
0.186841
0.186836
0.186906
0.18686
0.186937
0.186957
0.186916
0.187015
0.186987
0.18702
0.187072
0.187009
0.187107
0.187119
0.19135
0.191445
0.191477
0.191565
0.191598
0.191667
0.1917
0.191733
0.191765
0.191764
0.191803
0.191789
0.191839
0.191813
0.191873
0.191838
0.191909
0.19187
0.191936
0.191908
0.191958
0.191949
0.191975
0.191992
0.191986
0.192032
0.191995
0.192067
0.192018
0.192095
0.192069
0.192117
0.192128
0.192128
0.192182
0.192136
0.192224
0.192179
0.192248
0.192247
0.192252
0.192306
0.192252
0.192345
0.192304
0.192361
0.19238
0.192353
0.192437
0.192372
0.192458
0.192456
0.192451
0.192522
0.19245
0.192551
0.192541
0.192543
0.192617
0.192543
0.192645
0.192645
0.192628
0.192721
0.19265
0.192736
0.192762
0.192702
0.192818
0.192781
0.192812
0.192882
0.192794
0.192908
0.192924
0.200259
0.200374
0.200414
0.200518
0.200563
0.200641
0.200687
0.200713
0.20076
0.200738
0.200797
0.200753
0.200831
0.200767
0.200866
0.200786
0.200889
0.200816
0.200912
0.200858
0.200926
0.200906
0.200932
0.200957
0.200929
0.201002
0.200922
0.201039
0.200941
0.201055
0.201005
0.201069
0.201083
0.201064
0.201149
0.201058
0.201187
0.201109
0.201207
0.201203
0.201196
0.201281
0.201176
0.201314
0.201245
0.201323
0.20135
0.201292
0.201422
0.201305
0.201429
0.201422
0.201399
0.201512
0.201382
0.20153
0.201512
0.2015
0.201618
0.201483
0.201636
0.201634
0.201592
0.201738
0.201613
0.201737
0.201777
0.201668
0.201842
0.201781
0.201819
0.201931
0.201777
0.201949
0.201974
0.213943
0.214094
0.214149
0.214283
0.214349
0.214443
0.214518
0.214528
0.214616
0.214549
0.214667
0.214552
0.214712
0.214552
0.214755
0.214562
0.214774
0.214602
0.214798
0.214674
0.214807
0.214759
0.214797
0.214841
0.214766
0.214909
0.214722
0.214959
0.214735
0.214964
0.214854
0.214966
0.214987
0.214929
0.215092
0.214873
0.215132
0.214959
0.215146
0.21513
0.215098
0.215256
0.215014
0.215293
0.215142
0.215287
0.215333
0.215193
0.215446
0.215186
0.215435
0.215413
0.215351
0.215563
0.215274
0.215571
0.21553
0.215489
0.215706
0.215411
0.215714
0.215704
0.215602
0.215875
0.21561
0.215849
0.215918
0.215674
0.216012
0.215887
0.215948
0.216151
0.215821
0.216162
0.216201
0.235277
0.235474
0.23556
0.235727
0.235841
0.235935
0.236085
0.236038
0.236236
0.23604
0.23632
0.236
0.236393
0.23593
0.236459
0.235642
0.236467
0.235982
0.236511
0.236201
0.236518
0.236402
0.236478
0.236568
0.236372
0.236691
0.236176
0.236764
0.236156
0.236759
0.236503
0.236745
0.23678
0.236618
0.236962
0.23634
0.237006
0.236593
0.237019
0.23698
0.236884
0.237208
0.23627
0.237241
0.236913
0.237224
0.23731
0.23696
0.237494
0.236866
0.237464
0.237418
0.23726
0.237681
0.236936
0.237678
0.237597
0.237481
0.237907
0.237172
0.237905
0.237884
0.23763
0.238169
0.237593
0.238117
0.238244
0.237633
0.238385
0.238144
0.238252
0.238624
0.237835
0.238633
0.238707
0.267355
0.26752
0.267724
0.267875
0.268095
0.268176
0.268407
0.268368
0.268588
0.26842
0.268663
0.268447
0.268736
0.268482
0.268795
0.268534
0.268744
0.268619
0.268831
0.268745
0.268878
0.268895
0.268885
0.269047
0.268862
0.269161
0.268849
0.269201
0.268927
0.269199
0.269138
0.269256
0.269395
0.269231
0.269571
0.269227
0.269536
0.269418
0.269659
0.269747
0.269621
0.269965
0.269583
0.269939
0.269848
0.270033
0.270227
0.26993
0.270354
0.27003
0.270383
0.270477
0.270298
0.270705
0.2703
0.270729
0.270806
0.270661
0.27108
0.270674
0.27113
0.271263
0.27101
0.271465
0.271171
0.271549
0.271801
0.271341
0.271836
0.271853
0.27191
0.272314
0.271847
0.272404
0.272633
0.346231
0.346472
0.346814
0.347027
0.34738
0.347522
0.347874
0.34788
0.348195
0.348056
0.348385
0.348209
0.348599
0.348375
0.348842
0.348553
0.348808
0.348732
0.348879
0.348919
0.348959
0.349116
0.349067
0.349352
0.349217
0.349647
0.349409
0.350011
0.349632
0.349818
0.349882
0.349918
0.350206
0.350112
0.350634
0.350388
0.350769
0.350689
0.350803
0.351043
0.350973
0.351538
0.351275
0.351664
0.351617
0.351692
0.35207
0.351934
0.352739
0.352303
0.352497
0.352735
0.352661
0.353436
0.353057
0.353348
0.353538
0.353499
0.354345
0.353953
0.354251
0.354524
0.354456
0.355493
0.35498
0.355188
0.355711
0.355543
0.356241
0.356151
0.356226
0.357191
0.356787
0.357168
0.357613
0.453391
0.453633
0.454306
0.45447
0.455226
0.455228
0.456098
0.455828
0.456802
0.456196
0.457385
0.456554
0.458056
0.456951
0.45881
0.457402
0.45902
0.457903
0.45907
0.458477
0.459113
0.459153
0.459209
0.459989
0.459425
0.461003
0.459818
0.462179
0.460406
0.46176
0.461188
0.461653
0.462265
0.461788
0.463649
0.462284
0.464397
0.46311
0.464035
0.464298
0.463973
0.465934
0.464469
0.466634
0.465469
0.466124
0.467031
0.466181
0.469115
0.467027
0.468403
0.468537
0.468095
0.470796
0.468832
0.470609
0.47046
0.470124
0.473007
0.470941
0.472707
0.472877
0.472246
0.475795
0.473382
0.474647
0.47587
0.47456
0.477743
0.476312
0.476552
0.479574
0.477341
0.479359
0.480104
0.591244
0.591679
0.592491
0.592927
0.593743
0.594119
0.594902
0.595123
0.595802
0.595846
0.596453
0.596462
0.597029
0.597002
0.597512
0.597659
0.597892
0.59878
0.599197
0.600247
0.600503
0.601537
0.601692
0.602411
0.602535
0.602874
0.602882
0.603053
0.603832
0.604327
0.605792
0.606056
0.607012
0.607244
0.607388
0.607516
0.607616
0.609381
0.609776
0.611107
0.611398
0.611425
0.611632
0.611845
0.613968
0.614298
0.615222
0.615552
0.615049
0.616598
0.617127
0.618816
0.619235
0.618719
0.619781
0.620403
0.622447
0.622936
0.622277
0.623668
0.624301
0.626198
0.626794
0.625715
0.628352
0.628816
0.629787
0.630384
0.62997
0.633251
0.633772
0.633045
0.63486
0.635501
0.63711
0.863154
0.863205
0.864354
0.864903
0.865364
0.866794
0.866134
0.868827
0.866601
0.870944
0.866837
0.873217
0.867018
0.875484
0.867196
0.877494
0.867983
0.878886
0.870426
0.879055
0.873292
0.878075
0.876738
0.876786
0.880776
0.875782
0.88466
0.875249
0.886929
0.878047
0.886102
0.8821
0.883702
0.887307
0.881995
0.892167
0.882253
0.893137
0.886428
0.88992
0.892285
0.887482
0.898107
0.888102
0.897881
0.893075
0.893763
0.900305
0.891744
0.904072
0.895638
0.899476
0.902855
0.89647
0.908784
0.899327
0.904058
0.906813
0.900633
0.913107
0.903867
0.907363
0.912313
0.904307
0.916355
0.909312
0.909733
0.919129
0.90915
0.917095
0.916307
0.911971
0.924545
0.915244
0.917036
)
;

boundaryField
{
    inlet
    {
        type            calculated;
        value           nonuniform List<scalar> 0();
    }
    outlet
    {
        type            calculated;
        value           nonuniform List<scalar> 0();
    }
    front
    {
        type            empty;
    }
    back
    {
        type            empty;
    }
    hub
    {
        type            calculated;
        value           nonuniform List<scalar> 
65
(
0.943066
0.878643
0.878643
0.878643
0.878643
0.375936
0.375936
0.375936
0.375936
0.401223
0.401223
0.401223
0.401223
0.504719
0.504719
0.504719
0.494383
0.494383
0.494383
0.494383
0.356532
0.356532
1.34546
1.34546
1.34546
1.34546
0.977523
0.977523
0.977523
1.42176
1.42176
1.42176
1.42176
0.126846
0.126846
0.0953681
0.0953681
0.0953681
0.467893
0.467893
0.338166
0.338166
0.338166
0.0125259
0.0125259
0.0125259
0.0125259
0.000292223
0.000292223
0.000401015
0.000401015
0.000401015
0.00340388
0.00340388
0.000955326
0.000955326
0.000955326
0.0016331
0.0016331
0.00428826
0.00428826
0.00428826
0.00267224
0.00267224
0.0022034
)
;
    }
    tip
    {
        type            calculated;
        value           nonuniform List<scalar> 
75
(
0.863154
0.863205
0.864354
0.864903
0.865364
0.866794
0.866134
0.868827
0.866601
0.870944
0.866837
0.873217
0.867018
0.875484
0.867196
0.877494
0.867983
0.878886
0.870426
0.879055
0.873292
0.878075
0.876738
0.876786
0.880776
0.875782
0.88466
0.875249
0.886929
0.878047
0.886102
0.8821
0.883702
0.887307
0.881995
0.892167
0.882253
0.893137
0.886428
0.88992
0.892285
0.887482
0.898107
0.888102
0.897881
0.893075
0.893763
0.900305
0.891744
0.904072
0.895638
0.899476
0.902855
0.89647
0.908784
0.899327
0.904058
0.906813
0.900633
0.913107
0.903867
0.907363
0.912313
0.904307
0.916355
0.909312
0.909733
0.919129
0.90915
0.917095
0.916307
0.911971
0.924545
0.915244
0.917036
)
;
    }
    procBoundary0to1
    {
        type            processor;
        value           nonuniform List<scalar> 
160
(
0.0392507
0.0687186
0.111552
0.113755
0.14956
0.179558
0.181991
0.209517
0.21218
0.240811
0.271239
0.275374
0.310985
0.316553
0.361062
0.36873
0.426864
0.436079
0.446642
0.528008
0.544386
0.6574
0.680253
0.845751
0.875912
0.912777
1.19116
1.25049
1.7161
1.80561
1.90677
2.49734
2.59774
2.68063
2.83763
2.81114
2.34307
2.1815
2.06157
1.31904
1.15552
1.09202
0.668405
0.616748
0.595851
0.457456
0.448018
0.398237
0.393361
0.366687
0.362188
0.358654
0.339974
0.337508
0.321409
0.319165
0.304844
0.302567
0.290216
0.287893
0.277527
0.275284
0.273487
0.264606
0.263055
0.255323
0.253956
0.247141
0.245949
0.240168
0.239149
0.234455
0.230659
0.229847
0.226732
0.226151
0.223522
0.2231
0.220831
0.220492
0.218496
0.218167
0.216398
0.214744
0.214415
0.212764
0.212499
0.210882
0.210593
0.209083
0.207554
0.207554
0.207615
0.207619
0.207619
0.207876
0.206378
0.206092
0.204635
0.203166
0.203166
0.203384
0.203192
0.203192
0.203408
0.202118
0.202118
0.20218
0.202082
0.200716
0.199275
0.199043
0.197683
0.196386
0.196161
0.194862
0.193711
0.19347
0.192303
0.192091
0.191109
0.19012
0.189934
0.189103
0.188265
0.187552
0.187396
0.186687
0.186045
0.185914
0.185319
0.184715
0.184159
0.18403
0.183479
0.182893
0.182312
0.182156
0.181587
0.180977
0.180346
0.179748
0.179229
0.178843
0.178751
0.178622
0.178839
0.179563
0.180978
0.183345
0.187078
0.192865
0.201869
0.21597
0.238147
0.272173
0.357491
0.478889
0.637938
0.925676
)
;
    }
    procBoundary0to2
    {
        type            processor;
        value           nonuniform List<scalar> 
150
(
2.33971
2.16429
1.8269
1.76872
1.58206
1.43309
1.40311
1.29978
1.27095
1.18051
1.09018
1.06578
0.992714
0.965951
0.892082
0.868581
0.797555
0.775612
0.759925
0.691302
0.673569
0.613089
0.59771
0.546724
0.532442
0.524156
0.482515
0.473395
0.440945
0.432023
0.427342
0.39898
0.393254
0.389393
0.364758
0.360901
0.340734
0.335777
0.333595
0.315456
0.31195
0.310193
0.294465
0.292175
0.290039
0.277453
0.275904
0.265243
0.263676
0.25511
0.253298
0.252226
0.244741
0.24383
0.237576
0.236752
0.231745
0.230933
0.227027
0.226235
0.223235
0.222526
0.222121
0.219585
0.219239
0.217136
0.21685
0.215075
0.214834
0.213351
0.213136
0.211881
0.210754
0.210525
0.209412
0.209227
0.208116
0.20797
0.206874
0.206744
0.205659
0.205505
0.204449
0.203406
0.203226
0.202132
0.201995
0.200895
0.200734
0.199708
0.198668
0.198522
0.197456
0.197306
0.196308
0.195306
0.195166
0.194151
0.19399
0.193083
0.192121
0.191995
0.191076
0.190205
0.190075
0.189185
0.188406
0.188256
0.187434
0.187307
0.186615
0.185917
0.185806
0.18522
0.184625
0.184123
0.184024
0.183511
0.183042
0.182959
0.182512
0.182049
0.181611
0.181522
0.181069
0.180572
0.180065
0.179942
0.179427
0.178858
0.178256
0.177668
0.177144
0.176738
0.176646
0.176469
0.176628
0.177317
0.17878
0.181329
0.185339
0.19132
0.200223
0.213895
0.235208
0.267168
0.34589
0.452737
0.590467
0.861794
)
;
    }
}


// ************************************************************************* //
