/*--------------------------------*- C++ -*----------------------------------*\
| =========                 |                                                 |
| \\      /  F ield         | OpenFOAM: The Open Source CFD Toolbox           |
|  \\    /   O peration     | Version:  v2012                                 |
|   \\  /    A nd           | Website:  www.openfoam.com                      |
|    \\/     M anipulation  |                                                 |
\*---------------------------------------------------------------------------*/
FoamFile
{
    version     2.0;
    format      ascii;
    class       volScalarField;
    location    "1e-06";
    object      omega;
}
// * * * * * * * * * * * * * * * * * * * * * * * * * * * * * * * * * * * * * //

dimensions      [0 0 -1 0 0 0 0];


internalField   nonuniform List<scalar> 
10302
(
261948
274388
265977
269142
260372
251433
244589
238182
244922
266769
276978
295639
298654
305886
303074
340985
278243
310478
253682
245878
232656
228680
219501
219640
200591
200644
178918
177869
183700
153561
148106
134419
132467
111644
115290
129244
111919
108655
108929
109108
109334
114553
140942
109156
102682
99517.4
100452
97116.1
103387
102006
98897.6
97475.7
90695.1
94116.5
105014
89576.3
89004.5
93515.8
99265.4
120957
96776.6
95441.5
90174.2
96363.4
88763.1
203319
220890
206725
217722
204574
204782
193959
189857
189420
210482
210523
228071
223523
232294
224329
200119
204873
188693
192973
200166
182077
185590
174978
175498
162576
158872
143170
138159
117733
121860
125130
114439
113481
92270.5
90136.4
73728.1
81617.2
86649.6
80506.1
81932.9
80038.7
78720.6
67111.9
70466.7
74647.3
67017.3
67704.4
67510.7
63946.6
70459
63805.5
66235.8
62703.4
59828
43676.4
57107.4
60164.4
65359.1
63368.4
70526.9
62759.8
64484
61966.5
58402.2
62485.6
133272
143390
135278
144464
136715
141423
134629
136203
134744
145703
144149
156299
151379
161030
152698
144364
145146
153262
139701
144077
133779
135419
128741
128282
121703
118789
111452
106710
102990
99227.4
101564
92325.6
91174.1
76369.8
74443.4
65627.9
61602.4
63539.4
55548.9
55343.1
50665.5
49819.9
51834.5
42442.7
43568.5
37823.2
37710.7
36369
34500.8
37186.4
33143.2
33977.6
32823.3
31493.5
32165.1
28600.4
29524.9
33990.6
33123.2
38841.5
31469.9
31872.8
30207.9
28629.8
30839
116322
125762
118589
127841
121520
126962
122434
103218
126004
134786
138381
143301
146657
145565
148848
142337
141975
140016
136441
135993
130566
131079
125030
125680
117062
117232
105794
105815
95322.6
97816.5
98410
91089.9
90266.2
75255.6
74112.9
61027.5
60980.6
60881.4
54655.4
54243
48763.2
49004.6
44382.3
41815.1
41217
36768.1
36745.9
33408.9
33863.9
32333.5
32166.5
32618.3
30685.8
30793.2
26201.2
27766.8
28190
31800.5
32523.8
32928.5
30677.1
30729.8
27674.2
28082.3
27478.2
84383.4
90402.1
85604.6
92837.7
88669.5
95278.2
92128
94685.1
98405.8
105330
106899
112202
113089
115125
115616
113181
113517
111608
111136
111966
108523
109196
105548
105792
101150
100763
94737.2
93673
86761.7
86174.8
86468.8
83465.6
83136.1
71350.8
70034.3
59871.2
56432.1
55858.6
50020.5
49321.2
42626.9
42303.2
38610.3
35518.8
35014.1
30099.8
29667.6
26114.3
25786.6
24160.5
22840.3
22964.6
22008.5
21706.5
18999.8
18623.1
18768.6
20873.8
21011.6
21078.5
19259.2
19224
17900.9
17910.4
18516
61360
64623.8
61674.1
66562.7
63920.1
70608.3
68564.7
76041.3
76323.1
84098.5
84125.4
90285
89220.6
93981.1
91930.3
95421.8
92610.8
95513
92226.5
94285.5
91646.1
92651.2
90783.6
90738.2
89162.2
88111.1
86407
84378.2
81863.9
78070.6
78274.7
74751.5
74368.9
68703.1
67445.3
60710
55935.5
54938.5
49877
49100.2
42945.5
42470.6
38764.8
35556.3
34872.3
30196
29507.8
24849.7
24432.7
21767.5
19843.5
19732.6
18520.9
18177.2
17057.7
15221.8
15213.9
15968
15802.6
16896.9
14127.3
14111.5
13643.5
13530.3
14519.8
55197.7
58151.7
55572.4
59868.1
57752.6
63916.8
62799.7
70531.9
71878.8
78932.4
80929.5
84789.7
86614
88215.5
89830.8
90315.3
90652.1
90326
90299.3
90341.9
89663
90164.4
88598.5
89244.5
86676.3
87251.3
83985.7
83960.6
80785.4
77347.8
77032.3
73760
73661.8
68153.7
67425.8
61023.1
55909.6
55071.1
49949.3
49338.6
43394.2
42703.4
38503.1
35681.6
35316.7
30457.1
29758.6
25103.6
24510.2
21566.9
19738.5
19576.5
18154.9
18032.9
16457.9
15058.4
14958.3
15422.4
15608.7
15611.8
13884.2
13776.6
13072.6
13354.3
13812
43863.5
45843.2
43916.8
46916.9
45333.3
50548.6
49680.7
57420.9
58296.1
65838.4
66720.1
71166.8
71556.6
74335.3
74463.7
74937.2
76283.7
75656.8
76875.2
77893.9
77395.8
78142
77609.3
77887.1
77358.5
77140
76532.8
75862.3
74741.2
71864.5
71815.5
68639.6
68338.7
65695.4
64965.5
61548.3
56650.9
55727.1
51550.2
50845.8
46020.4
45263.7
40763.7
38113.7
37527.3
33534.9
32718.2
27428.7
26794.1
22429.8
19937.1
19574.9
17536.1
17303.4
15534
14008.3
13827.7
13330.2
13253.4
12998.9
11514.5
11455.5
11187.7
11286.5
11995.4
40392.1
42082.3
40471.8
43032.7
41785.2
46324.9
46074.2
46404.1
46349.5
61450.8
64042.8
67130
69339.6
70276.7
72619.5
72149.9
74659.4
73456.4
75249.5
74746.6
75618.1
75850.9
75602.4
76352
74997.5
76156.3
73988.6
75263.4
72894
71150.8
70671.3
67859
67779.2
64914
64832.2
60866.4
56604.6
55920.8
51655.3
51168.8
46595.9
45604.9
41679.4
38275
38137.8
34009
33227.7
28544.6
27112.2
23194.7
20087
19758.7
17654.1
17344.4
15874.4
13987.1
13779.3
13077.8
13150
12524
11378.8
11264.3
10893.5
11179.7
11639.3
32678.3
33880.3
32643.4
34371.8
33355.6
36987.5
36678.1
42676.9
43545.4
51971.8
53284.6
57277.8
58179.9
60435.5
61204.5
62022.1
63564.8
63287.8
64624.8
65116.8
65612.7
66214.2
66367.3
66902.7
66827.6
67261.5
67042.9
67393.8
67063.5
65768.9
65772.1
63579
63509.3
61899.7
61812.8
60025.3
56731.9
56107.6
52988.5
52503.9
49077.6
48394.8
44139.9
41296.8
40629.9
37753.2
37143.2
32691.2
31573.8
26338.4
22782.3
22123
19064.7
18718.2
16421.7
14386.1
14040.5
12460.6
12338.1
11243.1
10265.6
10180.4
9967.59
10097.6
10664.3
26159
27003.8
25991.1
27248.3
26405.9
29212
28782.2
35033.3
35715.9
43052.2
43452.6
48459.5
48195.2
51955.9
51157.7
54231.8
53845
55700.2
55191.5
56665
56488.7
57403.9
57700.1
57912.8
58831.8
58333.7
59910.1
58763.9
60718.9
58924.1
59797.9
58088.3
58057.2
57520
56901.2
56804.8
54379.1
54591.7
52219.2
51934
49824
49218.8
45747.8
43162.4
42323.2
40245.4
39838.7
36493.6
35913.1
30487.4
27130.9
26072.6
22120.5
22028.2
18513.3
16138.1
15510.8
12919.2
12753.3
11108.3
9864.02
9752.05
9481.84
9534.43
10053.1
24341.8
25002.4
24143.5
25240
24546.3
26980.8
26818.8
32518.3
33552.2
40331.3
41431.1
45764.2
46525.3
49216.8
49760.6
51297.2
52505.1
52766
53814.1
54354.7
55015
55608.8
56046.1
56578.1
56917
57345.2
57717
58024.6
58437.4
57953.2
58299.3
57077.2
57265.6
56385
56471.4
56016.8
54028.1
54032
51928.3
51837.8
49770.4
49356
46602.4
43288.8
42730.3
40425.1
40151
37411.7
36309.7
32112.1
27752.5
26870.2
23052.3
22465.7
19077.7
16442.4
15893
13158.1
12861.5
10907.8
9857.09
9732.92
9405.21
9503.3
9896.21
20144.2
20708.7
19999.7
20854.9
20240.2
22194.4
21882.6
26684.5
27377.6
33988.7
34506.7
39202.9
39274.7
42741.5
42407.5
45086.7
45353.7
46712.6
46796
47922
48143.5
48912
49391.9
49650.7
50558.9
50294.9
51665.5
50952.7
52682
51811.4
52657.4
51819.2
51931.5
51903.2
51439.1
51983.7
50631
51235.2
49837.1
49837.2
48919.8
48444.7
46755.2
44266.2
43684.4
41677.5
41327.5
39498.5
39070.8
35689.2
32461.9
31504.4
27597.8
27311.7
23024.9
19926.2
18968.7
15048.5
14761.6
11652.8
10088.9
9879.73
9285.44
9328.21
9540.92
18814.8
19307.7
18699.4
19424
18962.8
20598.8
20513.7
24870
25713.3
31830.5
32846.6
37000.2
37767.3
40572
41135.7
42887.3
44169.5
44485
45571.4
46036.1
46836.3
47339.2
47941.8
48412.2
48919.1
49329.8
49842.9
50194.6
50705.1
50819
51165.2
50731.9
50988.3
50666.5
50850.5
50853.3
50070.7
50279.8
49291.2
49413.8
48463.2
48347.7
47197.2
44266.8
43893.1
41724.7
41509.5
39770.7
39305.7
36837.6
33027.2
32318
28803.1
27899.4
23932.5
20484.3
19723.9
15643.1
15053.4
11838.4
10157.2
9946.58
9286.6
9328.19
9446.39
15597.8
16023
15480.4
16098.3
15620.7
16984
16762.2
20293.8
20881.9
26426.9
27127.6
31498
31705.5
35137.6
34978.2
37647.3
38210.1
39415.6
39751.7
40728
41121.7
41797.8
42361.1
42616.3
43511.8
43332.3
44615.3
44047.9
45636.6
45134
45931.7
45566.4
45742.1
46037.3
45658.5
46527.7
45751.3
46569.7
45907.9
46116.6
46048
45697.3
45521.2
43742.5
43668.5
41891.9
41583.1
40272.5
39925.1
38331
36147.2
35633
33050.7
32841.8
29233.1
25897.3
24497
18918.5
18418
13515.9
11127.7
10722
9499.15
9508.08
9281.14
14592.9
14928.5
14493.5
15027.4
14638.8
15791.4
15736.1
18889.3
19599.2
24647.7
25660.3
29677.3
30338.2
33251.4
33802.5
35733.8
37135.1
37503.5
38652.1
39106.3
39961.1
40413.7
41093
41492.5
42093.4
42431.7
43008.8
43319.4
43813
44190.4
44534.6
44504.1
44770.9
44804.9
44992.1
45133.9
45088.7
45387.3
45170.3
45428.1
45270.6
45361.9
45299.8
43533.4
43521.3
41777.7
41629.2
40260
40029.3
38674.9
36389.4
36088.8
33899
33330.6
31588.5
26688
25608.7
19827.6
18915.9
13787.6
11307.7
10910.4
9583.77
9549.69
9239.99
12027.7
12357.7
11958.2
12393.5
12026.3
13015.9
12817.4
15365.9
15780.8
20245.7
20851.8
25070.9
25239.4
28657.9
28507.9
31335
32035.4
33273.8
33711.1
34677
35139.1
35782.7
36383.8
36621.3
37523.5
37341.4
38623.4
38036.6
39587.4
39157.4
39949.5
39772.8
39971.4
40437.4
40070.6
41150.9
40527.8
41509.5
41173.4
41493.3
41900.3
41588.9
42406.4
41352.8
41843.6
40709.5
40556
39787.9
39377.6
38669
37363.5
37129.5
36031.4
36066.1
34641.5
32284.6
30917.8
24351.4
23738.2
16765.1
13261
12536.7
10279.2
10258.7
9344.59
11290.6
11533.1
11224.2
11568.3
11316.4
12124
12083.6
14269.1
14859.4
18854.8
19696.6
23411.7
24147.6
26910.9
27481.8
29453.3
31075
31432.6
32751
33206.5
34142.1
34548.2
35293.5
35620.7
36270.8
36531.4
37094.3
37370.3
37762
38325.7
38628.1
38809.4
39029
39253.1
39388.3
39523.7
39895
40170.3
40384.5
40639.5
40932.4
41057.5
41332.7
40943.1
41150.9
40336.2
40293.3
39540.5
39277.2
38574.3
37307.6
37153
36209.3
36181.2
36833.1
33005.6
32029.7
25438.7
24263.1
17640.5
13557.7
12863.7
10468.1
10336.2
9376.83
10740.5
11035.2
10682.9
11051.9
10798.3
11586.3
11577.1
11691.9
14126.9
17832.9
18936.8
22266
23395.7
25870.3
26792.1
28502.3
30496.1
30596.5
32110.9
32245.5
33401.9
33665.5
34439
34861.1
35311.5
35914.9
36157.1
36892.7
37033
37741.7
37722.4
38050.8
38289.6
38326.9
38859.5
38743.8
39450.3
39303.8
39769.4
39956.5
40121.6
40634.1
40500.4
40633.3
40567.5
40006.6
40071.5
39212.2
39252.6
38383.5
37290.7
37209.2
36339.1
36327.8
35959.4
33695.1
33109.5
26753.9
24938.3
18826.6
13903
13275.4
10790.2
10455.5
9507.21
8816.82
9009.16
8759.92
9018.48
8832.78
9415.01
9384.69
10753.5
11362.4
14322
15104.1
18150.2
18937.3
21663.8
22323.3
24291.5
25988.3
26451.2
27775.4
28190.4
29241.1
29612.6
30429.1
30719.4
31394.3
31623.8
32178.6
32417.7
32960.9
33387.3
33625.8
33904.9
34079
34368.7
34467.7
34746.4
35116.1
35341.6
35740.9
35962.2
36432.8
36533.8
36987.3
37255.2
37512
37512.9
37571.4
37492.4
37308.3
37212
36562.1
36501.6
36141.1
36077.5
36633.4
36782.9
36677.3
31998.9
30482.3
22905.2
17072.1
16052.5
12331.9
12060.6
10158.6
8296.88
8437.78
8227.82
8466.43
8302.05
8837.68
8836.47
10258.4
10689
13409.1
14187.1
17095.9
17944.8
20574.3
21356.9
23307.3
25078
25470.8
26868.7
27198.3
28314.3
28648.3
29482.2
29837.5
30456.4
30854.4
31339.2
31766.4
32165.9
32634.4
32752.5
33054.3
33263.7
33466.9
33793.1
33983.4
34459
34528.1
34950.3
35168.9
35538.9
35921.6
36249.3
36656.6
36790.1
36857
37065.4
36880.3
37061.9
36802.4
36264.4
36304.5
35883.5
36038.5
36454.8
36956.2
37119.2
33313.8
31401.2
24105.1
17676.2
16758.6
12864.4
12335
10419.8
6756.7
6890.39
6704.96
6901.57
6751.53
7175.96
7125.26
8207.52
8480.44
10606.2
11129.5
13569.5
14159.6
16638.2
17208.8
19456.2
21026
21671.9
22963.7
23486.5
24566.4
24987.3
25867.9
26152.9
26924
27085.8
27803.9
27873.9
28594.8
28875.5
29177.5
29425.2
29592.4
29915.2
29941.1
30368.2
30554.2
30893.7
31202
31442
31925.4
31978.7
32619.6
32915
33311.8
33622.1
33770.9
34147.1
34035.5
34484.3
34333.7
34447
34477.5
34379.2
35062
37225.2
37783.6
37282.7
35791
29645.1
22328.6
20830
15503
15050.3
11971.1
6369.08
6455.25
6331.25
6470.32
6376.78
6720.28
6731.67
7698.31
7985.46
9899.36
10448.5
12695.8
13355.4
15697.5
16350.3
18482.6
20238.3
20704.4
22103.2
22526.9
23712.3
24076.3
25018.8
25333.3
26092.7
26377.2
27009.9
27277.3
27803.5
28201.8
28378.9
28687.5
28864.3
29136.2
29330.6
29604.7
29951
30104.1
30487.1
30698.2
31122.8
31380.6
31848.3
32294.7
32535.9
32906.8
33152.3
33456.3
33647.4
33931
33861.8
34038.6
34035.9
34169.5
34649.4
36803
37496.6
37992.2
36400.6
30971.5
23211.6
21823.6
16175.2
15509.7
12377.7
5223.29
5339.68
5195.74
5344.75
5219.88
5529.84
5463.11
6211.89
6357.64
7873.22
8157.2
10054.8
10343
12519.9
12787.4
15058.6
16533.5
17417.1
18543.2
19231.5
20286.6
20791.5
21733.5
22014.5
22931.5
22994.3
23945.7
23810.8
24784.6
24917.7
25342.6
25534.9
25705.9
26096.6
26005.7
26620.6
26554.2
27069.1
27180.3
27438.5
27894.5
27828.7
28651.7
28693.4
29281.2
29551.2
29720.8
30387
30139
31093.3
31106.9
31384.6
31765
31598.9
32501.1
34385.5
35153
38512.4
38255.5
35567
28995.3
27073.9
20138.1
19690.1
14898.8
4944.17
5003.79
4919.74
5010.5
4946.64
5173.26
5177.34
5809.24
6004.72
7279.3
7665.3
9232.31
9747.01
11472.6
12110.3
13765.2
15713.6
16227.7
17769
18167.8
19469.8
19842.8
20902.8
21205.4
22059.2
22318.4
22988.2
23251.4
23722.7
24294.7
24483.2
24850.5
25002.6
25308.2
25442
25579
26020.5
26153.9
26532.3
26702.8
27084.3
27260.1
27494.2
28117.1
28336.4
28826.5
29036.9
29487.6
29670.9
30134.5
30524.7
30746
31101.3
31217.1
31672.9
33709.6
34369.1
38257.4
38129.7
38101.7
30051.9
28275.1
21040.1
20192.5
15608.4
4756.36
4825.34
4733.93
4833.02
4763.11
4993.41
4994.84
5588.14
5775.99
6955.3
7343.37
8813.37
9335.24
10992
11632.9
13326.5
15206
15644.7
17282.8
17629.7
18889.3
19225.6
20288.5
20633.6
21451.9
21816.9
22442.7
22833.4
23299
23843.8
23959.7
24335.8
24505.7
24771.9
25021.3
25212.1
25647
25676.1
26050.2
26201
26527.8
26832
27118.8
27704
27794.6
28270.9
28526
28884.1
29300.4
29606.3
30054.9
30259
30549.7
30901.4
31299.4
33208.1
33834
37474.4
37861.6
37808.2
31072.4
29488.9
22290.3
20913.2
16421.8
3935
3989.22
3916.87
3990.31
3931.97
4098.78
4084.38
4507.41
4629.4
5485.12
5734
6827.66
7156.93
8460.63
8868.96
10313.9
11867
12353.6
13857.4
14329
15702.9
16067
17174.8
17493.5
18431.2
18681.5
19466.4
19665.7
20355.1
20850.5
21065.3
21473.5
21626.6
21988.9
22086.1
22428
22694.6
22876
23184.6
23337.2
23674.3
23778.1
24152.3
24511.7
24730.8
25151.7
25318.5
25770.7
25877.1
26461.1
26933.6
27162.5
27671.2
27767.9
28423.9
29685.2
30173.3
34160
35319.8
38790.3
35494.5
34343.9
27712
26374.8
20407.6
3765.33
3791.41
3747.45
3795.35
3762.24
3894.15
3906
4283.8
4404.94
5168.55
5411
6405.69
6742.9
7935.84
8375.39
9700
11215.3
11662.3
13149.4
13591.2
14986.6
15371.6
16493.6
16789.6
17768.1
18045.5
18859.6
19115.2
19769.5
20285.6
20473.2
20897.4
21058.9
21429.1
21584.3
21919.3
22218.8
22352.6
22658.6
22800.8
23124.8
23295.7
23624.9
24009.8
24158.6
24568.1
24758.4
25174.6
25418
25860.4
26347.1
26574.7
27060.8
27311.4
27875.2
29026.1
29497.6
33181.1
34624.7
39008.8
36195
35347.8
28842.2
27317.1
21281.3
3152.16
3198.33
3135.14
3195.65
3141.39
3266.68
3236.15
3523.22
3579.82
4165.05
4281.44
5062.85
5194.71
6195.04
6331.16
7546.39
8585.48
9118.57
10235.7
10766.5
11943.7
12415.5
13572.7
13885.6
14931.2
15085.7
16123.2
16128.4
17113.8
17514.1
17871.9
18256.4
18432.9
18900.7
18894.2
19459.6
19556.7
19927.3
20108
20305.5
20655.7
20645.5
21179.2
21268
21635.3
21875.6
22011.6
22508.7
22389
23146.5
23386.9
23667.8
24204.5
24139.6
25029
25569.7
26020.9
28694.6
29299
34900.2
36343.8
36753.7
33389.6
32355.7
26429.3
3008.05
3027.68
2993.33
3026.56
3001.49
3088.39
3091.1
3326.47
3407.16
3880.54
4043.51
4657.44
4894.73
5639.05
5974.47
6825.98
8029.07
8281.99
9584.68
9903.96
11222.4
11574.7
12806.3
13138.1
14172.2
14439.8
15294.6
15589.3
16287.2
16938.9
17128.9
17646.9
17804.7
18229.7
18379.3
18703.2
19088.7
19214.6
19579.8
19712.1
20038.4
20171.1
20428.6
20807.5
20936.3
21306.2
21448.1
21770.7
21955
22293.8
22814.2
22998.2
23449
23654.5
24077.7
24935.2
25238.6
27369.3
28572.8
32983.8
36059.2
36767.6
34991
32944
28041
2923.49
2945.19
2910.8
2945.83
2919.51
3007.8
3010.13
3236.99
3307.57
3754.64
3902.41
4496.24
4706.78
5452.15
5736.65
6616.09
7722.03
8018.71
9200
9532.01
10771.8
11134.1
12302.6
12667.1
13720.8
14052
14878.1
15188.5
15891.7
16541.9
16721.3
17230.3
17400.1
17826.3
18013.4
18370.8
18761.4
18868.7
19205
19341
19654.1
19832.1
20122.5
20482.2
20587.6
20919.3
21078.9
21401.8
21639.4
21969.3
22413.5
22590.8
23016.5
23295.5
23737.1
24492.5
24780
26767.7
27961.9
32145.5
35486.1
36290.7
35105.8
33512.9
28983.3
2454.75
2477.47
2443.79
2475.55
2448.16
2518.71
2508.52
2669.91
2714.55
3032.01
3121.08
3541.06
3657.52
4199.01
4348.88
5020.57
5778.24
6029.55
6908.51
7191.94
8180.82
8496.9
9532.69
9837.14
10861
11150.7
12121.9
12337.9
13179
13833.5
14093.7
14650.6
14831.3
15338.3
15452.2
15927.4
16254.6
16461
16794.3
16945.6
17294.2
17385.2
17759.7
18020.3
18214.1
18515.7
18641.7
18987.1
19043.3
19484.8
19818.1
19993
20392.5
20477.6
20994.4
21476.3
21717.9
22842.3
23264.8
26501.7
31093.4
32398.1
34891.9
34582.5
32973.5
2371.16
2377.16
2361.01
2376.78
2366.09
2415.21
2423.15
2563.39
2612.43
2885.81
2980.36
3338.36
3478.74
3923.83
4129.03
4619.32
5425.09
5584.31
6491.58
6693.37
7702.08
7954.18
8993.04
9290.86
10287.7
10602.3
11530.1
11851.5
12629.5
13323.2
13538.5
14148.2
14318.1
14849.5
14999.7
15441.2
15839.3
15972.8
16357.1
16480.8
16842.2
16972.4
17276.1
17624
17743.6
18081.9
18203.3
18528
18672.6
18982.1
19377.8
19513.9
19898.7
20066.9
20416.4
20980.2
21158.1
22107.5
22685.8
24849.4
29835.5
31138.2
34874
34352.1
34337.9
2300.84
2319.01
2292.12
2318.36
2297.13
2358.06
2354.6
2491.65
2532.42
2792.47
2880.84
3220.39
3347.53
3781.67
3958.33
4487.73
5230.02
5386.62
6221.21
6420.71
7349.71
7606.57
8561.72
8869.15
9806.91
10165.4
11019.7
11417.4
12162.6
12955.3
13096
13695.6
13878.7
14377.2
14605.5
14992.4
15504.3
15562.5
15969.4
16093.9
16422.4
16625
16884.1
17298.4
17357.2
17689
17839.7
18105.9
18356.2
18594.9
18999.1
19133.8
19463.7
19730.3
20026.7
20582.1
20747
21620.4
22228.8
24514.1
28780.6
30029
33271.8
33792.3
33629.6
1943.69
1955.59
1937.09
1955.18
1941.2
1982.7
1980.45
2075.07
2106.29
2282.3
2342.43
2567.48
2648.91
2936.19
3048.36
3408.58
3888.49
4010.34
4592.56
4741.21
5430.06
5616.24
6369.19
6598.14
7371.57
7646.15
8421.96
8729.79
9473.8
10270.1
10493.1
11174.5
11355.3
11922.9
12106.2
12604.8
13077.6
13237.4
13672.1
13808.9
14194.7
14325
14659.3
15008.2
15129.7
15468.3
15585.8
15887.2
16014.9
16333.9
16696.3
16823.3
17161.2
17290.4
17633.7
18052.4
18196.3
18730.2
18969.7
20149.2
23148.6
23969.4
28172.7
29502.5
32419.5
1889.91
1894.56
1883.57
1894.86
1887.42
1920.44
1924.76
2011.71
2040.08
2201.7
2254.4
2463.68
2538.51
2803.81
2910.34
3239.43
3678.7
3802.01
4337.17
4482.92
5125.91
5302.47
6024.36
6236.82
7001.38
7252.26
8024.61
8316.63
9065.21
9812.26
10044.9
10732
10925
11538.5
11695.6
12225.9
12680.5
12858.4
13277.5
13418.1
13824.1
13952.7
14324.3
14651.3
14780.7
15102
15222.5
15545.1
15682.2
15998.2
16326
16458.8
16798.9
16946
17291.5
17661.2
17810.1
18306.7
18566.3
19563.8
22197.8
22985.6
27072
28534.2
31952.6
1612.05
1625.5
1606.9
1624.99
1609.09
1644.91
1635.4
1705.49
1718.16
1845.62
1871.2
2030.09
2056.91
2262.88
2291.62
2559.52
2830.78
2943.88
3280.29
3411.2
3835.27
3978.68
4489.16
4625.3
5230.23
5344.85
6040.97
6118.05
6884.78
7466.33
7734.76
8310.79
8510.34
9149.46
9247.37
9922.42
10300.2
10591.2
10997.1
11187.3
11645.6
11714.7
12221.3
12478
12722.8
13016.3
13136.4
13516.1
13503.7
13979.3
14213.8
14383.8
14722.5
14732.6
15204.2
15427.1
15624.8
16019.3
16035.9
16840.8
18054.3
18519.3
21487.7
21913.2
26363.2
1551.55
1557.02
1547.27
1557.15
1550.31
1574.82
1575.75
1632.9
1653.68
1754.99
1792.44
1914.21
1965.17
2113.15
2184.77
2366.59
2643.02
2701.57
3046.63
3123.35
3543.37
3650.13
4125.16
4270.34
4778.64
4976.71
5494.77
5755.54
6282.22
6959.78
7121.53
7764.76
7943.24
8524.82
8740.59
9253.88
9827.81
9978.02
10489.7
10642.6
11108.5
11263.7
11653.6
12058
12187.2
12560.4
12679.1
12997.9
13135.6
13427.5
13787.1
13901
14209
14345.5
14615.1
14993.8
15112.3
15463.3
15629
16076.8
17275.3
17622.6
19786.2
20991.8
24221.7
1524.87
1528.93
1520.72
1529.62
1523.6
1547.1
1548.96
1605.22
1622.48
1720.52
1751.75
1874.19
1915.48
2067.84
2123.64
2313.3
2562.33
2635.87
2941.93
3033.17
3411.9
3525.18
3970.75
4108.63
4611.15
4780.66
5324.48
5532.24
6091.9
6705.71
6885.88
7479.64
7662.07
8253.42
8443.75
9000.48
9554.04
9731.41
10229.4
10376
10831.6
10976
11401.6
11791.1
11929.8
12284
12407.6
12749.5
12881.6
13201.5
13523.2
13643
13957.9
14091.7
14400.5
14724.8
14849.8
15199.3
15362.2
15855.4
16879.1
17222.8
19316.2
20350.7
23551.4
1302.07
1309.18
1298.41
1308.67
1299.84
1322.3
1317.93
1361.6
1371.47
1447.77
1466.27
1555.92
1576.12
1685.69
1708.72
1846.69
2000.94
2054.25
2247.67
2311.66
2558.12
2634.02
2933.29
3016.8
3373.59
3460.22
3878.45
3962.25
4436.97
4875.15
5033.09
5490.66
5630.57
6127.4
6243.5
6781.77
7228.91
7448.4
7912.39
8089.49
8578.91
8698.62
9183.56
9552.27
9752.12
10127.6
10263
10658.8
10726.8
11154.3
11467.7
11612.5
11944.6
12011.8
12387.9
12657.6
12801.6
13116.9
13175.8
13611.3
14117.7
14328
15432.8
15687.9
18005.4
1263.02
1264.53
1259.55
1264.25
1261.15
1275.66
1277.98
1314.7
1328.8
1391.69
1415.52
1487.05
1519.02
1599.15
1644.36
1735.53
1893.09
1916.75
2115.14
2151
2393.77
2449.87
2728.58
2812.29
3114.95
3240.43
3545.34
3734.15
4047.72
4541.54
4635.52
5114.73
5243.78
5695.06
5876.78
6265.96
6824.31
6934.79
7470.76
7613.45
8101.04
8278.69
8673.96
9153.36
9271.9
9713.41
9844.01
10224.7
10380.1
10706.6
11097
11210.4
11546.1
11673.5
11943.2
12298.1
12397.1
12702.3
12834.4
13098.8
13658.6
13810.6
14607.5
15131.6
16515.6
1240.73
1244.17
1237.31
1243.63
1238.49
1255.83
1255.9
1293.29
1303.98
1366.47
1386.06
1460.03
1484.41
1572.39
1603.27
1709.81
1850.21
1886.98
2058.71
2106.46
2320.82
2383.32
2640.51
2719.87
3019.35
3120.24
3458.28
3586.45
3952.67
4380
4495.49
4927.58
5056.11
5502.05
5654.02
6099.4
6597.31
6731.98
7217.6
7362.64
7834.41
8004.56
8445.7
8917.83
9046.46
9451.23
9582.88
9957.32
10111.5
10457.8
10828
10948
11279.1
11418
11718
12045
12149.6
12450.9
12587.3
12902.8
13383.5
13542.9
14355.8
14763.9
16302.5
1064.51
1067.97
1061.73
1067.68
1062.88
1076.6
1075.14
1103.78
1112.12
1160.59
1174.98
1229.69
1245.71
1308.5
1327.03
1401.07
1489.41
1516.51
1623.79
1656.79
1792.54
1833.89
1999.15
2049.74
2246.7
2307.74
2538.58
2609.8
2874.09
3163.04
3249.3
3556.2
3648.82
3982.36
4083.34
4440.05
4814.78
4942.79
5334.21
5462.54
5869.14
5999.1
6416.4
6824.99
6979.67
7390.22
7526.37
7929.75
8054.42
8446.99
8824.01
8960.99
9321.23
9436.59
9790.54
10120.7
10246.2
10561.5
10658.8
10988.6
11338.5
11467.3
11938.7
12096.2
12919.9
1040.64
1040.69
1037.86
1040.45
1038.84
1048.47
1050.89
1075.78
1084.49
1129.62
1144
1194.09
1211.72
1267.44
1289.92
1352.42
1434.59
1456.85
1558.98
1585.1
1714.17
1748.1
1904.02
1950.03
2130.69
2195.41
2395.51
2487.99
2702.39
2986.74
3055.51
3358.39
3441.87
3758.07
3869.62
4182.97
4558.83
4659.72
5061.23
5172.39
5578.62
5715.01
6097.95
6520.7
6646.11
7065.84
7194.37
7602.68
7752.78
8126.44
8516.06
8633.23
9015.36
9137.09
9490.11
9820.56
9934.74
10270.5
10375
10695.8
11033.1
11146
11581.4
11771.9
12378.6
1013.45
1017.87
1010.8
1017.34
1011.57
1025.93
1023.35
946.515
944.32
1092.71
1113.01
1160.72
1177.3
1230.83
1251.13
1312.54
1399.84
1413.49
1514.33
1534.45
1656.45
1686.54
1830.79
1873.37
2041.23
2100.23
2291.88
2371.28
2583.05
2861.73
2916.19
3198.07
3275.25
3567.51
3676.8
3973.32
4373.72
4430.85
4816.65
4914.77
5287.3
5437.79
5784.35
6250.88
6321.33
6736.31
6866.12
7227.89
7429.71
7753.35
8192.23
8302.89
8644.82
8825.27
9100.4
9491.2
9575.42
9878.99
10055.1
10302.9
10700.5
10798.8
11192.5
11438.7
12006.8
884.803
886.086
882.886
885.703
883.464
891.506
891.85
907.58
914.42
949.574
961.547
996.009
1010.16
1047.35
1064.77
1105.48
1161.72
1174.81
1240.86
1256.48
1336.17
1357.19
1449.84
1479.51
1584.52
1627.95
1743.76
1806.07
1934.8
2119.81
2159.51
2354.98
2410.13
2610.87
2692.82
2890.85
3167.62
3226.23
3523.37
3602.97
3895.39
4011.52
4280.33
4642.68
4727.13
5086.15
5196.62
5518.84
5675.22
5975.94
6382.69
6495.17
6848.62
6999.25
7303.65
7695.7
7803.15
8127.33
8253.22
8538.14
8901.8
9009.11
9350.5
9500.92
9872.02
867.135
868.735
865.179
868.493
865.906
874.839
874.869
893.737
899.165
930.088
939.766
974.461
985.775
1024.33
1037.55
1080.77
1133.09
1147.51
1207.25
1224.56
1296.58
1318.09
1404.24
1431.11
1533.7
1568.2
1688.68
1733.52
1870.56
2034.8
2080.12
2257.51
2310.37
2506.78
2572.63
2785.04
3034.36
3102.68
3367.19
3446.69
3730.23
3827.96
4119.5
4448.28
4542.05
4870.42
4976.17
5307.91
5438
5763.73
6127.24
6242.37
6592.08
6727.34
7057.65
7417.52
7530.7
7862.55
7993.05
8295.46
8627.47
8734.52
9069.45
9212.18
9589.91
760.56
762.228
758.927
761.863
759.24
766.384
765.638
780.756
785.315
810.224
817.791
844.945
853.101
882.797
891.836
924.821
962.182
973.808
1015.77
1028.92
1078.58
1093.99
1151.81
1169.87
1237.61
1259.39
1339.1
1365.26
1458.28
1565.11
1596.57
1714.07
1749.52
1882.31
1923.7
2072.33
2240.49
2293.88
2480.24
2538.3
2743.7
2809.8
3030.68
3272.5
3352.47
3607.35
3690.16
3956.3
4045.61
4329.34
4631.85
4732.69
5030.55
5131.31
5434.02
5746.11
5856.59
6158.13
6258.49
6565.53
6882.61
6994.88
7307.05
7411.7
7745.74
745.267
745.57
743.789
745.609
744.496
750.123
751.047
765.007
769.587
792.386
799.634
825.135
833.577
861.14
871.081
901.13
935.549
946.903
986.401
998.668
1045.6
1059.52
1114.31
1130.95
1194.17
1215.77
1287.63
1317.34
1397.16
1497.41
1524.99
1637.05
1669.52
1794.05
1837.03
1969.78
2129.29
2175.05
2355.42
2407.04
2603.82
2671.19
2872.08
3106.36
3175.17
3426.55
3502.92
3761.43
3861.76
4115.75
4415.56
4505.54
4804.67
4910.33
5193.63
5503.16
5599.28
5903.85
6010.9
6299.65
6611.75
6711.71
7030.48
7148.33
7455.88
661.144
663.373
659.915
663.016
660.033
666.597
664.962
677.504
679.975
700.692
705.205
727.356
731.678
755.891
760.143
786.949
813.248
822.709
851.675
861.75
895.836
906.568
946.167
956.994
1003.63
1014.29
1069.79
1079.9
1145.62
1210.84
1232.42
1306.26
1326.65
1415.15
1433.35
1538.85
1641.87
1682.46
1801.47
1838.95
1981.52
2012.47
2180.15
2336.14
2401.08
2577.84
2630.56
2838.11
2873.41
3116.62
3334.41
3413.77
3656.57
3705.16
3983.67
4217.87
4313.7
4571.07
4618.82
4916.73
5159.42
5259.79
5538.73
5578.66
5912.26
645.108
645.314
644.047
645.23
644.493
648.501
649.402
659.97
663.969
681.24
687.35
705.741
713.096
731.902
741.074
759.356
787.243
793.019
823.464
830.301
864.548
873.165
910.683
921.893
962.056
977.72
1018.66
1042.36
1081.16
1152.73
1166.6
1238.51
1258.11
1332.9
1363.49
1428.1
1546.05
1566.36
1691.23
1722.36
1848.47
1897.96
2000.66
2187.5
2222.98
2406.9
2459.91
2629.43
2717.18
2873.49
3123.1
3185.69
3408.17
3502.39
3670.46
3970.44
4041.79
4285.97
4385.65
4583.02
4882.54
4961.04
5213.61
5328.8
5547.76
633.442
635.157
632.634
635.151
633.103
638.85
638.135
649.059
651.719
669.054
674.307
692.863
698.869
718.701
725.542
747.024
773.686
779.015
807.447
814.114
845.89
854.39
889.54
900.073
939.173
952.354
996.126
1012.78
1061.52
1123.04
1137.15
1202.45
1220.78
1293.27
1317.92
1397.71
1500.85
1522.21
1631.91
1661.86
1781.36
1823.24
1950.15
2111
2146.16
2309.54
2359.66
2529.12
2600.14
2775.39
2993.71
3054.24
3264.91
3351.53
3556.77
3809.32
3876.21
4105.93
4204.39
4419.54
4688.35
4763.1
5004.6
5123.06
5346.73
564.862
565.658
564.088
565.69
564.584
568.505
568.65
577.147
580.297
593.825
598.75
613.053
618.575
633.535
639.848
655.495
675.12
680.421
701.603
707.429
731.171
738.054
763.811
772.197
799.821
810.5
840.074
853.757
885.696
927.089
937.614
981.762
995.046
1042.41
1060.87
1111.02
1177.59
1194.07
1268.94
1290.34
1370.25
1401.44
1483.17
1592.12
1619.33
1736.03
1772.81
1889.12
1943.76
2064.02
2227.42
2273.55
2429.4
2496.04
2645.29
2843.74
2898.61
3080.01
3156.49
3324.23
3547.5
3611.76
3809.64
3900.15
4086.04
555.749
556.706
555.205
556.894
555.791
559.896
559.925
568.296
570.676
583.885
588.011
602.38
606.965
622.256
627.339
643.846
662.432
667.657
687.538
693.432
715.626
722.398
746.916
754.618
781.733
790.743
820.755
831.606
864.499
902.643
913.467
954.438
966.828
1012.84
1028.12
1079.44
1140.69
1157.84
1225.72
1246.22
1323.04
1349.05
1433.33
1532.49
1560.86
1667.6
1701.36
1817.86
1861.91
1986.38
2133.41
2178.2
2330.61
2386.79
2543.38
2721.94
2776.15
2953.82
3020.22
3197.33
3398.84
3461.43
3660.31
3740.24
3932.98
499.422
500.393
499.088
500.624
499.632
503.039
502.917
509.795
511.973
522.938
526.348
537.996
541.613
553.911
557.803
570.798
585.422
589.859
605.245
610.052
627.153
632.5
651.069
656.994
677.18
683.874
705.952
713.524
737.677
764.785
772.801
801.544
810.389
842.198
852.544
887.873
928.833
941.46
987.419
1001.66
1053.42
1070.64
1127.89
1194.55
1215.19
1288.46
1311.92
1391.89
1420.33
1509.54
1613.53
1646.17
1754.12
1792.11
1907.08
2038.03
2079.48
2210.63
2256.5
2393.32
2548.46
2598.6
2752.01
2806.9
2966.72
491.84
492.465
491.615
492.824
492.284
495.243
495.658
502.118
504.181
514.381
517.599
528.747
532.318
544.098
548.066
560.631
574.089
578.598
593.109
597.891
614.094
619.26
637.06
642.684
662.126
668.542
689.614
697.325
719.837
745.046
752.85
780.048
788.442
818.694
828.765
861.872
899.826
911.833
954.856
968.109
1017.16
1033.74
1087.22
1149.18
1168.4
1237.58
1259.35
1335.68
1364.64
1445.81
1543.53
1573.36
1677.35
1714.82
1821.81
1945.29
1983.07
2110.58
2156.56
2284.42
2431.84
2477.63
2628.58
2686.26
2833.32
447.353
448.442
447.316
448.815
447.906
450.867
450.548
456.16
457.594
466.504
468.847
478.292
480.649
490.647
493.058
503.701
514.849
518.377
529.959
533.704
546.537
550.528
564.476
568.586
583.824
588.053
604.81
609.101
627.467
646.247
652.102
671.912
677.729
699.961
705.858
730.988
757.545
766.649
796.395
805.661
840.068
849.567
889.008
930.896
945.37
992.328
1006.65
1060.62
1074.82
1137.71
1204.35
1225.94
1299.22
1319.52
1402.61
1488.2
1517.08
1608.83
1633.72
1736.91
1841.86
1877.56
1990.72
2019.81
2146.88
440.429
440.889
440.478
441.384
441.181
443.335
443.891
448.92
450.648
458.553
461.074
469.684
472.525
481.5
484.734
494.145
504.33
507.784
518.874
522.396
534.759
538.486
551.905
555.976
570.295
575.05
590.057
595.967
611.491
629.232
634.475
653.541
659.185
679.772
686.8
708.439
733.561
741.224
769.983
778.397
810.353
821.389
854.802
895.003
906.655
952.051
965.802
1014.29
1034.2
1084.01
1149.45
1168.06
1236.39
1262.13
1329.58
1414.89
1438.91
1525.57
1558.04
1641.19
1747.33
1777.74
1883.47
1926.53
2026.43
406.012
407.209
406.2
407.682
406.841
409.434
409.004
413.589
414.512
421.748
423.361
430.951
432.499
440.548
442.049
450.662
459.181
461.984
470.814
473.71
483.499
486.474
497.134
500.024
511.708
514.44
527.321
529.792
543.88
557.363
561.698
575.826
579.75
595.722
599.158
617.329
635.128
641.731
661.665
667.8
691.226
696.573
723.937
750.89
761.006
791.683
800.512
836.903
843.896
887.348
930.282
944.298
993.338
1003.87
1061.71
1117.12
1136.48
1198.95
1211.76
1285.62
1355.17
1379.34
1459.3
1473.17
1567.66
399.63
400.085
399.896
400.669
400.644
402.303
402.836
406.749
408.184
414.296
416.346
422.879
425.245
431.908
434.69
441.476
449.612
451.895
460.764
463.16
472.851
475.502
485.755
488.795
499.394
503.114
513.726
518.616
529.194
542.581
545.982
559.905
563.818
578.137
583.322
597.381
615.215
619.684
639.83
645.281
666.479
674.208
694.679
722.38
729.127
759.599
768.539
799.071
813.271
842.915
887.512
899.131
942.896
960.757
1000.34
1060
1074.95
1131.54
1154.57
1204.2
1280.52
1300.25
1370.05
1402.07
1464.88
373.402
374.631
373.743
375.183
374.416
376.686
376.225
379.984
380.577
386.402
387.514
393.569
394.59
401.015
401.962
408.867
415.377
417.582
424.36
426.586
434.119
436.338
444.555
446.605
455.637
457.434
467.402
468.83
479.71
489.62
492.902
503.229
505.972
517.705
519.764
533.1
545.399
550.303
564.02
568.216
584.497
587.577
606.736
624.451
631.624
651.987
657.578
682.283
685.661
715.659
743.561
752.794
785.549
791
830.619
866.431
879.317
921.161
927.541
978.689
1024.08
1040.07
1094.79
1100.75
1167.83
367.887
368.439
368.289
369.072
369.05
370.477
370.885
373.961
375.136
379.836
381.521
386.439
388.421
393.325
395.718
400.396
407.183
408.312
415.741
417.415
424.997
426.93
434.774
437.092
444.998
447.954
455.55
459.586
466.482
477.279
479.658
489.959
492.817
503.02
506.942
515.805
529.449
532.304
546.585
550.322
564.69
570.191
582.365
602.462
606.683
627.161
633.173
652.728
662.775
681.269
711.344
718.93
747.108
759.362
781.501
823.855
833.615
870.057
885.834
916.025
968.22
981.099
1026.06
1048.67
1088.59
363.86
364.92
364.292
365.552
365.033
367.078
366.871
370.151
370.825
375.681
377.005
382.07
383.558
388.833
390.491
396.063
402.829
403.88
410.752
412.07
419.328
420.993
428.518
430.534
438.31
440.752
448.773
451.698
460.018
469.962
471.842
481.565
484.037
493.965
497.231
507.559
520.609
522.676
535.824
539.056
552.737
557.435
571.74
590.228
593.501
612.099
617.423
636.771
644.739
665.306
692.103
698.767
725.388
735.86
763.198
798.869
807.214
841.405
855.142
889.489
934.817
946.05
989.185
1008.73
1051.48
343.308
343.896
343.791
344.548
344.551
345.804
346.12
348.583
349.524
353.193
354.545
358.352
359.927
363.737
365.613
369.382
374.52
375.698
381.126
382.412
388.212
389.725
395.679
397.511
403.457
405.793
411.518
414.622
420.13
427.971
429.737
437.383
439.551
447.029
450.002
456.813
466.448
468.512
478.687
481.381
491.46
495.425
504.459
517.825
520.704
534.566
538.711
551.759
558.617
571.068
590.874
595.933
614.383
622.716
638.98
665.291
671.681
695.481
706.119
726.49
760.289
768.795
798.103
813.254
839.594
339.921
340.836
340.422
341.492
341.163
342.829
342.73
345.343
345.888
349.687
350.711
354.683
355.824
359.958
361.213
365.6
370.765
371.653
376.9
377.97
383.509
384.824
390.565
392.118
398.051
399.883
406.007
408.147
414.523
421.921
423.403
430.628
432.474
439.848
442.184
449.854
459.194
460.799
470.171
472.501
482.21
485.433
495.57
508.12
510.524
523.137
526.754
539.857
545.031
559.008
576.591
581.082
598.727
605.449
623.777
646.952
652.599
675.156
683.897
706.88
736.35
743.867
772.425
784.687
813.419
323.245
323.831
323.772
324.493
324.513
325.622
325.881
327.903
328.657
331.591
332.658
335.699
336.919
339.969
341.398
344.421
348.402
349.372
353.547
354.575
359.043
360.219
364.812
366.21
370.802
372.563
377.014
379.312
383.59
389.471
390.834
396.58
398.224
403.835
406.057
411.215
418.252
419.858
427.226
429.228
436.503
439.363
445.934
455.288
457.388
466.997
469.901
478.922
483.567
492.138
505.374
508.809
521.089
526.618
537.59
554.736
558.978
574.598
581.629
595.286
617.306
622.966
642.289
652.23
669.827
320.55
321.378
321.083
322.034
321.804
323.217
323.158
325.294
325.731
328.772
329.576
332.748
333.638
336.925
337.895
341.379
345.425
346.128
350.225
351.063
355.369
356.385
360.837
362.021
366.613
367.993
372.721
374.317
379.228
384.85
385.985
391.456
392.844
398.408
400.13
405.9
412.801
414.015
420.889
422.586
429.659
431.941
439.276
448.163
449.869
458.724
461.217
470.324
473.81
483.432
495.286
498.304
510.134
514.553
526.826
542.085
545.809
560.707
566.379
581.638
600.992
605.947
624.812
632.735
651.827
306.936
307.497
307.483
308.15
308.199
309.159
309.4
311.068
311.691
314.064
314.927
317.377
318.358
320.81
321.952
324.373
327.534
328.315
331.615
332.433
335.953
336.875
340.484
341.571
345.168
346.527
350.003
351.768
355.098
359.62
360.67
365.091
366.339
370.652
372.32
376.274
381.561
382.782
388.301
389.796
395.216
397.322
402.179
408.968
410.534
417.437
419.529
425.969
429.238
435.259
444.442
446.831
455.272
459.016
466.442
477.949
480.804
491.219
495.867
504.891
519.402
523.131
535.85
542.426
553.984
304.75
305.518
305.299
306.161
305.991
307.211
307.172
308.969
309.301
311.764
312.403
314.968
315.669
318.319
319.081
321.881
325.126
325.667
328.93
329.575
332.987
333.766
337.28
338.187
341.793
342.848
346.543
347.761
351.581
355.954
356.804
361.032
362.073
366.35
367.643
372.047
377.304
378.188
383.371
384.617
389.893
391.57
396.988
403.532
404.732
411.156
412.921
419.431
421.893
428.675
436.974
439.022
447.185
450.182
458.529
468.853
471.286
481.246
485.003
495.125
507.945
511.134
523.561
528.775
541.359
293.915
294.433
294.464
295.065
295.143
295.964
296.183
297.534
298.078
300.009
300.69
302.681
303.465
305.441
306.365
308.294
310.839
311.451
314.11
314.753
317.572
318.294
321.175
322.021
324.885
325.941
328.679
330.071
332.663
336.218
337.033
340.5
341.458
344.833
346.104
349.154
353.227
354.156
358.403
359.525
363.683
365.242
368.895
373.99
375.16
380.311
381.838
386.615
388.976
393.32
399.954
401.661
407.693
410.308
415.444
423.489
425.47
432.653
435.783
441.798
451.636
454.132
462.654
466.99
474.554
292.076
292.793
292.62
293.408
293.272
294.331
294.228
289.206
295.622
298.058
298.568
300.654
301.202
303.347
303.949
306.198
308.852
309.248
311.886
312.366
315.108
315.698
318.502
319.199
322.06
322.879
325.79
326.744
329.732
333.213
333.834
337.158
337.941
341.275
342.266
345.661
349.788
350.402
354.404
355.316
359.34
360.603
364.672
369.681
370.495
375.302
376.584
381.36
383.191
388.081
394.16
395.565
401.364
403.521
409.324
416.628
418.221
425.06
427.675
434.465
443.223
445.261
453.533
457.084
465.31
283.494
283.97
284.026
284.572
284.659
285.379
285.581
286.622
287.116
288.736
289.25
290.922
291.508
293.169
293.861
295.454
297.48
297.926
300.124
300.652
302.917
303.483
305.817
306.456
308.796
309.579
311.83
312.864
314.906
317.744
318.401
321.154
321.88
324.59
325.525
327.936
331.103
331.855
335.152
335.998
339.267
340.397
343.227
347.103
348.028
351.956
353.061
356.776
358.435
361.781
366.614
367.866
372.394
374.187
377.848
383.715
385.146
390.347
392.446
396.498
403.52
405.25
411.24
414.053
419.32
276.043
276.661
276.54
277.209
277.117
277.97
277.942
279.117
279.295
280.88
281.176
282.797
283.078
284.754
285.022
286.791
288.532
288.99
290.738
291.206
293.073
293.542
295.511
295.958
298.04
298.453
300.662
301.024
303.368
305.586
306.182
308.398
308.92
311.297
311.733
314.296
316.733
317.498
320.021
320.694
323.458
324
327.018
329.862
330.801
333.784
334.548
337.857
338.389
342.103
345.593
346.619
350.355
351.044
355.243
359.128
360.364
364.55
365.277
370.063
374.49
375.878
380.821
381.526
387.265
274.697
275.119
275.187
275.678
275.776
276.408
276.599
277.585
277.911
279.244
279.665
281.075
281.538
282.968
283.482
284.948
286.481
287.016
288.648
289.162
290.924
291.441
293.292
293.835
295.732
296.346
298.243
298.98
300.853
302.914
303.529
305.652
306.268
308.436
309.146
311.294
313.57
314.303
316.765
317.483
320.039
320.88
323.389
326.111
326.958
329.876
330.75
333.686
334.822
337.651
341.073
342.075
345.515
346.752
350.005
353.876
354.998
358.859
360.263
363.866
368.327
369.61
374.003
375.782
379.869
268.068
268.601
268.543
269.118
269.078
269.808
269.824
270.817
271.009
272.328
272.602
273.956
274.222
275.611
275.875
277.322
278.799
279.17
280.638
281.021
282.575
282.966
284.588
284.972
286.669
287.04
288.818
289.17
291.026
292.856
293.325
295.132
295.569
297.472
297.875
299.885
301.886
302.463
304.5
305.04
307.22
307.71
310.029
312.327
313.02
315.376
315.995
318.533
319.064
321.82
324.554
325.333
328.162
328.808
331.867
334.868
335.774
338.877
339.571
342.967
346.303
347.319
350.859
351.586
355.516
267.063
267.469
267.534
267.987
268.075
268.662
268.823
269.681
269.957
271.095
271.453
272.663
273.048
274.285
274.694
275.983
277.289
277.748
279.101
279.557
280.999
281.459
282.971
283.44
285.006
285.505
287.102
287.657
289.279
290.945
291.486
293.185
293.709
295.47
296.027
297.836
299.659
300.297
302.219
302.828
304.86
305.511
307.594
309.716
310.448
312.686
313.394
315.727
316.544
318.901
321.462
322.282
324.932
325.829
328.487
331.321
332.23
335.147
336.14
339.046
342.222
343.227
346.508
347.7
350.927
261.128
261.586
261.576
262.073
262.083
262.705
262.764
263.609
263.807
264.911
265.175
266.312
266.574
267.734
268.001
269.2
270.459
270.776
272.022
272.353
273.659
274.004
275.356
275.704
277.103
277.455
278.904
279.255
280.748
282.274
282.668
284.158
284.547
286.092
286.477
288.081
289.739
290.204
291.87
292.33
294.078
294.536
296.353
298.231
298.777
300.668
301.198
303.181
303.704
305.797
307.975
308.601
310.79
311.394
313.683
316.047
316.75
319.113
319.764
322.25
324.831
325.611
328.235
328.944
331.732
260.379
260.776
260.826
261.26
261.327
261.884
262.004
262.772
262.989
263.986
264.281
265.338
265.651
266.734
267.059
268.197
269.368
269.716
270.901
271.261
272.5
272.876
274.161
274.549
275.873
276.278
277.637
278.067
279.47
280.901
281.33
282.751
283.18
284.644
285.09
286.613
288.174
288.661
290.25
290.742
292.4
292.916
294.642
296.412
296.977
298.781
299.348
301.224
301.843
303.786
305.835
306.482
308.569
309.252
311.394
313.626
314.335
316.593
317.336
319.644
322.085
322.859
325.354
326.216
328.744
255.148
255.54
255.568
255.993
256.04
256.568
256.66
257.376
257.583
258.503
258.765
259.715
259.981
260.947
261.223
262.214
263.281
263.57
264.629
264.929
266.035
266.349
267.485
267.812
268.974
269.318
270.507
270.867
272.071
273.352
273.701
274.946
275.303
276.575
276.954
278.245
279.629
280.025
281.411
281.819
283.245
283.683
285.126
286.68
287.134
288.683
289.154
290.734
291.254
292.867
294.639
295.165
296.9
297.476
299.22
301.129
301.699
303.55
304.168
306.026
308.082
308.709
310.715
311.406
313.433
254.506
254.902
254.922
255.349
255.379
255.914
255.985
256.688
256.847
257.745
257.973
258.915
259.157
260.121
260.37
261.383
262.452
262.698
263.76
264.023
265.123
265.405
266.533
266.832
267.985
268.301
269.48
269.812
271.032
272.302
272.614
273.849
274.175
275.431
275.776
277.081
278.461
278.801
280.168
280.536
281.938
282.338
283.79
285.33
285.726
287.246
287.678
289.229
289.709
291.318
293.041
293.519
295.221
295.749
297.491
299.347
299.862
301.676
302.249
304.095
306.085
306.647
308.61
309.269
311.258
249.84
250.177
250.225
250.592
250.656
251.108
251.216
251.833
252.038
252.819
253.077
253.879
254.152
254.959
255.253
256.066
256.973
257.243
258.159
258.432
259.389
259.673
260.651
260.955
261.94
262.278
263.259
263.643
264.606
265.7
266.007
267.081
267.401
268.475
268.844
269.892
271.063
271.404
272.595
272.948
274.146
274.563
275.719
277.031
277.409
278.728
279.137
280.429
280.947
282.192
283.687
284.122
285.547
286.092
287.434
289.033
289.493
290.999
291.579
292.986
294.696
295.197
296.79
297.455
298.947
249.118
249.518
249.498
249.922
249.912
250.43
250.45
251.103
251.214
252.04
252.218
253.068
253.257
254.122
254.32
255.22
256.206
256.371
257.338
257.521
258.513
258.719
259.727
259.952
260.974
261.22
262.254
262.522
263.583
264.731
264.944
266.04
266.278
267.378
267.648
268.774
270.021
270.238
271.442
271.707
272.919
273.231
274.466
275.839
276.094
277.411
277.729
279.041
279.429
280.767
282.264
282.598
284.026
284.447
285.875
287.478
287.826
289.33
289.787
291.277
292.971
293.355
294.951
295.484
297.056
244.979
245.28
245.331
245.66
245.724
246.119
246.224
246.781
246.951
247.657
247.87
248.596
248.831
249.548
249.818
250.512
251.298
251.522
252.361
252.591
253.46
253.69
254.583
254.827
255.721
256.001
256.866
257.215
258.011
258.983
259.243
260.21
260.471
261.435
261.742
262.638
263.638
263.931
264.992
265.278
266.347
266.688
267.662
268.783
269.102
270.269
270.596
271.726
272.167
273.184
274.473
274.827
276.071
276.514
277.581
278.972
279.347
280.65
281.119
282.212
283.703
284.105
285.461
286.007
287.194
241.039
241.396
241.368
241.747
241.73
242.184
242.193
242.768
242.858
243.582
243.712
244.446
244.571
245.317
245.439
246.213
246.995
247.164
247.933
248.105
248.905
249.079
249.903
250.072
250.922
251.083
251.961
252.111
253.022
253.915
254.114
254.985
255.168
256.073
256.238
257.186
258.121
258.352
259.286
259.5
260.48
260.669
261.701
262.71
262.975
263.988
264.219
265.288
265.479
266.62
267.73
268.007
269.132
269.351
270.548
271.7
272.004
273.169
273.392
274.641
275.84
276.158
277.394
277.612
278.948
240.436
240.709
240.762
241.06
241.124
241.489
241.585
242.073
242.224
242.84
243.03
243.679
243.879
244.539
244.747
245.426
246.117
246.351
247.048
247.281
248.011
248.245
249.001
249.236
250.011
250.254
251.041
251.301
252.096
252.903
253.166
253.973
254.226
255.055
255.312
256.16
257.007
257.302
258.171
258.449
259.357
259.64
260.567
261.492
261.813
262.765
263.067
264.052
264.377
265.366
266.4
266.734
267.789
268.129
269.185
270.264
270.616
271.714
272.069
273.164
274.294
274.659
275.817
276.207
277.343
236.595
236.887
236.9
237.213
237.237
237.617
237.667
238.157
238.273
238.886
239.032
239.662
239.807
240.444
240.592
241.245
241.93
242.095
242.768
242.939
243.635
243.811
244.523
244.702
245.428
245.61
246.352
246.536
247.292
248.069
248.262
249.015
249.206
249.976
250.17
250.957
251.773
251.988
252.797
253.012
253.843
254.063
254.912
255.793
256.034
256.904
257.143
258.035
258.278
259.198
260.156
260.422
261.364
261.628
262.59
263.585
263.867
264.839
265.115
266.106
267.138
267.437
268.453
268.742
269.784
236.117
236.396
236.418
236.718
236.749
237.115
237.166
237.633
237.736
238.32
238.463
239.071
239.221
239.841
239.993
240.638
241.314
241.47
242.135
242.298
242.982
243.154
243.851
244.031
244.74
244.927
245.648
245.84
246.583
247.348
247.536
248.275
248.467
249.216
249.414
250.187
250.996
251.197
251.991
252.202
253.011
253.232
254.067
254.938
255.163
256.017
256.252
257.12
257.372
258.265
259.203
259.458
260.378
260.648
261.586
262.563
262.831
263.782
264.065
265.029
266.04
266.321
267.313
267.623
268.624
232.489
232.727
232.769
233.027
233.079
233.392
233.472
233.887
234.027
234.542
234.712
235.241
235.418
235.949
236.137
236.672
237.257
237.434
238.022
238.2
238.808
238.992
239.611
239.804
240.426
240.635
241.255
241.488
242.097
242.772
242.967
243.628
243.827
244.488
244.71
245.359
246.064
246.277
246.989
247.204
247.921
248.166
248.863
249.628
249.858
250.624
250.864
251.619
251.908
252.64
253.482
253.732
254.541
254.838
255.608
256.484
256.744
257.578
257.885
258.673
259.582
259.857
260.716
261.055
261.865
231.896
232.191
232.171
232.482
232.47
232.839
232.845
233.296
233.361
233.92
234.026
234.597
234.71
235.287
235.404
236
236.653
236.748
237.382
237.487
238.134
238.252
238.905
239.034
239.692
239.832
240.494
240.647
241.323
242.052
242.17
242.862
242.995
243.685
243.834
244.537
245.312
245.429
246.17
246.313
247.054
247.223
247.973
248.803
248.935
249.723
249.891
250.671
250.876
251.665
252.54
252.711
253.537
253.755
254.576
255.488
255.663
256.512
256.741
257.577
258.516
258.703
259.578
259.839
260.695
228.716
228.927
228.97
229.199
229.252
229.525
229.604
229.976
230.092
230.557
230.697
231.183
231.334
231.819
231.986
232.469
232.965
233.146
233.662
233.83
234.378
234.539
235.109
235.271
235.849
236.024
236.596
236.801
237.351
237.935
238.119
238.719
238.891
239.503
239.689
240.288
240.882
241.093
241.729
241.916
242.578
242.781
243.425
244.07
244.292
244.981
245.184
245.883
246.125
246.782
247.512
247.732
248.475
248.719
249.42
250.168
250.4
251.164
251.414
252.129
252.908
253.146
253.936
254.211
254.934
225.517
225.756
225.752
226.006
226.009
226.313
226.332
226.715
226.781
227.255
227.346
227.829
227.918
228.407
228.495
228.999
229.521
229.627
230.138
230.246
230.773
230.885
231.424
231.535
232.085
232.197
232.76
232.869
233.446
234.027
234.152
234.715
234.835
235.41
235.526
236.121
236.727
236.866
237.462
237.598
238.213
238.344
238.979
239.623
239.779
240.413
240.561
241.214
241.353
242.036
242.724
242.891
243.572
243.724
244.431
245.136
245.314
246.009
246.165
246.888
247.611
247.796
248.516
248.674
249.427
225.094
225.302
225.326
225.549
225.581
225.851
225.898
226.243
226.325
226.75
226.859
227.307
227.421
227.876
227.992
228.465
228.956
229.079
229.563
229.69
230.188
230.321
230.829
230.966
231.483
231.624
232.15
232.293
232.833
233.384
233.531
234.065
234.212
234.753
234.902
235.46
236.037
236.195
236.763
236.922
237.504
237.667
238.265
238.88
239.053
239.66
239.834
240.452
240.634
241.268
241.925
242.113
242.762
242.954
243.614
244.292
244.488
245.152
245.352
246.026
246.72
246.924
247.611
247.824
248.516
249.235
249.447
221.977
222.162
222.192
222.392
222.43
222.672
222.729
223.044
223.142
223.529
223.647
224.047
224.168
224.57
224.695
225.105
225.543
225.668
226.102
226.229
226.677
226.808
227.264
227.4
227.86
228.005
228.468
228.622
229.086
229.581
229.721
230.202
230.345
230.828
230.981
231.467
231.984
232.136
232.651
232.805
233.326
233.494
234.012
234.568
234.732
235.281
235.451
236
236.19
236.737
237.335
237.514
238.093
238.292
238.86
239.477
239.663
240.256
240.46
241.039
241.674
241.867
242.477
242.695
243.289
243.946
244.152
244.773
245.435
221.488
221.713
221.701
221.938
221.931
222.211
222.216
222.556
222.603
223.02
223.095
223.522
223.6
224.033
224.113
224.559
225.04
225.111
225.578
225.655
226.131
226.216
226.697
226.789
227.275
227.373
227.864
227.967
228.468
229.002
229.087
229.594
229.688
230.196
230.298
230.817
231.379
231.465
232.005
232.106
232.648
232.764
233.314
233.912
234.009
234.58
234.696
235.264
235.401
235.978
236.605
236.724
237.321
237.466
238.063
238.711
238.833
239.442
239.595
240.2
240.862
240.992
241.616
241.785
242.402
243.077
243.225
243.865
244.575
218.67
218.833
218.869
219.045
219.087
219.297
219.358
219.639
219.726
220.076
220.181
220.545
220.658
221.021
221.146
221.505
221.871
222.007
222.387
222.513
222.917
223.037
223.456
223.576
224.002
224.131
224.551
224.702
225.104
225.53
225.665
226.104
226.231
226.677
226.814
227.251
227.682
227.837
228.299
228.437
228.917
229.065
229.532
229.998
230.159
230.658
230.806
231.31
231.486
231.96
232.485
232.645
233.179
233.355
233.857
234.393
234.559
235.107
235.287
235.798
236.352
236.523
237.086
237.282
237.795
238.38
238.556
239.129
239.682
215.801
215.989
215.985
216.184
216.186
216.422
216.436
216.73
216.777
217.139
217.204
217.571
217.636
218.007
218.072
218.453
218.848
218.923
219.309
219.386
219.782
219.862
220.265
220.345
220.756
220.836
221.253
221.332
221.76
222.193
222.28
222.697
222.783
223.208
223.291
223.728
224.177
224.274
224.713
224.808
225.259
225.351
225.816
226.288
226.396
226.86
226.963
227.439
227.536
228.032
228.535
228.651
229.144
229.25
229.76
230.273
230.395
230.897
231.006
231.527
232.049
232.175
232.693
232.804
233.342
233.88
234.008
234.548
235.084
215.416
215.584
215.598
215.777
215.796
216.012
216.041
216.312
216.367
216.696
216.771
217.117
217.195
217.546
217.625
217.988
218.367
218.45
218.82
218.906
219.286
219.376
219.761
219.855
220.246
220.342
220.739
220.835
221.241
221.657
221.756
222.156
222.256
222.66
222.761
223.177
223.61
223.714
224.136
224.245
224.674
224.786
225.227
225.685
225.799
226.245
226.364
226.817
226.94
227.405
227.888
228.015
228.488
228.619
229.1
229.596
229.728
230.209
230.345
230.834
231.339
231.476
231.971
232.115
232.615
233.135
233.277
233.792
234.32
234.464
234.982
212.642
212.781
212.81
212.96
212.995
213.176
213.223
213.463
213.541
213.829
213.921
214.218
214.315
214.611
214.714
215.017
215.34
215.439
215.761
215.861
216.193
216.296
216.633
216.74
217.078
217.192
217.53
217.655
217.991
218.355
218.463
218.817
218.927
219.282
219.401
219.754
220.13
220.246
220.622
220.74
221.119
221.248
221.623
222.025
222.148
222.548
222.676
223.072
223.22
223.608
224.042
224.174
224.592
224.742
225.146
225.592
225.727
226.154
226.308
226.717
227.175
227.315
227.751
227.917
228.332
228.805
228.954
229.394
229.866
230.012
230.477
230.644
231.081
212.146
212.329
212.311
212.503
212.488
212.712
212.687
211.129
211.046
213.203
213.371
213.704
213.757
214.086
214.142
214.481
214.852
214.894
215.252
215.3
215.664
215.719
216.084
216.145
216.513
216.58
216.948
217.021
217.394
217.799
217.852
218.234
218.294
218.675
218.745
219.13
219.556
219.606
220.01
220.074
220.477
220.556
220.961
221.409
221.466
221.891
221.964
222.383
222.477
222.898
223.363
223.438
223.875
223.974
224.407
224.887
224.96
225.406
225.509
225.946
226.434
226.513
226.965
227.082
227.523
228.017
228.111
228.572
229.093
229.161
229.638
229.758
230.214
230.732
230.828
209.743
209.87
209.897
210.034
210.066
210.23
210.274
210.471
210.534
210.804
210.883
211.155
211.237
211.511
211.596
211.876
212.161
212.255
212.541
212.634
212.931
213.023
213.328
213.421
213.732
213.827
214.141
214.242
214.555
214.873
214.975
215.292
215.389
215.714
215.813
216.14
216.466
216.579
216.912
217.017
217.362
217.47
217.818
218.164
218.284
218.638
218.75
219.114
219.233
219.595
219.971
220.092
220.472
220.594
220.971
221.355
221.48
221.868
221.993
222.376
222.769
222.896
223.295
223.428
223.816
224.224
224.353
224.765
225.161
225.304
225.719
225.853
226.265
226.683
226.819
207.167
207.301
207.31
207.453
207.465
207.635
207.657
207.869
207.915
208.173
208.229
208.495
208.551
208.82
208.876
209.152
209.441
209.501
209.783
209.845
210.133
210.198
210.49
210.556
210.853
210.92
211.221
211.289
211.594
211.908
211.978
212.279
212.349
212.654
212.725
213.038
213.362
213.438
213.755
213.832
214.155
214.232
214.562
214.904
214.986
215.32
215.403
215.741
215.825
216.173
216.533
216.623
216.973
217.063
217.421
217.788
217.881
218.237
218.329
218.691
219.065
219.162
219.525
219.622
219.993
220.375
220.475
220.85
221.234
221.34
221.717
221.82
222.203
222.596
222.704
206.815
206.956
206.956
207.106
207.108
207.283
207.293
207.507
207.536
207.795
207.84
208.109
208.155
208.427
208.473
208.753
209.049
209.096
209.382
209.432
209.723
209.776
210.072
210.126
210.426
210.483
210.785
210.844
211.152
211.474
211.529
211.834
211.891
212.199
212.258
212.574
212.907
212.964
213.286
213.348
213.673
213.738
214.07
214.421
214.483
214.82
214.889
215.227
215.301
215.649
216.014
216.086
216.438
216.517
216.872
217.247
217.321
217.678
217.759
218.119
218.499
218.577
218.94
219.029
219.394
219.78
219.864
220.237
220.633
220.711
221.089
221.183
221.558
221.958
222.047
204.439
204.546
204.569
204.685
204.712
204.847
204.886
205.063
205.121
205.337
205.405
205.625
205.701
205.917
206.002
206.21
206.443
206.519
206.76
206.831
207.085
207.154
207.413
207.486
207.742
207.826
208.071
208.173
208.397
208.668
208.745
209.015
209.09
209.357
209.444
209.692
209.961
210.046
210.33
210.41
210.695
210.789
211.05
211.339
211.428
211.729
211.817
212.108
212.222
212.484
212.804
212.895
213.206
213.315
213.585
213.916
214.01
214.327
214.438
214.716
215.051
215.147
215.468
215.59
215.869
216.216
216.318
216.633
216.961
217.063
217.406
217.522
217.817
218.175
218.281
202.168
202.294
202.289
202.422
202.421
202.575
202.58
202.768
202.792
203.018
203.054
203.283
203.318
203.55
203.584
203.822
204.069
204.109
204.348
204.389
204.634
204.676
204.925
204.967
205.22
205.262
205.518
205.559
205.822
206.088
206.133
206.388
206.432
206.691
206.733
207
207.273
207.322
207.588
207.637
207.909
207.956
208.236
208.521
208.576
208.854
208.906
209.191
209.238
209.535
209.834
209.892
210.185
210.237
210.54
210.842
210.905
211.2
211.253
211.559
211.865
211.929
212.23
212.284
212.599
212.911
212.974
213.287
213.597
213.67
213.979
214.039
214.36
214.677
214.747
201.839
201.951
201.959
202.079
202.089
202.229
202.246
202.418
202.449
202.655
202.696
202.913
202.956
203.175
203.218
203.444
203.678
203.725
203.953
204.001
204.234
204.283
204.52
204.571
204.811
204.864
205.106
205.159
205.406
205.66
205.714
205.957
206.011
206.256
206.311
206.562
206.823
206.881
207.133
207.193
207.45
207.511
207.774
208.047
208.11
208.374
208.439
208.707
208.774
209.049
209.333
209.403
209.68
209.75
210.032
210.322
210.393
210.674
210.746
211.03
211.324
211.397
211.683
211.759
212.048
212.347
212.424
212.717
213.02
213.096
213.391
213.472
213.768
214.074
214.155
199.615
199.707
199.727
199.825
199.848
199.964
199.995
200.142
200.19
200.366
200.422
200.603
200.661
200.842
200.904
201.088
201.283
201.341
201.536
201.595
201.795
201.856
202.059
202.122
202.325
202.392
202.595
202.667
202.868
203.084
203.147
203.357
203.421
203.631
203.701
203.91
204.13
204.197
204.419
204.487
204.71
204.785
205.005
205.238
205.308
205.541
205.614
205.844
205.929
206.154
206.403
206.478
206.719
206.805
207.036
207.29
207.367
207.61
207.699
207.932
208.191
208.27
208.516
208.61
208.846
209.11
209.193
209.441
209.704
209.784
210.045
210.137
210.38
210.653
210.738
197.66
197.774
197.764
197.883
197.876
198.011
198.009
198.168
198.183
198.374
198.397
198.59
198.613
198.806
198.828
199.028
199.23
199.261
199.457
199.488
199.689
199.72
199.925
199.955
200.164
200.191
200.404
200.429
200.648
200.866
200.899
201.108
201.138
201.352
201.379
201.601
201.821
201.859
202.075
202.108
202.332
202.36
202.593
202.823
202.864
203.089
203.124
203.357
203.384
203.631
203.871
203.912
204.15
204.181
204.431
204.674
204.716
204.956
204.986
205.24
205.484
205.527
205.772
205.8
206.06
206.309
206.35
206.605
206.847
206.902
207.148
207.182
207.445
207.694
207.741
197.307
197.398
197.41
197.507
197.521
197.633
197.654
197.79
197.822
197.984
198.023
198.194
198.235
198.408
198.449
198.626
198.809
198.853
199.033
199.078
199.261
199.308
199.494
199.542
199.731
199.779
199.97
200.02
200.213
200.41
200.46
200.65
200.701
200.894
200.944
201.141
201.341
201.395
201.593
201.647
201.849
201.905
202.111
202.32
202.378
202.585
202.643
202.852
202.912
203.127
203.346
203.408
203.624
203.687
203.906
204.128
204.192
204.41
204.474
204.694
204.919
204.985
205.206
205.273
205.495
205.725
205.792
206.019
206.247
206.316
206.544
206.612
206.841
207.073
207.143
195.329
195.409
195.425
195.511
195.529
195.629
195.651
195.775
195.812
195.96
196
196.154
196.195
196.35
196.392
196.551
196.716
196.759
196.92
196.965
197.13
197.175
197.342
197.389
197.556
197.605
197.774
197.824
197.996
198.174
198.221
198.392
198.44
198.612
198.661
198.836
199.019
199.069
199.247
199.298
199.478
199.531
199.713
199.903
199.956
200.142
200.196
200.382
200.44
200.629
200.828
200.885
201.077
201.137
201.329
201.531
201.588
201.782
201.843
202.036
202.24
202.299
202.494
202.558
202.753
202.96
203.02
203.219
203.426
203.486
203.688
203.753
203.951
204.161
204.224
194.996
195.099
195.091
195.198
195.191
195.311
195.309
195.448
195.46
195.624
195.646
195.812
195.836
196.002
196.026
196.197
196.382
196.4
196.578
196.599
196.779
196.802
196.983
197.009
197.189
197.217
197.398
197.429
197.613
197.808
197.83
198.015
198.04
198.224
198.253
198.438
198.642
198.662
198.855
198.88
199.072
199.103
199.296
199.506
199.529
199.728
199.758
199.953
199.992
200.188
200.403
200.432
200.634
200.673
200.873
201.092
201.121
201.324
201.364
201.563
201.783
201.814
202.017
202.062
202.261
202.481
202.517
202.722
202.951
202.975
203.185
203.231
203.431
203.655
203.691
193.386
193.459
193.475
193.553
193.57
193.659
193.681
193.792
193.822
193.952
193.989
194.125
194.163
194.302
194.341
194.482
194.627
194.669
194.812
194.854
195
195.043
195.192
195.235
195.386
195.43
195.582
195.627
195.781
195.936
195.981
196.133
196.178
196.332
196.377
196.534
196.691
196.74
196.897
196.944
197.105
197.153
197.315
197.48
197.53
197.695
197.744
197.912
197.963
198.131
198.303
198.355
198.526
198.579
198.751
198.924
198.979
199.151
199.204
199.376
199.551
199.605
199.78
199.836
200.008
200.186
200.241
200.419
200.593
200.651
200.828
200.884
201.061
201.239
201.295
191.761
191.832
191.844
191.92
191.933
192.02
192.038
192.143
192.171
192.295
192.326
192.454
192.487
192.615
192.648
192.78
192.918
192.951
193.085
193.12
193.256
193.291
193.429
193.466
193.604
193.642
193.781
193.82
193.961
194.108
194.146
194.286
194.323
194.464
194.502
194.645
194.795
194.834
194.979
195.018
195.166
195.206
195.354
195.509
195.551
195.702
195.743
195.894
195.939
196.091
196.251
196.295
196.45
196.496
196.65
196.812
196.857
197.012
197.058
197.212
197.375
197.421
197.577
197.624
197.78
197.943
197.99
198.147
198.311
198.357
198.516
198.565
198.721
198.886
198.933
191.483
191.571
191.565
191.656
191.651
191.752
191.752
191.867
191.877
192.013
192.032
192.168
192.188
192.324
192.344
192.485
192.637
192.651
192.798
192.814
192.962
192.981
193.128
193.148
193.296
193.32
193.467
193.493
193.641
193.801
193.818
193.97
193.99
194.139
194.163
194.314
194.478
194.494
194.65
194.671
194.826
194.852
195.007
195.177
195.194
195.354
195.379
195.536
195.567
195.723
195.896
195.919
196.08
196.112
196.27
196.446
196.468
196.629
196.662
196.819
196.994
197.018
197.178
197.216
197.371
197.545
197.573
197.733
197.914
197.932
198.096
198.133
198.288
198.464
198.492
190.166
190.231
190.243
190.312
190.326
190.403
190.421
190.514
190.538
190.648
190.678
190.792
190.822
190.937
190.968
191.085
191.206
191.24
191.357
191.392
191.512
191.546
191.669
191.703
191.828
191.862
191.987
192.023
192.149
192.278
192.314
192.438
192.474
192.599
192.635
192.763
192.893
192.931
193.059
193.097
193.227
193.265
193.397
193.531
193.571
193.704
193.743
193.877
193.917
194.053
194.191
194.232
194.37
194.411
194.549
194.688
194.73
194.867
194.909
195.047
195.186
195.228
195.366
195.409
195.546
195.687
195.729
195.87
196.007
196.052
196.191
196.233
196.373
196.512
196.554
188.835
188.895
188.908
188.972
188.985
189.058
189.076
189.163
189.188
189.289
189.318
189.421
189.451
189.555
189.586
189.692
189.803
189.833
189.942
189.973
190.084
190.115
190.227
190.259
190.372
190.405
190.518
190.552
190.666
190.784
190.815
190.93
190.962
191.076
191.11
191.224
191.345
191.378
191.496
191.529
191.647
191.684
191.801
191.924
191.96
192.081
192.117
192.237
192.276
192.395
192.523
192.56
192.683
192.722
192.843
192.971
193.009
193.132
193.171
193.292
193.42
193.458
193.58
193.622
193.741
193.869
193.908
194.03
194.158
194.195
194.319
194.36
194.479
194.608
194.646
187.723
187.794
187.792
187.865
187.865
187.946
187.948
188.041
188.051
188.158
188.173
188.281
188.295
188.404
188.417
188.53
188.642
188.661
188.769
188.788
188.898
188.917
189.029
189.046
189.16
189.176
189.293
189.307
189.428
189.545
189.564
189.678
189.693
189.81
189.823
189.945
190.062
190.083
190.198
190.216
190.335
190.349
190.473
190.593
190.615
190.732
190.751
190.873
190.885
191.014
191.137
191.158
191.281
191.295
191.423
191.545
191.568
191.689
191.703
191.831
191.951
191.973
192.095
192.107
192.237
192.358
192.378
192.502
192.618
192.645
192.764
192.778
192.905
193.022
193.043
187.513
187.575
187.582
187.646
187.655
187.726
187.736
187.819
187.836
187.932
187.952
188.051
188.073
188.173
188.194
188.297
188.402
188.424
188.527
188.55
188.654
188.678
188.783
188.807
188.913
188.936
189.043
189.068
189.176
189.286
189.311
189.417
189.441
189.548
189.573
189.681
189.792
189.818
189.926
189.952
190.061
190.088
190.198
190.311
190.339
190.448
190.476
190.586
190.615
190.728
190.843
190.872
190.984
191.013
191.127
191.242
191.271
191.382
191.412
191.524
191.638
191.667
191.778
191.809
191.919
192.034
192.064
192.175
192.288
192.318
192.427
192.458
192.567
192.679
192.709
186.445
186.498
186.511
186.565
186.58
186.64
186.659
186.73
186.755
186.838
186.865
186.948
186.978
187.06
187.093
187.174
187.262
187.291
187.381
187.408
187.5
187.527
187.621
187.648
187.741
187.773
187.861
187.898
187.982
188.079
188.106
188.202
188.23
188.324
188.355
188.444
188.539
188.569
188.667
188.696
188.792
188.825
188.916
189.015
189.044
189.145
189.175
189.271
189.31
189.398
189.503
189.532
189.632
189.67
189.759
189.865
189.894
189.993
190.03
190.117
190.223
190.252
190.349
190.388
190.474
190.58
190.611
190.702
190.804
190.832
190.932
190.967
191.053
191.158
191.187
185.507
185.566
185.57
185.631
185.636
185.703
185.71
185.786
185.799
185.885
185.901
185.988
186.004
186.091
186.107
186.197
186.29
186.307
186.396
186.414
186.503
186.521
186.612
186.63
186.722
186.74
186.832
186.849
186.944
187.039
187.057
187.149
187.166
187.258
187.275
187.37
187.465
187.484
187.577
187.595
187.689
187.707
187.803
187.9
187.92
188.013
188.032
188.127
188.145
188.243
188.341
188.361
188.456
188.475
188.572
188.669
188.69
188.783
188.802
188.897
188.992
189.014
189.106
189.124
189.219
189.313
189.334
189.426
189.517
189.54
189.63
189.649
189.741
189.831
189.852
185.346
185.407
185.409
185.47
185.474
185.541
185.546
185.621
185.631
185.717
185.73
185.817
185.83
185.918
185.932
186.022
186.116
186.128
186.219
186.232
186.324
186.338
186.43
186.445
186.536
186.553
186.644
186.66
186.753
186.851
186.865
186.956
186.972
187.063
187.079
187.171
187.269
187.283
187.376
187.391
187.484
187.502
187.595
187.694
187.708
187.802
187.819
187.911
187.931
188.024
188.123
188.14
188.233
188.254
188.346
188.444
188.461
188.552
188.572
188.663
188.76
188.777
188.866
188.888
188.976
189.071
189.089
189.177
189.275
189.289
189.376
189.398
189.483
189.575
189.592
184.548
184.596
184.608
184.657
184.67
184.725
184.74
184.802
184.821
184.892
184.914
184.987
185.009
185.081
185.103
185.178
185.252
185.276
185.351
185.374
185.45
185.473
185.55
185.574
185.651
185.675
185.752
185.778
185.854
185.933
185.958
186.035
186.058
186.136
186.16
186.238
186.316
186.342
186.42
186.444
186.523
186.547
186.627
186.706
186.732
186.812
186.836
186.916
186.942
187.021
187.103
187.127
187.209
187.234
187.313
187.393
187.418
187.498
187.523
187.601
187.68
187.704
187.783
187.809
187.885
187.963
187.987
188.065
188.139
188.165
188.241
188.265
188.339
188.414
188.437
183.814
183.861
183.873
183.922
183.934
183.988
184.002
184.061
184.079
184.146
184.166
184.233
184.254
184.321
184.342
184.41
184.48
184.501
184.571
184.591
184.662
184.683
184.754
184.775
184.846
184.869
184.939
184.962
185.032
185.107
185.128
185.199
185.221
185.291
185.314
185.384
185.458
185.48
185.552
185.574
185.645
185.668
185.739
185.815
185.836
185.909
185.931
186.002
186.028
186.097
186.174
186.196
186.268
186.293
186.362
186.437
186.458
186.529
186.554
186.621
186.695
186.716
186.785
186.811
186.876
186.949
186.97
187.037
187.108
187.127
187.195
187.219
187.28
187.351
187.372
183.254
183.308
183.313
183.368
183.373
183.431
183.438
183.5
183.51
183.578
183.589
183.659
183.669
183.739
183.75
183.822
183.894
183.906
183.976
183.988
184.059
184.071
184.142
184.154
184.226
184.237
184.31
184.321
184.396
184.468
184.482
184.551
184.564
184.635
184.647
184.72
184.791
184.806
184.875
184.889
184.959
184.972
185.045
185.117
185.132
185.202
185.214
185.286
185.296
185.37
185.443
185.457
185.527
185.538
185.611
185.68
185.694
185.763
185.774
185.845
185.913
185.926
185.994
186.004
186.074
186.14
186.152
186.22
186.282
186.298
186.36
186.37
186.437
186.498
186.51
183.158
183.211
183.217
183.27
183.276
183.333
183.34
183.401
183.41
183.475
183.487
183.554
183.566
183.633
183.644
183.713
183.786
183.796
183.866
183.876
183.946
183.958
184.028
184.039
184.109
184.122
184.191
184.204
184.274
184.348
184.359
184.429
184.441
184.51
184.523
184.592
184.665
184.676
184.746
184.758
184.827
184.841
184.909
184.983
184.994
185.063
185.076
185.144
185.158
185.226
185.299
185.311
185.379
185.393
185.46
185.531
185.543
185.609
185.624
185.688
185.757
185.769
185.832
185.849
185.91
185.976
185.989
186.051
186.117
186.128
186.188
186.204
186.261
186.323
186.336
182.773
182.82
182.832
182.879
182.892
182.94
182.954
183.006
183.021
183.077
183.093
183.149
183.167
183.222
183.24
183.296
183.355
183.373
183.431
183.448
183.506
183.523
183.581
183.599
183.657
183.675
183.733
183.753
183.81
183.87
183.888
183.947
183.964
184.023
184.041
184.099
184.159
184.177
184.235
184.253
184.311
184.33
184.388
184.448
184.466
184.524
184.542
184.6
184.62
184.676
184.736
184.754
184.811
184.83
184.886
184.944
184.962
185.018
185.036
185.09
185.148
185.165
185.219
185.237
185.289
185.344
185.36
185.414
185.466
185.482
185.534
185.551
185.599
185.65
185.666
182.585
182.632
182.646
182.694
182.708
182.756
182.77
182.819
182.835
182.884
182.902
182.95
182.968
183.016
183.036
183.084
183.137
183.152
183.206
183.221
183.274
183.289
183.343
183.359
183.41
183.429
183.478
183.5
183.547
183.603
183.617
183.672
183.687
183.739
183.759
183.806
183.862
183.876
183.932
183.947
183.999
184.018
184.064
184.121
184.135
184.19
184.206
184.255
184.277
184.322
184.378
184.393
184.443
184.464
184.507
184.563
184.577
184.626
184.646
184.688
184.742
184.756
184.802
184.824
184.863
184.915
184.93
184.97
185.022
185.033
185.079
185.097
185.132
185.182
185.195
182.709
182.763
182.774
182.827
182.839
182.89
182.901
182.951
182.962
183.011
183.021
183.07
183.081
183.13
183.14
183.19
183.241
183.252
183.301
183.311
183.36
183.371
183.42
183.431
183.48
183.491
183.54
183.551
183.601
183.652
183.663
183.712
183.723
183.772
183.784
183.833
183.883
183.894
183.943
183.954
184.002
184.014
184.062
184.112
184.123
184.17
184.181
184.228
184.239
184.287
184.335
184.346
184.392
184.403
184.449
184.496
184.507
184.551
184.562
184.606
184.651
184.661
184.703
184.715
184.757
184.8
184.81
184.851
184.893
184.901
184.941
184.951
184.989
185.028
185.037
182.816
182.87
182.882
182.936
182.947
182.999
183.01
183.061
183.068
183.118
183.123
183.174
183.18
183.231
183.236
183.289
183.34
183.35
183.399
183.407
183.456
183.464
183.513
183.521
183.571
183.577
183.628
183.634
183.687
183.738
183.746
183.796
183.803
183.854
183.859
183.912
183.961
183.971
184.019
184.027
184.077
184.082
184.134
184.182
184.191
184.239
184.246
184.295
184.299
184.35
184.397
184.405
184.452
184.458
184.506
184.552
184.56
184.605
184.61
184.657
184.701
184.709
184.752
184.757
184.802
184.844
184.851
184.892
184.931
184.939
184.979
184.984
185.024
185.062
185.068
183.377
183.433
183.449
183.504
183.519
183.569
183.584
183.631
183.641
183.682
183.69
183.731
183.74
183.781
183.79
183.833
183.875
183.884
183.925
183.934
183.975
183.984
184.025
184.034
184.075
184.084
184.125
184.134
184.175
184.218
184.228
184.269
184.279
184.32
184.329
184.37
184.412
184.422
184.462
184.472
184.512
184.522
184.562
184.602
184.613
184.651
184.661
184.7
184.709
184.747
184.787
184.796
184.834
184.842
184.88
184.917
184.926
184.963
184.971
185.008
185.044
185.053
185.088
185.095
185.131
185.165
185.174
185.206
185.238
185.247
185.278
185.286
185.317
185.347
185.356
184.507
184.565
184.588
184.643
184.666
184.714
184.735
184.774
184.79
184.819
184.833
184.86
184.876
184.901
184.919
184.943
184.983
184.986
185.024
185.028
185.064
185.071
185.103
185.115
185.142
185.158
185.18
185.2
185.221
185.262
185.266
185.302
185.313
185.341
185.359
185.381
185.423
185.424
185.464
185.472
185.499
185.518
185.537
185.579
185.58
185.616
185.627
185.649
185.671
185.687
185.727
185.734
185.758
185.778
185.791
185.831
185.837
185.861
185.882
185.893
185.933
185.939
185.959
185.981
185.992
186.028
186.039
186.051
186.091
186.089
186.113
186.133
186.137
186.175
186.182
186.477
186.55
186.573
186.64
186.663
186.72
186.74
186.776
186.794
186.812
186.832
186.842
186.866
186.87
186.899
186.899
186.945
186.933
186.976
186.967
187.004
187.003
187.029
187.039
187.052
187.073
187.072
187.105
187.1
187.148
187.141
187.176
187.183
187.198
187.223
187.22
187.271
187.256
187.298
187.302
187.319
187.342
187.335
187.387
187.374
187.41
187.419
187.422
187.456
187.444
187.491
187.492
187.503
187.531
187.515
187.566
187.565
187.577
187.606
187.589
187.64
187.641
187.645
187.679
187.664
187.707
187.716
187.702
187.756
187.742
187.762
187.787
187.762
187.812
187.818
189.615
189.696
189.728
189.805
189.834
189.897
189.921
189.959
189.971
189.988
189.994
190.008
190.015
190.027
190.036
190.047
190.066
190.068
190.083
190.085
190.098
190.101
190.113
190.118
190.128
190.134
190.143
190.151
190.159
190.176
190.179
190.195
190.201
190.215
190.224
190.235
190.253
190.255
190.271
190.276
190.288
190.297
190.305
190.323
190.324
190.338
190.344
190.353
190.364
190.368
190.381
190.384
190.393
190.403
190.407
190.421
190.424
190.434
190.445
190.449
190.463
190.467
190.475
190.488
190.49
190.502
190.508
190.513
190.53
190.529
190.538
190.55
190.55
190.563
190.568
194.192
194.287
194.33
194.419
194.459
194.525
194.56
194.593
194.611
194.61
194.62
194.615
194.628
194.621
194.637
194.628
194.64
194.633
194.641
194.637
194.639
194.639
194.638
194.642
194.635
194.647
194.634
194.653
194.637
194.647
194.644
194.649
194.655
194.654
194.67
194.66
194.677
194.669
194.677
194.68
194.677
194.693
194.68
194.695
194.686
194.69
194.698
194.689
194.714
194.691
194.697
194.698
194.691
194.713
194.691
194.701
194.699
194.695
194.72
194.699
194.71
194.711
194.704
194.736
194.709
194.715
194.726
194.712
194.734
194.722
194.72
194.747
194.723
194.735
194.741
200.619
200.72
200.792
200.883
200.952
201.011
201.075
201.089
201.128
201.09
201.119
201.079
201.118
201.07
201.12
201.061
201.087
201.051
201.064
201.04
201.037
201.03
201.011
201.025
200.987
201.025
200.967
201.032
200.956
200.975
200.952
200.95
200.962
200.931
200.982
200.922
200.965
200.92
200.929
200.929
200.9
200.951
200.884
200.927
200.883
200.882
200.9
200.852
200.937
200.842
200.858
200.85
200.813
200.888
200.798
200.828
200.812
200.78
200.863
200.769
200.8
200.793
200.752
200.86
200.75
200.766
200.792
200.726
200.802
200.743
200.728
200.815
200.713
200.751
200.761
202.777
202.885
202.958
203.063
203.131
203.204
203.26
203.291
203.311
203.295
203.293
203.286
203.28
203.279
203.266
203.271
203.223
203.26
203.218
203.247
203.211
203.227
203.201
203.205
203.19
203.18
203.177
203.152
203.164
203.12
203.154
203.129
203.144
203.136
203.127
203.137
203.081
203.132
203.097
203.12
203.106
203.095
203.105
203.045
203.094
203.064
203.075
203.071
203.038
203.065
203.017
203.043
203.03
203.003
203.029
202.976
203.01
203
202.973
203.006
202.957
202.989
202.986
202.941
202.989
202.951
202.964
202.978
202.903
202.974
202.957
202.931
202.975
202.927
202.955
212.755
212.897
212.984
213.119
213.201
213.292
213.359
213.386
213.412
213.378
213.383
213.353
213.358
213.329
213.331
213.304
213.261
213.276
213.236
213.247
213.205
213.212
213.171
213.176
213.137
213.14
213.104
213.098
213.074
213.034
213.051
213.021
213.034
213.006
213.013
212.988
212.946
212.97
212.938
212.953
212.92
212.927
212.899
212.855
212.878
212.845
212.859
212.825
212.822
212.802
212.763
212.78
212.743
212.745
212.721
212.686
212.708
212.676
212.681
212.664
212.634
212.657
212.627
212.625
212.619
212.594
212.615
212.585
212.55
212.586
212.563
212.575
212.559
212.54
212.568
226.962
227.143
227.254
227.422
227.53
227.64
227.728
227.743
227.784
227.718
227.744
227.671
227.704
227.624
227.663
227.58
227.564
227.531
227.514
227.486
227.453
227.44
227.385
227.395
227.315
227.348
227.248
227.293
227.198
227.191
227.168
227.144
227.156
227.089
227.139
227.042
227.05
227.013
227.006
227.007
226.94
226.992
226.881
226.895
226.858
226.84
226.861
226.763
226.832
226.718
226.722
226.719
226.637
226.707
226.581
226.605
226.596
226.526
226.603
226.479
226.512
226.516
226.428
226.518
226.403
226.423
226.46
226.335
226.396
226.362
226.329
226.414
226.275
226.333
226.359
246.932
247.165
247.309
247.518
247.665
247.791
247.923
247.899
247.992
247.845
247.943
247.76
247.892
247.676
247.836
247.6
247.702
247.535
247.62
247.489
247.515
247.451
247.389
247.417
247.249
247.374
247.116
247.305
247.035
247.154
247.032
247.05
247.061
246.912
247.067
246.791
246.953
246.77
246.856
246.825
246.693
246.847
246.542
246.721
246.549
246.593
246.628
246.391
246.623
246.301
246.442
246.397
246.228
246.434
246.083
246.273
246.207
246.061
246.279
245.922
246.122
246.09
245.882
246.147
245.816
245.956
246.016
245.681
245.942
245.785
245.74
245.944
245.548
245.78
245.801
274.797
275.122
275.284
275.565
275.745
275.905
276.087
276.003
276.179
275.891
276.123
275.726
276.056
275.547
275.979
275.391
275.798
275.337
275.68
275.363
275.527
275.385
275.327
275.38
275.07
275.336
274.758
275.245
274.62
275.03
274.76
274.868
274.873
274.603
274.903
274.256
274.741
274.323
274.593
274.523
274.303
274.583
273.885
274.399
274.046
274.202
274.25
273.793
274.254
273.585
273.978
273.894
273.604
273.964
273.208
273.71
273.592
273.345
273.707
272.962
273.453
273.392
273.018
273.473
272.843
273.149
273.224
272.546
273.071
272.796
272.721
273.016
272.209
272.703
272.716
313.494
313.935
314.107
314.493
314.687
314.923
315.119
315.031
315.225
314.883
315.144
314.665
315.045
314.409
314.932
313.944
314.663
314.098
314.516
314.141
314.316
314.149
314.063
314.115
313.74
314.032
313.319
313.896
312.822
313.577
313.281
313.385
313.385
313.062
313.384
312.315
313.123
312.654
312.94
312.859
312.59
312.886
311.771
312.589
312.203
312.341
312.386
311.839
312.341
311.515
311.926
311.825
311.46
311.84
310.615
311.426
311.3
310.976
311.361
310.417
310.943
310.866
310.391
310.886
310.095
310.383
310.456
309.608
310.153
309.829
309.688
310.01
308.973
309.519
309.525
366.887
367.424
367.639
368.115
368.343
368.644
368.852
368.778
368.953
368.605
368.818
368.358
368.662
368.102
368.493
367.862
368.109
367.671
367.874
367.546
367.592
367.432
367.265
367.303
366.887
367.141
366.483
366.932
366.213
366.467
366.176
366.176
366.172
365.798
366.099
365.379
365.697
365.258
365.402
365.315
364.973
365.258
364.466
364.804
364.41
364.435
364.476
363.88
364.355
363.512
363.743
363.629
363.182
363.571
362.643
362.976
362.819
362.41
362.817
361.867
362.205
362.113
361.554
362.082
361.192
361.378
361.464
360.589
361.028
360.668
360.461
360.843
359.785
360.2
360.218
440.623
441.26
441.539
442.1
442.392
442.735
442.997
442.877
443.088
442.632
442.886
442.301
442.658
441.961
442.418
441.641
441.86
441.353
441.527
441.136
441.137
440.941
440.693
440.745
440.197
440.515
439.686
440.232
439.322
439.562
439.2
439.157
439.158
438.657
439.049
438.139
438.476
437.93
438.061
437.952
437.488
437.874
436.867
437.239
436.734
436.741
436.81
436.037
436.678
435.584
435.847
435.709
435.131
435.677
434.502
434.896
434.702
434.183
434.761
433.563
433.975
433.875
433.177
433.914
432.768
433.004
433.151
432.07
432.625
432.167
431.919
432.471
431.149
431.653
431.708
545.596
546.421
546.793
547.512
547.919
548.332
548.731
548.509
548.885
548.175
548.657
547.726
548.396
547.265
548.119
546.844
547.387
546.501
546.973
546.295
546.468
546.148
545.874
546.001
545.188
545.798
544.477
545.498
544.027
544.625
544.005
544.093
544.119
543.389
544.115
542.659
543.42
542.491
542.902
542.743
542.104
542.819
541.224
542.053
541.209
541.402
541.557
540.385
541.543
539.811
540.456
540.255
539.434
540.416
538.548
539.412
539.112
538.386
539.418
537.509
538.401
538.261
537.229
538.534
536.717
537.309
537.595
535.896
537.026
536.273
536.02
537.001
534.882
535.936
536.06
703.092
704.275
704.804
705.801
706.443
706.949
707.685
707.202
708.054
706.725
707.898
706.051
707.688
705.335
707.44
704.721
706.529
704.413
706.041
704.491
705.382
704.698
704.512
704.846
703.39
704.833
702.121
704.588
701.516
703.441
702.056
702.668
702.746
701.44
703.083
699.996
702.256
700.139
701.547
701.223
700.172
701.769
698.395
700.844
698.984
699.879
700.235
697.962
700.563
697.023
699.062
698.663
697.241
699.39
695.49
698.037
697.426
696.202
698.417
694.443
697.021
696.745
694.825
697.623
694.011
695.83
696.426
692.938
695.909
694.341
694.187
696.208
691.82
694.723
694.984
951.408
953.075
953.971
955.243
956.515
956.836
958.588
957.112
959.484
956.174
959.601
954.714
959.607
952.831
959.458
948.041
958.07
951.549
957.726
953.478
956.841
955.146
955.338
956.293
952.959
956.851
949.368
956.708
948.116
955.093
951.602
953.86
954.106
951.14
955.314
946.411
954.156
948.579
953.17
952.468
950.287
954.183
941.171
952.72
948.356
951.358
952.241
946.775
953.266
944.388
951.007
950.214
947.167
952.22
941.796
950.169
948.942
946.388
951.451
941.169
949.317
948.839
944.505
950.923
942.71
948.117
949.463
940.618
948.952
945.633
945.77
950.086
939.098
947.801
948.475
1350.74
1351.9
1354.41
1355.34
1358.07
1358.03
1360.9
1359.24
1361.99
1358.65
1361.76
1357.73
1361.46
1356.87
1360.96
1356.26
1358.26
1355.99
1358.02
1356.37
1357.24
1357.07
1355.88
1357.77
1354.06
1357.9
1352.39
1357.02
1351.98
1354.68
1353.33
1353.8
1355.33
1351.79
1356.16
1350.07
1353.27
1350.98
1353.12
1353.88
1350.8
1355.23
1348.52
1352.26
1350.35
1351.57
1353.82
1348.25
1353.79
1347.76
1351.26
1352.03
1348.06
1353.33
1346.12
1350.61
1351.08
1347.49
1352.89
1345.59
1350.32
1351.56
1346.37
1352.28
1346.4
1349.92
1352.85
1344.72
1350.03
1349.38
1348.37
1353.47
1345.12
1350.91
1353.44
2498.08
2500.21
2505.11
2506.77
2511.86
2512.21
2517.33
2515.3
2519.92
2515.51
2520.44
2515.27
2521.28
2515.19
2522.49
2515.28
2517.6
2515.23
2516.02
2515.46
2514.43
2515.93
2513.12
2517.01
2512.33
2518.86
2512.14
2521.55
2512.6
2513.74
2513.45
2512
2515.71
2511.43
2519.39
2512.11
2516.18
2513.43
2513.28
2516
2512
2520.55
2512.7
2516.8
2514.52
2513.39
2518.49
2512.71
2525.15
2514.48
2515.34
2517.83
2513.21
2525.01
2514.83
2517.16
2518.76
2514.52
2527.36
2516.71
2519.01
2521.95
2516.72
2532.48
2520.03
2520.49
2527.55
2519.92
2528.08
2524.88
2522.29
2536.57
2524.92
2528.09
2533.67
4559.94
4560.68
4574.05
4572.97
4588.11
4583.2
4600.81
4589.65
4609.52
4590.97
4615.49
4591.87
4623.12
4593.49
4632.26
4596.21
4624.89
4599.53
4619.11
4604.66
4612.89
4612.04
4607.38
4622.65
4604.11
4636.65
4604.4
4653.39
4609.14
4631.64
4617.56
4621.21
4632.63
4615.23
4653.54
4616.68
4654.49
4625.39
4638.5
4642.25
4627.63
4667.75
4628.15
4666.59
4640
4646.67
4664.06
4637.1
4697.14
4644.79
4666.2
4667.04
4648.58
4703.51
4652.72
4682.14
4676.98
4660.25
4718.58
4665.23
4693.85
4695.33
4671.38
4742.89
4682.91
4700.08
4723.4
4683.96
4740.21
4708.49
4702.77
4762.79
4704.33
4736.47
4749.64
8513.11
8511.08
8539.14
8535.54
8565.4
8556.59
8587.86
8569.27
8600.23
8570.4
8603.24
8565.66
8602.37
8556.87
8596.55
8554.03
8573
8574.16
8597.56
8613.82
8620.18
8646.52
8634.69
8660.35
8631.09
8654.38
8604.44
8632.82
8611.33
8637.97
8671.56
8670.62
8700.78
8674.26
8689.95
8637.05
8650.78
8685.71
8698.58
8737.9
8715.63
8724.92
8670.47
8689.1
8740.81
8742.57
8772.21
8734.66
8733.3
8731.78
8754.48
8804.9
8780.1
8771.92
8743.79
8774.39
8835.15
8813.25
8798.8
8780.78
8809.46
8866.76
8838.63
8813.06
8848.1
8858.24
8887.57
8838.19
8828.06
8922.49
8909.4
8886.83
8875.12
8901.72
8950.07
27407.1
27390.9
27391.2
27382.5
27372.2
27376.7
27349.2
27372.6
27321.2
27369.3
27289.4
27368.1
27256.5
27366.3
27223.3
27360.2
27199
27344.4
27199.4
27310.1
27205.4
27257.6
27218.8
27199.9
27240.5
27146.3
27259.3
27099.5
27253.5
27102.3
27201.6
27122.8
27126.1
27159.8
27060.8
27191
27024.5
27164.1
27045
27074.9
27089.1
26997.2
27132
26964.4
27085.8
26994.7
26982.6
27056.8
26910.3
27067.7
26923.9
26956.9
26984.4
26869.4
27025.4
26867
26912.1
26929.9
26817.9
26974.7
26819.8
26846.3
26894.8
26756.9
26905.9
26782.7
26764.6
26875.5
26710.1
26798.9
26764.6
26678.8
26833.1
26678.2
26678.5
)
;

boundaryField
{
    inlet
    {
        type            turbulentMixingLengthFrequencyInlet;
        mixingLength    0.0044;
        phi             phi;
        k               k;
        value           nonuniform List<scalar> 0();
    }
    outlet
    {
        type            zeroGradient;
    }
    front
    {
        type            empty;
    }
    back
    {
        type            empty;
    }
    hub
    {
        type            fixedValue;
        value           nonuniform List<scalar> 
65
(
460227
440332
440332
440332
440332
368619
368619
368619
368619
521527
521527
521527
521527
543072
543072
543072
370876
370876
370876
370876
359139
359139
454139
454139
454139
454139
419599
419599
419599
463218
463218
463218
463218
320770
320770
315262
315262
315262
366303
366303
346277
346277
346277
304097
304097
304097
304097
301075
301075
299807
299807
299807
298815
298815
297261
297261
297261
296218
296218
295541
295541
295541
294334
294334
293351
)
;
    }
    tip
    {
        type            omegaWallFunction;
        blending        binomial2;
        n               2;
        beta1           0.075;
        value           nonuniform List<scalar> 
75
(
27407.1
27390.9
27391.2
27382.5
27372.2
27376.7
27349.2
27372.6
27321.2
27369.3
27289.4
27368.1
27256.5
27366.3
27223.3
27360.2
27199
27344.4
27199.4
27310.1
27205.4
27257.6
27218.8
27199.9
27240.5
27146.3
27259.3
27099.5
27253.5
27102.3
27201.6
27122.8
27126.1
27159.8
27060.8
27191
27024.5
27164.1
27045
27074.9
27089.1
26997.2
27132
26964.4
27085.8
26994.7
26982.6
27056.8
26910.3
27067.7
26923.9
26956.9
26984.4
26869.4
27025.4
26867
26912.1
26929.9
26817.9
26974.7
26819.8
26846.3
26894.8
26756.9
26905.9
26782.7
26764.6
26875.5
26710.1
26798.9
26764.6
26678.8
26833.1
26678.2
26678.5
)
;
    }
    procBoundary0to1
    {
        type            processor;
        value           nonuniform List<scalar> 
160
(
85782.9
55708.2
28401
27590.9
19023.2
15283.8
15057.1
13223.4
13080.7
11982
11179.1
11084.1
10426.1
10334.5
9764.12
9685.22
9335.7
9300.74
9286.71
9461.63
9550.77
10508.9
10755
12648.6
13020.3
13474.3
16542.4
17202.3
21620.9
22490.4
23421.1
28521.4
29432.4
30202.1
32093.2
32063.7
28983.5
27930.2
27028.5
21072.1
19629.3
18920.8
14349.8
13661.1
13168.2
10512.1
10152.4
8131.81
7839
6192.9
5870.94
5636.53
4329.18
4154.73
3144.24
3003.95
2273.36
2154.88
1654.93
1558.37
1226.45
1152.85
1107.61
881.713
850.158
697.3
675.984
572.145
557.324
486.622
475.948
427.353
392.581
385.161
359.374
354.599
334.626
331.478
315.687
313.422
300.794
298.853
288.744
280.222
278.551
270.866
269.679
262.816
261.658
255.759
250.176
250.176
250.363
250.165
250.165
250.893
245.641
244.697
239.873
235.23
235.23
235.765
235.134
235.134
235.657
231.573
231.573
231.729
231.302
227.248
223.09
222.429
218.608
215.067
214.456
210.993
207.999
207.375
204.425
203.897
201.476
199.091
198.651
196.696
194.767
193.166
192.818
191.277
189.941
189.677
188.513
187.434
186.573
186.393
185.715
185.232
185.074
185.106
185.384
186.19
187.803
190.572
194.728
200.7
202.97
212.541
226.235
245.469
272.058
308.702
359.363
430.646
534.398
691.617
940.248
1345.18
2526.27
4711
8907.69
26776.7
)
;
    }
    procBoundary0to2
    {
        type            processor;
        value           nonuniform List<scalar> 
150
(
269420
217785
141658
124016
89465.7
64393.3
58100.7
45946.8
42190.2
34067.3
27188.5
25220.7
20966.9
19489
16182.7
15068.9
12479.3
11635.1
11106.7
9075.83
8510.49
6953.17
6527.37
5380.63
5037.48
4855.39
4015.19
3816.39
3218.62
3045.73
2961.75
2492.04
2389.67
2330.31
1964.09
1902.27
1632
1562.66
1534.14
1313.76
1268.78
1248.28
1071.44
1043.98
1021.15
888.448
871.121
764.214
747.385
664.843
646.611
636.229
566.618
557.436
500.898
492.824
448.608
440.942
407.105
399.899
374.344
368.098
364.548
343.463
340.379
323.345
320.877
306.981
304.992
293.909
292.266
283.465
276.173
274.641
268.14
267.01
261.147
260.339
255.128
254.493
249.8
249.144
244.935
241.071
240.39
236.586
236.099
232.452
231.919
228.676
225.524
225.073
221.949
221.504
218.639
215.806
215.405
212.616
212.166
209.719
207.16
206.818
204.417
202.173
201.832
199.596
197.67
197.296
195.314
195.006
193.372
191.75
191.489
190.154
188.823
187.724
187.506
186.433
185.503
185.345
184.536
183.803
183.25
183.152
182.761
182.572
182.698
182.804
183.362
184.484
186.455
189.583
194.148
200.547
202.702
212.668
226.852
246.793
274.646
313.334
366.683
440.357
545.252
702.632
950.704
1348.46
2493.22
4547.04
8487.07
27403.4
)
;
    }
}


// ************************************************************************* //
