/*--------------------------------*- C++ -*----------------------------------*\
| =========                 |                                                 |
| \\      /  F ield         | OpenFOAM: The Open Source CFD Toolbox           |
|  \\    /   O peration     | Version:  v2012                                 |
|   \\  /    A nd           | Website:  www.openfoam.com                      |
|    \\/     M anipulation  |                                                 |
\*---------------------------------------------------------------------------*/
FoamFile
{
    version     2.0;
    format      ascii;
    class       volScalarField;
    location    "1e-06";
    object      p_rgh;
}
// * * * * * * * * * * * * * * * * * * * * * * * * * * * * * * * * * * * * * //

dimensions      [1 -1 -2 0 0 0 0];


internalField   nonuniform List<scalar> 
10302
(
-32718
-31403.7
-31653.4
-30506.6
-30863.9
-28786
-28337.3
-20252.5
-17522.5
-8818.74
-7513.24
-5304.5
-5340.06
-4361.09
-4329.04
-3045.93
-3424.8
-3329.93
-3078.72
-2750.63
-2662.03
-2488.31
-2391.14
-2342.58
-2239.01
-2199.68
-2046.63
-1915.01
-1309.78
-2257.47
-2480.09
-1123.1
-1081.39
-2184.38
-1853.4
-1743.25
-2012.11
-2160.83
-1070.05
-779.862
-1842.11
-1602.13
-1655.8
-2026.67
-2125.76
-2164.65
-2093
-1910.9
-1727.78
-1356.65
-1357.79
-1190.46
-739.042
-111.995
1972.03
1901.2
1885.67
1759.59
1825.58
1768.79
1850.42
1760.47
2205.74
1811.37
1872.72
-14558.3
-14073.4
-14284
-14549.4
-15085.2
-15804.6
-16215.9
-14518.3
-12888.7
-7996.98
-6879.9
-5127.87
-5202.02
-4304.16
-4295.24
-3061.6
-3421.89
-3343.24
-3085.13
-2760.62
-2677.95
-2503.57
-2406.57
-2358.02
-2253.21
-2218.57
-2063.56
-1934.25
-1318.94
-2083.36
-2306.97
-1598.05
-1554.71
-2054.1
-2057.24
-1754.94
-2044.15
-2042.03
-1506.36
-1320.73
-1768.58
-1818
-1654.83
-2026.71
-2124.97
-2164.46
-2092.83
-1910.84
-1727.63
-1355.78
-1360.6
-1195.16
-755.878
-126.865
1908.82
1907.2
1870.11
1749.87
1805.77
1776.2
1849.63
1764.88
2203.4
1813.11
1868.82
-5805.8
-5845.22
-6003.75
-6781.56
-7330.68
-9162.78
-9773.22
-11399.2
-9878.84
-7349.58
-6356.22
-4967.99
-4998.1
-4228.94
-4194.27
-2996.77
-3376.26
-3314.77
-3069.37
-2753.86
-2669.02
-2498.83
-2401.9
-2351.65
-2250.3
-2212.98
-2062.93
-1930.13
-1311.19
-2102.6
-2313.78
-1620.37
-1589.39
-2067.26
-2071.87
-1750.95
-2063.76
-2051.96
-1514.38
-1333.56
-1772.05
-1823.64
-1654.7
-2024.38
-2123.3
-2164.66
-2092.48
-1910.54
-1727.25
-1353.76
-1361.29
-1194.9
-755.013
-143.489
1766.26
1927.94
1921.08
1777.45
1833.14
1796.89
1853.23
1773.27
2193.08
1809.8
1861.35
-357.687
-459.536
-453.53
-823.245
-1326.25
-3906.08
-4838.23
-7389.82
-6915.8
-6551.38
-5754.71
-4746.83
-4758.2
-4123.56
-4073.54
-2949.66
-3348.64
-3288.88
-3052.62
-2751.32
-2667.72
-2501.77
-2404.23
-2352.97
-2252.43
-2215.21
-2066.34
-1929.77
-1305.52
-2094.69
-2305.97
-1639.49
-1600.91
-2069.55
-2074.32
-1745.71
-2063.53
-2049.95
-1516.98
-1336.5
-1769.83
-1824.22
-1651.62
-2021.95
-2121.58
-2164.23
-2091.73
-1910
-1726.72
-1350.3
-1363.14
-1194.64
-766.84
-166.917
1688.72
1927.81
1921.08
1774.96
1828.16
1799.54
1850.29
1781.33
2182.53
1811.07
1855.96
1523.82
1467.96
1485.07
1494.96
1370.76
-368.256
-1760.76
-4456.91
-5229.69
-6027.34
-5414.61
-4633.53
-4642.61
-4068.25
-4048.31
-2973.14
-3368.04
-3279.12
-3076.32
-2777.77
-2702.11
-2534.02
-2433.04
-2378.63
-2272.2
-2237.5
-2080.76
-1950.32
-1305.02
-2098.45
-2306.99
-1740.7
-1686.3
-2076
-2080.57
-1739.73
-2067.14
-2050.57
-1578.7
-1395.12
-1768.67
-1826.18
-1649.97
-2020.4
-2119.26
-2164.37
-2091
-1909.55
-1726.16
-1345.28
-1364.7
-1194
-770.446
-200.544
1414.22
1930.92
1923.07
1760.34
1809.08
1788.82
1835.43
1780.07
2175.25
1822.32
1859.41
1989.96
1948.88
1981.35
1993.97
2031.6
1935.82
1396.93
-2664.4
-3337.7
-4861.56
-4393.84
-4170.99
-4120.05
-3821.75
-3761.53
-2835.06
-3246.65
-3184.3
-3001.95
-2737.19
-2663.93
-2505.62
-2409.1
-2350.45
-2254.84
-2215.14
-2071.97
-1932.71
-1277.98
-2077.54
-2286.8
-1782.92
-1711.12
-2073.53
-2072.05
-1720.73
-2063.28
-2045.64
-1603.23
-1417.18
-1764.55
-1823.71
-1642.25
-2015.03
-2117.11
-2162.21
-2087.72
-1908.52
-1724.76
-1338.28
-1366.63
-1193.61
-777.848
-215.655
1287.34
1828.14
1926.68
1788.06
1825.45
1810.73
1836.91
1789.37
2149.78
1815.48
1841.81
2462.37
2333.39
2506.1
2339.57
2637.1
2426.53
2327.9
-1404.41
-2106.09
-3921.46
-3680.3
-3851.62
-3805.98
-3662.51
-3613.03
-2798.75
-3201.73
-3133.8
-2974.92
-2731.93
-2662.29
-2511.58
-2412.06
-2352.83
-2255.38
-2218.9
-2074.97
-1932.51
-1265.97
-2065.48
-2272.53
-1835.57
-1748.53
-2077.53
-2071.06
-1702.69
-2062.32
-2043.48
-1632.51
-1444.15
-1762.4
-1822.26
-1633.61
-2010.86
-2114.14
-2161.37
-2085.75
-1907.74
-1723.56
-1330.78
-1369.95
-1193.44
-787.905
-237.038
1163.69
1731.33
1902.5
1791.59
1820.9
1810.78
1826.34
1792.41
2126.44
1818.56
1834.79
2801.88
2588.8
2800.85
2501.14
3070.87
2815.83
3217.53
-343.442
-1609.52
-3382.63
-3212.84
-3613.64
-3596.68
-3522.99
-3508.56
-2757.43
-3155.95
-3058.23
-2934.45
-2714.92
-2652.95
-2507.6
-2408.11
-2344.19
-2248.9
-2212.38
-2071.25
-1930.41
-1242.73
-2041.79
-2248.52
-1887.12
-1782.37
-2079.45
-2063.4
-1674.96
-2057.08
-2038.24
-1662.71
-1469.75
-1759.92
-1819.04
-1621.15
-2005.5
-2109.89
-2161.8
-2082.24
-1906.44
-1721.86
-1320.88
-1372.93
-1192.63
-797.827
-257.966
1057.25
1626.86
1839.64
1776.07
1808.93
1806.25
1816.03
1792.61
2101.95
1824.66
1829.55
3184.67
2803.68
3097.38
2768.92
3511.89
3112.13
3929.19
1940.88
132.29
-2731.99
-2892.32
-3432.19
-3493.81
-3390.04
-3432.85
-2678.59
-3105.98
-2962.32
-2886.49
-2682.37
-2626.85
-2488.46
-2388.89
-2323.11
-2229.04
-2194.89
-2055.98
-1915.69
-1209.38
-2011.16
-2215.76
-1933.82
-1813.83
-2076.99
-2051.39
-1639.79
-2047.97
-2031.21
-1693.85
-1497.17
-1757.31
-1813.03
-1600.58
-1997.82
-2104.58
-2160.34
-2078.97
-1905.01
-1719.58
-1310.65
-1376.74
-1195.38
-810.602
-281.931
950.275
1519.1
1757.97
1758.62
1782.66
1797.74
1799.65
1785.07
2067.34
1824.65
1827.2
3373.78
2894.65
3351.06
2921.79
3850.05
3309.61
4504.46
2905.15
2041.54
-2492.85
-3083.18
-3589.73
-3753.8
-3464.61
-3608.23
-2764.48
-3197.59
-2958
-2935.08
-2708.43
-2671.8
-2522.51
-2421.66
-2349.21
-2244.74
-2218.51
-2065.39
-1944.25
-1200.89
-2003.18
-2192.55
-2000.38
-1864.51
-2092.28
-2057.47
-1610.95
-2053.11
-2031.14
-1740.39
-1536.36
-1764.24
-1813.99
-1579.51
-1996.95
-2102.32
-2163.92
-2078.37
-1908.8
-1721.64
-1298.43
-1380.44
-1195.36
-825.237
-307.384
851.277
1400.44
1667.54
1717.76
1739.28
1782.57
1773.26
1769.13
2031.85
1827.04
1821.65
3653.04
3216.46
3739.92
3267.27
4317.8
3603.11
5159.95
3761.73
3538.03
-1285.21
-1869.42
-2834.99
-2903.25
-3004.13
-3068.19
-2506.56
-2905.76
-2727.72
-2720.99
-2546.09
-2516.15
-2385.88
-2303.84
-2223.18
-2147.92
-2104.79
-1990.73
-1851.6
-1127.64
-1911.4
-2098.5
-1997.36
-1848.43
-2054.09
-1995.56
-1538.07
-2006.13
-1998.11
-1757.11
-1547.61
-1750.14
-1784.31
-1533.03
-1975.07
-2086.55
-2156.65
-2066.53
-1904.66
-1712.75
-1286.5
-1383.46
-1195.23
-839.204
-329.295
766.331
1311.19
1610.66
1756.38
1779.12
1806.51
1783.38
1777.97
1993.17
1823.63
1813.84
4006.63
3508.03
4145.28
3664
4666.56
3856.66
5693.2
4345.15
4931.47
393.393
-648.656
-2088.37
-2142.51
-2619.42
-2642.25
-2333.2
-2691.43
-2571.12
-2563.73
-2425.05
-2398
-2284.85
-2210.99
-2130.43
-2066.31
-2020.92
-1924.23
-1786.39
-1073.34
-1828.29
-2010.79
-1992.34
-1841.78
-2019.33
-1947.74
-1469.89
-1968.03
-1970.67
-1781.73
-1571.52
-1742.5
-1762.6
-1486.02
-1953.96
-2070.95
-2150.08
-2058.2
-1902.83
-1708.12
-1273.12
-1388.19
-1201.63
-859.101
-357.281
686.421
1198.02
1531.79
1777.97
1791.84
1811.34
1774.23
1769.86
1943.36
1805.71
1810.49
4264.11
3736.91
4507.44
3899.83
4902.06
4129.71
6142.31
4831.12
6125.16
1984.19
479.745
-1455.17
-1562.27
-2221.36
-2220.38
-2103.49
-2450.51
-2371.68
-2378.24
-2265.67
-2247.71
-2147.14
-2087.07
-2002.54
-1954.92
-1901.56
-1828.7
-1689.33
-1001.51
-1724.22
-1893.6
-1954.04
-1802.03
-1963.1
-1874.94
-1382.58
-1907.29
-1922.48
-1792.24
-1580.15
-1726.33
-1725.63
-1419.2
-1919.56
-2045.15
-2138.95
-2043.75
-1898.91
-1698.7
-1253.21
-1391.38
-1206.43
-880.601
-382.787
620.561
1097.16
1467.58
1801.17
1802.21
1820.62
1772.48
1767.7
1898.96
1788.2
1812.22
4513.5
4091.51
4791.27
4102.96
5228.16
4459.36
6560.78
5186.99
7117.9
3841.37
1943.27
-655.129
-973.723
-1828.88
-1825.97
-1911.85
-2236.53
-2186.45
-2178.38
-2092.58
-2068.66
-1986.63
-1931.3
-1851.21
-1813.5
-1756.08
-1704.75
-1565.21
-919.72
-1592.96
-1755.24
-1872.38
-1731.59
-1877.09
-1778.32
-1278.16
-1825.71
-1858.82
-1782.96
-1579.31
-1699.77
-1680.08
-1343.81
-1877.64
-2012.39
-2118.42
-2024.07
-1891.15
-1687.08
-1231.7
-1395.64
-1215.6
-906.262
-414.226
550.563
956.143
1396.4
1814.98
1795.09
1803.06
1754.4
1750.39
1833.46
1762.41
1809.88
4859.52
4478.52
5037.24
4422.08
5549.66
4818.13
6887.39
5554.03
8031.93
5290.81
4552
325.806
-432.868
-1435.36
-1421.82
-1673.08
-1970.84
-1959.17
-1942.3
-1882.2
-1854.49
-1789.54
-1743.92
-1664.19
-1644.99
-1577.13
-1557.2
-1410.89
-824.802
-1442.68
-1593.28
-1754.53
-1624.1
-1765.5
-1655.69
-1160.09
-1719.51
-1769.35
-1750.73
-1554.34
-1658.99
-1616.57
-1248.58
-1814
-1959.04
-2085.19
-1990.92
-1877.68
-1668.35
-1200.22
-1398.84
-1223.6
-933.675
-445.876
512.332
862.425
1361.59
1839.47
1790.78
1801.81
1751.71
1748.13
1805.72
1758.77
1811.71
5279.66
4758.66
5337.74
4819.93
5881.32
5251.72
7168.7
5940.07
8827.88
6308.68
6875.27
1939.96
561.36
-824.223
-923.696
-1375.67
-1669.94
-1707.88
-1667.45
-1638.62
-1599.78
-1562.05
-1525.27
-1454.71
-1454.56
-1383.23
-1390.48
-1244.57
-722.048
-1275.23
-1422.54
-1598.94
-1491.4
-1624.2
-1515.19
-1025.27
-1589.03
-1658.53
-1683.92
-1509.04
-1596.89
-1539.02
-1135.6
-1736.49
-1894.36
-2035.39
-1948.65
-1854.34
-1643.12
-1160.81
-1401.14
-1236.88
-966.813
-484.176
463.334
738.554
1308.53
1847.35
1760.05
1800.94
1736.27
1732.46
1766.86
1738.83
1807.09
5551.17
4979.28
5673.21
5154.9
6197.84
5609.23
7412.45
6313.79
9545
7179.13
8811.27
5894.02
1935.52
-170.979
-335.935
-1038.71
-1186.63
-1372.42
-1300.66
-1343.68
-1318.76
-1318.37
-1309.88
-1247.02
-1280.95
-1198.58
-1247.42
-1089.63
-642.007
-1126.97
-1265.42
-1443.51
-1353.32
-1482.35
-1372.69
-901.489
-1454.55
-1535.57
-1603.11
-1444.16
-1526.19
-1449.62
-1017.54
-1644.39
-1807.17
-1968.69
-1885.71
-1820.58
-1607.12
-1107.52
-1403.53
-1250.57
-1007.12
-530.142
411.209
662.108
1308.67
1909.54
1788.31
1826.52
1752.08
1747.13
1771.1
1751.96
1811.5
5833.19
5373.16
6055.18
5560.99
6614.46
6050.22
7737.96
6677.83
10110.1
7983.26
10530.5
9741.53
10172.6
1427.85
948.604
40.6202
-154.219
-631.896
-605.979
-812.179
-848.07
-905.801
-964.166
-907.849
-1011.1
-906.765
-1022.82
-839.578
-490.077
-900.7
-1053.49
-1206.78
-1142.24
-1268.27
-1161.02
-717.78
-1236.39
-1347.43
-1426.27
-1301.35
-1378.16
-1289.93
-837.767
-1473.79
-1659.45
-1830.27
-1763.33
-1735.88
-1516.12
-1014.37
-1368.28
-1242.44
-1030.84
-558.245
388.905
616.2
1315.53
1915.32
1797.84
1830.14
1819.81
1803.29
1806.51
1811.69
1814.4
6139.8
5732.17
6353.27
5918.37
6955.14
6449.63
7920.54
7081.27
10483.3
8447.24
11487.3
11566.7
14742.5
1942.37
1283.54
117.506
-537.296
-847.935
-980.37
-1071.72
-1134.85
-1139.44
-1153.31
-1105.67
-1126.87
-1068.3
-1091.03
-970.853
-577.838
-957.163
-1058.49
-1182.49
-1135.82
-1215.72
-1141.22
-673.702
-1192.33
-1271.79
-1370.11
-1265.1
-1319
-1242.59
-742.96
-1410.45
-1574.53
-1758.88
-1707.9
-1692.21
-1494.05
-957.871
-1379.85
-1275.48
-1089.92
-637.011
324.888
470.606
1247.14
1901.21
1575.7
1806.84
1715.56
1707.19
1736.66
1723.38
1799.27
6505.02
6102.07
6721.96
6347.35
7232.26
6868.19
8225.93
7613.81
10763.3
9063.56
12425.1
12750.5
16807.2
5482.16
1938.92
714.471
-422.048
-608.438
-965.095
-1008.1
-1188.35
-1177.47
-1207.95
-1173.32
-1150.24
-1134.08
-1083.42
-1022.1
-597.248
-948.094
-1009.81
-1103.59
-1066.15
-1113.31
-1061.79
-586.307
-1080.25
-1136.22
-1241.47
-1151.71
-1198.93
-1127.38
-603.087
-1272.55
-1418.33
-1618.79
-1572.95
-1589.53
-1404.82
-842.356
-1346.5
-1268.1
-1129.91
-693.644
302.273
400.938
1267.17
1944.5
1520.21
1834.23
1700.77
1692.57
1729.86
1711.22
1808.13
6935.56
6502.19
7118.3
6840.4
7537.28
7340.44
8567.89
8081.62
11062.2
9568.01
13179.1
13399.4
17526.8
8283.93
5872.74
1935.19
212.376
-106.528
-681.427
-803.759
-1131.54
-1160.22
-1257.92
-1240.03
-1204.78
-1217.46
-1110.1
-1095.87
-650.074
-963.677
-990.922
-1046.87
-1017.91
-1028.87
-992.25
-520.985
-980.656
-1013.35
-1108.84
-1035.21
-1068.72
-1002.44
-469.059
-1126
-1253.25
-1454.3
-1419.84
-1462.76
-1295
-717.32
-1295.09
-1250.82
-1158.79
-747.963
279.368
323.284
1252.11
1841.83
1419.5
1838.78
1654.14
1639.31
1690.81
1668.93
1781.64
7331.1
6936.05
7509.39
7189.17
7881.99
7805.48
8902.28
8556.66
11324.2
10007.7
13620.4
13913.4
17717.9
10385.2
9421.77
7552.81
1146.69
444.162
-246.519
-404.644
-819.883
-893.451
-1106.86
-1113.42
-1139.82
-1168.08
-1066.01
-1075.57
-638.969
-930.139
-929.043
-965.866
-936.862
-931.362
-904.912
-451.435
-869.586
-879.612
-967.6
-900.415
-931.04
-870.254
-339.898
-964.819
-1067.34
-1270.7
-1237.5
-1310.3
-1156.79
-561.66
-1210.43
-1195.78
-1169.45
-795.388
262.291
240.585
1268.31
1849.56
1581.96
1864.46
1686.83
1640.17
1695.22
1667.82
1796.83
7729.83
7402.72
7944.59
7529.48
8276.25
8295.81
9294.72
9079.2
11613.6
10548.5
13901.4
14196.8
17603.8
11835.4
11597.8
12282.3
1986.79
1925.99
465.679
247.19
-304.621
-440.146
-807.067
-855.346
-992.993
-1013.81
-956.072
-959.757
-566.341
-824.434
-811.033
-829.05
-803.832
-791.13
-769.928
-350.651
-726.37
-725.78
-798.662
-741.408
-765.004
-711.149
-197.089
-781.876
-864.65
-1055.84
-1029.44
-1117.66
-983.513
-388.714
-1087.06
-1104.57
-1135.73
-805.821
270.681
172.184
1270.41
1834.33
1712.2
1867.43
1613.01
1563.52
1646.28
1609.28
1763.54
8111.91
7854.34
8453.37
7953.07
8674.88
8762.44
9683.13
9555.14
11880.3
11061.2
14179.6
14327.9
17333.9
12973.9
13241.6
15063.4
8869.22
21132.1
1175.42
726.362
223.251
70.8713
-305.925
-357.086
-613.899
-581.992
-695.356
-619.031
-400.652
-609.888
-631.875
-648.656
-625.799
-640.223
-605.765
-262.607
-572.142
-585.035
-640.434
-587.033
-619.356
-561.262
-92.4491
-609.931
-676.747
-855.842
-824.262
-936.11
-807.27
-225.632
-943.229
-978.651
-1076.8
-787.433
270.817
91.2364
1249.81
1856.08
1942.15
1905.66
1813.4
1641.29
1691.88
1642.27
1800.78
8553.69
8314.31
8981.45
8428.24
9104.61
9253.93
10121
10074.7
12202.4
11650.1
14498.5
14591.6
17111.1
14082.1
14538.6
16909.8
13257.1
24117.4
1943.16
1917.83
1389.13
1158.65
827.878
772.696
368.432
430.837
20.0229
190.633
68.8484
-129.021
-228.683
-277.045
-263.698
-331.92
-280.011
-15.795
-276.024
-329.046
-363.696
-329.021
-365.86
-310.753
120.369
-325.914
-405.938
-550.932
-529.369
-643.069
-515.286
26.7752
-665.303
-734.929
-872
-625.663
378.663
142.902
1281.15
1977.05
1981.69
1928.64
1856.45
1841.89
1818
1814.68
1828.2
9013.03
8895.77
9294.29
8894.47
9551.21
9746.35
10561.9
10564.6
12500.1
12160.9
14704.8
14803.3
16931.7
14606.2
15321.7
17739.5
15105.9
23090.6
14661.5
3888.97
1922.79
1272.33
658.672
511.421
75.2197
24.2544
-342.588
-288.167
-354.704
-521.137
-547.122
-558.248
-529.116
-530.928
-503.643
-185.783
-435.221
-433.803
-452.017
-405.547
-405.865
-366.851
75.233
-343.469
-376.019
-492.988
-473.832
-552.007
-463.529
83.0181
-583.658
-650.487
-790.68
-601.652
363.952
32.0427
1125.4
1684.36
1968.61
1924.43
1681.82
1393.15
1596.27
1505.04
1707.99
9443.71
9503.83
9558.7
9377.76
9985.44
10232.8
10996.9
11038.2
12801.2
12663.7
14915.3
15062.7
16902.2
15167.6
16025.3
18469
16777.2
23419.4
20745.7
11475.5
9837.87
1921.06
1062.23
743.913
347.218
229.063
-100.818
-163.525
-243.952
-521.059
-526.395
-579.608
-560.408
-553.852
-551.289
-219.023
-459.95
-419.856
-427.67
-375.846
-354.667
-328.092
106.992
-267.749
-270.668
-361.3
-339.488
-395.078
-323.428
213.01
-406.739
-463.429
-606.381
-455.641
433.579
32.0309
998.589
1441.5
1972.83
1953.29
1887.79
1589.19
1744.12
1494.13
1780
9933.89
9862.93
9956.55
9951.72
10458.5
10758
11484.1
11560.6
13172.1
13214.9
15197
15405.8
17010.4
15799.6
16660
18876.5
17841.6
23551.1
22727.5
15491.3
12695.9
17288.4
1923.39
1600.4
983.759
787.112
460.063
263.473
87.2206
-327.678
-372.184
-513.702
-517.974
-542.933
-547.915
-245.489
-452.744
-385.152
-376.419
-321.577
-280.277
-257.615
159.742
-174.262
-156.4
-220.142
-196.363
-222.631
-167.213
346.273
-216.428
-258.841
-383.087
-264.526
533.218
87.7267
895.263
1320.86
1975.98
1960.13
1894.27
1500.07
1532.81
1237.04
1634.56
10610.2
10192.5
10385.8
10515.9
10931.3
11277.8
11961.4
12066.5
13536.5
13710.4
15453.8
15701.3
17128.6
16315.3
17289
19178.7
18682.5
23758.1
23171.6
18785.6
16872.6
26108.9
18647.6
2299.49
1474.49
1140.94
772.49
708.739
419.627
149.9
18.9825
-126.257
-144.89
-270.707
-226.07
-93.8757
-236.615
-221.313
-212.079
-166.691
-156.888
-112.564
228.132
-43.0086
-33.7389
-80.9372
-45.2754
-83.254
-12.1937
450.65
-43.5007
-68.0172
-192.626
-78.0623
611.025
150.689
757.757
1112.95
1958.99
1970.63
1922.75
1792.22
1712.15
1437.6
1819.57
11292.2
10649.3
10812.5
11026
11378.3
11756.4
12417
12558.8
13912.1
14198.2
15750.5
16065
17348.8
16911.7
17945.8
19663.1
19338.9
23711.1
23347
21162.7
19820.9
30021.1
28924.8
14773.9
1946.85
1907.44
1711.72
1643.94
1444.02
1265.85
1116.29
955.021
901.638
649.273
706.318
601.983
439.876
325.91
287.066
292.551
230.355
297.775
540.571
312.465
280.688
250.787
278.712
237.635
324.811
714.212
295.923
254.993
160.502
262.161
849.159
402.453
791.323
1154.62
1977.59
2032.69
1935.21
1923.39
1865.49
1855.82
1824.54
11643.2
11177.3
11410.8
11641.4
11958
12329.4
12973.4
13130.5
14376.4
14735
16091.1
16459.6
17597.5
17438.3
18455.7
20014.5
19811.4
23456.2
23292.5
22626.8
21618.4
31129.5
31719.8
21213.5
12193.7
4306.78
1915.89
1749.61
1440.99
1050.42
969.402
682.702
599.941
328.199
286.338
199.146
4.57254
-54.8795
-70.9007
-42.2514
-44.7785
16.827
310.989
122.8
133.439
139.874
173.649
183.872
241.216
635.513
270.07
246.897
197.546
271.479
813.892
372.375
627.188
959.954
1755.79
1978.92
1934.84
1924.66
1735.24
1388.29
1619.09
11909.1
11671.8
11979
12196.2
12512.3
12864.9
13491
13665.9
14810.4
15230.2
16429.7
16836.3
17879.9
17925
18942.9
20321.1
20372.2
23431.4
23278
23589.2
23396
31257.2
32040.4
25594.6
19338.3
17849.3
26696.9
1924.9
1682.74
1232.25
1135.92
925.799
846.624
610.106
562.037
414.636
238.114
153.45
127.015
120.909
99.3073
131.905
388.401
202.614
202.671
215.505
237.836
252.434
300.104
664.565
344.979
322.454
297.68
355.222
842.346
433.045
565.31
830.915
1446.79
1974.27
1953.87
1950.98
1829.07
1696.28
1852.46
12376.5
12141.7
12477.5
12653.7
13004
13330.1
13954.4
14163.9
15223.9
15686.3
16778.8
17226.6
18212.1
18436.3
19452.3
20720.6
20978.9
23565.3
23480.2
24313
24548.3
30811.3
31661.9
27966.9
23577.4
24088.2
38264.2
17950.4
2292.41
1903.32
1901.76
1726.13
1669.96
1553.36
1534.03
1458.13
1287.23
1158.32
1040.59
979.318
807.591
826.62
833.351
675.251
585.548
556.301
566.237
517.55
591.039
858.481
573.183
548.619
528.454
582.615
1003.76
620.793
668.08
857.59
1338.56
1982.07
1963.64
1962.81
1924.8
1904.4
1858.44
12948.8
12861
13178.5
13309.4
13684.9
13964.6
14574.7
14813.9
15798.7
16268
17248.5
17726
18630.6
18978.7
19961
21093.2
21461.4
23645.4
23718.2
24867.9
25180.9
30097.2
31030.1
28946.4
25604.6
27089.4
38586.7
25527.5
16182.9
1927.62
1911.43
1905.71
1735.96
1451.29
1353.33
1267.05
959.293
866.796
651.177
577.609
366.197
347.516
296.532
156.996
103.266
109.303
123.465
118.697
170.61
454.262
236.452
225.576
256.709
281.45
705.142
366.182
382.555
545.332
919.418
1970.38
1957.16
1958.26
1925.02
1907.66
1869.33
13441.1
13483.8
13755.8
13891.2
14279.6
14520.5
15104.2
15389.8
16299.7
16767.3
17666.8
18167.3
19025.4
19448.1
20420
21402.1
21908.4
23760.8
24030.2
25337.7
25876.4
29665
30315.6
29383.5
27466.2
29391.6
36953.7
29564.4
23713.8
15398.4
12862.4
3649.81
1902.69
1892.08
1677.84
1403.03
1160.4
1105.21
932.45
858.733
680.472
601.232
555.842
306.352
282.824
202.835
178.52
145.429
128.59
387.617
145.223
144.806
170.481
165.38
583.156
260.46
278.301
388.365
616.126
1627.68
1462.12
1962.91
1950.35
1943.83
1913.83
14079.2
14132.2
14357
14514.3
14903.7
15113.6
15660.9
16013.9
16836.4
17323
18145.3
18669.2
19483
19976.6
20922.6
21806.1
22452.9
24029.3
24464.9
25795
26455.4
29384.8
29746.5
29537.7
28227.1
30002.9
34583.4
30407.3
26440
20391.8
20191.7
16937
19988.9
1982.74
1901.26
1894.63
1667.03
1622.47
1474.32
1427.27
1277.58
1171.17
1117.51
782.579
727.539
520.473
446.731
306.474
220.632
373.843
114.199
121.163
112.25
110.232
474.747
194.98
238.515
302.675
448.045
1348.36
1243.98
1962.99
1954.92
1949.67
1923.25
14770.9
14815.6
15008.3
15184.1
15561
15747.2
16242.1
16674.8
17402.7
17902.1
18653.7
19187.2
19964
20492.7
21414.5
22176.6
22900
24267.5
24809
26106.2
26827.8
29139.2
29497.1
29732
28773.5
30329
32919.9
30727.3
27978.8
23667.3
24353
23425.2
27790.2
17254.7
13320.9
13724.6
1886.82
1852.81
1607.25
1580.33
1450.56
1415.99
1320.38
1141.36
1060.59
892.997
854.848
619.903
644.982
603.474
415.78
405.039
301.87
369.739
570.503
360.453
393.66
372.68
494.042
1141.78
1044.49
1625.34
1669.63
1958.43
1949.39
15266.3
15310.8
15483.3
15670.5
16042.4
16221
16670.3
17205.9
17850.8
18335.1
19057.4
19587.6
20358.8
20911.6
21823.2
22513.4
23298.4
24526.7
25154.6
26402.3
27176.6
29030.5
29452.6
29931.2
29411.9
30651.5
31957.4
30705.8
28670.9
25384.9
26379.3
26100.9
29701.2
23196
20915.6
22306
54158.6
1956.51
1882.41
1880.8
1883.46
1855.5
1837.11
1782.7
1733.11
1694.98
1673.31
1568.38
1620.91
1565.43
1420.05
1349.87
1229.64
1274.2
1318.5
1103.59
1044.56
959.466
1029.95
1391.87
1278.42
1638.72
1912.37
1962.12
1961.41
16089.4
16159.9
16331.4
16514.8
16848.7
17028.6
17422.8
18030.5
18595
19063.4
19729.1
20261.5
20980.7
21556
22408
23034.1
23867
24939.3
25625.5
26752.6
27552.1
29031.1
29494.7
30043
29818.9
30774.3
31450.5
30673
29055.1
26568.3
27757.5
27306.1
30045.2
25650
24418.5
24004.3
31995.2
17618.9
2821.58
1893.44
1888.88
1884.08
1887.92
1779.38
1770.94
1684.22
1651.68
1586.59
1502.74
1520.66
1256.01
1196.6
1047.86
980.181
1029.13
753.278
711.863
612.756
623.772
902.053
781.184
1052.12
1312.71
1796.33
1956.73
16748.2
16863.5
17044.4
17248.4
17520.8
17732.3
18075.9
18715.6
19228.6
19682.8
20305.8
20841.5
21530.4
22102.7
22933.4
23470.4
24316.6
25304.7
25997.4
27049.2
27828.2
29059.8
29549.4
30142.4
30113.1
30868.1
31176.8
30746
29553.5
27678.2
28567.7
28157.1
30226.2
27537
27179.4
27262.1
30361.7
26283.4
20786.1
20922.6
25170.6
27443.7
1879.99
1861.05
1768.7
1699.61
1686.07
1602.63
1583.12
1540
1397.8
1352.51
1199.9
1185.93
1104.33
945.822
890.78
748.813
781.455
860.784
772.793
879.082
1009.97
1390.76
1949.47
17166.9
17302.7
17502.7
17705.4
17961.1
18209.2
18563
19186
19671.6
20102.3
20714.1
21235.4
21923.7
22489.8
23309.7
23810.7
24672.9
25608.8
26301.7
27305.4
28057.9
29134.6
29651.3
30270
30385.6
31000.3
31160
30925.5
30090
28699.7
29251.4
28896.9
30105.4
28398.4
28265.9
28666.1
29475.1
29166.4
26401.4
29598.5
38221.5
35973.6
32102.3
1882.5
1869.86
1869.6
1868.89
1871
1873.98
1877.96
1875.04
1852.14
1830.68
1826.84
1860.37
1777.05
1719.95
1666.98
1662.82
1726.62
1591.18
1551.98
1595.13
1797.03
1952.52
18119.2
18242.2
18457.3
18615.2
18878.2
19088.8
19516.6
20076.3
20536.7
20944.1
21518.8
22028.1
22671.5
23232.7
23997.3
24451.9
25314.1
26164
26850.9
27750.4
28481
29389.9
29926.9
30495.8
30706.2
31178.1
31275
31110.2
30547.2
29546.6
29901.2
29600.9
30300.6
29169
29178.7
29608
29431.9
30433.5
29344.1
33548.1
41560.3
40910.3
47677.7
37886.8
32911.9
1881.11
1876.75
1875.29
1871.85
1876.67
1883.96
1884.28
1870.55
1830.07
1904.06
1735.4
1708.8
1641.82
1574.24
1659.1
1402.27
1366.49
1340.11
1438.46
1945.3
18897.3
19023.1
19227.2
19377.8
19634
19826.8
20307
20741.4
21194.5
21598.2
22166.1
22663.1
23282.2
23825.1
24569.6
24958.7
25800.3
26602
27262.4
28103.9
28789.6
29607.9
30131.8
30690.4
30942.6
31351.1
31410.6
31353.2
30933
30275.3
30506.2
30293.9
30746.8
30160.7
30262.1
30602.1
30362.3
31949.6
31961.9
36428.7
42678.4
44622.5
51541
49337.5
43197.9
20660.8
21557.7
32219.6
4691.79
1863.33
1855.74
1854.72
1818.34
1805.51
1810.49
1735.51
1716.53
1658.05
1637.06
1626.7
1507.66
1468.95
1394.71
1418.09
1592.85
19379.4
19508.2
19707.6
19877.6
20117.8
20359.9
20850.1
21372.9
21823.1
22083
22596.3
23073.1
23678.5
24212.7
24938.2
25313.9
26168.3
26932.7
27573.4
28375.2
29023.3
29787.3
30300.5
30856.7
31144.4
31524.8
31605.9
31629.9
31362.4
31000.8
31155.7
31049.5
31361.1
31112.6
31272.1
31627.8
31459.3
32899.1
33283.4
37229.1
41961.2
44914.6
50196.2
49221.6
42034.5
29536.6
32721.6
47103.1
33569.4
40038.6
1868.14
1858.64
1854.74
1854.84
1856.19
1863.52
1864.07
1871.94
1874.48
1882.53
1891.89
1894.42
1905.13
1906.47
1916.84
20464.2
20569.8
20747.2
20897.6
21124.9
21423.7
21854.6
22196.4
22625.2
23042.3
23520.8
23984.1
24558.4
25069.4
25752.4
26074.8
26898.1
27612.1
28219.3
28950.7
29560.2
30243.1
30742.4
31256.2
31565.3
31903.6
32008.9
32074.8
31887.9
31681.6
31784.4
31764.6
31988.5
31935.7
32151.6
32537.6
32602
33905.8
34670
37916
41539.5
44639.7
48638.8
47644.3
41810.6
34181.3
37516.3
48875.8
43961
56177.5
35047
67844.8
1868.33
1863.39
1861.99
1863.19
1860.49
1865.75
1868.34
1874.12
1883.34
1885.11
1892.63
1897.47
1903.43
21239.5
21341.8
21490.7
21648.3
21868.4
22188.6
22554.6
22699.1
23095.3
23649.2
24145.9
24587.4
25165.3
25640.6
26310.8
26603
27391.6
28066.3
28646.4
29339.5
29909.6
30556.4
31028.5
31538.8
31843.4
32191.3
32306.3
32448.7
32311.8
32245.8
32357.8
32384.7
32610.3
32673.1
32973.8
33369.7
33638.9
34885.3
35935
38682.4
41550.6
44249.6
47067.7
46278.6
43096.7
38309
41035.1
48825.2
49064.2
57213.6
49976.5
67187.1
28938.1
19139.9
20384.2
38177.8
4829.69
1848.41
1840.87
1838.94
1843.52
1843.03
1846.65
1849.97
1855.05
22008.5
22122.5
22275.5
22421
22670.5
23004.8
23326.7
23643.8
24041.9
24425.6
24851.6
25277.9
25818.8
26291.4
26926.9
27192.4
27993.5
28624.3
29185.9
29837.2
30377.1
30981.5
31434.7
31927
32235.2
32578.3
32724.8
32905.5
32834.1
32901.2
33031.7
33102.9
33343.5
33489
33844.3
34272.4
34721.9
35857.3
37004.5
39289
41635.2
43871.6
45811
45100.9
43095.1
40105.9
42146
46719.7
48284.4
53172
49463.3
54494
32631.9
24403.4
27754.7
47890
25808.5
30419.1
28198.6
1851.46
1848.43
1846.11
1847.47
1846.22
1851.08
22830.5
22933.6
23084.4
23231.1
23496.3
23772
24077
24370.7
24746.6
25137.2
25562
25977.6
26490.1
26943.4
27555
27781.4
28544.9
29148.5
29679.3
30295.2
30808.7
31379.7
31816.5
32295.1
32606.2
32957
33120.5
33355.1
33308.8
33453.5
33619.5
33732.8
33998.7
34206.5
34611.7
35020
35566
36617.3
37776.5
39700.3
41641.4
43512.1
44939
44619
43559.7
42032.1
43473.9
46374.4
48269
51073.5
49308.2
49989.9
37367.5
31220
34572.4
45591.9
36374.2
40414.3
40377.8
23749.8
16647.9
19225
28306.4
38923.9
1834.89
23610.9
23722.2
23866.3
24040.6
24280.9
24544.5
24834.7
25119.1
25474.4
25843.9
26255.2
26658.3
27141.7
27583.7
28164.3
28383.1
29142.9
29702.6
30220.1
30796.6
31296.6
31833.5
32263.6
32720.3
33041.7
33388.6
33582.6
33841.4
33846.5
34079.4
34268.7
34423.3
34708.4
34969.8
35399.9
35818.2
36463.9
37427.5
38545.6
40160.3
41788.4
43350.5
44497.1
44473.4
43996.8
43280.4
44346.9
46288.6
47889.1
49415
48154.9
47058.2
39223.8
34565.3
36290.2
41225.7
37580.9
38397.6
35300.5
27113.5
22677.8
27183.8
36698.6
30151.1
14983.6
24499.6
24595.9
24749.7
24944.5
25136.8
25399.5
25672.9
25958.9
26291.2
26652.6
27043.2
27444.5
27890.7
28326.7
28873.5
29051.7
29785.5
30332.6
30814.2
31365
31836
32351.1
32760
33208.4
33529
33878
34090.4
34383.7
34381.1
34677.4
34908.6
35092.7
35407.4
35699
36161.8
36550.3
37236.2
38146.3
39175.5
40564.2
41936.9
43260.1
44181.2
44366.7
44271.5
44033.1
44870.9
46176.9
47440.3
48322.3
47382
45866.4
40886.5
37598.9
38208.9
40243.4
38732.9
38314.1
35616.2
30393.5
28121.7
31317
36596.2
32762
26296.1
25005.3
25098.4
25243.5
25437.3
25633.5
25865.5
26140.9
26408.9
26732
27070.5
27453.1
27838.7
28278.2
28687.9
29228
29403.2
30108.4
30644.5
31096.2
31643.9
32088
32604.1
32998
33457.5
33781.4
34153.3
34391
34729.4
34758
35113
35393.2
35605.8
35965.1
36278.2
36780.6
37170.9
37888.4
38756.3
39698.6
40921.6
42099.5
43265.6
44048.7
44395.7
44542.8
44589.7
45269.2
46214.8
47120.4
47621
46862.7
45408.5
42127.7
39713.4
39756.7
40212.9
39395.4
38471.5
36029.5
32641.2
30710.8
32532.4
35281.5
32707.1
29500.4
26170.7
26258.9
26402.7
26578.9
26780.6
26997.5
27261.4
27526.9
27832.3
28153.1
28515.3
28886.3
29294.7
29688.5
30190.6
30333.6
31035.8
31526.7
31973.2
32468.1
32906.5
33375.8
33771.2
34193.6
34528
34880.8
35145.2
35477.8
35513.2
35901.4
36193.5
36441.4
36792.1
37133.1
37627.1
38004.8
38716.4
39512.4
40386.2
41435.4
42467.3
43465.4
44156.9
44590.3
44870.3
45066.3
45624.2
46305.8
46943.3
47194.9
46534.7
45279.4
43003.8
41212.1
40864.1
40654.1
40046.7
39018.3
36997.7
34781.9
33121.7
34155.1
35377.9
33813.3
32031
26959.2
27066.2
27216.7
27374.7
27575.4
27772.2
28027.1
28271.9
28571.2
28867.9
29229.6
29572.2
29978.2
30343.2
30835.6
30966.7
31628
32093.6
32522.1
32996.9
33416.3
33872.2
34254.2
34674.8
35001.8
35374.3
35639.1
36003.7
36043.6
36458.7
36782.7
37052.1
37426.6
37777.4
38295.5
38647.7
39348.8
40103.1
40898.9
41844
42740.6
43643.9
44242.8
44739.9
45104.3
45388.6
45872.9
46376.4
46837.9
46904.3
46369.4
45346.4
43719.3
42368.3
41780.1
41316.6
40742.1
39752.4
38196
36680.5
35516.4
36020.1
36526.9
35659.7
34817.7
27822.4
27926.1
28057.8
28208.9
28394.3
28589.4
28832.8
29074.2
29360
29639.5
29985.1
30312.5
30698.2
31052.8
31518.9
31634.6
32298.7
32740.8
33155.6
33604.8
34013.1
34449.6
34826.8
35236.1
35569.2
35940.5
36224
36598.8
36653.1
37121.4
37459.6
37749.1
38138
38500
39017.2
39348.8
40063.6
40768
41492
42340.4
43130.6
43946.1
44481.5
45032.2
45433.1
45759.7
46183.1
46572
46895.1
46878.7
46456.5
45643
44442.3
43386.2
42742.2
42169.3
41589
40691.8
39503.7
38415.4
37535.8
37751.3
37940.7
37513.3
37182.3
28720.6
28816.2
28937.9
29078.7
29250.6
29440.1
29665.5
29896.1
30161.1
30435.5
30766.9
31081.7
31451.9
31790.5
32240
32335.6
32965.3
33395.8
33791.7
34222.6
34617.6
35039.5
35408.8
35809.4
36143.5
36517.8
36808.5
37196.6
37249.2
37731.8
38088.7
38394.8
38795
39164.2
39685.7
39986.4
40679.5
41352.1
42021.6
42791
43501.2
44256.5
44721.8
45284.9
45713.7
46052.4
46440.3
46744.6
46999.9
46909
46586.9
45954.7
45046.6
44226.8
43562.6
42980
42428
41635.4
40736.6
39908.8
39254.7
39354.1
39435.4
39337.5
39410.3
29595.8
29682.9
29796.1
29934
30097.1
30278.1
30490.9
30719.8
30963.8
31234.4
31535.7
31841.8
32191.6
32519.8
32944.7
33039.2
33660.3
34062.2
34449
34855.6
35243.3
35645
36011.6
36399.3
36738.1
37106.9
37410.2
37802.8
37875.8
38396.5
38753.4
39081.7
39483.9
39865.1
40381.3
40670.4
41368.9
41991.6
42615
43314.8
43961.3
44654.9
45074.2
45657.3
46080.6
46420.3
46768.6
47024.3
47223.7
47119.3
46895.8
46404.4
45713.2
45061.8
44452.4
43927
43406.2
42743.9
42051.1
41435.7
40966.6
41031.4
41127.3
41243.7
41581
30520.1
30603.2
30706.3
30833.5
30980.1
31155
31351.9
31566.1
31799.3
32062.3
32349.6
32645.1
32981.3
33295.5
33701.7
33762.7
34363.4
34763.8
35133.4
35527.3
35901.3
36291.4
36650.8
37032.4
37370.8
37739.5
38049
38447.5
38508.2
39043.8
39418.3
39755.7
40160.2
40545.2
41055
41307.5
41989.2
42587.5
43166.5
43814.3
44406.7
45056.3
45413.8
45993.7
46423.7
46756.6
47088.7
47307.3
47495.4
47364.7
47226.1
46859.4
46328
45825.2
45260.6
44812.8
44357.3
43814.4
43301.9
42824.9
42524.5
42606.7
42754.6
43030
43535.8
31408.9
31483.5
31580.4
31699.6
31839.8
32006.4
32194.3
32403.4
32618.7
32866.6
33137.5
33419.4
33738
34040.4
34429.7
34504.2
35086
35455.1
35816.9
36189.5
36557.2
36931.1
37286.6
37658
37996
38362.5
38675.9
39079
39166.1
39716.4
40080.6
40431
40833.2
41223
41727.6
41978.4
42661.1
43214.9
43765.4
44362.3
44913.9
45523.6
45851
46433.7
46845.2
47172.3
47484.1
47684.2
47861
47741
47683.2
47406.6
47004.1
46614.7
46125.2
45772.9
45384.4
44958.8
44587.2
44237.2
44122.5
44230
44433.5
44826.7
45473
32351.6
32422.9
32509.9
32623.9
32751.1
32911.3
33083.2
33281.5
33481.5
33723
33984
34257.4
34559.6
34852.7
35221.4
35254.9
35824.3
36197.8
36544.1
36907.9
37263.8
37628.9
37977.3
38342.2
38679.5
39042.3
39360.6
39764
39826.9
40388.7
40776.8
41130.2
41533.3
41922.7
42417
42630
43301.6
43841.2
44356.3
44915.1
45429.9
46004.8
46273.4
46852.7
47265.5
47579.5
47883.9
48075.7
48258.7
48123.2
48148.5
47965.9
47661.5
47382.7
46945.6
46692.4
46395.4
46068
45834.7
45570.1
45603.6
45758.7
46023.9
46522.4
47228.4
33248.6
33315.2
33399.8
33505.8
33627.7
33777.2
33939.8
34129.3
34317.8
34544.3
34789.2
35049.7
35337.1
35618.1
35975.2
36031.2
36572.3
36917.8
37254.4
37603.1
37950.2
38302.4
38644.6
39001.7
39335.4
39696.2
40013.5
40422.7
40516.2
41079.5
41448.6
41806.8
42206.9
42594.3
43080.6
43301.3
43966.5
44462
44955.3
45479.4
45966.7
46514.2
46772.7
47353.8
47740.4
48051.9
48347.7
48537.3
48737.5
48633.1
48707.9
48595.9
48379.9
48193.9
47833
47676.8
47451.2
47217.3
47105.9
46954.1
47073.4
47277
47611.7
48180.5
48945.3
34261.8
34327.5
34403.5
34505.1
34614.1
34759.9
34913
35092.7
35269.4
35489.7
35722.5
35977.1
36246
36521.7
36856
36874.6
37402.4
37759.7
38077.1
38419.4
38751.5
39098.1
39430.4
39780.3
40111
40466.3
40789.2
41197
41258.1
41820.3
42217.2
42573.5
42972.9
43356.3
43835.3
44014.7
44664.1
45162
45626.5
46124.6
46584.8
47105.3
47314.1
47889.3
48281.5
48580.4
48874.6
49065.7
49275.2
49165.2
49292.3
49272.7
49119
49022.2
48699.1
48642.9
48511.7
48349.4
48354.6
48294.6
48466.7
48743.7
49133.2
49760.1
50539.9
34769.2
34828.8
34909.7
34999.8
35115.4
35238.3
35386.6
35547.3
35721
35919.3
36148.3
36381.2
36649.7
36902.3
37238
37271.6
37784.7
38126.4
38423.1
38777
39089.8
39446.5
39763.3
40125.3
40443.5
40814
41127.3
41548.7
41635
42201.7
42601
42946.9
43364.2
43735.1
44222.2
44409.1
45049.1
45533.1
45967.5
46464.6
46893.9
47410.3
47616.1
48188.4
48579.5
48869.7
49185.1
49380.7
49626.5
49560.5
49741.4
49787.4
49694.8
49707.5
49450.5
49488.6
49452.9
49391.4
49464.4
49510.4
49760.6
50094.8
50544.8
51221.4
52026.3
36145
36208.2
36275.6
36364.5
36463.7
36590
36727.2
36890.2
37047.7
37241.4
37451.1
37680
37922.8
38169.7
38470.7
38488
39015.5
39334.1
39631.9
39951.5
40266.1
40593
40911.9
41246.7
41572.8
41916.7
42239.8
42627.5
42708.3
43286.2
43666.9
44020
44410.6
44785.7
45236
45406.6
46045.3
46500.2
46924.1
47379.3
47798.6
48273
48457
49024.6
49396.4
49693.8
49988.7
50201.1
50433.1
50408.4
50616.5
50684.2
50688.8
50732.7
50536.7
50616.9
50653.1
50685.7
50800.3
50888
51193.8
51583.8
52057.7
52759.5
53551.7
37049.7
37108.7
37171.3
37252
37347.6
37462.1
37590.1
37738.7
37892.4
38071.9
38278.8
38490.8
38734.1
38963.3
39271.2
39302.5
39779.5
40085.6
40367.9
40681.2
40984.3
41305.1
41615.9
41948.9
42266.1
42614.3
42927.6
43329.5
43422.3
43966.3
44351.2
44701.6
45092.4
45459.4
45921.2
46086.6
46691.4
47133.2
47544.3
47987
48387.3
48863.4
49035
49584.4
49947.6
50244.8
50549.7
50762.1
51024.5
51033.6
51286
51389.7
51441.9
51547
51421
51575.6
51671.8
51761
51961.2
52077.5
52462.1
52897.4
53409
54143.4
54915.3
38000.8
38055.1
38114.5
38189.3
38281.2
38389.3
38514.1
38655.4
38797.4
38966.5
39162.1
39364.1
39593.9
39812
40097.5
40104.7
40606.1
40908.3
41184.5
41490.2
41784.1
42101.7
42402.3
42733.6
43042.4
43387
43695.8
44084.6
44158.1
44734.2
45120
45463.9
45853.3
46212.7
46657.4
46795.5
47421.5
47857.4
48250.1
48682.3
49065.1
49521.2
49670.1
50237
50604.6
50896.6
51211.6
51434.9
51711.2
51742.1
52054.3
52208.3
52292.8
52447.1
52394.8
52624.4
52782.1
52916.6
53182.8
53328.3
53777.5
54259.4
54795.9
55541.1
56298.1
38981
39032.4
39087.4
39156.4
39238.8
39342.1
39456.8
39593
39725.8
39889.2
40077.3
40271.6
40494.9
40705.8
40993.4
41021.4
41465.7
41755
42024.8
42312.8
42604.5
42907.4
43205.8
43528.4
43832.5
44174.4
44478
44876.1
44966.9
45501
45881.5
46224.9
46607.2
46963.2
47412.2
47560.9
48142.2
48562.9
48953.2
49371.1
49748.3
50204.9
50354
50896.1
51257.3
51558.5
51879.7
52117.2
52426.4
52474.7
52815
53001.7
53121.4
53324.2
53339.2
53622.4
53820.7
54003.3
54328.6
54505.8
55007.6
55515.6
56073.8
56836.6
57563.1
39939
39985.4
40040.4
40105.5
40184.1
40284.5
40395.6
40529.2
40644.9
40801.6
40979.1
41166
41375.2
41576.7
41837.5
41842.1
42318
42601.2
42862.1
43147.3
43429.3
43728.3
44019.5
44336.3
44637.1
44970.6
45274
45653
45722.8
46290.2
46668.6
47008.2
47389
47738.5
48169.2
48293.1
48900.9
49318.1
49694.3
50105.7
50472.2
50910.6
51039.9
51605.1
51970.6
52274.1
52603.3
52857.5
53176.1
53231.5
53625.2
53852.2
54009.3
54253.4
54301.6
54658.3
54911.3
55141.1
55510.7
55718
56273.8
56815.4
57393.4
58156.7
58860
40939.8
40982.3
41034.2
41094.7
41165.2
41255.3
41355.7
41498.1
41592
41751.7
41924.7
42106
42307.8
42503.7
42771.8
42799.1
43216.5
43488.3
43743.8
44011.2
44290.7
44577.8
44866.2
45174.6
45470.4
45800.4
46098.1
46486.6
46576.6
47099.2
47469
47807.3
48178.2
48526.4
48964.1
49101.2
49665.8
50067.1
50442.1
50841.9
51205.9
51649.7
51791.8
52326.5
52686.2
53003.1
53339.2
53610.6
53960.7
54035.6
54445
54699.1
54898
55194.6
55270.7
55670.8
55958.6
56232.8
56644.6
56881.7
57473.1
58026.7
58613.7
59384.6
60060.2
41908.3
41949.7
41999.7
42059.6
42126.5
42210.7
42299.3
42429.3
42499.2
42679.1
42849.8
43020.1
43209.2
43394.6
43635.5
43636.2
44086.6
44353.4
44600.9
44868.5
45137.9
45421.5
45702.3
46005.3
46297.2
46618.6
46915.1
47283.2
47348.3
47905.4
48273.9
48609.1
48977.9
49321.4
49739.5
49851.5
50446
50848.6
51213.7
51611.9
51969.1
52397.9
52520.6
53085.2
53455.2
53774.7
54122.2
54409
54767.4
54844.1
55300
55587.2
55824.6
56153.4
56241.5
56702
57036.4
57347.5
57791.2
58049.2
58685.2
59265.5
59862.5
60630.3
61286
42928.7
42976.5
43022.3
43080.1
43149.7
43233.5
43346.7
43664.4
43552
43718.2
43852.4
44000.4
44181.1
44359.5
44611.7
44639.1
45032.7
45282.2
45526.7
45776.7
46045.1
46318.6
46596.5
46891.8
47178.9
47496.9
47787.3
48165.5
48257.4
48766.6
49121.2
49455.7
49816
50157.3
50583.5
50716.8
51268.5
51650.1
52017.9
52404.2
52762.8
53201.4
53342.1
53878.8
54238.6
54571
54924.3
55226.9
55612.7
55715.3
56178.5
56489.1
56760.9
57129.3
57251.4
57737
58096.5
58447.1
58925.5
59211.5
59867.6
60451.2
61056.2
61825.7
62457.6
43831.2
43886.9
43926.1
43982.2
44053.6
44121.9
44377.1
44348.4
44223.5
44517.2
44680.3
44835.8
45016.1
45188.1
45415
45412.6
45843.9
46092.9
46332.4
46585
46844.7
47114.6
47386.3
47676.8
47958.7
48269.4
48555.8
48914.3
48971.5
49521.2
49880.1
50213.9
50572.9
50908.9
51317.4
51418.8
52005.2
52394.5
52759.1
53144.8
53501.4
53926.6
54041.5
54615.7
54991.4
55333.5
55698.7
56015.8
56406.3
56507.6
57023.1
57365
57666.9
58056.7
58190.4
58730.6
59129.9
59509.2
60010.9
60306.4
60999.3
61607.3
62213.5
62978
63587.6
45397.5
45443.7
45474.4
45520.6
45567.4
45612.8
45722.1
45618.9
45885.7
46061.1
46203.1
46361.7
46541.8
46710.9
46951.1
46972.1
47358
47563.1
47804.8
48031.3
48294
48543.8
48814.4
49092.8
49370
49673.5
49951.7
50320.2
50401.8
50904.8
51224.4
51559
51901
52234.3
52644.2
52769.2
53320
53663.2
54035.4
54401.7
54758.2
55188.4
55328.9
55873.2
56211.9
56570.7
56931.3
57259.6
57676.8
57802.6
58304.1
58644.1
58976.3
59398.4
59559.1
60101
60501.7
60915.7
61443.9
61754.6
62444.8
63036.8
63654.1
64422.3
65006.4
45851.7
45902.9
45950.1
45977.8
46045.8
46115.2
46242.7
46304.2
46410.4
46514.2
46650.7
46789.5
46965.7
47125.1
47354.3
47327.2
47725.1
47980.8
48203.1
48448.1
48691.2
48955.8
49211.7
49497.5
49763.6
50068.8
50345.1
50698.9
50756
51272.2
51636.9
51957.3
52311.1
52637
53042.8
53142
53701.4
54092.9
54451.1
54835.4
55184.6
55613.4
55733.9
56298.5
56690.3
57044.4
57430.3
57769.8
58193.1
58318.2
58867.1
59262.1
59610
60053.6
60225.5
60813.9
61267.3
61707.9
62256
62572.6
63297
63918.8
64553.6
65307.9
65872
46945.6
46988.2
47031.9
47072.5
47129.5
47199.7
47290.4
47360.1
47461
47582.3
47710.7
47850.5
48016.1
48177.1
48395.1
48424.7
48785.7
49003
49220.6
49454.4
49697
49951.8
50205.9
50483.1
50750.4
51051.4
51326.5
51676.4
51777.4
52263
52593
52911.4
53258.4
53586.7
53987.1
54132.5
54662.2
55021.5
55380
55759
56114.6
56543.4
56708.9
57252.6
57621
57985.5
58379.9
58733.8
59173.2
59348.2
59887.4
60277.3
60651.2
61115.8
61339.9
61929.5
62388.4
62848.3
63415.3
63774.2
64493.9
65113.2
65744.9
66501.9
67080.4
47966
48002.6
48054.8
48098.5
48147.4
48209.4
48284.3
48362.8
48454.1
48578
48706.1
48849.9
49006.7
49168.1
49372.3
49373.3
49736.2
49977.5
50190.8
50419.7
50658.1
50905.8
51157.7
51425.7
51694.3
51980.7
52260.3
52597.5
52663.3
53154.2
53508.3
53825.1
54165
54494.2
54884.5
55001.5
55539.5
55922.2
56276.3
56650.8
57009.1
57430.5
57578.9
58136.5
58532.3
58902.5
59296.9
59666.1
60101.9
60275.6
60843.3
61264.3
61658
62130
62361.3
62980
63468.4
63949
64519.9
64880.5
65619.8
66253.1
66897.1
67636.2
68189.6
48998.3
49031.2
49082.8
49123.4
49169.8
49232.9
49308.1
49392.4
49483.2
49595.5
49718.6
49853.3
50008.7
50163.7
50364.9
50389.2
50736.5
50948.5
51154.5
51381.1
51611.9
51859.2
52105.8
52372.9
52635.4
52922.6
53196.1
53531
53629.7
54103.2
54430.1
54742.1
55083.3
55410
55798.2
55946.7
56465.6
56827.6
57181.7
57561.7
57921.9
58346.7
58526.5
59070.3
59454
59832.4
60241.6
60620.2
61074.3
61282.5
61849
62271.4
62682.7
63178.4
63443
64066
64560.6
65056.3
65649
66033.6
66772.4
67406.3
68045.3
68794.8
69354.8
50044.4
50071.2
50116.3
50165.1
50205.7
50262.3
50330.5
50415.1
50498.9
50615.2
50736.7
50876.8
51025.9
51183.4
51380.3
51386.3
51731.3
51960.4
52165.2
52384.5
52613.2
52852.1
53096.9
53354.2
53616.8
53891.9
54168.5
54495.3
54574
55049.1
55390.9
55701.7
56034.3
56360.4
56742.6
56875.8
57399.5
57776.1
58128.9
58502.7
58865.1
59285.2
59457.5
60013.5
60416.6
60798.2
61205.3
61596.6
62048.5
62260.7
62848.4
63295.8
63720.1
64219.9
64495
65141.1
65657.7
66166.2
66760.4
67152.1
67904.6
68546.9
69194.6
69928.8
70480.1
51080.7
51107
51144.7
51196.4
51241.3
51297.5
51370.4
51454.5
51541.5
51646.2
51765.6
51894.9
52042.1
52191.4
52381.9
52397.6
52737.2
52946.3
53142.9
53363.6
53586.1
53825.8
54064.8
54323.8
54580.1
54858.7
55128
55450.3
55543.8
56010.9
56334.8
56642.1
56979.1
57302.8
57683.5
57829
58344.3
58712
59063.8
59445
59808.7
60233.6
60420.6
60971.3
61372.4
61761.2
62183.9
62582.5
63050.5
63283.1
63874.5
64326.5
64766.8
65284.6
65580.3
66231.5
66756.2
67279.1
67890
68295.4
69049.6
69696.2
70344.5
71087.3
71639.5
52144.9
52171.8
52199
52254
52297.7
52354.2
52418.2
52503.1
52584.3
52695.6
52811.6
52947.6
53090.8
53243.6
53437.8
53454.7
53781.4
53994.7
54192
54401.3
54626
54855.2
55094.4
55343.9
55600.9
55868.4
56139.3
56459.3
56556.1
57015.4
57342.1
57648.1
57974
58298.9
58676.2
58826.4
59338.6
59708.3
60060.7
60433.5
60801.2
61223.8
61419.2
61974.7
62380.6
62775.8
63193.9
63601.7
64071.5
64318.4
64921.9
65386.1
65834.8
66358.1
66671.4
67338.2
67873.9
68404.4
69015.9
69434.8
70199
70845.7
71497.6
72231.2
72785.8
53176.2
53199.9
53229.7
53280.2
53335.3
53392.2
53459.7
53542.5
53625.8
53726.6
53841.7
53967.2
54108.5
54251.8
54433.9
54441.1
54776.6
54984.8
55176.9
55391.4
55609.2
55842
56075.4
56327.5
56579.5
56849.8
57114
57428
57512.8
57979.5
58301.2
58606.9
58939.1
59260.3
59634.4
59775.3
60293.5
60664.9
61019.4
61401
61769.2
62193.9
62383
62946.6
63361.4
63763.9
64197.3
64613.4
65093.7
65339.2
65956.1
66431
66894.8
67432.1
67746.3
68424.5
68974
69518.6
70142.6
70561.7
71334.6
71989.9
72645
73385.9
73932.7
54279.6
54304.7
54332.2
54380
54431.8
54494.3
54556.4
54639.7
54721.1
54827.7
54940.7
55072.4
55213.2
55360.6
55553.7
55583.9
55894.4
56088.4
56282.6
56485.2
56703.8
56926.5
57160.8
57404.1
57654.6
57919.8
58183.4
58501.4
58616.9
59059.5
59367.8
59673.3
59995.7
60317.3
60695.2
60861.5
61363.5
61720.4
62078.1
62451.6
62822.1
63253.1
63468.8
64023.7
64427.9
64835.6
65266.2
65685.3
66174.2
66450.6
67065.1
67539.7
68007.1
68554.3
68894.5
69576.6
70125.9
70674.2
71304.6
71739.8
72513.9
73166.7
73821.4
74561.5
75119.6
55167.7
55197.4
55227.1
55275.4
55333.9
55409
55465.8
55543.8
55623.2
55726.7
55836.4
55962.7
56098.5
56235.8
56410.8
56416
56754.5
56957.7
57152.7
57360.8
57579.2
57804.2
58038
58281.6
58532.5
58796
59053.8
59362.4
59436.9
59913.1
60233.2
60543.2
60869.2
61190.2
61559.7
61693.3
62224.9
62597
62961.1
63341.1
63716.6
64141.3
64328.3
64914.7
65337.1
65757.4
66197.4
66627.9
67117.2
67368.6
68019.3
68512.8
68996.4
69545.5
69867.5
70584.5
71151.3
71714.4
72346.3
72764.6
73569.5
74235.3
74896.5
75633.8
76174.1
56990.1
57016.6
57050.6
57092.4
57147.9
57215.3
57278.6
57364.2
57451
57555.9
57669.7
57793.5
57937.3
58077
58272.7
58295
58599.8
58769.3
58964.9
59155
59372.5
59586.1
59815.9
60054.9
60297.6
60564.7
60817.7
61142.7
61249.1
61676.9
61965.3
62271.9
62588.3
62905.9
63289.6
63450
63944.8
64280.6
64648.3
65017.3
65389.2
65832.4
66047.9
66600.3
66990.9
67413.1
67850.7
68274.5
68787.7
69069.3
69682.9
70161.5
70643.3
71214.1
71559.2
72241.8
72795.4
73356
74006.5
74442.3
75211.7
75863.4
76517.5
77271.6
77821.8
57295.4
57317.3
57357.7
57391.2
57460.5
57530.7
57603.4
57674.1
57759.7
57862.5
57981.2
58105.2
58247.8
58386.1
58569.2
58565.2
58893.8
59100.5
59293.9
59502.3
59712.9
59938.6
60162.7
60408.6
60647.7
60912.1
61166.3
61473.7
61561.3
62016.8
62343.6
62647.1
62974.5
63288.2
63661.2
63802.7
64324.5
64702.9
65065.7
65452
65823.1
66256.6
66454
67038.4
67475.4
67896.6
68350.9
68784.3
69286.2
69558.3
70208.5
70725.2
71215.4
71782.8
72123.8
72844.2
73433.7
74001
74650
75080.3
75883.4
76563.9
77225.7
77970.1
78511.1
58496.5
58523.7
58564.4
58608.9
58669.3
58740.1
58822
58904.4
58991.5
59091.9
59208.3
59330
59472.3
59612.9
59799.7
59830.9
60118.1
60302.6
60487.1
60692.9
60902.3
61126.6
61351.6
61597.3
61838.6
62105.7
62362
62674.7
62797.2
63215.6
63518.4
63819
64148.8
64467.5
64847.5
65025.9
65507.9
65869.2
66230.9
66622.6
66999.8
67441.9
67678.1
68227.1
68651.2
69076.3
69539.4
69980.2
70498.1
70805.2
71427.1
71935
72435.5
73016.1
73388.4
74082.4
74666.7
75242.1
75903.5
76363.4
77141.6
77817.9
78482.6
79240.4
79803.8
59557.7
59588.5
59628
59679.2
59730.7
59802.9
59881.4
59967.9
60048.5
60158.3
60272
60403.1
60539.9
60686.2
60866.5
60892
61200.3
61392.4
61581.8
61780.4
61993.3
62209
62437.6
62671.9
62917.9
63172.2
63434.1
63734
63852.2
64290
64600.1
64903.2
65221
65541.8
65909.1
66084.5
66588.5
66956.9
67320
67700
68081.7
68511.9
68749.7
69321.6
69752
70180.7
70632
71083.4
71584.2
71895.3
72543.7
73055.6
73563.4
74132.5
74514
75229.5
75814.2
76397.4
77045.4
77513
78307.8
78981.4
79656.8
80395.5
80963.7
60611.3
60639.9
60687.3
60738
60800.6
60869.2
60957.9
61046.3
61133
61234.3
61351.6
61473
61613.8
61751.3
61931.8
61950.3
62247.8
62442
62625.6
62833.4
63040.7
63265.1
63490
63734
63975.2
64237.9
64494.4
64800.9
64906.9
65336.3
65648.3
65949.8
66278.4
66598.2
66971.4
67139.2
67634.9
68009.9
68372.9
68768.1
69151.5
69589.6
69820.9
70385.4
70827.9
71260.7
71728.6
72183.7
72700.8
73008.7
73652.1
74174.2
74688
75271.6
75650.1
76361.3
76958.5
77547.7
78209.5
78675.6
79468.7
80153
80829.9
81585.7
82148.6
61761
61796
61840.7
61896
61954.4
62025.5
62105.1
62200.1
62287
62398.9
62516.5
62647.1
62786.5
62933.8
63119
63167.4
63455.5
63635.5
63822.1
64017.8
64227.9
64442.2
64669.6
64904.7
65149.7
65404.6
65665.2
65970.8
66113.5
66531.7
66828.3
67130.4
67447.4
67771.9
68143.5
68343.1
68831.2
69187.9
69554.1
69935.3
70324.2
70763.2
71024.5
71586.5
72011.4
72447.4
72904.6
73362
73877.5
74215.6
74859
75373.8
75889.1
76470.1
76873.6
77587.4
78174.4
78765.9
79424.3
79910.3
80703.6
81376.7
82055.5
82804.5
83385.7
62624.1
62663.7
62710.9
62770.5
62833.9
62907.3
62986.6
63084.8
63180.6
63283.8
63394.2
63519.1
63655.9
63795.1
63970.9
63984.7
64301.2
64498.7
64690.7
64896.5
65109.4
65328.7
65557.3
65795.9
66040.5
66297.2
66552.6
66854
66949.5
67401.8
67715.8
68025.9
68350.6
68672.5
69039.5
69198.4
69719.9
70096.8
70471.6
70863
71251.3
71687.4
71912.3
72505.5
72953.3
73400.5
73868.1
74331.3
74847.5
75151.7
75826.8
76358.1
76882.9
77465.7
77842.2
78588.2
79191.7
79791.3
80453.1
80912.9
81736.7
82426.8
83112.6
83863.1
84418.3
64628.3
64664.7
64714.4
64771.4
64840.1
64917.6
65001.1
65094.8
65192
65302.3
65424.3
65551.5
65698.8
65842
66033.6
66075.9
66348.8
66521.1
66708.8
66900.6
67110.9
67323.9
67548.9
67787.3
68027.5
68290.9
68542.7
68858.7
68994.1
69394.3
69683.4
69985.4
70304
70622.8
71002.7
71198.3
71671.7
72020
72392.2
72777.3
73163
73614.3
73874
74420
74840.4
75283.9
75750.2
76204.4
76740.1
77076.7
77703.8
78222
78738.4
79334.5
79735.9
80437.1
81026
81617.4
82293.4
82773.8
83553
84228.4
84905.3
85672.1
86244.4
64805.7
64850.4
64907.4
64969.1
65038.7
65113.1
65193.2
65291.2
65396.5
65514.6
65636.3
65763.9
65907.6
66056
66238.7
66261.7
66572.1
66769.3
66962.4
67169
67380.4
67601.6
67826.8
68067.5
68309.8
68566
68825.8
69123.9
69247.1
69683.3
69998.8
70304.2
70631
70953.6
71319.1
71503.6
72011.6
72389.1
72762.5
73155.7
73545.6
73982.8
74232.8
74815.3
75266.7
75711.1
76182.4
76648
77165
77497.1
78159.8
78700.4
79226.9
79815.1
80216.8
80951.4
81563.8
82164.2
82830
83312.9
84125.2
84820.1
85505
86252.1
86831.1
66037.2
66080.5
66145.6
66209.5
66289.4
66370.9
66464.8
66561.5
66667.8
66779.2
66905.2
67033.4
67179.8
67324.5
67512.7
67547.3
67828.3
68020.3
68206.5
68417.7
68627.3
68853.8
69079.6
69325.8
69569.4
69835.1
70092.1
70399.2
70532.7
70940.3
71250.9
71553.5
71886.6
72209.8
72584.6
72781.4
73259.5
73637.8
74007.5
74409.4
74801.2
75249.6
75513.2
76067.2
76520.1
76966.5
77449.5
77918.3
78449.9
78794
79433.8
79973.8
80504.9
81103
81515.3
82226.2
82840.4
83446.1
84122.8
84615.9
85406.9
86107.5
86794.2
87556.6
88140.2
89015.6
89825.3
67172.6
67226.4
67285.2
67355.4
67429.8
67517.6
67606.5
67708.3
67811.9
67935
68057.8
68201.1
68346.6
68502.4
68688.3
68751
69035.5
69219.8
69412.7
69611.9
69826.3
70043.2
70274.4
70509.3
70758.9
71013.2
71279.4
71579.5
71740.2
72152.6
72452.1
72758.3
73077.6
73407
73775
73995.2
74479.4
74845.3
75217.9
75604.9
76003.6
76444.1
76729.7
77292.2
77730.1
78177.9
78645
79119.1
79641.4
80007.4
80656.9
81186.5
81719.8
82307.5
82740.8
83460.3
84061
84669.9
85333.7
85844.1
86640.7
87324.7
88018
88766
89366.3
90251.5
91053.2
91708.8
92657.3
68005.8
68062.3
68129.4
68206.3
68287.8
68379.5
68474.7
68575.8
68677.4
68799.1
68931.4
69067.1
69208.1
69352.4
69535.9
69562.3
69871.7
70072.5
70271.1
70483.4
70700
70927
71159.8
71401.9
71651.1
71911.3
72169.5
72471.6
72590.6
73029.4
73344.2
73658
73986.6
74314
74683.4
74865.5
75374.4
75759.3
76141.3
76537.9
76935.9
77377.3
77628.9
78215.6
78674.7
79134.8
79612.9
80089.9
80614.1
80945.4
81620.2
82164.7
82705.2
83297.9
83700.4
84444.8
85062.1
85677.8
86347.3
86829.4
87651.1
88349.4
89045.3
89800.6
90371.9
91272.8
92081.2
92715.5
93679.2
70142.5
70198.6
70266.5
70340
70422.4
70514.7
70615.7
70726.9
70837.2
70955.8
71089.1
71226.5
71383
71537
71736.1
71802.3
72068
72246.8
72438.5
72637
72849.9
73069.8
73298.9
73540.9
73785.2
74052.5
74309.4
74623.6
74783.4
75173.6
75467.7
75773.4
76095.7
76419.1
76799.5
77019.6
77483.1
77837.9
78215.4
78604.8
78998.3
79452.5
79738.2
80281.8
80712.6
81164.7
81637.5
82104.1
82646.2
83008.3
83636.1
84165.6
84694.4
85297.3
85724.5
86424.1
87020.3
87622.6
88303.8
88806.4
89583
90260.5
90942.7
91712.2
92300.8
93158.2
93960.3
94606
95531.2
70188.4
70250.4
70325.8
70405.6
70492.2
70588.5
70693.4
70809.5
70919.2
71035.7
71177.7
71329.8
71485.6
71640.8
71829.2
71875.7
72184.9
72386.6
72588.3
72800.7
73017.8
73246.1
73477.4
73722.6
73969.6
74229.8
74495.1
74792.2
74938.2
75369.4
75685.3
75996.3
76325.6
76655.1
77022.7
77228
77732.8
78114.4
78494.3
78893.1
79291.3
79730.7
80005.7
80586.4
81043.1
81498.1
81975.2
82453
82973.3
83330.2
83994.4
84541.1
85080.6
85671.3
86095.8
86830.2
87446.3
88057.8
88725.3
89227.2
90037
90732.8
91425.5
92171.9
92761.5
93654.6
94464.7
95105.4
96063
71436.9
71504.3
71584.3
71663.8
71752.2
71838.2
71929.8
72022.9
72124.6
72258.6
72436.5
72604.1
72777.1
72938.9
73132.4
73183.9
73466.4
73666.8
73860.8
74078.3
74293.8
74527.4
74758.9
75012.2
75261.2
75529.9
75794.2
76101.2
76252
76657.6
76972.5
77281
77617.5
77947.1
78323.2
78535.3
79012
79397.9
79774.5
80182.4
80580.5
81030
81313.1
81867.5
82329.9
82784.1
83273.2
83752.3
84287
84649.2
85289.9
85838.7
86378.7
86979.2
87408
88118.5
88741.1
89351.2
90027.5
90535.4
91322.1
92024.3
92713.9
93472.5
94063.6
94934.5
95739.2
96384
97311
98159.6
99001.6
72610.5
72689.5
72778.2
72877.4
72980.8
73102.4
73233.4
73512.6
73681.9
73721.4
73853.1
73951.7
74062.3
74204.6
74379.8
74454.1
74723.3
74912
75110.1
75313.6
75536
75757.8
75995.7
76238.5
76495.3
76756.3
77029.6
77332.6
77517.2
77918.7
78222.3
78535.5
78859.7
79195
79565.1
79809.8
80282.3
80652.3
81033.2
81426.2
81831.7
82274.8
82585.4
83137
83580.4
84038
84511.3
84992.9
85517.7
85906.3
86547.1
87081.8
87625.1
88215
88665.7
89376
89980.3
90594
91257.7
91783.6
92567.5
93248.5
93941.3
94686.9
95298.7
96168.7
96964
97623
98548.9
99367.1
100207
101101
101866
73368.1
73458.8
73559.2
73672.9
73801.2
73900
74167.9
74294.2
73997.5
74064.5
74385.4
74540.8
74720.6
74902.6
75107.1
75150.5
75471.3
75688.3
75899.8
76121.4
76348.3
76582.6
76821.4
77072.1
77327.3
77591.2
77859.6
78163
78299
78738.4
79061
79379.3
79713.3
80047.5
80418.7
80617.6
81128
81517.5
81904.7
82307.4
82710.9
83153.1
83421.1
84008.8
84474.5
84938.4
85420.7
85902.3
86425.4
86774.7
87447.3
87997
88541.4
89133.3
89548.6
90291.9
90911.6
91526.6
92193.8
92683.4
93496.8
94193.2
94885.2
95630.9
96207
97095.9
97897.5
98525.2
99478.1
100315
101149
102043
102774
103811
104772
75585.4
75649.6
75722.7
75790
75854.2
75906.4
76005
76019.2
76167.7
76496
76681.2
76851
77032.1
77206.5
77416.1
77501.1
77776.9
77977.1
78177.8
78392.2
78612
78846.4
79082.7
79335.8
79589.5
79862.9
80128.9
80442.6
80614.8
81001.2
81309.1
81618.6
81950.5
82280.7
82659.4
82891.1
83347.5
83721
84098.4
84498.5
84898.1
85349.2
85648.2
86181.5
86631
87083.7
87564.5
88040.6
88576.5
88951.6
89570
90108.6
90642.1
91241
91677.8
92364
92969.6
93571.3
94245.1
94753
95511.7
96192.9
96871.4
97626.7
98214.7
99052.7
99844.7
100482
101374
102187
103011
103907
104644
105627
106569
75554.4
75647.7
75747.4
75858.8
75980.4
76122.4
76276.8
76422.8
76538.6
76664.1
76792.5
76939.2
77097.4
77267.6
77463.6
77540.7
77841.8
78050.7
78261.8
78481.9
78712.4
78946
79189.9
79440
79699.4
79965
80242.5
80545.4
80721.5
81141.7
81457.8
81776.5
82107.7
82447.5
82816.3
83051.6
83542
83926
84311.1
84709.5
85118.9
85559.2
85861
86427.5
86884.1
87342.6
87818.5
88304.3
88823.1
89202.8
89853.3
90394.9
90940
91526.5
91971.1
92688
93295.5
93908.7
94566.6
95082.4
95870.8
96551.7
97239.6
97973.5
98570.9
99439
100227
100873
101796
102610
103434
104308
105049
106061
106995
76553.4
76647
76755.7
76867.1
76985.2
77109
77236.4
77361.6
77495.1
77644.6
77801.5
77961.5
78129.9
78297.8
78500.4
78561.4
78859.6
79078.6
79290.4
79519.2
79751.9
79995.5
80241.6
80500.4
80761.9
81034.6
81305.4
81615.8
81772.3
82191.2
82516.1
82837
83176.4
83515.2
83889
84108.7
84596.4
84991.5
85380.9
85788.8
86197.8
86643.2
86929.2
87492.7
87962.3
88427.4
88914.1
89400.8
89927.5
90290.3
90940.2
91487.7
92033.2
92624.9
93053.2
93770.5
94385.3
94999.3
95663
96161.3
96949.4
97638.5
98326.3
99067.9
99642.1
100504
101289
101920
102832
103655
104479
105356
106077
107077
108006
78879.9
78976.4
79077
79187.1
79303.1
79425.7
79553.6
79687.4
79825.8
79976.8
80139.1
80305.7
80484.5
80657.8
80864.8
80974.2
81241.8
81439.2
81648.5
81859.6
82088.5
82320.7
82563
82819.1
83075.5
83356
83627
83945.4
84140.5
84522.9
84827
85140.8
85471.4
85804.9
86185.8
86440.3
86894.9
87258.9
87644.1
88038.7
88440.1
88891.9
89207.3
89739.1
90175.1
90630.9
91107.3
91580.1
92115.2
92503.3
93114.5
93642.9
94172.5
94768.2
95214.2
95891.8
96482.5
97080.6
97744.9
98256.4
99005
99668.3
100337
101080
101669
102490
103261
103895
104776
105556
106359
107229
107953
108912
109818
78651.5
78750.9
78865.3
78981.7
79104.2
79231.3
79364.5
79502.5
79647.6
79801.7
79964.4
80131.1
80308.3
80489.2
80696.4
80778.5
81094.2
81314.2
81535.7
81766.4
82001.9
82246.3
82494.6
82753.6
83016
83287.5
83565.6
83872
84045
84472.2
84801
85126.7
85465.5
85805.2
86176
86405.4
86902.2
87292.1
87682.8
88088.2
88495.4
88934.9
89230.4
89800.5
90261.7
90723.3
91202.4
91683
92199.5
92573.5
93222.3
93765.4
94307.2
94891.7
95326.4
96040.4
96647.8
97254.5
97905
98406.9
99191
99868.1
100545
101266
101845
102700
103476
104099
105011
105810
106614
107469
108178
109164
110073
79712.5
79821
79939
80059.8
80191
80323.8
80466.5
80611.6
80762.5
80916.9
81083.3
81250.9
81432.5
81613.8
81825.7
81911.5
82204.8
82428.2
82643.9
82880.7
83116.2
83366.4
83617.6
83883.4
84149.5
84431.8
84710.2
85024.5
85204.6
85609.8
85939
86261.2
86605.9
86947.9
87326.2
87564.7
88038.1
88432.2
88817.6
89229
89636.4
90084.3
90389.1
90934.3
91402
91861.9
92349.8
92833.4
93360.1
93739.8
94365.4
94909.6
95448.8
96037.2
96477.1
97170.3
97781.5
98384.2
99040.9
99547.8
100307
100986
101658
102387
102966
103796
104565
105190
106068
106870
107666
108522
109233
110188
111089
82036.6
82144.2
82260.9
82383.8
82509
82644.9
82782.7
82932.1
83081.4
83245
83411.7
83589.5
83773.5
83962.5
84173.4
84288.8
84569.8
84780.6
85000.1
85221.9
85457.4
85695.8
85945.9
86202.7
86469.8
86746.7
87029.1
87342.4
87546.7
87937
88249.2
88570.4
88901.7
89240.3
89612.3
89869.9
90329.4
90701.5
91084.3
91479.7
91884.5
92326.2
92646.8
93177.4
93618.6
94073.2
94541.6
95015.7
95532.8
95926.3
96533.9
97054.5
97584.9
98160.4
98609.4
99283.6
99868.9
100462
101099
101611
102355
103004
103664
104374
104959
105769
106514
107137
107995
108754
109536
110364
111071
112005
112874
81668.2
81785.6
81911.3
82037.3
82173.6
82310.9
82458
82607.6
82764.7
82927.9
83101.4
83277
83463.1
83649.3
83867.1
83953.7
84273.3
84507.6
84734.3
84975.5
85217.4
85470.9
85726.6
85995.1
86262
86542.6
86823.9
87137.1
87310.5
87737.6
88072.2
88400.2
88743.9
89086.8
89463.5
89692.6
90186.2
90582.9
90974.9
91383.1
91791.1
92234.6
92526.3
93092.3
93558.1
94020.8
94501
94981.4
95499.4
95864
96510
97052.6
97591.2
98169.6
98591.7
99295.5
99896.3
100495
101136
101624
102395
103059
103726
104436
104988
105826
106584
107186
108074
108854
109639
110467
111142
112099
112976
82981.5
83100.3
83233.1
83366.1
83509.5
83656.1
83809.7
83966.5
84128.8
84295.3
84472
84650.8
84843.1
85034.7
85251.8
85364.3
85651.7
85881.2
86102.2
86341.3
86581.1
86836.6
87092.6
87363.4
87634.6
87922.2
88209
88525.4
88728.2
89120.7
89451.2
89774.4
90119.7
90462.5
90839
91098.4
91556.6
91948.7
92334.2
92743.7
93150.7
93595.5
93916.7
94445.1
94906.9
95361.7
95845.8
96325.7
96846.9
97239.7
97847.5
98385.7
98914.3
99495.2
99942.9
100607
101206
101795
102438
102947
103676
104339
104993
105706
106279
107074
107823
108435
109272
110048
110816
111643
112335
113245
114110
84012.6
84141.3
84269.9
84407.8
84547.7
84695.8
84846.8
85009.6
85171.9
85350.6
85529.5
85719
85913.2
86114.8
86332.8
86461
86754.7
86981.9
87212.8
87447.7
87694.5
87942.9
88203.2
88468.4
88745.4
89025.2
89319.6
89632.2
89847
90245.4
90569.6
90900.4
91237.2
91587.3
91956.9
92227.3
92690
93073.2
93465.6
93862.9
94275.9
94710.6
95042.8
95575.1
96021.8
96481.3
96948.3
97431.5
97939.4
98340.9
98952.6
99475.8
100011
100576
101031
101702
102283
102875
103498
104010
104744
105386
106040
106730
107310
108112
108841
109457
110299
111045
111810
112610
113302
114215
115055
84587.1
84716.8
84856.1
84997.7
85146.7
85299.9
85458.6
85620.9
85787.2
85961
86139.9
86325.2
86519.2
86715.4
86937.7
87037.2
87357.9
87598.4
87832.3
88079.9
88330.1
88588.4
88851.6
89125
89400.2
89684.7
89972.2
90288.9
90470.8
90895
91231.7
91563.4
91908.6
92254.4
92631.2
92869
93359.7
93755.3
94147.3
94554.3
94962.4
95403.9
95702.8
96261.1
96723.1
97183.8
97659.7
98137
98649.7
99016
99649.2
100182
100712
101282
101703
102396
102986
103573
104203
104684
105438
106088
106735
107427
107969
108782
109516
110098
110958
111715
112469
113269
113921
114840
115684
86813
86946.3
87082.4
87224.3
87371.3
87526.1
87685.6
87851.8
88021.5
88198.7
88383.2
88573.8
88771.4
88970
89192.8
89319.7
89605.3
89834.4
90062.6
90302.4
90547.8
90802.7
91062.6
91333.7
91608.7
91897.3
92183.9
92503.3
92713.8
93099.5
93425.1
93747.9
94089.7
94431.6
94806.6
95068.2
95517.2
95899.8
96282
96686
97086.9
97527.4
97847.3
98360.4
98806.9
99254.5
99725.9
100194
100709
101097
101687
102210
102727
103294
103731
104374
104952
105525
106149
106641
107344
107980
108613
109301
109855
110619
111337
111924
112727
113461
114196
114987
115644
116511
117333
86535.5
86669.8
86815.2
86962.8
87117.5
87275.5
87440.6
87611.5
87788.7
87970.4
88161.3
88357.2
88559.9
88767.8
88996.8
89132.5
89436.2
89673.9
89908.6
90153.7
90403.5
90663.4
90927.2
91199.3
91479.2
91767.9
92062.1
92380.3
92599.8
93001.4
93332.1
93663.4
94005.4
94354.1
94729.3
95001.9
95465.4
95852
96240.9
96642.4
97053
97487.8
97819.8
98353
98801
99255.5
99723.3
100198
100702
101098
101698
102217
102743
103299
103748
104405
104977
105559
106172
106677
107393
108021
108662
109336
109899
110677
111389
111987
112804
113530
114269
115044
115708
116586
117398
87264.2
87407.6
87555.2
87706.2
87865.9
88028.5
88196.7
88368
88544.8
88727.2
88916.4
89111
89313
89517.5
89746.1
89859.5
90177.8
90425.2
90666.3
90919.3
91175
91438
91706.5
91983.3
92263.2
92552.7
92844.7
93162.7
93357.1
93777.6
94114.7
94447.3
94793.9
95142.5
95518.8
95765.8
96249
96641.2
97034.2
97440.2
97846.4
98286.7
98590.1
99139.6
99594.6
100049
100522
100994
101500
101866
102485
103009
103529
104088
104508
105182
105759
106335
106949
107423
108154
108786
109416
110091
110623
111408
112119
112687
113516
114246
114974
115747
116378
117260
118068
89019.4
89161.7
89311.9
89465.4
89623.5
89788.9
89959.6
90135.8
90314.7
90501.6
90695.5
90892.8
91097.2
91303.9
91533.4
91671.8
91962.6
92200
92436
92684
92936.7
93197.9
93463.4
93739.4
94020.2
94312.6
94605.9
94926.3
95141.5
95529.4
95859.6
96187.1
96531.3
96875.8
97251.3
97519.9
97966.9
98351.1
98736.2
99138.3
99540.4
99978.1
100302
100814
101261
101708
102175
102641
103147
103532
104114
104630
105141
105696
106129
106764
107331
107893
108503
108991
109681
110304
110922
111590
112132
112877
113574
114149
114931
115644
116356
117119
117756
118594
119386
89732.7
89879.8
90029.3
90184.5
90345
90512.7
90682.8
90860.7
91042.3
91233.3
91427.2
91630
91838.6
92052.3
92283.4
92428.4
92728
92965.6
93206.1
93453
93707.5
93965.9
94235.7
94508.9
94790.9
95080.1
95375.7
95694.8
95919.3
96314.8
96641.4
96970.4
97310.3
97657.8
98029
98304
98757
99136
99523.3
99919.7
100326
100756
101084
101600
102038
102486
102945
103413
103909
104298
104881
105388
105901
106447
106883
107519
108079
108643
109239
109726
110416
111027
111645
112300
112844
113590
114277
114848
115631
116328
117038
117782
118416
119253
120030
89589
89737.2
89896.8
90057.1
90225.3
90395.4
90572.3
90751.2
90939.7
91130.1
91329.9
91533
91743.1
91955.1
92193.6
92322.5
92641.3
92892.6
93137.1
93393.7
93654.3
93922.7
94193.7
94475.4
94758.6
95052
95346.7
95669.2
95873.7
96287.4
96627.9
96962.8
97309.8
97657.8
98035.8
98291
98761.9
99153.7
99544.9
99947.4
100352
100789
101098
101634
102085
102536
103001
103467
103968
104336
104938
105452
105968
106518
106935
107589
108153
108719
109321
109789
110497
111113
111732
112387
112906
113667
114358
114914
115713
116416
117126
117871
118481
119330
120106
90335.5
90489.2
90649.5
90813.6
90986.6
91161.4
91342
91525.4
91717.6
91910.4
92112.5
92318.1
92531.9
92744.2
92980.3
93122.9
93424.2
93675.6
93918.9
94179.4
94437.9
94708.8
94981
95266.1
95551.6
95849.1
96145.9
96469.6
96689.2
97085.1
97423.2
97755.5
98105.4
98453.4
98830.5
99100.8
99551.5
99944.5
100333
100738
101141
101577
101902
102415
102865
103312
103780
104245
104747
105130
105713
106225
106733
107284
107714
108345
108908
109466
110068
110548
111231
111846
112455
113112
113643
114376
115059
115622
116389
117092
117789
118531
119150
119971
120742
91929.6
92083.9
92241.9
92407.9
92575.1
92751
92929.5
93116.9
93304.9
93501.4
93703.3
93912.6
94127.8
94347.6
94583.6
94751.2
95040
95276.8
95523.3
95768.1
96028.5
96290.4
96563.3
96842.1
97127.4
97421.5
97719.5
98041.5
98282.1
98665.1
98987.2
99320
99659.4
100007
100382
100664
101103
101477
101863
102257
102659
103089
103426
103927
104356
104801
105257
105715
106211
106604
107168
107667
108168
108710
109145
109761
110306
110854
111445
111927
112593
113189
113787
114432
114966
115683
116352
116911
117666
118340
119024
119752
120365
121167
121917
91616.5
91776.5
91941.3
92110.3
92284.8
92463.3
92647.8
92836.1
93030.9
93229.9
93436.8
93646.2
93863.2
94083.7
94324.2
94471.1
94785.6
95039.8
95291.5
95550.9
95814.2
96085.2
96360.1
96643.3
96930.5
97223.9
97524
97846.9
98066.6
98473.2
98812.1
99147.5
99494.3
99844
100219
100487
100950
101339
101728
102127
102530
102961
103281
103802
104244
104691
105150
105612
106101
106479
107064
107569
108078
108616
109038
109673
110224
110778
111364
111835
112521
113120
113725
114360
114882
115615
116283
116834
117605
118284
118970
119689
120292
121109
121858
92216.6
92377.5
92548
92719.3
92898.4
93080.2
93269.1
93460.5
93657.4
93856.4
94064.6
94275.9
94494.3
94712.2
94952.7
95097.7
95412.9
95668.7
95917.8
96181.7
96446.9
96720
96996.2
97284.5
97571.7
97869.9
98169.6
98493.9
98711.1
99117.3
99456
99789.3
100139
100486
100863
101127
101587
101978
102364
102767
103168
103600
103916
104437
104883
105326
105787
106246
106741
107111
107694
108199
108700
109242
109657
110288
110840
111388
111978
112437
113118
113718
114313
114953
115462
116190
116855
117394
118155
118835
119512
120234
120821
121628
122375
93530.1
93693.5
93861
94034.1
94212.3
94394.1
94583
94775.1
94971.3
95173.6
95381.3
95594.7
95815.6
96037.9
96279.9
96445.3
96738.7
96986.9
97234.6
97491.3
97755.4
98024.2
98300
98584.7
98872.6
99170.8
99470.6
99793.7
100031
100414
100745
101077
101422
101770
102143
102426
102862
103243
103626
104023
104422
104850
105184
105677
106112
106552
107008
107460
107950
108338
108895
109394
109888
110420
110848
111453
111996
112535
113117
113588
114242
114833
115418
116049
116569
117267
117922
118468
119198
119862
120529
121240
121834
122611
123342
94039.7
94203.6
94373
94547.7
94727.3
94911.1
95100.8
95295.4
95494.4
95700
95910.1
96125.2
96346.7
96572.7
96814.9
96982.9
97283.5
97533.7
97785.4
98041.2
98307.6
98576.4
98853.8
99136.4
99424.6
99720.2
100022
100344
100586
100974
101303
101638
101979
102328
102696
102981
103423
103801
104186
104578
104980
105403
105735
106233
106667
107106
107555
108011
108492
108879
109438
109931
110428
110955
111383
111988
112522
113063
113636
114108
114759
115340
115928
116548
117068
117766
118412
118955
119689
120343
121005
121701
122294
123071
123789
93897.4
94067.2
94240.5
94419.4
94602.8
94791
94984.1
95180.4
95382
95590.3
95803.9
96022.3
96245.3
96472.5
96718.2
96873.8
97191.7
97449.5
97705.6
97969.8
98237.9
98511.9
98791.8
99078.9
99370.7
99669
99970.9
100298
100522
100925
101263
101600
101948
102298
102673
102942
103399
103783
104172
104570
104969
105398
105716
106228
106667
107109
107562
108018
108503
108874
109448
109945
110443
110971
111383
112003
112543
113086
113659
114115
114783
115366
115953
116571
117073
117787
118435
118965
119710
120366
121029
121722
122299
123087
123806
94397.7
94567.2
94745.5
94926.7
95112.4
95303.7
95499.9
95698.6
95902.9
96110.8
96325.6
96543.9
96769.2
96996.3
97243.6
97401.2
97715.4
97973.8
98229.1
98496.6
98764.7
99043.1
99323.2
99612.2
99903.3
100204
100506
100833
101061
101461
101798
102133
102483
102831
103205
103478
103932
104317
104702
105102
105499
105928
106248
106756
107197
107636
108090
108541
109028
109399
109968
110464
110957
111487
111897
112510
113051
113588
114162
114614
115272
115857
116437
117059
117555
118258
118905
119429
120162
120821
121475
122169
122739
123515
124233
95496.2
95667.5
95843.7
96024.7
96211.1
96401.6
96597.7
96797
97002.1
97211.8
97427.7
97644.8
97871.3
98099.8
98345.6
98519.9
98817.8
99072.4
99325.6
99587.9
99856.2
100129
100409
100697
100988
101288
101590
101914
102157
102540
102873
103206
103551
103898
104267
104555
104989
105369
105752
106146
106542
106965
107300
107788
108219
108656
109106
109554
110036
110420
110967
111457
111945
112467
112889
113479
114011
114541
115107
115572
116208
116784
117357
117971
118476
119155
119791
120323
121032
121675
122322
123006
123580
124334
125038
95921.7
96094.9
96273.6
96455.6
96643.1
96835.1
97031.9
97232.5
97438.1
97648.7
97866.4
98087.1
98316.4
98546.3
98792.9
98976.7
99273.2
99525.4
99782.4
100044
100312
100586
100866
101152
101444
101745
102048
102373
102622
103004
103335
103671
104015
104363
104733
105023
105456
105831
106216
106609
107005
107426
107763
108252
108677
109114
109561
110007
110484
110872
111419
111903
112390
112909
113333
113924
114449
114977
115538
116001
116635
117205
117776
118383
118890
119567
120196
120725
121434
122068
122711
123388
123961
124710
125405
95792.1
95969.3
96149.4
96335.5
96525.8
96720.5
96919.7
97125.1
97334
97548.2
97766.3
97991
98219.8
98453.6
98702.3
98873.6
99187.4
99446
99706.7
99973.5
100247
100524
100807
101096
101390
101690
101996
102321
102560
102957
103293
103630
103976
104327
104699
104978
105426
105808
106193
106588
106987
107410
107736
108236
108667
109105
109551
110002
110477
110855
111413
111898
112389
112907
113321
113922
114449
114982
115542
115995
116641
117210
117784
118385
118882
119571
120200
120721
121440
122076
122719
123390
123954
124712
125406
96164.5
96342.6
96527.2
96715.8
96908.4
97106.2
97306.6
97513.1
97723.2
97937.8
98156.9
98381.5
98611.5
98844.4
99095.6
99258.8
99581.3
99843.1
100103
100372
100645
100924
101208
101499
101794
102095
102400
102728
102956
103361
103698
104033
104381
104731
105106
105375
105831
106214
106597
106994
107391
107816
108132
108641
109073
109507
109955
110402
110880
111244
111809
112297
112782
113301
113703
114311
114838
115365
115926
116365
117017
117586
118155
118757
119238
119931
120561
121064
121787
122425
123060
123734
124278
125038
125735
97064.5
97242.6
97426.2
97612.2
97807.4
98003.8
98205.3
98409.6
98621.7
98836.3
99057
99280.2
99512.2
99743.1
99996
100164
100477
100737
100994
101261
101534
101813
102094
102385
102678
102980
103282
103610
103844
104238
104573
104906
105254
105602
105974
106250
106693
107074
107454
107847
108242
108663
108984
109479
109907
110339
110784
111228
111706
112075
112624
113107
113588
114104
114508
115100
115623
116144
116703
117146
117780
118344
118904
119506
119990
120663
121285
121791
122494
123125
123752
124420
124966
125706
126395
97349.9
97528.5
97715.3
97904.4
98098.3
98296.5
98500.7
98707
98920.3
99135.6
99359
99584.8
99817.3
100049
100301
100487
100786
101047
101307
101574
101846
102126
102408
102699
102993
103298
103601
103928
104179
104560
104895
105231
105576
105923
106294
106585
107015
107393
107777
108168
108562
108983
109318
109800
110227
110659
111102
111545
112020
112401
112940
113422
113901
114414
114831
115411
115931
116451
117005
117458
118079
118641
119198
119796
120288
120952
121569
122086
122778
123400
124026
124689
125242
125971
126650
97689
97870.5
98056.1
98245.7
98441.5
98641.3
98843.8
99051.9
99266.7
99485.2
99709.5
99935.6
100169
100404
100657
100850
101149
101407
101670
101935
102208
102486
102772
103063
103358
103662
103965
104292
104549
104928
105259
105597
105943
106291
106661
106957
107386
107758
108143
108533
108927
109346
109684
110165
110587
111020
111462
111903
112377
112761
113295
113773
114251
114763
115180
115758
116273
116790
117343
117797
118417
118973
119529
120125
120618
121274
121886
122403
123093
123707
124332
124991
125542
126266
126941
97969.7
98151.9
98339.2
98531.4
98727.9
98929.2
99134.9
99344.2
99558.4
99776.5
100000
100229
100464
100701
100953
101136
101446
101707
101971
102240
102515
102793
103079
103368
103665
103969
104274
104599
104848
105236
105569
105907
106252
106600
106969
107257
107694
108071
108454
108845
109240
109656
109986
110474
110897
111329
111769
112211
112680
113057
113598
114074
114554
115061
115473
116056
116570
117087
117633
118081
118705
119259
119814
120401
120890
121551
122160
122669
123362
123975
124596
125248
125793
126519
127191
98319.2
98503.1
98691.8
98884.8
99082.2
99283.2
99489.4
99700.8
99915.6
100136
100362
100590
100824
101062
101317
101492
101810
102073
102336
102605
102879
103158
103444
103736
104033
104336
104643
104970
105208
105605
105939
106275
106621
106968
107340
107617
108061
108439
108819
109208
109603
110021
110340
110836
111259
111689
112127
112570
113039
113404
113953
114426
114905
115412
115811
116400
116912
117429
117975
118410
119041
119591
120146
120731
121204
121872
122479
122976
123672
124282
124901
125550
126085
126815
127481
98187.4
98373.2
98565.2
98759.8
98959.7
99164.1
99372.9
99586.6
99803.5
100026
100253
100485
100723
100961
101219
101391
101711
101977
102242
102516
102794
103076
103365
103658
103956
104261
104569
104898
105134
105534
105871
106209
106556
106907
107280
107553
108003
108383
108765
109158
109553
109974
110289
110788
111216
111646
112086
112529
113001
113360
113914
114391
114870
115379
115772
116366
116880
117396
117944
118374
119009
119561
120116
120703
121170
121844
122454
122945
123642
124256
124875
125523
126050
126785
127455
98458.6
98647
98837.9
99034.4
99236.7
99442.5
99652.8
99866.3
100085
100307
100535
100766
101003
101243
101502
101681
102000
102266
102531
102804
103079
103363
103651
103946
104245
104551
104859
105189
105430
105825
106163
106501
106847
107197
107571
107849
108292
108673
109054
109447
109840
110260
110582
111075
111504
111929
112371
112813
113282
113648
114195
114671
115147
115654
116054
116640
117154
117668
118213
118649
119275
119826
120378
120963
121436
122099
122707
123201
123890
124505
125116
125763
126296
127019
127686
99100.3
99287.3
99480.8
99674.5
99876.1
100080
100290
100503
100721
100943
101171
101403
101641
101881
102140
102322
102636
102900
103164
103436
103711
103995
104282
104574
104871
105178
105483
105811
106057
106447
106781
107117
107464
107812
108183
108466
108904
109281
109660
110050
110441
110858
111184
111669
112093
112519
112957
113396
113863
114232
114770
115242
115715
116219
116623
117199
117708
118218
118761
119199
119815
120362
120909
121492
121965
122618
123220
123715
124394
125001
125609
126251
126783
127498
128156
99246
99434.1
99627.9
99824
100026
100233
100444
100659
100880
101103
101331
101564
101803
102042
102301
102491
102799
103064
103329
103602
103879
104162
104450
104744
105043
105348
105653
105984
106237
106621
106954
107293
107639
107986
108357
108648
109078
109454
109836
110226
110619
111036
111367
111847
112269
112695
113132
113569
114037
114412
114944
115416
115890
116393
116800
117372
117879
118387
118929
119372
119984
120528
121073
121653
122130
122780
123377
123877
124553
125155
125763
126404
126938
127647
128300
99459.3
99649.5
99843.8
100041
100246
100453
100663
100879
101099
101323
101553
101786
102026
102266
102523
102722
103025
103288
103557
103828
104109
104389
104679
104973
105270
105579
105883
106212
106471
106852
107184
107523
107868
108217
108586
108883
109311
109682
110066
110453
110847
111261
111595
112074
112492
112923
113358
113795
114263
114640
115170
115637
116109
116611
117022
117591
118094
118603
119144
119587
120195
120735
121281
121862
122340
122987
123579
124081
124756
125349
125958
126596
127128
127836
128484
99648
99838.3
100034
100232
100436
100644
100856
101072
101292
101517
101748
101982
102221
102464
102723
102924
103226
103487
103757
104027
104309
104590
104880
105175
105473
105780
106086
106417
106676
107056
107386
107728
108073
108421
108791
109089
109516
109883
110271
110657
111050
111466
111802
112279
112693
113127
113560
113994
114461
114839
115369
115835
116307
116808
117218
117789
118288
118797
119336
119779
120388
120924
121467
122047
122523
123167
123757
124261
124935
125524
126133
126769
127301
128007
128649
99819.9
100010
100206
100406
100609
100818
101031
101248
101468
101695
101925
102159
102400
102641
102900
103104
103407
103668
103941
104212
104494
104777
105066
105359
105659
105965
106271
106601
106861
107243
107572
107913
108257
108606
108975
109275
109703
110070
110457
110842
111236
111649
111986
112467
112877
113308
113742
114178
114647
115023
115551
116014
116486
116987
117398
117967
118464
118973
119512
119953
120560
121095
121638
122218
122693
123335
123923
124426
125098
125685
126292
126926
127455
128160
128803
99973.7
100165
100363
100564
100768
100978
101191
101408
101630
101856
102087
102322
102563
102805
103067
103267
103571
103833
104105
104376
104657
104940
105231
105527
105826
106133
106439
106770
107030
107411
107742
108083
108428
108776
109146
109442
109870
110238
110625
111012
111404
111819
112154
112631
113045
113476
113910
114344
114811
115186
115714
116179
116651
117152
117559
118128
118625
119132
119671
120110
120718
121254
121795
122373
122847
123489
124076
124576
125246
125832
126438
127071
127600
128304
128943
100116
100307
100504
100705
100909
101120
101333
101551
101774
102001
102233
102469
102711
102954
103215
103415
103720
103983
104256
104528
104812
105094
105383
105678
105978
106286
106591
106923
107181
107563
107894
108235
108579
108929
109300
109596
110024
110393
110780
111164
111558
111973
112307
112786
113197
113628
114062
114496
114962
115336
115866
116329
116801
117301
117707
118277
118772
119278
119816
120255
120863
121395
121936
122513
122986
123627
124212
124711
125383
125967
126572
127203
127727
128434
129070
100241
100433
100630
100834
101040
101251
101465
101683
101906
102134
102365
102600
102842
103085
103347
103548
103855
104117
104389
104660
104943
105227
105519
105813
106115
106422
106728
107059
107315
107700
108030
108373
108717
109066
109435
109730
110161
110529
110917
111299
111693
112106
112441
112922
113332
113766
114195
114632
115098
115468
116001
116460
116935
117431
117836
118410
118901
119411
119945
120382
120994
121519
122063
122639
123108
123755
124335
124835
125507
126085
126694
127319
127844
128554
129183
100362
100555
100753
100956
101161
101374
101587
101807
102028
102258
102489
102727
102970
103215
103476
103674
103979
104239
104515
104785
105071
105352
105647
105939
106243
106549
106857
107188
107443
107829
108154
108501
108842
109197
109565
109860
110290
110653
111047
111426
111827
112236
112571
113049
113452
113893
114317
114760
115225
115593
116131
116582
117062
117556
117959
118537
119019
119537
120067
120503
121121
121637
122187
122761
123225
123879
124446
124950
125626
126197
126814
127432
127955
128670
129284
100403
100596
100793
100998
101204
101417
101628
101850
102068
102299
102528
102767
103008
103258
103512
103722
104043
104289
104571
104836
105126
105399
105699
105984
106293
106592
106907
107240
107495
107892
108205
108562
108892
109253
109611
109914
110351
110704
111108
111474
111883
112272
112626
113129
113509
113962
114371
114820
115281
115647
116200
116632
117125
117606
118014
118612
119071
119600
120117
120556
121194
121685
122248
122818
123278
123950
124492
125009
125695
126243
126875
127474
128005
128748
129329
100615
100809
101006
101210
101417
101629
101843
102063
102282
102513
102743
102982
103226
103470
103734
103923
104240
104501
104777
105045
105331
105609
105905
106192
106498
106803
107112
107447
107695
108092
108412
108762
109095
109454
109821
110106
110550
110910
111308
111678
112082
112490
112814
113307
113704
114150
114563
115009
115478
115835
116390
116825
117311
117805
118196
118791
119258
119781
120310
120733
121371
121866
122419
122998
123451
124125
124673
125167
125863
126418
127042
127654
128165
128905
129492
100759
100950
101148
101351
101557
101768
101981
102200
102418
102646
102876
103112
103354
103598
103865
104045
104375
104633
104907
105174
105457
105737
106029
106321
106621
106925
107236
107579
107811
108223
108542
108886
109223
109573
109946
110220
110678
111037
111431
111805
112199
112615
112927
113436
113834
114272
114692
115130
115604
115943
116510
116952
117424
117931
118302
118909
119385
119893
120436
120836
121483
121991
122533
123120
123549
124231
124802
125268
125972
126531
127147
127780
128257
129000
129616
100644
100841
101040
101245
101452
101667
101881
102105
102325
102560
102794
103036
103277
103522
103780
103938
104263
104492
104767
105027
105326
105616
105934
106243
106565
106874
107181
107495
107677
108094
108400
108778
109141
109524
109904
110151
110591
110901
111319
111711
112153
112585
112860
113348
113706
114192
114638
115104
115556
115818
116417
116858
117396
117910
118203
118824
119285
119868
120423
120735
121408
121905
122516
123089
123424
124191
124779
125232
125906
126416
127133
127796
128172
128960
129578
100713
100907
101106
101304
101510
101711
101924
102126
102341
102550
102783
103004
103256
103488
103780
103942
104321
104606
104886
105177
105438
105731
105957
106255
106489
106810
107095
107504
107775
108225
108576
108834
109194
109434
109836
110087
110654
111076
111393
111813
112058
112512
112809
113435
113897
114184
114672
114957
115535
115954
116476
116997
117257
117847
118276
118893
119457
119715
120361
120829
121443
122068
122338
123067
123612
124103
124821
125126
125968
126671
126912
127714
128254
128909
129707
100659
100830
101059
101211
101481
101611
101919
102036
102374
102477
102850
102946
103336
103438
103827
103904
104275
104605
104703
105180
105178
105800
105741
106446
106381
107060
107050
107560
107817
107961
108672
108511
109465
109273
110151
110062
110569
111204
110988
112121
111823
112883
112787
113238
114086
113742
115126
114796
115706
116112
115958
117426
116985
118189
118387
118344
119899
119398
120715
120967
120817
122601
122080
123245
123855
123436
125448
124999
125607
127045
126423
128209
128393
128101
130367
)
;

boundaryField
{
    inlet
    {
        type            fixedFluxPressure;
        gradient        nonuniform List<scalar> 0();
        value           nonuniform List<scalar> 0();
    }
    outlet
    {
        type            prghPressure;
        p               nonuniform List<scalar> 0();
        value           nonuniform List<scalar> 0();
    }
    front
    {
        type            empty;
    }
    back
    {
        type            empty;
    }
    hub
    {
        type            zeroGradient;
    }
    tip
    {
        type            zeroGradient;
    }
    procBoundary0to1
    {
        type            processor;
        value           nonuniform List<scalar> 
160
(
1830.97
1825.62
1818.45
1812.89
1815.07
1809.88
1807.67
1810.68
1806.19
1813.27
1815.98
1811.8
1818.29
1814.31
1819.7
1819.58
1820.08
1820.2
1819.75
1818.85
1806.49
1799.51
1756.9
1760.25
1812.23
1675.64
1666.93
1543.39
1607.18
1813.16
1381.08
1575.72
1825.57
1446.77
1739.73
1873.18
1871.58
1926.31
1927.14
1800.15
1946.05
1941.63
1533.9
1921.28
1911.15
1866.42
1859.73
1826.38
4087
25567.1
27548.2
29929.6
33666.2
36626.2
39532.7
42095.7
44305.9
46418.7
48257.4
50038.4
51650
53148.9
54645.7
55998.8
57358
58607.5
59884.9
61066.7
62281.8
63433.2
64558.3
65941.6
66816.1
67995.6
69105.8
70251.2
71376.9
72524.8
73672.2
74817.3
75999
77074.6
78682.2
79405.6
80673.3
81847.7
83026.7
84268.8
85323.1
87107.2
87726.8
87726.8
88541.8
90468.6
90468.6
91404.7
93486.2
94530
96347.9
96905.1
96905.1
97747.5
99913.6
99913.6
100666
102894
102894
103845
105564
107370
107796
108793
110600
110837
111852
113629
113704
114849
115786
116383
118028
118101
118736
120060
120695
120757
121395
122562
122490
122995
123966
124409
124411
124831
125639
126002
125995
126303
126967
127231
127517
127759
128039
128007
128238
128710
128857
129043
129208
129361
129497
129622
129736
129844
129900
130043
130140
130111
129988
129815
)
;
    }
    procBoundary0to2
    {
        type            processor;
        value           nonuniform List<scalar> 
150
(
-32409.2
-14338.5
-5616.38
-292.393
1526.37
1960.71
2288.23
2465.52
2775.77
3028.21
3295.83
3576.13
3920.15
4242.84
4553.83
4968.89
5390.51
5770.54
6010.84
6311.8
6748
7240.3
7715.06
8000.52
8338.4
8802.04
9231.32
9688.49
10211.2
10688.4
11265.3
12099.3
12965.1
13272.9
13377
13901.6
14469.2
14867.2
15716.7
16439.2
16947.1
17973.2
18792.6
19271.9
20327.2
21119.7
21904.4
22715.2
23506.2
24392.5
24898.7
26066.8
26869.2
27720.2
28629.9
29515.1
30443.3
31333.4
32281.9
33177.2
34197.1
34697.1
36082.1
36988.3
37946.5
38932.5
39896.1
40889.5
41853.1
42871.2
43779.4
45354.6
45809.3
46909.1
47934
48966.7
50013.5
51047.5
52115.3
53145.7
54251.6
55142.6
56968.5
57263.5
58466.9
59530.8
60579.4
61731.6
62590.5
64593.2
64761.7
65989.6
67124.5
67953.3
70084.5
70124.1
71361.7
72537.8
73281.3
75515.2
75464.9
76461.4
78781.3
78549.6
79598.8
81934.4
81545.9
82862.8
83885.8
84459.4
86681.8
86398
87119.9
88880.5
89585.7
89437.8
90177.8
91776
91454.9
92054.4
93365.6
93874.1
93727.7
94225.2
95323.1
95748.4
95614.9
95986.6
96884.8
97168.9
97505.6
97786.6
98135.5
98000.5
98271
98913.2
99056.7
99270.5
99457.9
99628.4
99780.9
99922.8
100047
100168
100208
100418
100568
100448
100514
100414
)
;
    }
}


// ************************************************************************* //
