/*--------------------------------*- C++ -*----------------------------------*\
| =========                 |                                                 |
| \\      /  F ield         | OpenFOAM: The Open Source CFD Toolbox           |
|  \\    /   O peration     | Version:  v2012                                 |
|   \\  /    A nd           | Website:  www.openfoam.com                      |
|    \\/     M anipulation  |                                                 |
\*---------------------------------------------------------------------------*/
FoamFile
{
    version     2.0;
    format      ascii;
    class       volScalarField;
    location    "1e-06";
    object      totalP;
}
// * * * * * * * * * * * * * * * * * * * * * * * * * * * * * * * * * * * * * //

dimensions      [1 -1 -2 0 0 0 0];


internalField   nonuniform List<scalar> 
10302
(
-14707.8
-13462.8
-13315
-12916.7
-13103.7
-12179.7
-12045
-7071.39
-5193.92
-778.072
-143.538
-1011.28
-1387.08
-1796.3
-1931.06
-1641.94
-2172.62
-2376.2
-2237.96
-1943.86
-2119.2
-1976.81
-2067.14
-2044.77
-2046.79
-2026.83
-1936.28
-1815.92
-1253.93
-2213.78
-2449.49
-1070.65
-1026.77
-2161.98
-1830.11
-1734.91
-1993.31
-2146.27
-1018.79
-722.79
-1823.61
-1583.51
-1650.18
-2019.94
-2118.16
-2155.96
-2083.96
-1901.4
-1718.19
-1347.25
-1348.22
-1180.42
-727.298
-95.6733
2013.52
2013.58
2012.75
1943.9
2007.61
1949.34
2049.31
1965.81
2413.46
2014.37
2071.85
8519.77
8610.75
9232.67
7565.33
7656.78
4890.78
4728.31
2190.95
3102.56
2268.29
2848.54
552.431
294.834
-743.012
-812.964
-555.408
-1568.29
-1601.75
-1825.09
-1620.21
-1860.44
-1752.25
-1907.85
-1892.89
-1955.31
-1935.54
-1890.51
-1767.98
-1212.58
-2037.88
-2275.91
-1527.78
-1480.9
-2035.19
-2041.76
-1741.39
-2035.32
-2034.62
-1465.28
-1274.26
-1760.57
-1811.46
-1649.48
-2020.1
-2117.49
-2155.56
-2083.52
-1900.91
-1717.41
-1345.79
-1350.36
-1184.44
-744.878
-113.27
1935.95
2002.42
1976.73
1919.65
1975.78
1965.63
2070.85
1992.58
2429.91
2036.66
2076.68
24742.6
24359.5
24984.9
22886.1
23022.7
18606.6
18273.1
10410.2
11378.3
6637.83
6986.62
3211.45
2995.43
1014.32
1046.99
888.372
-465.496
-823.748
-1045.84
-938.987
-1307.17
-1248.2
-1530.77
-1532.63
-1715.33
-1694.64
-1752.72
-1617.31
-1132.22
-1979.75
-2219.04
-1567.88
-1538.29
-2028.95
-2035.63
-1727.69
-2046.77
-2039.76
-1504.4
-1322.86
-1763.58
-1816.08
-1649.17
-2018.1
-2116.26
-2156.02
-2083.38
-1900.37
-1716.72
-1343.15
-1350.22
-1183.2
-743.406
-127.74
1795.78
2003.44
2003.62
1948.75
2009.11
2009.23
2113.98
2041.25
2453.12
2064.52
2088.78
32280.6
31800.2
32626.9
31063.7
31222.3
26053.5
25084.2
19927.4
15675.2
8354.95
8074.74
4202.23
3515.98
1775.86
1343.44
1002.39
-346.82
-412.441
-945.171
-731.063
-1237.04
-1152.87
-1470.24
-1484.19
-1652.21
-1670.22
-1688.18
-1602.78
-1095.38
-1962.75
-2191.59
-1577.45
-1541.1
-2024.95
-2035.74
-1718.71
-2045.6
-2035.02
-1506.71
-1325.4
-1761.11
-1816.53
-1646.12
-2015.69
-2114.7
-2155.64
-2082.67
-1899.9
-1716.18
-1339.62
-1352.03
-1182.88
-755.056
-151.056
1724.65
2003.3
2003.51
1947.06
2004.59
2024.21
2112.85
2051.85
2447.68
2067.31
2088.5
37770.3
37465.4
38341.3
37668.9
38339.3
34402.5
33056.4
24604.7
21969.1
12505.9
12034.3
7057.98
6438.42
3813.13
3440.04
2639.72
954.55
821.647
45.7643
152.79
-508.64
-475.573
-938.577
-972.34
-1281.74
-1306.87
-1447.93
-1365.71
-918.458
-1824.19
-2066.24
-1572.39
-1525.8
-1978.08
-1991.64
-1682.57
-2027.57
-2018.16
-1557.72
-1373.98
-1756.14
-1815.25
-1643.27
-2014.37
-2113.11
-2156.9
-2083.08
-1900.27
-1716.44
-1335.04
-1353.77
-1182.25
-758.621
-187.662
1429.53
2003.75
2004.91
1939.87
1997
2054.08
2127.66
2078.81
2464.91
2103.56
2112.42
41899.2
41909.9
42832.7
42618.7
43447.5
41951.7
41751
31235.8
29534.1
18104.5
17547.1
10834.2
10381.3
6442.3
6278.96
4527.58
2763.33
2222.25
1430.18
1328.46
547.443
485.517
-140.019
-196.166
-704.77
-711.215
-1056.52
-936.882
-644.378
-1568.2
-1845.51
-1442.59
-1387.77
-1875.38
-1883.11
-1608.64
-1976.06
-1976.79
-1556.83
-1373.25
-1741.97
-1803.29
-1631.2
-2007.24
-2110.49
-2155.82
-2081.09
-1900.58
-1716.56
-1329.07
-1356.64
-1182.72
-765.275
-201.642
1305.01
1897.56
2005.03
1974.12
2022.44
2091.62
2147.72
2105.98
2458.98
2118.04
2115.84
43203.3
43271
44340.9
43952.2
45017.5
43523.3
43779.8
34323.7
32038.6
20369
19016.6
12158.5
11157.8
7417.36
6726.37
5031.64
2977.46
2785.68
1616.66
1680.26
694.706
681.784
1.04286
-81.806
-549.572
-644.842
-904.679
-892.805
-558.7
-1527.1
-1770.41
-1464.69
-1397.05
-1847.38
-1868.8
-1563.73
-1969.04
-1958.37
-1581.05
-1394.95
-1736.32
-1800.28
-1621.34
-2002.65
-2106.91
-2155.03
-2079.24
-1900.2
-1715.5
-1322.01
-1360.11
-1182.74
-775.267
-223.009
1181.32
1800.32
1979.99
1979.51
2018.81
2098.03
2138.61
2110.7
2440.19
2123.4
2115.92
46117.5
46298
47332.7
46977.5
48413.6
47259.9
48209.1
39895.6
37090.8
25222.7
24023.5
15878.1
14996.7
10233.2
9637.19
7500.36
4940.93
4686.87
3210.02
3059.58
1944.44
1833.58
992.442
889.826
218.163
145.882
-317.752
-280.777
-33.9469
-1127.37
-1419.56
-1240.08
-1169.02
-1659.84
-1672.38
-1411.35
-1865.6
-1873.63
-1552.27
-1367.42
-1704.62
-1769.37
-1591.61
-1988.31
-2096.53
-2153.95
-2075
-1899.86
-1715.06
-1313.38
-1364.47
-1183.41
-785.927
-244.863
1072.08
1692.2
1913.29
1969.93
2014.17
2106.85
2140.6
2123.04
2433.2
2150.02
2134.38
47417
47470.4
48521.4
48102
49701.6
48696.8
49990.4
47117.4
44235.1
27836.1
25392.9
17348.2
15746.7
11366.2
10131.5
8209.36
5238.66
5223.7
3467.69
3521.49
2173
2129.54
1216.22
1081.69
463.742
271.089
-71.1732
-195.585
144.763
-1044.63
-1281.68
-1233.29
-1150
-1596.17
-1634.3
-1320.96
-1843.87
-1832.06
-1571.93
-1382.03
-1691.69
-1759.01
-1562.5
-1979.07
-2087.91
-2151.76
-2071.24
-1898.43
-1712.83
-1303.54
-1368.48
-1186.46
-799.012
-268.94
967.151
1584.26
1830.93
1953.7
1988.9
2100.85
2125.48
2116.87
2403.45
2152.83
2140.8
49935.3
50030
51130.8
50604.6
52475.5
51701.5
53532
49272.7
47372.8
32348.3
29899
20896.7
19495.3
14132.8
13130.6
10397.8
7359.02
7138.19
5235.16
5093.6
3624.18
3488.19
2411.18
2269.65
1431.95
1287.4
694.489
641.242
802.003
-444.801
-738.601
-850.522
-772.421
-1281.54
-1302.48
-1072.7
-1651.38
-1670.3
-1489.85
-1304.59
-1624.36
-1688.45
-1501.99
-1948.6
-2062.49
-2143.62
-2061.16
-1899.85
-1713.42
-1291.66
-1373.44
-1188.02
-815.301
-296.148
865.759
1460.06
1735.08
1916.38
1951.17
2096.89
2108.65
2110.56
2385.97
2177.93
2163.61
52792.9
52828.2
53789.1
53561.5
55617.3
54773.9
57242.8
53379.8
52358.7
39270.4
37163.5
26670.6
25749.3
18379.4
17877.6
13478
10467.6
9506.77
7697.42
7138.22
5617.18
5297.25
4040.47
3889.5
2757.58
2722.19
1750.26
1882.81
1665.2
497.93
74.6012
-185.825
-124.623
-747.069
-707.433
-644.337
-1252.59
-1371.27
-1268.23
-1102.56
-1464.68
-1508.52
-1374.56
-1854.34
-1993.63
-2100.44
-2017.83
-1883.69
-1692.32
-1276.81
-1375.44
-1187.97
-831.203
-320.531
780.546
1365.75
1674.35
1950.41
1987.21
2117.16
2125.45
2126.78
2364.88
2197.68
2185.93
53724.8
53567.6
54840.3
54758.9
56717
55799
58452.4
54921.3
54747.5
43075.9
39728.1
29071.3
27472.6
20009.9
18912.6
14540.8
11061.9
10442.8
8189.79
7840.88
6048.34
5793.08
4441.45
4242.39
3161.68
2979.9
2151.59
2069.04
2038.54
696.064
373.921
-54.407
1.9368
-571.895
-589.523
-440.971
-1170.36
-1240.04
-1248.18
-1077
-1411.88
-1463.98
-1295.61
-1822.36
-1956.7
-2084.49
-2001.79
-1875.25
-1685.3
-1261.17
-1379.54
-1193.94
-851.521
-348.863
698.52
1251.76
1594.31
1970.54
1999.57
2126.93
2117.04
2119.34
2320.25
2183.24
2194.03
55638
55610.2
57149.5
57079.8
59031.5
58253.4
61237.6
58275.6
59478
49694.9
46215.8
34917.3
33679.1
24772.1
24067.7
18247.3
14424.7
13231.4
10850.6
10132.9
8212.92
7791.28
6239.62
6040.16
4671.96
4603.25
3430.23
3513.52
3124.97
1856.24
1411.19
852.954
886.245
180.1
235.802
212.347
-552.049
-747.427
-849.146
-711.665
-1117
-1136.06
-1045.22
-1627.99
-1808.96
-1979.19
-1900.24
-1825.89
-1628.72
-1222.93
-1371.43
-1190.92
-872.572
-375.055
631.075
1139.74
1519.73
1980.92
1996.96
2125.57
2117.73
2121.16
2291.65
2187.28
2227.11
56455.1
56666.4
58153.7
58138.3
60034.6
59245.8
62320.5
59614.5
61534.7
53139.1
49149.8
37748.7
35572
26701.8
25359.2
19396.3
15195.5
14260.7
11519.7
10995.2
8815.47
8447.35
6793.97
6534.09
5206.39
4986.22
3936.82
3807.56
3563.11
2156.89
1824.5
1118.79
1132.06
467.131
443.578
509.927
-392.181
-520.763
-756.52
-619.642
-1003.82
-1043.28
-909.264
-1560.66
-1730.29
-1934.68
-1860.32
-1797.56
-1609.1
-1191.39
-1372.19
-1196.78
-897.102
-406.169
559.422
997.048
1446.15
1991.05
1988.04
2107.07
2099.62
2103.95
2230.72
2164.56
2236.29
58627.5
58956.7
60339.6
60192.4
62001.6
61490.9
64616
62571.1
65558.2
58696.3
56339
44506.3
42379.6
32481.5
31616.9
24129
19387
17755.9
14755.5
13777.5
11408.1
10833.1
8936.91
8668.96
7013.56
6928.05
5484.35
5563.21
4883.34
3593.51
3113.59
2330.28
2310.25
1493.12
1563.18
1402.16
519.964
225.334
-84.9242
-0.536503
-484.287
-470.247
-458.456
-1173.4
-1426.26
-1693.25
-1630.37
-1661.36
-1456.1
-1094.11
-1328.91
-1168.55
-910.56
-426.251
521.391
890.563
1397.43
1993.25
1960.31
2092.92
2094.24
2101.24
2214.59
2178.25
2267.83
59674.2
59919
61391.6
61424.9
63034.1
62677.9
65522.6
63717.5
67066.1
60914.9
59820.4
48550.2
44874.5
35137.7
33315.2
25659.3
20448.4
19018.4
15644.4
14861.4
12195.6
11666
9638.53
9300.49
7664.34
7415.44
6102.44
5939.6
5422.41
3978.81
3619.74
2722.1
2669.79
1891.89
1854.36
1809.94
767.467
566.606
110.857
187.05
-281.376
-311.722
-213.114
-1043.16
-1270.32
-1591.96
-1543.88
-1590.09
-1410.79
-1022.14
-1318.87
-1169.25
-936.326
-461.163
471.546
765.183
1341.52
1994.91
1926.04
2094.57
2077.59
2084.59
2178.56
2159.98
2273.7
61630
61909.5
63332.9
63248.8
64992.1
64805.2
67614.1
66224.4
70175.3
65190.1
66278.6
57921
52526.7
41930.4
41014.3
31795
26283.3
23717
19950.3
18449.7
15423.5
14590.2
12177.3
11818
9741.99
9661.78
7837.6
7967.6
6883.5
5634.68
5092.18
4182.14
4092.22
3148.14
3228.97
2870.76
1950.04
1540.6
1071.1
1079.58
495.009
546.304
451.684
-388.154
-736.053
-1126.61
-1098.06
-1295.73
-1076.44
-801.552
-1181.91
-1067.21
-914.273
-443.752
438.522
691.936
1336.73
2021.16
1914.97
2096.53
2082.04
2090.52
2185.99
2180.34
2299.45
62495.3
62816.7
64080.4
64196.2
65935.2
65903.4
68447.5
67258.2
71528.8
67424.2
69064.1
63875.4
62244.7
46676.5
43904.3
35348
28621.6
26154.7
21612.2
20216.3
16645.4
15827.8
13161
12710.1
10596.5
10328.7
8658.38
8483.83
7646.86
6134.27
5724.91
4711.94
4588.47
3688.79
3633
3462.85
2324.74
2045.33
1423.47
1420.17
845.561
823.525
889.976
-129.104
-422.223
-894.333
-893.385
-1112.25
-946.365
-625.469
-1115.39
-1024.78
-912.19
-460.374
429.363
650.295
1346.35
2018.91
1921.14
2103.59
2148.06
2144.88
2221.94
2240.43
2309.72
63274.3
63655.4
64850.7
64983.8
66712.4
66753.1
68965.7
69371.8
72226.8
68291.2
70591.9
66694.2
67666.7
49025.1
45314
37198.6
28964.1
27486.6
21907.6
20964.3
16941.6
16265.5
13506.9
12971.5
10991.8
10485.3
9035.31
8582.05
7880.71
6289.61
6042.98
4991.29
4840.33
4034.99
3824.7
3744.62
2490.08
2355.62
1639.62
1634.99
1101.67
984.425
1142.51
11.6614
-193.895
-724.929
-752.413
-962.126
-881.019
-495.704
-1092.67
-1018.71
-937.516
-524.712
384.578
511.354
1284.18
1993.32
1693.32
2065.16
2041.11
2045.44
2149.47
2150.57
2296.59
65281.1
65756.6
66743.7
66974.5
68495.5
68783.7
70824.4
70534.4
74342.2
71476.8
74559.2
72150.3
74824.4
59196.4
53372.1
45644
36817.4
34620.1
28019.6
26338
21290.4
20215.8
16648.2
16010.2
13421.3
12981.2
11111.3
10748.2
9699.48
8082.8
7716.87
6625.35
6438.05
5504.52
5369.17
5117.33
3916.09
3655.16
2912.37
2840.18
2199.83
2139.02
2174.14
1023.7
727.602
108.503
56.2409
-322.477
-221.858
47.1804
-706.808
-697.905
-758.891
-367.842
487.16
512.265
1354.24
2020.87
1622.99
2066.73
2001.91
2009
2128.75
2125.72
2309.87
66124.9
66472.3
67600.1
67977.9
69294.7
69761
71626.7
71358.5
75000.3
72538.1
75920
73658
76800.7
63454.3
58598.6
48828.8
39240.6
37018.3
29798.5
28126.4
22525
21381.3
17497.2
16725
14060.6
13426.8
11589.8
11046.8
10027.6
8393
8121.22
7019.47
6813.56
5923.57
5689.92
5437.68
4215.26
4043.82
3273.95
3199.14
2575.51
2442.5
2491.99
1310.03
1084.73
433.567
355.754
-46.0305
-22.6638
280.858
-575.958
-595.91
-714.474
-379.95
504.998
463.002
1369.89
1926.67
1525.57
2058.96
1949.58
1949.25
2081.59
2078.34
2279.83
68008.1
68215.6
69293.2
69634.7
70970.5
71595.6
73338.9
73319.6
76771.1
74908.3
78529.8
77192.9
80501.1
70296
68280
62204.9
49334.2
46334.2
38871.1
36511.6
29770.8
28002.1
22722.6
21679.1
17810.9
17184.6
14466.8
14029.5
12372.4
10565.9
10137.4
8919.66
8677.32
7627.52
7471.43
7011.04
5846.92
5547.61
4766.35
4634.86
3919.55
3849.26
3752.29
2604.44
2282.55
1580.68
1487.48
925.008
995.723
1141.08
139.437
37.6822
-263.677
44.3471
820.545
624.183
1586.08
2042.72
1826.39
2054.09
1937.67
1908.95
2046.96
2035.13
2268.6
68711.2
69094.1
70132.3
70427.1
71766.7
72540.1
74140.7
74286.4
77401.4
75929.5
79292
78212
81239.2
73192.1
71661.7
69300.3
52580.7
50197.2
41751.6
39455.5
32165.9
30281.9
24433.9
23211.4
18927.5
18156.1
15214.7
14661.6
12920.4
11090
10731.5
9455.99
9200.72
8139.53
7899.5
7421.61
6233.17
6024.61
5203.01
5080.4
4364.92
4223.12
4139.16
2972.69
2737.36
2004.45
1892.79
1319.63
1298.29
1491.26
395.352
272.24
-102.36
116.275
919.072
622.086
1663.87
2083.59
2009.04
2059.64
1857.03
1824.48
1986
1967.09
2226
70077.8
70596.5
71724.1
71900.1
73238.7
74073.7
75651
75960.2
78871.3
77851.9
81132.5
80315
83255.1
77328.1
77610.5
77378.8
67049.6
76909.3
51848.6
48959.7
42105.7
39735.7
33007.1
31461.7
25512.8
24811
20055.5
19826
16517.4
14297.4
13539
11977.7
11640.3
10220.3
10121.5
9191.35
8127.16
7678.71
6897.08
6707.67
5879.39
5850.2
5493.11
4488.67
4102.04
3390.86
3282.3
2537.12
2649.72
2576
1468.78
1262.53
699.794
948.848
1512.51
1117.43
2159.67
2463.29
2574.28
2270.35
2039.71
1869.66
1968.85
1927.28
2195.25
70840.2
71462.8
72590.6
72743.7
73988.3
74956.5
76420.7
76871.4
79468.3
78862.7
81796.2
81218.1
83517.2
79415.8
79269.3
81130.1
73112.8
83284
55478.7
53777.7
46092.9
43939.9
36678.2
34917
28427.5
27350.2
22110.3
21566.6
17847.8
15471.1
14760.5
12945.9
12588.5
11071.2
10846.7
9985.32
8746.43
8427.94
7513.15
7339.31
6504.4
6363.16
6180.7
5012.05
4749.89
3969.51
3838.63
3157.21
3112.74
3174.12
1941.55
1731.63
1129.52
1241.84
1894.62
1288.84
2337.32
2765.61
2729.35
2259.91
2095.68
2079.62
2086.65
2094.43
2207.07
71560.4
72279.3
73122.3
73478.5
74684.3
75693.3
77108.6
77613
79953.5
79606.2
82226.2
81742
83646.6
80281.8
80680.4
82294.5
75683.1
82827.3
69557.4
56952
48341.6
45893
38523.2
36436.3
30032.6
28309
23303.5
22002.2
18601.1
15664.8
15139.3
13210.6
12821.9
11361
10978.7
10186.9
8824.7
8635.96
7703.36
7544.68
6758.94
6532.07
6332.7
5176.77
5014.14
4258.9
4105.54
3482.51
3322.73
3416.19
2198.39
2000.14
1403.67
1395.74
2002.75
1293.1
2311.12
2644.18
2832.16
2469.66
1939.8
1643.3
1852.48
1775.3
2062.87
72907.2
73754.7
74238.1
74834.3
75982.9
77045.9
78405.7
79017.1
81173.9
81184.2
83595.6
83436.4
85210.1
82859.3
83581.2
85775.9
82013.6
88159.1
82499.6
71923
65973.1
56294.4
49603.4
47485.3
40636.6
38714.9
32325
30778
25640.3
21366.2
20251.8
17360.9
16726.4
14481.7
14098.7
12707.1
11159.4
10771.3
9683.23
9450.35
8505.69
8324.49
7944.57
6829.29
6584.41
5814.42
5660.79
4971.98
4883.75
4828.68
3615.8
3383.64
2699.28
2711.34
3104.07
2241.47
3075.39
3265.53
3700.7
3267.61
2682.62
2207.6
2022.46
1759.93
2050.85
73645
74377.2
74934.6
75720.2
76743.2
77863.1
79149.8
79799.3
81755.8
81978.9
84114.2
84097.3
85635.9
83914
84608.3
86582.7
83534.9
88991.4
85311.7
77421.1
70634.9
73968.8
53114.3
50885.2
43777
41604.7
34826.7
32999.1
27282.5
22881.9
21625.1
18435.3
17720.1
15218.9
14759.9
13128.2
11597.6
11237.3
10133.5
9903.8
8932.54
8707.56
8271.31
7186.11
6996.43
6232.64
6075.38
5405.11
5248.26
5206.51
4040.25
3835.62
3155.35
3090.77
3415.02
2482.61
3168.97
3346.91
3879.25
3438.47
2867.76
2260.8
1847.85
1525.08
1895.49
75063
75396.6
76054.5
76954.1
77905
79040
80300.8
80989
82804.5
83240.6
85203.5
85375.3
86874.3
85707.5
86748.6
88507.7
86938.8
91667.7
89784.4
84871.2
80870.9
89205.7
78621.3
61035.4
54872
53659.1
46575.1
45890.9
38550.6
33444.5
31140.8
26779.3
25564.6
21550.8
21153.1
17952.1
15878.7
14916.1
13354.2
12902.9
11446.2
11314.2
10326.8
9253.07
8840.43
8032.34
7873.09
7015.4
7045.87
6680.01
5630.45
5386.48
4628.23
4688.27
4682.18
3748.1
4147.5
4225.76
5125.24
4643.88
4381.49
3870.13
2696.37
2377.68
2157.63
75998.1
76089.8
76716.4
77726
78594.1
79785.1
80978.6
81709.2
83354.2
83953.6
85683
86040.7
87329
86735.5
87674.9
89432
88063
92335.7
90611.9
88308.9
85022.9
94986.4
91343
76061.2
59422.5
57143.3
52172.3
49287.8
43628.8
37190.5
35304.9
30051
28766.1
24148.2
23484.8
19820.3
17467.7
16479.3
14607.1
14143.9
12462
12242.5
11193.4
10003.2
9668.65
8758.23
8580.66
7762.48
7642
7395.22
6272.34
6055.98
5344.49
5264.33
5366.35
4263.18
4492.99
4549.84
5345.29
5269.72
4746.17
4376.24
3050.06
2952.72
2232.79
76495.7
76858.3
77499.5
78513.5
79365.2
80518.3
81677.9
82410.5
83934.7
84605.6
86129.7
86565
87728.7
87426.1
88389.2
89890.8
88817.2
92308
90922.8
90034.7
87412.9
96657.9
94752
83417.1
70802.7
60827.7
53219.3
50972.1
45225
38831.6
37073.7
31685.8
30191.2
25563.5
24387.6
20826
17805.1
17065.5
14978.8
14491
12810.8
12443.3
11438.1
10129.3
9876.2
8977.23
8773.87
7999.81
7790.77
7533.93
6480.56
6279.8
5616.44
5471.13
5488.84
4441.97
4544.63
4549.31
5273.83
5351.32
5071.64
4753.09
3289.45
2701.16
2130.2
77417.2
77949.9
78685.7
79672.9
80489.3
81586.8
82715.8
83485.6
84913.5
85697.7
87088.6
87665.9
88796.1
88837
89888.3
91310.9
90888.9
93793.9
92959.9
93122.2
92024.7
99911.7
99569.2
92660.3
84521.7
82053.6
88064.9
62287.7
57756.4
52222.7
50528.2
45085.6
43346.1
37812.9
36387.1
31348.6
27104.7
25402
22076.5
21049.8
18156.1
17631.4
15575.7
13696.4
13090.4
11758.6
11442.6
10283.7
10130.8
9498
8353.96
8090.41
7323.14
7225.91
7038.98
5987.92
5912.47
5682.56
6244.52
6584.61
6369.3
6202.83
5545.45
5217.8
3679.6
78046.8
78641.8
79407.2
80384.7
81183.7
82250.6
83327.5
84131
85448
86286.2
87555.2
88216.6
89276.5
89570.4
90582.1
91966.6
91761.8
94309.3
93612.3
94326.1
93682.9
99900
99892
96144.7
90301.8
89843.2
102335
80469.1
62202.7
55756.6
54777.8
48879.1
47234.1
41460.6
39860.6
34294.8
30100.6
28116.1
24524.2
23424.1
19939.4
19441
16239
14892.3
14122.4
12677
12350.1
10963.6
10827.4
10044.7
8941.57
8688.92
7874.72
7740.56
7508.09
6463.25
6337.53
5962.52
6360.07
6805.6
6696.72
6612.13
5962.93
5853.12
3955.96
78899.7
79561.9
80338.5
81252
82061.3
83041.8
84075.6
84890.7
86116.9
86960.6
88103.7
88819
89802.4
90237.1
91227.5
92410.8
92422.2
94524.6
94069.3
95127.2
94706.1
99537.1
99473.6
97068
92447.7
93480.4
102831
88713.1
76720.4
57456.1
55695.4
51140.9
49350.4
44117.3
41931.4
37263.8
31603.3
30582.8
26179.9
25047.5
21499.9
20388.9
17825.4
15185.8
14784.7
13053.8
12622.8
11341.9
10891.4
10239.4
8999.27
8763
8017.47
7735.58
7552.08
6474.1
6328.92
5962.9
6143.65
7039.51
6929.23
6870.17
6716.03
6328.25
4694.55
79938.5
80732.6
81480.4
82348.3
83148.8
84056
85028.6
85881.1
87041.3
87916
88998.4
89789.7
90760
91354
92382.2
93489.8
93832.9
95632.5
95610.8
96851.5
97001.6
100721
100836
99795.7
97220.5
98935.8
105720
97875.2
90987.1
79846.7
76931
64937.4
61692.9
58476.8
56752.3
52651.2
46963.7
45444.6
40009.4
38308.5
33312.2
31778.6
27589.3
23743.1
22423.9
19463.8
18659.1
16147.6
15665.5
13990.8
12194.7
11776.5
10526.1
10245.2
9643.73
8444.63
8206.75
7534.14
7580.63
8105.47
7739.54
8170.4
8134.12
7999.1
7530.38
80840.8
81681.9
82349.9
83214.2
83994.7
84848.2
85726.1
86620.3
87681.6
88578.1
89582.9
90399.9
91331.8
92007.4
93015.4
94006.2
94536.6
96066
96264.4
97522.2
97851.1
100738
100643
100292
98346.7
99922.5
103693
99270.7
94917.3
86221.8
85635.1
79767.5
81983.6
60856.1
58763.3
55386.5
50067.8
48471.2
43140.3
41421
36180.8
34635
29816.3
25968.3
24426.8
21214.8
20298.7
17301.3
16757.7
14649.7
12880.9
12409.9
10993.2
10694
9884.34
8774.57
8544.99
7779.25
7726.25
8043.79
7758.37
8417.87
8410.61
8344.67
7925.21
82035.6
82863.6
83463
84309.5
85061.8
85857.2
86627.2
87584.2
88554.6
89489.7
90430.3
91288.8
92203.3
92957.8
93977.7
94876.2
95619
96929.7
97409.1
98628.1
99213.7
101474
101595
101750
100431
101883
103899
101702
98714.4
93389.1
93629.1
91332.2
95478.3
83328.2
79495.9
77430.8
62462.6
61132.3
57464.5
56200.2
51638.6
50909.4
45421.7
41418.7
38918.5
34728.4
33287.6
28725.7
28324.7
23992.7
20994.5
19897.6
17211
16974.5
14765.6
13085.7
12540.2
11128.1
11112.5
10458.2
9745.99
10095
9792.24
10141.8
9895.32
82893
83649
84195.7
85031.7
85772.5
86531.9
87185.3
88206
89097.8
90021.9
90932
91795.3
92698.8
93504
94500.8
95353.2
96134.8
97366.7
97932.1
99150.6
99801
101620
101849
102243
101457
102552
103523
102038
99822.7
95454.7
96526.3
95567.2
98824.2
91320.2
88837.7
89674.7
118271
65067.1
61451.8
60582.7
56950
55028
51450.3
45734.3
44277.6
39080.9
37525.2
32819.7
31511.3
27449.3
23866.4
22764.3
19568.5
19111.4
16640
14779.7
14190.7
12526.4
12318.8
11379.7
10477.3
10614.6
10442.2
10514.5
10386.1
84049
84765.5
85282.7
86094.5
86781.1
87503.9
88026.3
89062.7
89893.3
90798.4
91649.7
92512.1
93365.3
94195.9
95139
95912.5
96778.2
97848.8
98511.8
99600.7
100314
101747
102048
102517
102045
102885
103209
102253
100366
96988.6
97991.8
96665
99397
94359.4
93038.2
91905.5
96969.2
81718.3
63862.6
61290.2
57875.1
56653.1
52653.3
47629
46032.2
41191.5
39552.5
34925.3
33355.2
29282.1
25460.1
24238.9
20994.6
20121.9
17581
15396.6
14754.5
13009.8
12598.7
11502.4
10469.2
10476.4
10241.9
10647.8
10699.1
85183.6
85898.5
86392
87196.1
87747.7
88452.9
88920.7
89970.4
90749
91658.2
92464.8
93359.3
94188.5
95049.3
95986.9
96704.1
97656.1
98644
99407.3
100427
101223
102422
102870
103415
103274
103971
104087
103603
102277
99905
100564
99708.3
101690
98592.4
98473.4
98456.3
100097
95505.1
88754.7
88482.2
91594.4
93392.1
64789.2
62194.2
60937.9
57556.1
56480.5
52334.4
51491.3
46603.3
42162.9
40360.8
35898.2
34782.1
30372.6
26758.3
25351.5
22138.2
21541.6
18739.3
16543.6
15969.7
14529.3
14769.2
14224.3
85894.9
86613
87107.6
87896.6
88377.7
89046.5
89526.8
90548.9
91270.6
92151.4
92941.3
93825.3
94653.1
95519.4
96440.6
97136.4
98078.2
99060.2
99814.5
100822
101593
102654
103149
103720
103774
104305
104376
104000
103115
101280
101707
100935
102030
100046
99878.4
100594
100417
99873.1
95666.8
98539.3
106722
103728
99464.4
65559
64985.6
61459.2
60381.5
57610.6
55085.2
52151.5
46315.1
44837.7
40010.5
38277.7
34008.2
29943.5
28571.8
24783.5
24101.7
20759.8
18619.5
17870.6
15885.1
16020.5
14873
87127.3
87812.3
88309.9
88980.7
89410.5
89993.7
90541.8
91499.7
92184.1
93031.1
93779.3
94648.3
95426.3
96287.5
97155.1
97798.7
98775.3
99657.5
100438
101334
102107
102994
103527
104051
104205
104610
104596
104331
103647
102317
102546
101922
102516
101067
101022
101339
100213
101162
99323.8
103325
110446
109387
115228
102908
96503
62127.7
61147
58104.6
56764.2
53124.1
48457.3
46936.8
42513.5
40666.9
36691.5
32302.1
30950.8
27375.4
26036.3
23140
20140.3
19327.1
17268.7
16771.5
16014.5
88299.5
88943.9
89386.3
89952.7
90321.2
90828.7
91426.7
92286.9
92984.9
93832.1
94575.8
95441.9
96202.9
97060.4
97923.1
98522.1
99518.3
100360
101170
102018
102806
103614
104200
104733
105004
105375
105411
105302
104839
104020
104150
103774
104163
103446
103530
103817
103088
104460
104044
108394
114266
116245
123111
119897
113026
89263.7
90017.1
99862.4
71660.9
66251.5
63821.9
62983.1
59977.6
58863.3
55421.2
51285
49713.3
45588.7
44062.7
39903.9
35509.3
33915
30020.3
28902.1
25763.6
89078.8
89684.3
90030.5
90554.3
90877.1
91400.2
91998.5
92974
93700.5
94394.8
95054.8
95897.1
96639.1
97491.9
98335.6
98920.8
99916.7
100749
101536
102365
103119
103884
104468
105004
105328
105671
105755
105720
105427
104922
105007
104759
105015
104660
104773
105091
104519
105793
105718
109602
114105
116942
122363
120664
112970
99321.5
102434
116537
102157
107940
66685.3
65540.9
63207.6
61675.6
59538.1
54665.4
53525.6
49166
47365.7
43368.6
38772.1
37279.1
32672.3
31617.5
27609.2
90407.7
90896.2
91152.4
91636.8
91909.5
92530.6
93111.6
93896.6
94507.7
95353.4
95991.2
96832.6
97524.6
98367.5
99154.4
99703.7
100703
101464
102247
102993
103732
104408
104998
105488
105849
106147
106270
106279
106075
105755
105791
105662
105829
105678
105837
106156
105872
107044
107441
110610
113961
116964
120824
118918
112979
104688
107856
118497
113210
124683
101159
132756
64142.2
62612.4
60263.4
56602.3
55768.5
52204.2
50167.2
46960.4
42269.4
40986.5
37366.4
34970.6
32235.1
91364
91770.9
91987.3
92422
92674.5
93327
93938.9
94509
95021.2
95966.3
96675.9
97492.1
98207.6
99007
99804.5
100324
101288
102041
102815
103548
104276
104938
105537
106043
106444
106771
106953
107068
106958
106843
106913
106913
107107
107158
107429
107833
107913
109071
109919
112610
115366
117987
120758
119462
116001
110720
113569
121343
121235
129241
121206
137828
98575.5
88335.8
89726.1
105990
71786.4
66616.3
65580.1
64358.8
60470.8
59590.1
56766.7
54481.4
51584
92232.1
92631.4
92828.7
93232.7
93554.3
94252.2
94779.8
95499.3
96036.5
96817
97422.4
98219.3
98888.9
99689.3
100443
100939
101934
102634
103405
104094
104801
105422
106009
106501
106911
107239
107456
107615
107567
107608
107698
107757
107966
108103
108434
108843
109150
110188
111176
113400
115620
117796
119635
118539
116294
112896
114817
119125
120632
125306
120703
125354
102858
94492.6
97695.8
116551
93850.6
96996.4
93615.3
64816.2
61950.4
61191.7
58277.2
56868.3
53579.2
93065.4
93413.8
93599.7
93977.4
94354.1
95032
95534.2
96220.1
96755.6
97529.6
98119.4
98896.4
99538.3
100316
101051
101511
102483
103161
103924
104587
105298
105896
106499
106989
107436
107787
108056
108289
108297
108460
108600
108749
108994
109238
109629
110046
110537
111523
112618
114497
116393
118228
119606
119078
117849
116086
117439
120195
122044
124694
122451
122778
109648
103429
106757
117207
107829
111491
111058
93620.2
85577.2
88125
96573.1
106650
67386
93895.7
94244.8
94417.8
94872.1
95264.7
95920.2
96389.7
97051.8
97562.3
98302.9
98862.2
99615.6
100227
100990
101693
102140
103096
103745
104490
105123
105824
106395
106998
107470
107938
108286
108597
108856
108919
109172
109346
109544
109808
110109
110521
110947
111544
112465
113531
115105
116688
118211
119306
119091
118491
117568
118553
120355
121872
123270
121590
120221
111957
107109
108795
113289
109405
109723
106374
98061.3
92717.3
97106.9
106324
99179.5
83679.5
94706.3
95032
95231.9
95753.4
96099.1
96753.9
97179.7
97847.3
98320.8
99059.6
99567.1
100320
100876
101644
102294
102715
103674
104291
105025
105624
106322
106869
107478
107945
108440
108797
109159
109460
109547
109910
110126
110395
110692
111055
111508
111929
112620
113488
114523
115874
117246
118541
119429
119528
119324
118983
119755
120977
122210
122979
121810
120095
114843
111467
111983
113793
112097
111355
108423
102931
100403
103477
108523
104813
98227.5
95221.7
95549.6
95798.3
96341.4
96697.8
97296.6
97723.9
98350.3
98814.1
99505.9
100010
100727
101285
102009
102667
103068
103967
104597
105289
105900
106569
107130
107728
108216
108723
109111
109510
109863
109989
110392
110677
110977
111327
111722
112211
112656
113352
114205
115151
116346
117532
118657
119442
119680
119761
119712
120328
121218
122047
122509
121540
119930
116444
113886
113938
114090
113152
111957
109248
105732
103376
105155
107820
105134
102087
96407
96792.4
97063.7
97599.7
97938.4
98514.7
98905
99524
99944
100608
101076
101776
102287
102998
103603
103980
104909
105466
106173
106714
107390
107893
108505
108949
109474
109841
110273
110619
110758
111226
111512
111862
112201
112627
113110
113530
114251
115022
115917
116933
117976
118935
119606
119968
120181
120305
120799
121413
121980
122146
121311
119925
117466
115565
115124
114712
113990
112713
110496
108096
106119
107074
108127
106496
104622
97185.9
97596.7
97880.7
98358.5
98696.1
99217.4
99608.2
100178
100599
101208
101683
102336
102856
103516
104124
104470
105337
105887
106566
107104
107757
108263
108864
109324
109850
110256
110698
111102
111256
111768
112107
112503
112880
113344
113866
114285
115016
115762
116609
117535
118473
119350
119959
120420
120737
120995
121428
121909
122315
122337
121693
120572
118845
117415
116782
116209
115551
114409
112730
111130
109779
110240
110677
109765
108869
98235.8
98633
98875.3
99333.9
99637.4
100146
100502
101049
101434
102013
102457
103100
103587
104241
104810
105148
106024
106542
107211
107717
108363
108845
109445
109891
110431
110831
111303
111710
111888
112461
112813
113239
113631
114110
114631
115030
115786
116480
117264
118092
118928
119719
120261
120787
121145
121453
121828
122193
122464
122398
121884
120988
119695
118570
117861
117176
116529
115506
114214
113021
111990
112161
112245
111781
111361
99112.4
99474
99694.2
100117
100397
100875
101200
101718
102080
102646
103077
103694
104163
104789
105341
105650
106489
106997
107643
108135
108766
109238
109830
110274
110818
111230
111714
112144
112330
112937
113317
113778
114193
114702
115240
115631
116392
117066
117824
118584
119368
120111
120609
121177
121573
121930
122279
122590
122808
122696
122325
121627
120675
119801
119102
118456
117847
116982
116025
115146
114404
114471
114495
114380
114400
100160
100499
100699
101100
101350
101795
102096
102595
102922
103477
103878
104478
104922
105534
106058
106363
107183
107666
108298
108767
109391
109843
110435
110864
111417
111821
112325
112760
112968
113610
113995
114484
114901
115431
115963
116347
117112
117742
118459
119152
119878
120560
121016
121605
122003
122365
122677
122945
123106
122985
122715
122170
121443
120739
120093
119505
118932
118203
117456
116796
116250
116285
116313
116396
116674
100975
101294
101461
101834
102052
102483
102755
103236
103547
104099
104475
105062
105479
106076
106568
106842
107652
108122
108742
109191
109804
110241
110829
111250
111805
112208
112723
113161
113366
114041
114441
114951
115374
115921
116453
116816
117596
118203
118904
119551
120250
120897
121316
121935
122346
122734
123038
123296
123456
123331
123179
122768
122233
121691
121110
120633
120134
119562
119009
118505
118170
118232
118351
118608
119066
101971
102266
102425
102775
102986
103393
103654
104113
104410
104936
105292
105854
106256
106830
107311
107587
108353
108806
109405
109843
110444
110869
111453
111867
112424
112828
113347
113797
114023
114701
115098
115625
116048
116607
117134
117500
118268
118844
119519
120119
120787
121395
121791
122406
122810
123196
123483
123732
123881
123773
123700
123387
122989
122560
122059
121672
121248
120800
120387
120014
119854
119943
120116
120482
121092
102735
103023
103153
103495
103672
104072
104301
104757
105030
105552
105881
106435
106801
107369
107809
108051
108828
109263
109858
110272
110868
111276
111856
112257
112816
113209
113742
114179
114395
115104
115518
116055
116475
117041
117556
117892
118677
119232
119892
120455
121104
121683
122039
122687
123094
123496
123783
124050
124213
124115
124158
123946
123674
123365
122935
122676
122347
122022
121759
121483
121497
121632
121884
122361
123034
103711
103977
104109
104425
104603
104976
105208
105642
105903
106390
106707
107232
107592
108131
108573
108818
109534
109960
110529
110939
111519
111921
112494
112892
113448
113847
114374
114832
115066
115760
116165
116708
117130
117697
118209
118554
119314
119837
120476
121010
121640
122195
122547
123184
123578
123984
124267
124546
124729
124668
124754
124620
124447
124231
123888
123716
123464
123241
123096
122942
123029
123209
123537
124069
124809
104518
104783
104885
105201
105349
105730
105928
106357
106586
107072
107354
107878
108194
108736
109127
109347
110077
110489
111050
111437
112009
112392
112959
113339
113899
114277
114822
115257
115477
116193
116615
117165
117577
118148
118642
118953
119725
120240
120862
121364
121978
122501
122814
123480
123873
124290
124571
124872
125066
125025
125201
125163
125078
124959
124672
124634
124481
124351
124330
124282
124449
124702
125096
125694
126451
105078
105314
105435
105719
105886
106216
106425
106808
107043
107480
107772
108249
108584
109075
109491
109699
110381
110795
111320
111732
112274
112680
113224
113629
114168
114580
115100
115577
115798
116502
116940
117475
117919
118473
118992
119304
120045
120559
121150
121660
122243
122776
123084
123731
124136
124549
124861
125172
125418
125415
125642
125679
125667
125662
125453
125498
125446
125426
125472
125539
125774
126085
126542
127183
127969
106495
106748
106830
107124
107248
107593
107760
108153
108345
108785
109035
109515
109802
110300
110659
110866
111595
111952
112500
112849
113407
113764
114318
114683
115235
115609
116148
116575
116811
117548
117946
118500
118904
119468
119943
120243
121014
121473
122067
122524
123100
123586
123873
124544
124909
125338
125625
125953
126187
126229
126500
126553
126639
126673
126517
126629
126643
126719
126814
126914
127221
127583
128060
128729
129497
107185
107398
107492
107744
107881
108182
108359
108711
108916
109315
109577
110013
110316
110765
111149
111337
111982
112353
112856
113223
113748
114117
114648
115025
115557
115950
116464
116926
117151
117842
118264
118806
119225
119776
120275
120561
121281
121752
122326
122786
123344
123842
124115
124756
125135
125567
125876
126215
126491
126574
126899
127002
127157
127261
127197
127396
127484
127645
127831
127987
128383
128799
129343
130044
130816
108179
108402
108469
108726
108835
109139
109288
109638
109809
110204
110432
110866
111133
111586
111922
112108
112799
113135
113651
113986
114513
114861
115388
115750
116280
116655
117177
117607
117834
118569
118976
119520
119927
120476
120948
121217
121980
122424
122990
123428
123972
124445
124702
125378
125744
126178
126491
126842
127127
127240
127634
127781
127970
128124
128133
128420
128564
128771
129028
129208
129682
130140
130706
131426
132175
108902
109092
109170
109392
109508
109780
109935
110257
110434
110798
111032
111432
111708
112121
112478
112649
113254
113600
114080
114417
114923
115269
115782
116146
116658
117045
117543
118002
118221
118904
119321
119855
120268
120807
121296
121564
122266
122718
123276
123713
124251
124734
124986
125629
126007
126451
126780
127150
127478
127603
128030
128220
128457
128667
128751
129100
129296
129572
129896
130126
130666
131161
131777
132519
133263
109888
110091
110146
110378
110465
110745
110872
111200
111338
111702
111903
112305
112543
112963
113267
113439
114093
114405
114894
115204
115710
116035
116547
116891
117407
117769
118281
118700
118921
119647
120046
120585
120983
121522
121981
122239
122985
123412
123965
124384
124916
125373
125614
126296
126662
127115
127443
127834
128164
128308
128793
129017
129292
129540
129662
130092
130336
130660
131027
131286
131890
132413
133047
133793
134511
110612
110786
110854
111054
111149
111392
111525
111842
111975
112317
112526
112896
113141
113525
113853
114012
114579
114901
115354
115665
116148
116475
116967
117314
117809
118181
118667
119114
119326
119995
120399
120926
121326
121856
122333
122589
123276
123708
124252
124672
125199
125672
125917
126558
126937
127401
127748
128158
128530
128686
129188
129448
129770
130078
130226
130701
130990
131368
131783
132080
132726
133271
133934
134694
135401
111589
111783
111828
112041
112109
112357
112452
112773
112865
113228
113413
113782
113992
114382
114658
114814
115432
115722
116185
116473
116955
117260
117752
118079
118578
118925
119423
119827
120039
120751
121138
121669
122054
122585
123030
123275
124009
124420
124964
125370
125894
126343
126580
127265
127636
128109
128459
128887
129259
129428
129982
130267
130630
130965
131132
131674
132001
132416
132860
133179
133876
134441
135112
135869
136555
112317
112495
112555
112740
112826
113042
113163
113683
113634
113936
114089
114412
114626
114982
115284
115435
115966
116260
116691
116979
117440
117748
118221
118550
119028
119385
119855
120289
120497
121146
121533
122051
122438
122956
123419
123668
124339
124750
125285
125691
126212
126680
126923
127567
127946
128428
128793
129237
129647
129832
130392
130710
131110
131491
131688
132253
132615
133075
133558
133906
134623
135199
135889
136651
137320
113209
113408
113443
113645
113710
113919
114206
114112
114214
114669
114852
115199
115396
115761
116018
116160
116751
117017
117461
117728
118191
118478
118951
119260
119740
120073
120553
120944
121142
121843
122218
122742
123114
123632
124067
124296
125022
125418
125958
126350
126872
127317
127544
128243
128619
129116
129482
129942
130348
130544
131162
131502
131932
132331
132545
133173
133564
134053
134557
134915
135677
136270
136958
137716
138363
114482
114653
114698
114874
114931
115118
115282
115294
115527
115882
116050
116388
116592
116935
117215
117358
117869
118110
118533
118788
119238
119513
119976
120278
120744
121076
121534
121947
122147
122781
123127
123643
124004
124514
124953
125198
125860
126228
126767
127147
127667
128119
128367
129012
129366
129876
130244
130716
131153
131365
131962
132306
132771
133203
133443
134063
134463
134992
135523
135899
136651
137234
137943
138704
139332
114611
114788
114835
114998
115066
115280
115417
115623
115721
115991
116136
116450
116636
116974
117222
117328
117867
118145
118546
118810
119234
119518
119957
120259
120709
121030
121490
121865
122057
122711
123096
123590
123957
124456
124878
125103
125785
126195
126713
127106
127614
128053
128289
128962
129366
129864
130251
130736
131158
131389
132033
132429
132907
133345
133611
134279
134730
135285
135820
136217
137005
137616
138346
139075
139703
115695
115842
115902
116064
116134
116330
116438
116639
116750
117019
117165
117464
117653
117974
118228
118375
118848
119104
119486
119751
120165
120448
120878
121182
121626
121955
122401
122793
123012
123616
123977
124463
124833
125328
125758
126022
126653
127043
127556
127952
128464
128914
129188
129824
130213
130721
131124
131618
132076
132339
132964
133362
133864
134337
134643
135306
135766
136338
136907
137333
138112
138723
139448
140197
140823
116355
116502
116554
116727
116779
116972
117052
117269
117364
117641
117775
118079
118244
118569
118792
118912
119408
119667
120049
120296
120704
120969
121394
121678
122120
122422
122875
123235
123425
124048
124421
124905
125259
125753
126162
126396
127054
127454
127963
128347
128859
129294
129550
130216
130622
131134
131530
132040
132480
132751
133413
133836
134356
134828
135145
135845
136330
136922
137484
137919
138723
139345
140082
140801
141412
117378
117507
117569
117727
117790
117969
118058
118267
118370
118620
118758
119039
119214
119519
119751
119887
120342
120587
120948
121202
121593
121868
122278
122571
122998
123313
123749
124120
124335
124922
125279
125750
126115
126600
127017
127279
127900
128290
128793
129192
129700
130148
130433
131068
131473
131988
132408
132921
133392
133690
134340
134772
135307
135810
136156
136850
137347
137952
138545
138998
139794
140421
141151
141892
142500
118044
118172
118218
118386
118437
118614
118691
118904
118996
119254
119383
119670
119829
120136
120354
120467
120933
121180
121541
121778
122165
122422
122826
123102
123526
123819
124257
124608
124800
125400
125761
126229
126578
127059
127464
127705
128343
128738
129239
129625
130133
130570
130843
131503
131918
132435
132849
133373
133835
134136
134817
135268
135814
136317
136672
137398
137912
138528
139118
139578
140396
141027
141766
142485
143089
119064
119191
119231
119394
119454
119626
119708
119914
120009
120246
120377
120646
120808
121101
121316
121439
121887
122119
122467
122708
123084
123345
123740
124020
124434
124735
125160
125512
125720
126299
126648
127109
127466
127941
128348
128603
129223
129612
130109
130506
131013
131458
131747
132393
132809
133332
133764
134293
134776
135098
135773
136233
136793
137318
137694
138417
138943
139571
140182
140655
141469
142107
142844
143577
144179
119729
119855
119886
120046
120108
120279
120355
120560
120655
120896
121024
121296
121453
121742
121960
122072
122510
122743
123085
123314
123685
123935
124323
124593
124999
125288
125707
126057
126255
126830
127178
127630
127977
128445
128849
129098
129718
130107
130600
130988
131493
131937
132225
132879
133299
133825
134252
134785
135271
135598
136292
136761
137326
137858
138244
138989
139523
140157
140769
141249
142078
142716
143456
144180
144781
120727
120858
120887
121046
121111
121287
121359
121564
121651
121884
122004
122268
122417
122703
122902
123015
123461
123682
124024
124250
124620
124865
125251
125518
125922
126208
126625
126962
127159
127739
128077
128535
128880
129349
129744
129992
130617
131001
131501
131891
132400
132841
133130
133792
134215
134751
135188
135733
136224
136557
137261
137738
138320
138862
139254
140009
140554
141204
141825
142310
143146
143789
144533
145263
145860
121426
121549
121588
121732
121802
121974
122054
122250
122349
122577
122707
122963
123123
123395
123617
123733
124143
124359
124688
124912
125269
125513
125888
126153
126544
126835
127233
127587
127794
128343
128673
129120
129462
129921
130327
130585
131186
131564
132057
132446
132948
133404
133704
134352
134771
135306
135747
136285
136795
137143
137845
138325
138905
139464
139870
140629
141177
141826
142461
142950
143789
144433
145174
145910
146508
122250
122395
122422
122584
122641
122837
122897
123099
123178
123414
123524
123789
123926
124205
124392
124501
124952
125161
125506
125717
126086
126316
126701
126951
127353
127625
128032
128359
128542
129134
129462
129923
130255
130722
131108
131345
131988
132364
132873
133255
133769
134205
134489
135179
135600
136155
136593
137150
137647
137983
138725
139214
139815
140366
140764
141562
142117
142786
143413
143895
144768
145416
146167
146893
147484
123706
123836
123881
124020
124084
124263
124344
124545
124641
124869
124992
125243
125400
125663
125883
125989
126383
126574
126901
127106
127462
127689
128062
128314
128699
128984
129371
129728
129920
130450
130756
131203
131532
131989
132393
132646
133231
133586
134088
134467
134973
135433
135735
136373
136775
137325
137767
138313
138842
139195
139892
140372
140969
141547
141957
142713
143262
143926
144576
145067
145899
146538
147282
148030
148622
123633
123766
123810
123952
124024
124210
124287
124479
124568
124799
124918
125173
125316
125587
125778
125870
126302
126517
126845
127059
127406
127637
128000
128251
128629
128899
129293
129612
129801
130362
130699
131140
131472
131923
132306
132545
133167
133554
134048
134437
134939
135378
135669
136345
136786
137332
137782
138338
138838
139196
139929
140442
141046
141606
142025
142818
143399
144069
144703
145201
146066
146730
147482
148202
148801
124774
124897
124958
125099
125174
125344
125446
125636
125737
125951
126081
126320
126478
126737
126946
127064
127436
127644
127949
128175
128510
128753
129106
129370
129740
130026
130410
130750
130964
131474
131798
132227
132574
133020
133422
133692
134259
134641
135126
135532
136032
136491
136814
137443
137882
138424
138894
139450
139981
140364
141060
141573
142181
142767
143210
143967
144552
145223
145884
146404
147236
147903
148653
149402
150013
125418
125552
125607
125761
125824
125999
126091
126292
126385
126613
126735
126987
127133
127400
127596
127706
128109
128314
128628
128839
129177
129405
129760
130006
130380
130647
131035
131354
131561
132097
132421
132851
133179
133625
134009
134271
134869
135250
135735
136124
136626
137070
137389
138048
138487
139031
139485
140050
140557
140943
141670
142183
142797
143367
143815
144600
145181
145859
146501
147026
147881
148543
149301
150026
150641
126411
126544
126605
126761
126835
127007
127105
127307
127404
127622
127746
127988
128138
128397
128593
128701
129092
129297
129607
129824
130159
130393
130746
131000
131370
131644
132029
132353
132553
133077
133402
133832
134170
134616
135005
135263
135850
136235
136722
137124
137629
138078
138396
139045
139493
140042
140513
141080
141605
141990
142709
143231
143851
144436
144884
145663
146254
146939
147596
148123
148973
149644
150403
151148
151760
127148
127280
127348
127500
127581
127748
127847
128046
128156
128377
128513
128753
128912
129167
129378
129501
129873
130073
130374
130587
130914
131146
131491
131745
132107
132382
132757
133090
133310
133817
134132
134552
134886
135326
135720
135997
136569
136943
137424
137818
138320
138777
139112
139754
140190
140736
141201
141763
142294
142696
143414
143933
144547
145136
145597
146378
146963
147644
148304
148839
149690
150355
151111
151856
152475
127919
128071
128127
128299
128370
128555
128638
128851
128950
129176
129290
129539
129679
129944
130130
130234
130650
130851
131173
131380
131722
131943
132302
132543
132917
133177
133562
133875
134062
134615
134932
135373
135698
136148
136524
136772
137390
137766
138268
138657
139168
139610
139918
140603
141046
141612
142073
142650
143168
143547
144303
144826
145458
146038
146482
147301
147890
148588
149240
149759
150646
151316
152087
152823
153426
129560
129696
129769
129924
130015
130192
130292
130484
130601
130823
130963
131200
131365
131615
131831
131949
132298
132494
132790
133000
133325
133553
133897
134148
134507
134786
135152
135493
135705
136188
136493
136912
137243
137678
138076
138351
138900
139265
139750
140144
140643
141108
141443
142060
142492
143043
143514
144073
144621
145022
145719
146237
146854
147454
147916
148678
149263
149945
150619
151152
151984
152648
153406
154166
154778
129342
129491
129565
129731
129817
129997
130090
130296
130413
130647
130778
131021
131173
131437
131632
131738
132138
132346
132656
132870
133198
133427
133770
134017
134378
134640
135019
135327
135535
136060
136384
136807
137139
137577
137951
138217
138810
139195
139681
140077
140578
141020
141347
142009
142464
143015
143483
144054
144570
144972
145708
146244
146870
147452
147918
148717
149321
150011
150665
151204
152071
152751
153517
154244
154871
130492
130637
130725
130889
130990
131172
131285
131483
131603
131823
131965
132204
132364
132620
132827
132943
133307
133515
133813
134038
134360
134600
134939
135198
135556
135834
136205
136530
136746
137236
137561
137976
138321
138755
139146
139422
139979
140369
140847
141257
141756
142216
142555
143183
143643
144192
144678
145247
145786
146199
146905
147446
148071
148671
149146
149916
150526
151218
151890
152439
153281
153970
154733
155485
156114
157030
157825
131214
131363
131450
131616
131718
131903
132016
132218
132343
132569
132714
132963
133127
133387
133596
133732
134096
134300
134599
134815
135136
135371
135708
135961
136316
136589
136960
137283
137516
138009
138325
138737
139071
139504
139892
140183
140744
141124
141599
141998
142497
142953
143305
143941
144388
144934
145407
145976
146509
146934
147652
148184
148806
149399
149886
150666
151264
151954
152618
153174
154023
154699
155465
156205
156843
157770
158560
159249
160232
131947
132113
132196
132382
132477
132678
132786
132997
133108
133343
133482
133734
133884
134145
134341
134453
134852
135060
135378
135594
135929
136160
136511
136757
137124
137389
137764
138078
138281
138809
139127
139559
139889
140331
140709
140972
141567
141952
142448
142842
143352
143797
144125
144793
145248
145815
146287
146867
147391
147792
148539
149075
149714
150302
150767
151578
152181
152887
153546
154083
154962
155642
156417
157157
157773
158721
159509
160184
161190
133722
133873
133971
134139
134249
134438
134566
134776
134909
135127
135281
135523
135703
135956
136181
136318
136655
136859
137150
137368
137685
137922
138258
138516
138867
139152
139510
139850
140078
140544
140855
141265
141600
142027
142425
142716
143248
143619
144097
144496
144991
145458
145812
146421
146862
147411
147888
148450
149003
149422
150114
150644
151263
151870
152352
153107
153699
154385
155064
155614
156439
157107
157863
158626
159251
160150
160937
161621
162575
133378
133544
133641
133823
133931
134131
134254
134479
134607
134833
134988
135248
135414
135677
135881
136005
136398
136612
136923
137144
137469
137706
138046
138299
138654
138922
139295
139603
139826
140338
140664
141081
141416
141850
142226
142505
143088
143476
143959
144359
144858
145303
145646
146300
146759
147312
147785
148359
148878
149299
150029
150572
151202
151787
152270
153063
153671
154366
155022
155575
156437
157119
157886
158614
159247
160183
160975
161654
162648
134538
134704
134809
134987
135098
135284
135399
135599
135727
135967
136158
136428
136617
136883
137096
137225
137587
137802
138103
138332
138654
138900
139238
139504
139858
140140
140509
140832
141060
141542
141869
142282
142628
143060
143449
143736
144286
144680
145157
145571
146067
146527
146880
147503
147970
148519
149009
149581
150121
150547
151249
151797
152424
153025
153512
154279
154896
155585
156258
156817
157652
158343
159103
159851
160486
161396
162187
162871
163831
164657
165554
135311
135483
135602
135791
135922
136129
136276
136672
136931
137078
137206
137388
137517
137752
137952
138094
138437
138649
138943
139168
139487
139729
140065
140328
140681
140962
141330
141658
141908
142383
142704
143113
143453
143882
144272
144581
145122
145508
145981
146386
146882
147341
147712
148328
148782
149328
149809
150375
150912
151354
152055
152594
153218
153814
154312
155078
155681
156370
157034
157602
158434
159109
159868
160609
161253
162164
162949
163640
164600
165401
166293
167169
167954
135959
136155
136272
136490
136630
136819
137127
137233
136942
137253
137561
137842
138037
138333
138556
138681
139090
139316
139641
139868
140207
140446
140796
141052
141417
141686
142064
142377
142591
143115
143441
143869
144204
144645
145023
145296
145887
146276
146769
147169
147675
148120
148457
149121
149581
150146
150620
151198
151719
152132
152873
153413
154050
154636
155109
155915
156521
157221
157877
158418
159287
159964
160732
161462
162081
163016
163800
164466
165462
166267
167163
168030
168790
169857
170788
137843
138002
138111
138274
138376
138531
138686
138789
138906
139300
139523
139796
140006
140280
140520
140678
141026
141252
141548
141784
142100
142355
142688
142961
143312
143604
143965
144302
144542
144998
145324
145728
146074
146498
146895
147193
147714
148103
148570
148982
149472
149937
150299
150893
151353
151892
152379
152940
153486
153917
154593
155134
155748
156351
156840
157577
158181
158857
159531
160084
160888
161561
162307
163056
163682
164558
165339
166013
166933
167731
168607
169485
170248
171253
172173
137434
137625
137755
137964
138114
138355
138536
138778
138911
139130
139277
139522
139700
139971
140189
140340
140720
140947
141258
141494
141824
142072
142415
142678
143036
143315
143689
144008
144254
144748
145077
145492
145833
146267
146648
146949
147510
147904
148381
148786
149286
149734
150098
150730
151192
151737
152215
152786
153308
153744
154454
154996
155621
156207
156703
157473
158077
158764
159417
159978
160813
161484
162239
162962
163597
164506
165281
165961
166919
167714
168591
169443
170210
171247
172158
138334
138531
138665
138877
139018
139244
139391
139617
139765
140015
140187
140450
140634
140906
141127
141267
141646
141880
142196
142436
142772
143027
143376
143645
144008
144291
144664
144988
145219
145714
146047
146469
146814
147252
147636
147926
148487
148886
149372
149782
150286
150737
151089
151721
152190
152747
153231
153806
154334
154758
155469
156012
156641
157231
157715
158488
159093
159786
160442
160990
161827
162502
163260
163990
164607
165511
166280
166950
167899
168698
169578
170433
171183
172211
173114
140312
140499
140635
140836
140984
141198
141356
141581
141747
141992
142180
142439
142644
142905
143145
143320
143656
143881
144180
144414
144737
144989
145327
145602
145952
146254
146612
146958
147212
147664
147986
148391
148736
149158
149558
149874
150390
150770
151242
151647
152136
152602
152975
153565
154012
154551
155034
155586
156135
156570
157240
157770
158377
158979
159470
160199
160788
161458
162124
162674
163469
164125
164859
165600
166219
167081
167841
168510
169421
170186
171042
171897
172643
173628
174514
139732
139932
140072
140287
140434
140659
140813
141051
141215
141470
141649
141917
142109
142391
142617
142773
143166
143403
143724
143967
144302
144558
144905
145174
145534
145815
146191
146509
146752
147253
147592
148013
148358
148792
149171
149467
150034
150430
150912
151320
151816
152260
152618
153253
153716
154264
154740
155306
155821
156253
156961
157500
158123
158702
159189
159957
160557
161239
161878
162427
163259
163924
164669
165375
165995
166891
167653
168312
169260
170038
170898
171729
172466
173480
174365
140700
140902
141050
141265
141424
141650
141819
142058
142232
142482
142670
142934
143137
143415
143650
143809
144178
144421
144733
144987
145317
145584
145930
146212
146573
146870
147242
147575
147824
148300
148643
149057
149413
149846
150238
150543
151083
151486
151960
152378
152872
153331
153697
154305
154777
155320
155811
156376
156909
157345
158026
158571
159188
159777
160270
161014
161621
162295
162948
163502
164306
164977
165713
166435
167055
167923
168682
169344
170255
171039
171888
172728
173467
174449
175330
142674
142871
143024
143234
143394
143618
143788
144026
144206
144460
144656
144923
145135
145411
145652
145833
146184
146421
146729
146974
147298
147559
147898
148177
148531
148830
149197
149536
149800
150257
150588
150995
151343
151765
152156
152473
152994
153382
153847
154256
154741
155198
155573
156162
156614
157147
157623
158172
158701
159143
159805
160330
160932
161514
162008
162732
163318
163977
164616
165168
165956
166601
167321
168029
168647
169495
170234
170888
171779
172525
173357
174173
174902
175863
176716
141989
142204
142354
142578
142737
142972
143140
143388
143564
143827
144017
144292
144494
144779
145016
145176
145572
145821
146147
146400
146739
147003
147355
147633
147996
148286
148662
148987
149230
149729
150072
150494
150843
151278
151662
151957
152518
152920
153402
153811
154308
154754
155107
155737
156202
156751
157226
157791
158306
158727
159431
159969
160587
161159
161634
162391
162982
163656
164286
164822
165640
166290
167026
167720
168314
169194
169937
170577
171501
172260
173102
173906
174612
175598
176452
143204
143413
143579
143801
143976
144211
144394
144639
144829
145086
145289
145558
145776
146057
146302
146484
146841
147095
147405
147666
147994
148272
148616
148907
149266
149574
149947
150286
150553
151011
151360
151768
152129
152556
152951
153272
153791
154198
154664
155085
155573
156032
156411
156996
157468
157999
158491
159046
159577
160022
160682
161225
161825
162412
162908
163619
164218
164874
165518
166071
166842
167501
168216
168925
169537
170369
171111
171759
172626
173391
174208
175024
175744
176678
177530
143900
144115
144279
144504
144677
144912
145096
145346
145539
145807
146013
146291
146512
146801
147048
147242
147606
147858
148176
148434
148767
149038
149384
149671
150033
150334
150712
151047
151323
151787
152131
152544
152898
153328
153717
154045
154570
154969
155440
155850
156340
156790
157176
157766
158224
158758
159233
159790
160308
160758
161422
161952
162556
163127
163627
164347
164929
165586
166211
166763
167541
168180
168893
169580
170195
171035
171759
172406
173282
174019
174833
175621
176338
177279
178105
144375
144603
144767
145005
145178
145427
145607
145865
146052
146323
146520
146803
147015
147308
147552
147724
148122
148378
148709
148970
149316
149587
149945
150230
150599
150895
151276
151608
151858
152354
152700
153125
153477
153914
154301
154604
155163
155563
156045
156454
156950
157397
157757
158380
158842
159387
159860
160420
160934
161356
162048
162577
163186
163753
164226
164973
165555
166217
166840
167368
168171
168808
169524
170205
170788
171645
172367
172988
173888
174624
175437
176218
176901
177854
178677
146340
146559
146729
146956
147137
147377
147568
147819
148019
148283
148496
148773
148998
149283
149535
149728
150082
150337
150650
150914
151244
151523
151867
152161
152520
152831
153200
153544
153816
154265
154610
155014
155374
155796
156191
156512
157019
157418
157879
158296
158774
159230
159606
160173
160632
161153
161634
162175
162702
163140
163781
164310
164895
165470
165954
166643
167223
167861
168487
169023
169767
170402
171093
171781
172373
173172
173886
174509
175343
176068
176852
177635
178321
179214
180025
145785
146006
146185
146418
146606
146850
147046
147303
147511
147779
147999
148281
148511
148804
149062
149262
149635
149898
150217
150486
150820
151103
151450
151744
152107
152417
152792
153134
153413
153879
154229
154641
155000
155428
155822
156152
156676
157078
157544
157959
158444
158894
159280
159869
160329
160857
161333
161879
162394
162837
163490
164016
164608
165172
165665
166370
166945
167590
168206
168751
169510
170137
170837
171508
172107
172923
173632
174262
175114
175831
176620
177385
178075
178982
179783
146429
146666
146839
147083
147267
147523
147714
147977
148176
148452
148661
148950
149171
149469
149721
149904
150298
150563
150897
151166
151513
151791
152151
152441
152811
153114
153496
153830
154091
154581
154930
155351
155707
156143
156531
156841
157391
157789
158269
158678
159169
159617
159978
160591
161047
161585
162056
162607
163116
163537
164214
164735
165331
165890
166360
167087
167659
168305
168916
169436
170215
170836
171534
172200
172773
173602
174303
174910
175779
176492
177277
178033
178697
179612
180403
147960
148188
148372
148609
148800
149049
149251
149510
149719
149991
150213
150495
150728
151018
151278
151481
151839
152103
152422
152694
153029
153315
153662
153962
154324
154639
155013
155358
155634
156084
156435
156841
157204
157626
158022
158349
158854
159255
159716
160132
160609
161063
161442
162008
162467
162986
163463
163999
164518
164953
165585
166108
166687
167250
167729
168410
168980
169605
170221
170751
171482
172105
172781
173450
174030
174811
175506
176117
176930
177637
178398
179154
179821
180687
181470
148450
148679
148863
149101
149295
149545
149748
150009
150222
150496
150720
151006
151243
151539
151800
152008
152375
152639
152961
153234
153569
153852
154203
154499
154861
155173
155548
155892
156174
156632
156979
157386
157745
158168
158560
158891
159402
159799
160260
160672
161151
161597
161978
162548
163000
163518
163988
164525
165033
165469
166104
166619
167197
167752
168232
168915
169479
170104
170706
171233
171965
172577
173252
173908
174487
175271
175956
176560
177378
178069
178828
179566
180226
181092
181862
148104
148342
148529
148778
148973
149232
149433
149701
149913
150193
150415
150707
150938
151240
151501
151698
152088
152360
152692
152966
153314
153599
153956
154253
154622
154930
155310
155649
155917
156398
156752
157171
157528
157959
158350
158665
159199
159601
160073
160481
160966
161411
161777
162372
162828
163356
163822
164364
164868
165289
165945
166460
167048
167598
168064
168769
169330
169964
170562
171075
171829
172438
173122
173768
174328
175131
175815
176408
177245
177935
178700
179430
180073
180954
181717
148786
149024
149216
149464
149668
149926
150136
150403
150623
150900
151130
151419
151659
151955
152220
152428
152797
153073
153400
153683
154024
154317
154671
154977
155344
155662
156040
156386
156667
157126
157483
157894
158261
158687
159083
159412
159921
160330
160793
161211
161689
162140
162520
163088
163548
164068
164544
165080
165593
166027
166660
167178
167754
168312
168789
169467
170033
170654
171261
171784
172510
173123
173792
174449
175018
175790
176472
177071
177872
178567
179315
180051
180701
181552
182314
150189
150423
150617
150863
151065
151320
151533
151800
152021
152297
152531
152819
153067
153363
153633
153861
154212
154479
154802
155075
155414
155702
156053
156358
156720
157040
157412
157763
158058
158501
158846
159254
159613
160035
160432
160769
161263
161657
162116
162526
162998
163448
163836
164389
164834
165347
165816
166340
166853
167290
167905
168412
168979
169532
170009
170671
171222
171831
172431
172950
173659
174258
174912
175563
176129
176885
177554
178147
178935
179605
180339
181064
181703
182536
183279
149701
149945
150140
150394
150597
150861
151072
151346
151567
151851
152083
152377
152619
152923
153190
153402
153785
154063
154398
154679
155024
155316
155672
155975
156343
156655
157036
157379
157659
158130
158486
158901
159263
159690
160082
160408
160931
161333
161799
162209
162687
163130
163503
164081
164533
165053
165518
166051
166548
166975
167614
168124
168700
169242
169711
170396
170948
171567
172154
172668
173398
173996
174661
175293
175853
176627
177293
177880
178688
179359
180097
180808
181441
182290
183031
150244
150492
150690
150947
151154
151421
151636
151912
152134
152418
152651
152948
153189
153493
153759
153971
154355
154633
154967
155251
155599
155892
156251
156558
156927
157243
157625
157969
158249
158719
159074
159488
159851
160278
160671
160995
161516
161919
162383
162795
163273
163717
164089
164667
165120
165637
166104
166636
167138
167560
168196
168706
169276
169822
170286
170967
171519
172132
172723
173227
173954
174550
175208
175845
176395
177163
177826
178402
179202
179872
180603
181316
181937
182777
183514
151409
151650
151853
152104
152316
152576
152799
153068
153297
153577
153816
154108
154359
154659
154933
155160
155516
155793
156117
156402
156742
157037
157390
157700
158064
158387
158761
159112
159407
159848
160203
160608
160974
161394
161790
162128
162619
163020
163474
163888
164356
164803
165189
165734
166185
166692
167161
167679
168185
168620
169226
169735
170292
170836
171308
171958
172508
173108
173698
174210
174905
175500
176140
176778
177334
178069
178726
179308
180071
180733
181449
182158
182782
183589
184316
151770
152013
152217
152470
152684
152946
153169
153441
153673
153956
154198
154490
154743
155045
155319
155547
155911
156191
156518
156801
157144
157439
157792
158100
158463
158784
159160
159508
159806
160253
160606
161013
161375
161795
162187
162526
163023
163421
163876
164286
164756
165198
165581
166132
166581
167087
167550
168071
168567
169000
169608
170112
170672
171211
171682
172332
172874
173475
174056
174567
175260
175846
176489
177115
177669
178406
179055
179631
180401
181053
181764
182458
183079
183887
184602
151493
151746
151949
152211
152422
152694
152914
153193
153421
153713
153951
154252
154500
154809
155081
155301
155687
155967
156306
156590
156939
157233
157594
157900
158272
158588
158969
159316
159600
160067
160422
160837
161200
161626
162018
162345
162861
163259
163723
164131
164605
165047
165418
165986
166436
166949
167409
167935
168428
168848
169475
169978
170543
171077
171535
172204
172747
173354
173929
174428
175141
175722
176370
176986
177528
178284
178930
179496
180280
180930
181645
182331
182941
183762
184474
151948
152200
152409
152672
152886
153160
153383
153664
153894
154184
154424
154725
154975
155284
155558
155781
156161
156443
156780
157069
157417
157717
158076
158385
158756
159076
159456
159805
160094
160556
160911
161324
161689
162113
162505
162837
163349
163748
164208
164619
165090
165534
165908
166472
166923
167433
167894
168416
168912
169335
169955
170457
171017
171554
172012
172674
173217
173817
174395
174891
175594
176178
176819
177441
177977
178721
179368
179929
180701
181353
182059
182748
183351
184161
184872
152930
153178
153389
153646
153867
154134
154363
154638
154875
155161
155408
155701
155959
156263
156541
156776
157135
157419
157746
158037
158379
158679
159033
159347
159711
160037
160412
160763
161063
161504
161860
162264
162631
163049
163442
163783
164272
164673
165124
165536
166000
166443
166829
167368
167816
168319
168782
169296
169793
170224
170820
171321
171871
172406
172872
173508
174047
174636
175213
175718
176396
176977
177605
178225
178767
179484
180124
180692
181435
182078
182774
183457
184062
184847
185548
153240
153489
153703
153961
154183
154450
154681
154957
155196
155482
155732
156027
156289
156591
156872
157114
157471
157754
158084
158375
158716
159017
159371
159684
160048
160376
160749
161103
161406
161846
162201
162608
162974
163391
163785
164128
164615
165011
165465
165876
166339
166780
167167
167707
168149
168652
169113
169623
170118
170550
171146
171641
172190
172723
173189
173826
174360
174946
175517
176020
176696
177273
177897
178512
179053
179770
180402
180966
181711
182345
183037
183715
184316
185098
185790
153001
153257
153469
153734
153955
154229
154458
154742
154980
155272
155519
155822
156078
156389
156667
156899
157278
157562
157901
158191
158542
158842
159201
159512
159882
160204
160584
160933
161229
161687
162042
162454
162818
163241
163634
163968
164474
164872
165328
165738
166207
166645
167023
167578
168022
168527
168985
169502
169990
170415
171023
171518
172074
172600
173059
173708
174242
174836
175401
175896
176586
177158
177789
178392
178927
179658
180288
180845
181602
182235
182929
183597
184193
184985
185675
153333
153594
153807
154077
154297
154576
154802
155091
155326
155622
155865
156172
156425
156740
157017
157244
157634
157917
158259
158548
158902
159199
159563
159872
160247
160565
160949
161296
161585
162053
162406
162820
163181
163608
163999
164326
164843
165237
165697
166104
166575
167012
167382
167948
168389
168895
169348
169867
170353
170768
171387
171878
172432
172958
173406
174065
174593
175185
175749
176233
176931
177499
178129
178731
179253
179989
180617
181158
181924
182553
183244
183911
184489
185287
185975
154140
154398
154611
154877
155102
155377
155607
155890
156130
156423
156670
156973
157231
157540
157821
158051
158428
158714
159048
159339
159688
159990
160347
160660
161029
161352
161729
162080
162373
162827
163182
163589
163955
164375
164767
165099
165600
165997
166448
166856
167320
167758
168132
168680
169121
169621
170077
170587
171078
171496
172095
172587
173132
173659
174109
174748
175276
175859
176425
176911
177588
178155
178773
179379
179902
180615
181240
181783
182524
183152
183830
184497
185076
185850
186535
154334
154588
154810
155073
155301
155573
155811
156091
156337
156626
156882
157180
157444
157749
158034
158278
158637
158929
159260
159556
159899
160207
160561
160878
161244
161574
161947
162303
162609
163046
163406
163811
164178
164594
164989
165333
165816
166216
166666
167076
167536
167978
168363
168896
169341
169837
170294
170801
171293
171720
172307
172802
173341
173868
174329
174954
175483
176061
176626
177119
177783
178351
178963
179569
180098
180801
181422
181976
182702
183325
184001
184665
185250
186011
186689
154578
154834
155055
155318
155549
155822
156058
156340
156588
156880
157136
157435
157701
158006
158293
158543
158901
159190
159524
159818
160162
160468
160826
161143
161510
161840
162211
162568
162877
163314
163669
164076
164444
164861
165254
165603
166084
166479
166930
167338
167799
168238
168626
169157
169598
170095
170552
171055
171548
171975
172559
173049
173588
174114
174574
175197
175722
176297
176862
177355
178017
178580
179191
179795
180322
181019
181636
182189
182913
183529
184204
184864
185445
186204
186876
154764
155021
155242
155510
155739
156015
156252
156537
156782
157074
157328
157632
157896
158206
158490
158731
159103
159392
159729
160025
160371
160676
161034
161349
161717
162045
162421
162772
163076
163522
163878
164285
164652
165068
165460
165802
166293
166690
167140
167549
168010
168445
168826
169365
169804
170301
170755
171261
171745
172168
172758
173247
173788
174307
174763
175392
175915
176490
177046
177535
178201
178762
179371
179966
180491
181192
181806
182351
183080
183694
184365
185017
185593
186354
187024
155016
155279
155497
155769
155995
156274
156509
156798
157040
157338
157590
157896
158156
158471
158754
158989
159371
159658
159997
160289
160639
160940
161302
161615
161986
162309
162691
163040
163335
163792
164145
164555
164917
165337
165728
166059
166560
166954
167405
167808
168272
168705
169076
169626
170062
170559
171008
171517
171997
172411
173010
173492
174036
174552
174996
175633
176151
176729
177281
177759
178434
178987
179600
180188
180701
181409
182019
182554
183288
183896
184567
185214
185782
186546
187210
154784
155050
155270
155544
155771
156055
156290
156583
156825
157127
157378
157690
157950
158268
158551
158784
159169
159458
159801
160096
160450
160753
161119
161430
161805
162128
162511
162861
163154
163615
163970
164383
164744
165170
165560
165889
166396
166790
167245
167649
168116
168550
168918
169472
169909
170409
170857
171369
171849
172259
172864
173347
173893
174408
174848
175490
176009
176589
177139
177614
178294
178847
179463
180049
180558
181274
181884
182415
183150
183760
184434
185077
185639
186409
187075
155021
155287
155508
155783
156013
156297
156534
156825
157071
157370
157624
157933
158195
158512
158798
159037
159420
159710
160051
160345
160697
161002
161365
161681
162055
162381
162762
163115
163412
163867
164224
164634
164998
165420
165813
166145
166645
167042
167494
167900
168363
168799
169172
169720
170159
170653
171105
171614
172094
172509
173107
173591
174132
174647
175094
175728
176247
176823
177374
177853
178524
179077
179687
180276
180789
181493
182103
182635
183363
183975
184639
185284
185851
186609
187273
155552
155816
156040
156309
156542
156821
157060
157348
157596
157892
158149
158455
158721
159036
159323
159565
159939
160229
160567
160863
161211
161519
161878
162193
162562
162892
163268
163621
163922
164370
164725
165132
165498
165915
166307
166644
167137
167532
167978
168385
168843
169278
169654
170192
170630
171121
171572
172075
172556
172973
173559
174043
174578
175094
175541
176164
176681
177250
177803
178282
178941
179493
180096
180685
181197
181889
182495
183028
183745
184351
185010
185652
186218
186966
187623
155573
155835
156062
156331
156566
156845
157089
157376
157628
157923
158181
158486
158755
159066
159355
159603
159971
160264
160599
160899
161247
161556
161913
162232
162601
162931
163305
163662
163969
164409
164766
165172
165540
165954
166347
166691
167175
167571
168019
168427
168885
169321
169701
170232
170671
171161
171612
172111
172595
173016
173597
174081
174615
175131
175582
176199
176715
177282
177834
178318
178972
179522
180123
180710
181225
181914
182516
183053
183765
184369
185026
185669
186234
186977
187630
155640
155903
156131
156401
156639
156916
157159
157447
157698
157993
158254
158558
158828
159138
159428
159684
160044
160338
160674
160974
161323
161630
161989
162307
162675
163008
163380
163737
164049
164485
164841
165247
165614
166029
166421
166771
167250
167643
168092
168497
168956
169388
169774
170301
170738
171232
171681
172180
172664
173087
173664
174143
174676
175192
175646
176260
176772
177340
177890
178374
179025
179571
180173
180760
181276
181962
182559
183099
183808
184404
185063
185701
186267
187008
187655
155653
155917
156145
156416
156651
156932
157175
157464
157714
158011
158271
158576
158845
159158
159448
159707
160064
160358
160694
160992
161343
161649
162011
162328
162697
163027
163402
163759
164071
164506
164860
165270
165634
166050
166442
166793
167270
167660
168113
168516
168975
169408
169796
170321
170754
171250
171696
172194
172677
173100
173679
174156
174689
175203
175658
176272
176781
177348
177896
178381
179032
179574
180173
180760
181273
181958
182552
183096
183802
184394
185054
185690
186256
186995
187636
155616
155878
156107
156379
156614
156895
157139
157428
157678
157977
158236
158542
158810
159122
159411
159674
160031
160324
160664
160962
161313
161620
161979
162296
162666
162995
163370
163725
164039
164475
164828
165237
165600
166017
166408
166762
167239
167629
168080
168483
168942
169372
169763
170290
170719
171213
171660
172160
172644
173065
173641
174116
174650
175163
175619
176231
176738
177306
177854
178337
178986
179527
180126
180713
181225
181907
182499
183042
183748
184338
184995
185630
186193
186932
187574
155517
155780
156011
156283
156519
156801
157044
157333
157584
157882
158141
158447
158716
159028
159320
159577
159937
160230
160568
160867
161217
161525
161885
162205
162573
162903
163277
163634
163947
164383
164737
165145
165510
165926
166317
166667
167144
167535
167987
168391
168849
169282
169667
170193
170625
171119
171565
172062
172546
172966
173543
174020
174553
175065
175517
176131
176638
177204
177751
178232
178883
179425
180022
180607
181118
181800
182392
182931
183636
184224
184881
185515
186077
186814
187453
155347
155610
155839
156112
156348
156630
156873
157163
157415
157713
157973
158279
158548
158861
159152
159408
159769
160063
160402
160701
161053
161359
161719
162036
162405
162736
163109
163466
163777
164214
164568
164977
165341
165758
166150
166500
166978
167369
167820
168221
168681
169113
169499
170026
170454
170949
171395
171893
172374
172794
173372
173847
174381
174891
175342
175957
176461
177026
177572
178053
178704
179242
179839
180423
180932
181614
182204
182742
183448
184034
184690
185321
185880
186619
187255
155074
155337
155566
155841
156078
156359
156602
156892
157142
157441
157699
158005
158274
158586
158876
159134
159496
159788
160126
160425
160776
161083
161445
161761
162132
162460
162835
163190
163500
163939
164291
164702
165064
165482
165869
166219
166699
167089
167541
167940
168400
168829
169217
169744
170173
170670
171111
171612
172091
172509
173088
173559
174095
174602
175052
175670
176170
176739
177280
177761
178413
178945
179545
180126
180634
181320
181904
182444
183148
183730
184389
185013
185573
186315
186943
154652
154916
155144
155417
155652
155936
156177
156468
156715
157017
157272
157582
157848
158165
158449
158708
159063
159357
159695
159994
160345
160651
161015
161328
161703
162028
162406
162758
163069
163506
163855
164269
164628
165052
165436
165788
166263
166652
167107
167503
167971
168393
168782
169303
169728
170230
170666
171175
171649
172067
172650
173112
173655
174156
174609
175226
175719
176296
176831
177313
177969
178490
179098
179674
180180
180870
181440
181987
182691
183268
183935
184549
185110
185854
186467
153923
154185
154412
154686
154919
155203
155439
155734
155973
156281
156527
156846
157100
157432
157697
157983
158336
158626
158960
159260
159610
159909
160277
160581
160966
161276
161672
162013
162336
162772
163115
163534
163881
164315
164683
165053
165523
165909
166368
166752
167231
167625
168052
168579
168988
169497
169915
170437
170899
171324
171912
172359
172916
173397
173866
174492
174964
175555
176069
176564
177231
177729
178354
178917
179426
180129
180672
181240
181944
182501
183183
183773
184353
185114
185694
153047
153310
153534
153807
154039
154322
154558
154850
155089
155394
155641
155956
156215
156534
156816
157066
157433
157724
158062
158356
158708
159008
159373
159677
160057
160375
160759
161109
161416
161860
162204
162619
162967
163398
163775
164121
164607
164991
165450
165833
166307
166723
167105
167638
168055
168562
168982
169499
169971
170382
170977
171420
171973
172467
172912
173543
174017
174603
175129
175604
176275
176773
177388
177963
178460
179167
179713
180255
180976
181533
182209
182811
183365
184129
184710
150564
150824
151042
151314
151539
151820
152051
152341
152574
152876
153118
153430
153681
154003
154281
154523
154901
155187
155527
155815
156168
156464
156829
157132
157507
157817
158207
158555
158851
159312
159650
160063
160410
160833
161210
161545
162044
162425
162883
163266
163731
164147
164518
165067
165481
165984
166405
166915
167382
167779
168388
168835
169375
169872
170298
170944
171423
171995
172526
172979
173662
174168
174774
175341
175822
176539
177102
177614
178339
178901
179570
180180
180704
181473
182078
146776
147044
147249
147528
147738
148031
148244
148551
148762
149089
149303
149647
149857
150212
150433
150693
151021
151313
151623
151925
152278
152587
152978
153280
153695
153970
154391
154652
154945
155374
155720
156157
156517
156992
157332
157679
158107
158476
158937
159334
159861
160249
160626
161099
161506
162042
162471
163039
163417
163792
164397
164845
165468
165913
166316
166930
167404
168067
168546
168967
169632
170131
170830
171306
171755
172526
173086
173627
174249
174800
175571
176151
176633
177401
177999
141786
142045
142241
142505
142707
142978
143184
143460
143669
143957
144182
144488
144731
145048
145334
145559
145975
146269
146606
146890
147215
147492
147792
148078
148393
148710
149080
149489
149806
150296
150626
150952
151292
151610
152011
152325
152932
153333
153712
154103
154421
154873
155231
155892
156318
156669
157133
157489
158077
158517
159074
159558
159883
160477
160944
161585
162104
162422
163075
163570
164206
164786
165111
165858
166391
166915
167601
167951
168829
169450
169744
170548
171103
171770
172520
130019
130268
130470
130678
130952
131098
131461
131534
131994
131979
132557
132445
133134
132933
133715
133393
134250
134127
134685
134799
135133
135559
135638
136361
136199
137123
136795
137739
137555
138159
138534
138626
139524
139255
140392
139925
140924
141113
141263
142249
141928
143222
142740
143677
144123
144053
145417
144889
146185
146141
146387
147687
147181
148683
148440
148828
150174
149633
151237
151044
151305
152931
152282
153800
153971
153868
155863
155104
156158
157259
156722
158707
158449
158541
160721
)
;

boundaryField
{
    inlet
    {
        type            calculated;
        value           nonuniform List<scalar> 0();
    }
    outlet
    {
        type            calculated;
        value           nonuniform List<scalar> 0();
    }
    front
    {
        type            empty;
    }
    back
    {
        type            empty;
    }
    hub
    {
        type            calculated;
        value           nonuniform List<scalar> 
65
(
-32662.8
-31346.7
-31595
-30448.6
-30805
-28731
-28282.4
-20206.9
-17477.5
-8783.22
-7478.21
-5275.41
-5311.26
-4336.11
-4304.21
-3024.12
-3404.53
-3310.24
-3060.31
-2732.25
-2645.19
-2471.45
-2375.65
-2327.08
-2224.74
-2185.52
-2033.76
-1902.17
-1298.18
-2236.13
-2459.38
-1071.77
-1028.03
-2165.12
-1833.17
-1735.97
-1993.5
-2146.44
-1019.03
-722.94
-1823.85
-1583.53
-1650.47
-2020.82
-2119.73
-2158.13
-2086.34
-1903.91
-1720.66
-1349.18
-1349.48
-1181.87
-727.302
-95.7843
2005.77
2004.97
2004.49
1933.65
2001.85
1949.03
2032.97
1945.27
2392.88
2000.81
2064.48
)
;
    }
    tip
    {
        type            calculated;
        value           nonuniform List<scalar> 
75
(
100738
100911
101141
101295
101566
101698
102008
102126
102466
102571
102946
103044
103435
103539
103929
104008
104381
104713
104813
105292
105292
105916
105858
106565
106502
107183
107175
107687
107946
108092
108805
108646
109602
109412
110292
110204
110714
111350
111137
112272
111976
113037
112944
113397
114247
113905
115291
114963
115876
116284
116132
117602
117163
118369
118569
118529
120086
119587
120906
121160
121013
122799
122281
123448
124060
123643
125658
125212
125821
127262
126643
128430
128617
128328
130596
)
;
    }
    procBoundary0to1
    {
        type            processor;
        value           nonuniform List<scalar> 
160
(
2027.06
2025.5
2029.45
2025.01
2044.43
2060.58
2061.65
2091.68
2091.94
2134.73
2179.52
2183.61
2238.27
2244.05
2299.41
2308.96
2350.65
2357.06
2361.47
2380.24
2368.85
2351.4
2301.76
2249.92
2288.73
2133.72
2017.76
1870.49
1862.43
2076.97
1665.05
2367.7
2806.21
2723.68
5600.75
6383.27
9864.74
10433.5
10907.1
13557.5
14400.9
15165.4
23075.6
25097.2
28558.4
46293
49128.5
64975.5
70150.1
96530.9
99546.8
101872
107356
110527
114356
117039
119742
121928
123999
125830
127514
129038
130544
131866
133211
134301
135538
136428
137577
138333
139375
140308
140690
141781
142377
143440
144033
145108
145717
146793
147439
148436
149533
149745
150926
151573
152683
153405
154381
155685
155812
155812
156608
158508
158508
159477
161040
162008
163372
163466
163466
164365
166444
166444
167224
169007
169007
169935
171602
172997
172979
173926
175318
175152
176116
177491
177206
178293
178857
179404
180745
180509
181100
182171
182551
182396
182994
183951
183691
184164
184968
185249
185108
185501
186179
186417
186294
186576
187139
187300
187484
187623
187799
187660
187857
188208
188219
188248
188230
188166
188041
187841
187531
187064
186310
185304
182641
178612
172836
159890
)
;
    }
    procBoundary0to2
    {
        type            processor;
        value           nonuniform List<scalar> 
150
(
-14820.5
7857.69
24157.4
31503.9
36960.1
41269.5
42407.6
45088.9
46331.7
48879.8
51638.5
52674.7
54815.2
55551.3
57602.1
58708.4
60779
61749.3
62377.9
64254.7
65244
67296.8
68316.3
69394.6
70136.2
70835.3
72170.4
72959.1
74207.1
75028.5
75762.8
77275.2
78373.4
78828.7
79532.6
80313.5
81368.2
82206
83402.1
84579.7
85376.3
86694.2
87936.5
88743.9
90113
91180.8
92073.1
92913.4
93769.2
94592.7
95101.1
96273.7
96995.4
98044.9
98944.1
100011
100848
101846
102635
103608
104441
104985
106437
107107
108129
108836
109845
110544
111543
112257
113181
114456
114590
115664
116336
117345
118015
119026
119693
120695
121386
122228
123674
123599
124726
125379
126366
127095
127878
129502
129281
130422
131137
131878
133635
133292
134438
135206
135853
137738
137316
138217
140179
139604
140555
142536
141842
143051
143738
144222
146173
145613
146258
147787
148267
147925
148596
149999
149509
150053
151208
151569
151294
151746
152722
153030
152792
153127
153930
154118
154360
154547
154802
154569
154803
155333
155350
155417
155430
155391
155291
155121
154847
154426
153698
152823
150352
146571
141591
129823
)
;
    }
}


// ************************************************************************* //
