/*--------------------------------*- C++ -*----------------------------------*\
| =========                 |                                                 |
| \\      /  F ield         | OpenFOAM: The Open Source CFD Toolbox           |
|  \\    /   O peration     | Version:  v2012                                 |
|   \\  /    A nd           | Website:  www.openfoam.com                      |
|    \\/     M anipulation  |                                                 |
\*---------------------------------------------------------------------------*/
FoamFile
{
    version     2.0;
    format      ascii;
    class       volScalarField;
    location    "1e-06";
    object      k;
}
// * * * * * * * * * * * * * * * * * * * * * * * * * * * * * * * * * * * * * //

dimensions      [0 2 -2 0 0 0 0];


internalField   nonuniform List<scalar> 
10178
(
0.0640749
0.0636817
0.0700091
0.0692485
0.0791694
0.0817543
0.084323
0.0927641
0.0990893
0.101585
0.101124
0.107173
0.112469
0.113568
0.111985
0.112144
0.114561
0.115195
0.110924
0.106453
0.108287
0.109264
0.106071
0.100547
0.0987211
0.09946
0.0957415
0.0929786
0.0872484
0.088194
0.0894422
0.0873304
0.0795585
0.0758753
0.076735
0.0791279
0.0764488
0.0736257
0.0738335
0.0775856
0.0812623
0.0805195
0.07972
0.0818515
0.0857157
0.0871661
0.0864917
0.0851558
0.084942
0.0875088
0.0898334
0.0900577
0.0876611
0.0859821
0.0887886
0.0917309
0.0949825
0.0954227
0.0967007
0.102108
0.106314
0.104879
0.105635
0.114238
0.118721
0.126529
0.130238
0.141109
0.154241
0.160447
0.164707
0.168993
0.174678
0.177767
0.187729
0.201022
0.205081
0.212324
0.210988
0.204946
0.199733
0.178168
0.157983
0.150494
0.129575
0.119043
0.11544
0.104008
0.0959476
0.0932075
0.0846527
0.080258
0.0791807
0.0773629
0.078179
0.0796567
0.087079
0.0964388
0.125985
0.167604
0.172384
0.181381
0.210629
0.214079
0.21771
0.199075
0.189888
0.147957
0.126776
0.120707
0.105969
0.0949023
0.0920707
0.0786006
0.0657636
0.0595355
0.057993
0.054846
0.060091
0.0643398
0.0832556
0.101593
0.125573
0.131336
0.154119
0.163298
0.163629
0.15843
0.142928
0.139104
0.118884
0.104724
0.0929203
0.0892955
0.0772511
0.0668086
0.0668347
0.0662297
0.0849084
0.085429
0.0887552
0.0889461
0.0794107
0.102931
0.103824
0.109527
0.115482
0.120141
0.120836
0.124679
0.127207
0.130728
0.131686
0.131799
0.1324
0.1325
0.131559
0.130565
0.130218
0.128463
0.127179
0.125356
0.124936
0.122548
0.116977
0.116838
0.114471
0.113716
0.110883
0.108112
0.103894
0.103343
0.100108
0.0977976
0.0971159
0.0968816
0.0967467
0.0966649
0.0976843
0.0990664
0.100265
0.100358
0.10143
0.102522
0.10368
0.104205
0.104307
0.105115
0.10523
0.106715
0.106954
0.107079
0.107621
0.107376
0.113673
0.117282
0.117789
0.120207
0.124529
0.126284
0.12691
0.132331
0.136301
0.146664
0.148259
0.155668
0.168086
0.174826
0.176832
0.179924
0.184587
0.185393
0.191905
0.199952
0.200459
0.207328
0.203514
0.193033
0.192424
0.17265
0.149476
0.146226
0.126875
0.114268
0.112799
0.102721
0.0940414
0.0930782
0.0863202
0.0831172
0.0829118
0.0826993
0.0854944
0.0863747
0.092003
0.0952452
0.122143
0.155808
0.158215
0.174966
0.198676
0.201406
0.207451
0.184206
0.181819
0.14226
0.118869
0.115673
0.103053
0.0906038
0.0885575
0.0775843
0.0665318
0.0618914
0.0613877
0.0593448
0.0629897
0.0644786
0.0819294
0.0979258
0.119742
0.125145
0.147552
0.153298
0.153789
0.152154
0.135429
0.131315
0.113673
0.100539
0.0868536
0.0850222
0.0754462
0.0647863
0.0645036
0.0657394
0.115074
0.115539
0.118668
0.115046
0.0980806
0.132562
0.133416
0.138681
0.144461
0.148916
0.149642
0.153306
0.155275
0.159647
0.161332
0.161549
0.16275
0.163644
0.163948
0.163866
0.163673
0.162648
0.162318
0.16107
0.160717
0.158831
0.151061
0.153681
0.150892
0.150114
0.146817
0.143402
0.139491
0.138777
0.135251
0.131681
0.130302
0.128996
0.12867
0.127518
0.127073
0.127732
0.128289
0.128276
0.128711
0.12973
0.13084
0.131644
0.131779
0.132716
0.13314
0.134928
0.13571
0.135872
0.136695
0.108257
0.144001
0.147736
0.148301
0.151184
0.155424
0.157607
0.158245
0.163295
0.166852
0.175776
0.176665
0.183388
0.192092
0.198009
0.199455
0.20208
0.202746
0.202706
0.202447
0.202682
0.202373
0.202595
0.195941
0.185765
0.184367
0.16715
0.146769
0.14346
0.124973
0.113306
0.111617
0.10245
0.0960262
0.0951438
0.0911011
0.0907656
0.0908393
0.0934156
0.0981975
0.0993082
0.105136
0.107145
0.12159
0.140721
0.143398
0.164842
0.184736
0.186932
0.191816
0.173979
0.171707
0.13746
0.11545
0.112008
0.0987801
0.0878539
0.0862074
0.0773491
0.070211
0.0685626
0.0684341
0.0685156
0.0714919
0.0723844
0.0811788
0.0961259
0.114612
0.118865
0.137661
0.143454
0.143903
0.142438
0.128351
0.124835
0.108348
0.095437
0.083236
0.0814365
0.0727841
0.0655074
0.0653181
0.0658462
0.115684
0.116127
0.119293
0.125902
0.128434
0.133187
0.134031
0.139402
0.145321
0.149568
0.150281
0.153985
0.157263
0.160408
0.162072
0.162291
0.163565
0.165078
0.164776
0.164714
0.164522
0.163814
0.163296
0.161991
0.16163
0.159779
0.16093
0.15463
0.151802
0.151011
0.147774
0.14444
0.140326
0.139591
0.136035
0.133085
0.131024
0.12964
0.129297
0.128129
0.128796
0.128268
0.128811
0.128777
0.129297
0.130501
0.131362
0.13215
0.132283
0.133242
0.133967
0.135536
0.13626
0.136429
0.137271
0.138023
0.14467
0.148392
0.148955
0.151917
0.156187
0.158315
0.15895
0.164064
0.167602
0.204864
0.177348
0.184289
0.192698
0.198586
0.200027
0.202708
0.20315
0.203086
0.202838
0.202764
0.202439
0.202657
0.195915
0.185662
0.184368
0.1671
0.146748
0.143437
0.124958
0.113297
0.111607
0.102457
0.0960443
0.095169
0.0911481
0.0908384
0.0909266
0.0935266
0.0983558
0.0994565
0.1053
0.107295
0.121648
0.140665
0.143324
0.164581
0.184665
0.186829
0.191747
0.17385
0.171683
0.137424
0.115413
0.11199
0.0987719
0.0878634
0.0862142
0.0773491
0.0702417
0.068616
0.068501
0.0686287
0.0715698
0.0724544
0.0812035
0.0961188
0.11457
0.118815
0.137626
0.143382
0.143853
0.142404
0.128279
0.124831
0.108289
0.0954312
0.0832272
0.0814375
0.0727901
0.0655054
0.0653419
0.0658524
0.143879
0.144309
0.147554
0.151304
0.156813
0.162041
0.162905
0.168344
0.174441
0.178824
0.179564
0.183387
0.186132
0.190287
0.192415
0.192699
0.194361
0.196205
0.19669
0.197057
0.196959
0.196508
0.196505
0.195384
0.19502
0.193317
0.190556
0.188139
0.18497
0.184143
0.180515
0.176614
0.172201
0.171303
0.167341
0.163409
0.160943
0.15881
0.158329
0.156483
0.156012
0.155296
0.15542
0.155338
0.155497
0.156619
0.157496
0.158434
0.158583
0.159655
0.160501
0.162378
0.163439
0.163618
0.164692
0.165751
0.173185
0.177133
0.177763
0.181186
0.185581
0.188138
0.188803
0.193867
0.197479
0.205855
0.206794
0.213477
0.220497
0.225559
0.226691
0.228466
0.226178
0.225551
0.220505
0.214462
0.213372
0.20822
0.19862
0.187817
0.185991
0.170044
0.150898
0.147568
0.128981
0.117402
0.115589
0.106955
0.102054
0.101328
0.099386
0.101231
0.101602
0.106433
0.112958
0.11434
0.120926
0.122553
0.13317
0.144448
0.146495
0.163242
0.180111
0.181945
0.186578
0.172697
0.170856
0.13969
0.117615
0.113992
0.0999008
0.0897439
0.0883449
0.0811191
0.076856
0.0774235
0.077648
0.0794912
0.0821573
0.082762
0.0879871
0.0993447
0.114743
0.118189
0.134783
0.140887
0.14141
0.140526
0.128056
0.124842
0.108764
0.0956202
0.0840744
0.082321
0.0743218
0.0693556
0.0692133
0.0693218
0.170409
0.170852
0.174253
0.173643
0.1577
0.189636
0.190569
0.196219
0.202571
0.207278
0.208055
0.212075
0.214079
0.219453
0.22192
0.222256
0.224177
0.22599
0.227213
0.227807
0.227763
0.227293
0.227649
0.22658
0.226199
0.224476
0.217702
0.219057
0.215568
0.214688
0.210621
0.206161
0.20144
0.200413
0.196035
0.1911
0.188496
0.185807
0.185217
0.182843
0.181169
0.180728
0.180562
0.180447
0.180322
0.181333
0.182342
0.183401
0.18356
0.184737
0.185564
0.187798
0.189138
0.189331
0.190599
0.191561
0.200045
0.204279
0.204977
0.208798
0.213395
0.216413
0.217116
0.222207
0.226068
0.234271
0.235613
0.242192
0.248876
0.253339
0.254294
0.255257
0.251164
0.250137
0.241497
0.230555
0.22866
0.218533
0.205693
0.193573
0.191288
0.175925
0.15728
0.153981
0.134994
0.123261
0.121394
0.113263
0.109664
0.109131
0.109036
0.11265
0.113295
0.119963
0.127937
0.129609
0.137092
0.138666
0.148393
0.154229
0.155431
0.165614
0.178858
0.180357
0.185038
0.174425
0.173007
0.14416
0.12153
0.117728
0.10271
0.0933013
0.0921402
0.0865159
0.0846568
0.0869664
0.0874871
0.0906875
0.0932652
0.0937172
0.0971262
0.104586
0.116956
0.119722
0.134379
0.140802
0.141398
0.141254
0.13001
0.126877
0.111072
0.0975089
0.0864706
0.0847885
0.077302
0.0743079
0.0741718
0.0740817
0.17155
0.171968
0.175417
0.182123
0.185478
0.190836
0.191764
0.197583
0.204153
0.208576
0.209335
0.213409
0.217162
0.220907
0.223346
0.223678
0.2257
0.228349
0.228757
0.22936
0.229318
0.229253
0.229348
0.228183
0.227784
0.226097
0.22658
0.22065
0.217097
0.216199
0.212202
0.207832
0.202823
0.20176
0.197333
0.193144
0.189701
0.186903
0.186288
0.183894
0.18357
0.181676
0.181475
0.181345
0.181325
0.18259
0.183254
0.184286
0.184446
0.185646
0.186882
0.188831
0.190087
0.190276
0.191572
0.193293
0.20114
0.205364
0.206063
0.209995
0.214631
0.217576
0.218277
0.223456
0.227308
0.235474
0.236806
0.243709
0.250041
0.254461
0.255415
0.256464
0.252064
0.251006
0.242531
0.231015
0.229084
0.218858
0.205904
0.193659
0.19143
0.176024
0.157376
0.154076
0.135089
0.123343
0.121474
0.113364
0.10978
0.109249
0.109207
0.112855
0.11351
0.120235
0.128259
0.129939
0.137453
0.139016
0.14874
0.154439
0.155614
0.165915
0.178858
0.180313
0.18507
0.17441
0.173081
0.144217
0.121573
0.117759
0.10291
0.0933472
0.0921856
0.0865882
0.0847688
0.0871124
0.0876453
0.0909316
0.0934486
0.0938951
0.0972837
0.104663
0.116984
0.119741
0.134405
0.140803
0.14141
0.141308
0.130013
0.126913
0.111075
0.0975531
0.0864942
0.0848174
0.0775108
0.0743577
0.0742376
0.0741329
0.1971
0.197544
0.201187
0.204997
0.212352
0.217623
0.218617
0.224694
0.23154
0.236372
0.23717
0.241456
0.24419
0.249402
0.252104
0.252474
0.254659
0.25707
0.258189
0.258907
0.258896
0.258633
0.259031
0.257852
0.257429
0.255638
0.25166
0.249864
0.246004
0.245049
0.240594
0.235708
0.230438
0.22927
0.224446
0.21918
0.215842
0.212601
0.2119
0.209063
0.207479
0.206148
0.205733
0.205579
0.205314
0.206462
0.207324
0.208467
0.208632
0.209926
0.21103
0.213396
0.214904
0.215105
0.216564
0.218
0.226968
0.231495
0.232258
0.236543
0.241402
0.244821
0.245563
0.250785
0.254965
0.2644
0.264983
0.271855
0.278355
0.282387
0.283238
0.283692
0.27812
0.276779
0.265553
0.250054
0.247349
0.232454
0.215905
0.201778
0.199023
0.183536
0.16504
0.161758
0.142273
0.130347
0.128443
0.120859
0.11848
0.118141
0.119733
0.124881
0.125779
0.134074
0.143397
0.145345
0.153853
0.1555
0.165441
0.167085
0.16743
0.170855
0.179156
0.1802
0.185294
0.17749
0.17655
0.149656
0.126387
0.122437
0.106746
0.0980095
0.0970756
0.0930402
0.0932838
0.0970641
0.0978482
0.102266
0.104896
0.105261
0.107559
0.111256
0.120493
0.122579
0.135225
0.1419
0.14258
0.143184
0.132932
0.129871
0.114271
0.10037
0.0898478
0.088261
0.0814117
0.0799425
0.0798419
0.0797256
0.198492
0.198907
0.202609
0.212651
0.21382
0.219059
0.220072
0.226376
0.233477
0.237971
0.238746
0.243101
0.247952
0.251183
0.253844
0.254208
0.256521
0.259885
0.260053
0.260769
0.260764
0.260994
0.261055
0.259753
0.259306
0.257555
0.260685
0.251738
0.2478
0.246824
0.242457
0.237671
0.232056
0.230846
0.225968
0.22162
0.217261
0.213893
0.213165
0.21031
0.21024
0.207279
0.20682
0.206652
0.206517
0.207962
0.208409
0.209519
0.209684
0.211007
0.212619
0.214621
0.216023
0.216216
0.217711
0.22009
0.22825
0.232758
0.233524
0.237941
0.242845
0.246174
0.246912
0.252241
0.256415
0.292918
0.266383
0.273666
0.279753
0.283738
0.284592
0.28517
0.279248
0.277877
0.266927
0.250687
0.247928
0.232888
0.216188
0.201922
0.19921
0.183674
0.165166
0.161883
0.1424
0.130456
0.12855
0.120996
0.118631
0.118297
0.119954
0.125144
0.126056
0.134417
0.143789
0.145755
0.154303
0.155942
0.165906
0.1674
0.167717
0.171439
0.179182
0.180189
0.185341
0.177495
0.176638
0.149728
0.126446
0.122489
0.107017
0.0980693
0.0971397
0.0931388
0.0934293
0.097252
0.0980494
0.102573
0.105131
0.105491
0.107776
0.111366
0.120544
0.122618
0.135262
0.141913
0.142603
0.143254
0.13295
0.129907
0.114289
0.100422
0.0898855
0.0883004
0.0817293
0.0800068
0.0799192
0.0797972
0.224821
0.225256
0.229148
0.234308
0.240116
0.246866
0.247852
0.254345
0.261735
0.266785
0.267596
0.272174
0.275461
0.28074
0.283667
0.284054
0.28647
0.289354
0.29044
0.291244
0.291233
0.291058
0.291517
0.290203
0.289717
0.287802
0.284697
0.281613
0.277354
0.276294
0.271388
0.266076
0.260251
0.258927
0.253601
0.247865
0.243898
0.240108
0.239281
0.235968
0.234329
0.232303
0.231661
0.231452
0.231043
0.232321
0.233088
0.234311
0.234481
0.23589
0.237219
0.239781
0.241459
0.241666
0.243315
0.245141
0.254686
0.259537
0.260362
0.265102
0.270264
0.274106
0.274883
0.280245
0.284814
0.294635
0.29543
0.30263
0.309174
0.312911
0.313684
0.313756
0.306997
0.30539
0.291992
0.272418
0.26891
0.249376
0.228736
0.212037
0.208752
0.1925
0.173918
0.170624
0.150603
0.138496
0.13656
0.129543
0.128314
0.12816
0.131304
0.137841
0.138975
0.148772
0.159415
0.16163
0.171361
0.173129
0.183687
0.182047
0.18158
0.178468
0.181001
0.181473
0.18659
0.181285
0.180836
0.155769
0.13195
0.127875
0.111674
0.103671
0.102965
0.100469
0.102586
0.107668
0.108688
0.114226
0.117145
0.117462
0.118954
0.119181
0.125156
0.12653
0.136907
0.143687
0.144439
0.145744
0.136397
0.133399
0.11807
0.103978
0.0940378
0.0925585
0.0863781
0.0860303
0.0859975
0.0860778
0.251007
0.251467
0.255501
0.254373
0.241837
0.27424
0.275344
0.282031
0.289583
0.29536
0.296232
0.301004
0.302334
0.310005
0.313209
0.313615
0.316064
0.318046
0.320439
0.321315
0.321282
0.320512
0.321449
0.320175
0.319656
0.317544
0.308469
0.310995
0.306446
0.305301
0.299818
0.29395
0.288079
0.286659
0.280887
0.273524
0.270232
0.266084
0.265165
0.261399
0.257662
0.257189
0.2564
0.25615
0.255417
0.25638
0.257691
0.25905
0.259225
0.260713
0.261577
0.264828
0.266837
0.267065
0.268852
0.269856
0.280974
0.286185
0.287064
0.292055
0.297455
0.301852
0.302668
0.308013
0.313025
0.322739
0.324294
0.331252
0.338475
0.342066
0.342769
0.342354
0.335096
0.333303
0.317627
0.295522
0.291335
0.26764
0.242978
0.223587
0.21966
0.202219
0.183395
0.180061
0.159507
0.147267
0.145306
0.138791
0.138612
0.138621
0.143086
0.150839
0.152167
0.16327
0.175139
0.177573
0.188666
0.190561
0.201773
0.197802
0.19664
0.186919
0.184456
0.184354
0.188504
0.185373
0.185264
0.162076
0.13791
0.133752
0.116836
0.109976
0.109481
0.108378
0.112102
0.118297
0.119517
0.125937
0.12949
0.129789
0.130612
0.127933
0.130685
0.131352
0.139163
0.145826
0.146606
0.14846
0.140097
0.137171
0.122231
0.108097
0.0988192
0.0974509
0.0915125
0.092334
0.0923732
0.0927989
0.253013
0.253427
0.257537
0.263089
0.26831
0.276321
0.277444
0.284438
0.292376
0.297669
0.298503
0.30337
0.307059
0.312557
0.315692
0.316085
0.3187
0.321961
0.323055
0.323911
0.323883
0.323723
0.324251
0.322788
0.322232
0.320168
0.317088
0.313553
0.308894
0.307722
0.302356
0.296649
0.290288
0.288806
0.282968
0.276698
0.272192
0.26787
0.266914
0.263132
0.261334
0.258775
0.257921
0.257656
0.257099
0.258508
0.259213
0.260521
0.260689
0.26222
0.263734
0.266541
0.268382
0.268594
0.270429
0.272576
0.282722
0.287899
0.28878
0.293949
0.299413
0.303673
0.304482
0.309974
0.314997
0.32463
0.326196
0.333709
0.340411
0.343949
0.344664
0.344468
0.336759
0.334932
0.319725
0.296611
0.292349
0.268411
0.243496
0.223906
0.220003
0.20248
0.183619
0.180283
0.159739
0.147469
0.145506
0.139042
0.138873
0.138891
0.143445
0.151243
0.152589
0.163778
0.175709
0.17817
0.189339
0.191226
0.202505
0.19836
0.19716
0.188073
0.184573
0.184431
0.188589
0.185413
0.185385
0.162192
0.138014
0.133857
0.117325
0.110099
0.109608
0.108559
0.11234
0.118586
0.119821
0.1264
0.129856
0.130151
0.130976
0.128146
0.130804
0.131451
0.139234
0.145866
0.146654
0.148563
0.140142
0.137235
0.122292
0.108173
0.0988998
0.0975348
0.0920318
0.0924496
0.0924983
0.0929367
0.279022
0.279467
0.283673
0.283648
0.270285
0.303494
0.304675
0.311737
0.319735
0.325894
0.326789
0.331815
0.333075
0.341379
0.344791
0.345202
0.347777
0.349826
0.352506
0.353419
0.353358
0.352411
0.353522
0.352144
0.351563
0.349282
0.340449
0.342343
0.337439
0.336188
0.330229
0.323975
0.317721
0.316163
0.309904
0.301753
0.298258
0.293644
0.29261
0.28839
0.284121
0.283584
0.282618
0.282315
0.281387
0.28238
0.283808
0.285268
0.285439
0.287035
0.287888
0.291526
0.293743
0.293976
0.29593
0.296933
0.308868
0.3144
0.31533
0.320674
0.326349
0.331183
0.332027
0.337441
0.342956
0.353127
0.354753
0.361859
0.369425
0.372909
0.373568
0.37293
0.365049
0.363084
0.345776
0.320908
0.316042
0.288366
0.25949
0.237033
0.232442
0.213256
0.193945
0.190533
0.169429
0.157012
0.15502
0.148986
0.149762
0.149923
0.155642
0.164539
0.166058
0.178427
0.19152
0.194176
0.206846
0.20885
0.220743
0.214992
0.21321
0.197976
0.190341
0.189615
0.19144
0.189976
0.190177
0.168837
0.14451
0.140301
0.123055
0.117087
0.116789
0.117
0.122198
0.129436
0.130847
0.138196
0.142443
0.142744
0.143055
0.137808
0.137331
0.137282
0.142294
0.148536
0.149314
0.1516
0.144179
0.141352
0.126918
0.112905
0.10431
0.103056
0.0976307
0.0991194
0.0992381
0.100071
0.281267
0.281659
0.285956
0.291821
0.297206
0.305855
0.307038
0.314458
0.322914
0.328473
0.329321
0.334459
0.338402
0.344234
0.347548
0.347944
0.350717
0.354254
0.355399
0.356278
0.356229
0.356017
0.35663
0.355013
0.35439
0.352169
0.348871
0.345156
0.340122
0.338845
0.333042
0.326996
0.320149
0.31852
0.312196
0.305362
0.300436
0.295617
0.294542
0.290321
0.288259
0.285348
0.284304
0.283988
0.283284
0.28482
0.285504
0.286898
0.28706
0.288706
0.290354
0.293446
0.295447
0.295659
0.297668
0.300046
0.310793
0.316274
0.317206
0.322764
0.32851
0.333166
0.334002
0.339592
0.345124
0.355198
0.356827
0.364609
0.371548
0.374977
0.375656
0.375313
0.366918
0.364918
0.348255
0.322218
0.317274
0.289336
0.260159
0.237465
0.23289
0.213601
0.194235
0.190821
0.169731
0.157271
0.155278
0.149306
0.150082
0.150254
0.156067
0.164998
0.166536
0.179001
0.192156
0.194841
0.207604
0.209598
0.221583
0.215658
0.213837
0.199523
0.190527
0.189758
0.191554
0.190039
0.190316
0.168979
0.144644
0.140437
0.123692
0.117247
0.116953
0.117226
0.122481
0.129766
0.131192
0.138733
0.142862
0.14316
0.143489
0.138082
0.137493
0.137424
0.142392
0.148598
0.149377
0.151725
0.144242
0.141434
0.127005
0.113007
0.104419
0.103168
0.0982967
0.0992669
0.0993932
0.100248
0.30805
0.308468
0.312792
0.31258
0.299438
0.333721
0.334947
0.342304
0.350696
0.357363
0.358283
0.363548
0.364421
0.373677
0.377317
0.377722
0.380377
0.382266
0.385474
0.386419
0.386313
0.385038
0.38642
0.384979
0.384332
0.381859
0.372278
0.374554
0.369316
0.367953
0.361479
0.354827
0.348282
0.346583
0.33982
0.330666
0.327172
0.322109
0.320951
0.316255
0.311158
0.31088
0.309747
0.309382
0.308206
0.309155
0.310837
0.31241
0.312574
0.314272
0.314981
0.319119
0.321587
0.321824
0.323935
0.324736
0.33764
0.343499
0.344473
0.350111
0.356047
0.361332
0.362197
0.367625
0.373689
0.384275
0.385945
0.393055
0.401085
0.404525
0.405142
0.40429
0.395988
0.393875
0.37502
0.347918
0.34243
0.311051
0.277968
0.252246
0.246949
0.225551
0.205519
0.201983
0.180283
0.167646
0.165612
0.159983
0.161628
0.161925
0.168781
0.17874
0.180432
0.194002
0.208283
0.211139
0.225473
0.227582
0.240156
0.233199
0.230891
0.210716
0.198255
0.196884
0.195401
0.194998
0.19539
0.175987
0.15171
0.147487
0.129947
0.124917
0.124801
0.126216
0.13276
0.140959
0.142544
0.150749
0.155757
0.156078
0.156053
0.148671
0.145061
0.144316
0.146326
0.151804
0.152537
0.155065
0.148608
0.145905
0.132105
0.118355
0.11045
0.109308
0.104306
0.106451
0.106633
0.107803
0.310553
0.310907
0.315342
0.321141
0.32704
0.336338
0.337571
0.345359
0.354295
0.360227
0.361088
0.366485
0.370313
0.376856
0.380361
0.380749
0.38364
0.387236
0.388664
0.389559
0.38947
0.389065
0.389863
0.388124
0.387428
0.385032
0.380942
0.377648
0.372256
0.370865
0.364596
0.358212
0.35095
0.34917
0.342345
0.334725
0.32959
0.324283
0.323081
0.318397
0.315761
0.312837
0.311609
0.31123
0.310337
0.311945
0.312719
0.314207
0.314359
0.316118
0.317778
0.321271
0.323459
0.323668
0.325846
0.328251
0.339758
0.345541
0.346516
0.352412
0.358431
0.363483
0.364339
0.369982
0.376065
0.386519
0.388192
0.396117
0.403399
0.406777
0.407423
0.40696
0.39806
0.395913
0.377894
0.349438
0.343863
0.312213
0.278775
0.252778
0.247493
0.225972
0.205858
0.202322
0.180646
0.167951
0.165918
0.160364
0.161995
0.162305
0.169268
0.179252
0.180966
0.194637
0.208979
0.211872
0.22631
0.228409
0.241105
0.233974
0.231627
0.212654
0.198502
0.19709
0.195547
0.195074
0.195538
0.176144
0.151864
0.147644
0.130737
0.125107
0.124996
0.126481
0.133081
0.141328
0.142929
0.151367
0.156225
0.156544
0.156557
0.149002
0.145265
0.144498
0.146452
0.151876
0.152606
0.155212
0.148684
0.145998
0.132209
0.118481
0.110581
0.109442
0.105113
0.106627
0.106815
0.108012
0.338301
0.338682
0.343053
0.341417
0.329539
0.365074
0.366333
0.373883
0.382583
0.389948
0.390899
0.39638
0.39645
0.407066
0.410974
0.411364
0.414034
0.415467
0.419538
0.420524
0.420346
0.418546
0.420331
0.418903
0.418187
0.415495
0.404103
0.407865
0.402328
0.400841
0.393792
0.386697
0.380012
0.378175
0.370885
0.360432
0.357206
0.35172
0.350432
0.345217
0.338908
0.339301
0.338011
0.337569
0.336061
0.336846
0.338981
0.340692
0.340844
0.342629
0.34301
0.347793
0.350582
0.350824
0.353079
0.353402
0.367488
0.373687
0.374693
0.38054
0.386716
0.392482
0.393359
0.398725
0.405356
0.41634
0.418004
0.424915
0.433562
0.437009
0.437574
0.43647
0.427967
0.425725
0.405307
0.376505
0.370443
0.33561
0.298384
0.269256
0.263217
0.239184
0.218177
0.214469
0.192096
0.179184
0.177095
0.171774
0.174209
0.174625
0.182515
0.193473
0.195321
0.210025
0.22545
0.228489
0.244489
0.246712
0.259998
0.252347
0.249602
0.224957
0.207996
0.205959
0.200508
0.20034
0.200755
0.183551
0.159532
0.15533
0.13747
0.133445
0.133496
0.136015
0.143801
0.152898
0.154641
0.16362
0.169425
0.169782
0.169595
0.160484
0.153896
0.152487
0.15134
0.15569
0.156327
0.158876
0.153403
0.150846
0.137808
0.124446
0.117219
0.116182
0.111479
0.114341
0.114568
0.115974
0.339676
0.33999
0.344513
0.350734
0.358024
0.366473
0.367758
0.375862
0.385226
0.391523
0.392397
0.398022
0.401747
0.408939
0.412609
0.412992
0.415971
0.419589
0.421295
0.42219
0.422066
0.421459
0.422442
0.420592
0.419835
0.417282
0.412923
0.409592
0.40389
0.402405
0.395723
0.389063
0.381456
0.379544
0.372267
0.363877
0.358625
0.352879
0.351564
0.346451
0.343167
0.340382
0.338993
0.338562
0.337473
0.339132
0.340061
0.341652
0.341793
0.343658
0.345264
0.349205
0.351592
0.351793
0.354123
0.356455
0.368709
0.37476
0.375772
0.381949
0.388201
0.393615
0.394482
0.400125
0.406753
0.418751
0.419183
0.427158
0.434804
0.438173
0.438798
0.438268
0.42905
0.426795
0.407639
0.377321
0.371201
0.336302
0.298845
0.269536
0.263521
0.239426
0.218339
0.214636
0.192322
0.179336
0.177251
0.172016
0.174396
0.174825
0.182803
0.193735
0.195604
0.210374
0.225804
0.228884
0.244928
0.247134
0.260551
0.252756
0.249991
0.227054
0.208129
0.206062
0.200598
0.200364
0.20082
0.183615
0.159602
0.155399
0.13833
0.133541
0.133594
0.136168
0.143975
0.153087
0.154843
0.164087
0.169666
0.170024
0.169915
0.160665
0.154005
0.152585
0.151428
0.155712
0.156346
0.158991
0.15343
0.150882
0.137854
0.12452
0.117285
0.116251
0.112349
0.114435
0.114662
0.116095
0.341129
0.341379
0.34608
0.357612
0.360797
0.36796
0.369271
0.378001
0.387955
0.393179
0.393977
0.39976
0.407506
0.410899
0.414332
0.414711
0.418035
0.423874
0.423142
0.423945
0.423882
0.42467
0.424643
0.422369
0.421573
0.419171
0.421252
0.411409
0.40554
0.404059
0.397798
0.391516
0.382985
0.380997
0.373737
0.367767
0.360124
0.354113
0.352771
0.347773
0.347718
0.341531
0.340037
0.33962
0.339008
0.341489
0.341195
0.342669
0.342796
0.344753
0.347808
0.350671
0.352653
0.352815
0.355228
0.359943
0.369983
0.375885
0.376904
0.383438
0.389738
0.394793
0.395653
0.401602
0.408201
0.44943
0.420412
0.429594
0.436107
0.439401
0.44009
0.440153
0.430216
0.427949
0.41025
0.378243
0.372063
0.337107
0.299378
0.26989
0.263891
0.239749
0.218568
0.21487
0.192608
0.179531
0.17745
0.172297
0.174612
0.175053
0.183116
0.194016
0.195909
0.210742
0.226177
0.229299
0.245394
0.247582
0.261144
0.253214
0.25043
0.229425
0.208306
0.206224
0.200723
0.200424
0.200912
0.183735
0.159709
0.15551
0.139276
0.133663
0.133713
0.136345
0.144164
0.153288
0.155058
0.164569
0.169925
0.170284
0.17027
0.160878
0.154144
0.152718
0.15154
0.15577
0.1564
0.159134
0.15349
0.150954
0.137933
0.124621
0.117371
0.11634
0.113349
0.114542
0.11477
0.116232
0.370354
0.370613
0.375144
0.380928
0.390362
0.39807
0.399381
0.407668
0.417362
0.424266
0.42516
0.430988
0.434095
0.442452
0.446346
0.446711
0.449705
0.452957
0.4554
0.456313
0.456125
0.455053
0.456418
0.454552
0.45373
0.450986
0.445879
0.443045
0.437074
0.435479
0.428295
0.421298
0.413527
0.411481
0.403721
0.394149
0.389145
0.382981
0.381539
0.375936
0.371524
0.369376
0.367829
0.367328
0.365924
0.367479
0.368818
0.37054
0.370659
0.372619
0.373917
0.378509
0.381181
0.381377
0.383842
0.38572
0.39904
0.405376
0.406412
0.412758
0.419222
0.425036
0.425906
0.431454
0.438625
0.450691
0.451305
0.459063
0.467273
0.470674
0.471263
0.470587
0.46128
0.458929
0.438506
0.406882
0.40026
0.362321
0.320899
0.288194
0.281412
0.254392
0.232058
0.228133
0.205064
0.1917
0.189544
0.184512
0.187564
0.188091
0.196983
0.208806
0.210812
0.226617
0.24309
0.246334
0.263941
0.266271
0.280467
0.272463
0.269362
0.242803
0.219488
0.216767
0.206939
0.206027
0.20628
0.191602
0.168043
0.163887
0.146548
0.142695
0.142895
0.146464
0.155392
0.16531
0.167209
0.177167
0.183505
0.183915
0.183841
0.173272
0.163881
0.161853
0.157467
0.160259
0.160742
0.163176
0.158603
0.156218
0.144068
0.131224
0.124628
0.123691
0.120041
0.122783
0.123038
0.124623
0.373188
0.373353
0.378079
0.38726
0.393431
0.400989
0.402324
0.411336
0.421756
0.427475
0.428272
0.434299
0.441253
0.446079
0.449713
0.450061
0.453451
0.459064
0.458942
0.459751
0.459615
0.460025
0.460362
0.458003
0.457118
0.454532
0.453666
0.44649
0.440298
0.438686
0.431939
0.425364
0.416486
0.414327
0.406541
0.399433
0.391918
0.385396
0.383903
0.378394
0.377229
0.37158
0.369889
0.369388
0.368521
0.371031
0.370955
0.372527
0.372629
0.374696
0.3776
0.381057
0.383244
0.383389
0.38596
0.390386
0.40141
0.40758
0.40862
0.415396
0.421946
0.427338
0.428194
0.434102
0.441267
0.451993
0.453693
0.462796
0.46976
0.47307
0.473726
0.473734
0.463554
0.461175
0.442313
0.408686
0.401961
0.363823
0.321943
0.288891
0.28213
0.254962
0.232474
0.228551
0.205545
0.192071
0.189919
0.185003
0.187989
0.188534
0.197557
0.209365
0.211403
0.227318
0.243831
0.247128
0.264841
0.267155
0.281553
0.273373
0.270237
0.245687
0.219846
0.217084
0.207168
0.206121
0.20643
0.191776
0.168224
0.164076
0.147736
0.142928
0.14313
0.146789
0.155758
0.165715
0.167633
0.177941
0.184019
0.18443
0.184469
0.173694
0.164164
0.162114
0.15767
0.160354
0.160828
0.163387
0.158695
0.156327
0.144194
0.131394
0.124791
0.123859
0.121235
0.122998
0.123255
0.12488
0.403916
0.404096
0.408497
0.411781
0.424248
0.432496
0.433797
0.442048
0.451906
0.459911
0.46084
0.466836
0.468329
0.478861
0.483124
0.483446
0.486318
0.488549
0.49255
0.493533
0.493212
0.49118
0.493278
0.491598
0.490695
0.487676
0.479937
0.479524
0.473339
0.471589
0.463681
0.456155
0.448556
0.446361
0.438019
0.426494
0.422328
0.415778
0.414175
0.407939
0.40159
0.400861
0.399161
0.398544
0.3966
0.39776
0.399957
0.401859
0.401949
0.403966
0.404524
0.410089
0.413234
0.413429
0.416002
0.416803
0.431769
0.43846
0.439501
0.445846
0.452505
0.458838
0.459692
0.464988
0.472711
0.483941
0.485634
0.492723
0.501863
0.505342
0.505851
0.504808
0.495726
0.493273
0.471162
0.438841
0.431729
0.390762
0.345296
0.309037
0.301478
0.2711
0.247228
0.243011
0.219025
0.205212
0.202958
0.198003
0.201689
0.202295
0.212017
0.224714
0.226839
0.243644
0.26115
0.264532
0.283672
0.286157
0.301217
0.293412
0.290034
0.259889
0.232692
0.229292
0.214732
0.212199
0.212083
0.200171
0.177259
0.173177
0.155403
0.152656
0.152996
0.157483
0.167496
0.178195
0.180224
0.190791
0.197971
0.198446
0.198524
0.186955
0.175003
0.172397
0.164652
0.165538
0.165811
0.167816
0.16423
0.162035
0.150875
0.138624
0.132658
0.131813
0.128199
0.131734
0.132008
0.133686
0.407027
0.407089
0.41172
0.418721
0.427633
0.435671
0.437001
0.446096
0.456831
0.463408
0.464213
0.47044
0.475947
0.482843
0.48677
0.48707
0.49041
0.495231
0.496395
0.497241
0.496988
0.496627
0.497623
0.495327
0.494347
0.491527
0.487742
0.483277
0.476826
0.475061
0.467688
0.46072
0.451775
0.449445
0.441093
0.432267
0.425397
0.418408
0.416746
0.410642
0.407665
0.403279
0.4014
0.400789
0.399494
0.401801
0.402312
0.404018
0.404085
0.406233
0.408613
0.412952
0.415473
0.415602
0.4183
0.421902
0.434361
0.440826
0.441872
0.448731
0.455505
0.461296
0.462132
0.46786
0.475578
0.486464
0.488168
0.496808
0.504514
0.507882
0.508479
0.508289
0.498168
0.495689
0.475406
0.440843
0.433617
0.392492
0.346507
0.309864
0.302321
0.271778
0.247698
0.243488
0.219587
0.205629
0.203383
0.19857
0.202155
0.202784
0.212655
0.225313
0.227476
0.2444
0.261932
0.265378
0.284625
0.287089
0.302399
0.294414
0.291001
0.263108
0.233126
0.229683
0.215024
0.21231
0.212245
0.200354
0.177459
0.173383
0.156758
0.152918
0.153258
0.157849
0.167897
0.17863
0.180681
0.191675
0.198523
0.198999
0.199231
0.187437
0.175336
0.172711
0.164916
0.165653
0.165914
0.168071
0.164333
0.162153
0.151015
0.138822
0.132842
0.132003
0.129524
0.131974
0.132248
0.133976
0.439417
0.439516
0.443628
0.442605
0.45983
0.468725
0.469981
0.477933
0.487737
0.497311
0.49831
0.504398
0.50346
0.51691
0.521707
0.52197
0.524554
0.525255
0.531461
0.532577
0.532067
0.528647
0.531717
0.530476
0.529497
0.526122
0.513912
0.517835
0.511551
0.509618
0.500784
0.492555
0.485549
0.483228
0.474244
0.460153
0.457334
0.450508
0.448728
0.441734
0.432776
0.434171
0.432353
0.431584
0.428859
0.429343
0.43284
0.434995
0.43505
0.437068
0.436478
0.443241
0.447096
0.447303
0.449932
0.449083
0.466133
0.473254
0.474278
0.480394
0.487186
0.494181
0.495006
0.499844
0.508072
0.519606
0.521248
0.527214
0.537616
0.541226
0.54161
0.53996
0.531522
0.528979
0.50487
0.472585
0.465037
0.421183
0.371812
0.331941
0.323589
0.289523
0.263848
0.259268
0.234152
0.219815
0.217435
0.212382
0.216648
0.217307
0.227722
0.241245
0.243461
0.261177
0.279656
0.28314
0.30372
0.306393
0.322384
0.315213
0.311634
0.277968
0.247646
0.243576
0.224015
0.219185
0.218551
0.209325
0.187232
0.183253
0.164836
0.163372
0.16384
0.16914
0.180174
0.191601
0.193742
0.204755
0.212873
0.213423
0.213759
0.201552
0.187287
0.184151
0.172979
0.171515
0.171522
0.172915
0.170327
0.168345
0.158264
0.146681
0.141332
0.140569
0.136732
0.141199
0.141486
0.143203
0.44118
0.44114
0.445581
0.452266
0.461939
0.470446
0.471761
0.48079
0.491696
0.499292
0.500121
0.506493
0.510671
0.51944
0.52369
0.523945
0.527158
0.531041
0.533656
0.534554
0.534177
0.532919
0.534643
0.532514
0.531457
0.528399
0.523461
0.520041
0.513421
0.511517
0.503495
0.496111
0.487343
0.484871
0.47599
0.465332
0.459296
0.451934
0.450115
0.443401
0.438522
0.435577
0.433547
0.432821
0.430984
0.432923
0.434299
0.436179
0.436205
0.438401
0.440018
0.445367
0.448343
0.448455
0.451243
0.453746
0.467756
0.474512
0.475549
0.482338
0.489272
0.49549
0.496296
0.501705
0.509911
0.520922
0.522587
0.530484
0.539082
0.54253
0.543054
0.54257
0.532797
0.530249
0.508511
0.473675
0.466032
0.422288
0.372537
0.332403
0.324094
0.289979
0.264086
0.259529
0.234562
0.220029
0.217665
0.212793
0.216886
0.217572
0.228137
0.241549
0.243807
0.261612
0.280047
0.28361
0.304225
0.306861
0.323116
0.315738
0.312139
0.281372
0.247885
0.243787
0.224237
0.219235
0.218633
0.209418
0.187332
0.183352
0.166257
0.163508
0.163972
0.169373
0.180398
0.191821
0.193984
0.205505
0.213156
0.213708
0.214246
0.201818
0.187465
0.18433
0.173198
0.171571
0.171567
0.173153
0.170374
0.168396
0.15834
0.146819
0.141426
0.140669
0.138134
0.141329
0.141609
0.143383
0.443015
0.442847
0.447675
0.458823
0.464116
0.472241
0.473628
0.483903
0.4958
0.501341
0.502003
0.50869
0.517812
0.522037
0.525746
0.526
0.529936
0.537183
0.535929
0.53661
0.536386
0.537642
0.537654
0.534635
0.533506
0.530803
0.531391
0.522334
0.515377
0.513512
0.506436
0.499798
0.489222
0.486605
0.47784
0.470932
0.461339
0.453438
0.451583
0.44519
0.44469
0.437049
0.434799
0.434128
0.433327
0.436682
0.435805
0.43741
0.437413
0.439815
0.443985
0.447546
0.449635
0.449655
0.452622
0.458823
0.469428
0.475814
0.476868
0.484408
0.49141
0.496832
0.497624
0.503676
0.511792
0.522274
0.523966
0.534059
0.540588
0.543876
0.544553
0.545277
0.534133
0.531582
0.512542
0.474852
0.467115
0.423506
0.373339
0.332908
0.324664
0.290512
0.264385
0.259851
0.235026
0.220281
0.217933
0.213238
0.217145
0.217858
0.22857
0.241864
0.244167
0.262055
0.280447
0.284091
0.304741
0.30734
0.323882
0.316297
0.312681
0.284806
0.248165
0.244045
0.224493
0.219317
0.218743
0.209555
0.187462
0.183483
0.167817
0.163664
0.16412
0.169627
0.180634
0.192048
0.194235
0.206272
0.21345
0.214004
0.214774
0.202114
0.187673
0.184539
0.173448
0.171652
0.171642
0.173433
0.170448
0.168475
0.158442
0.146979
0.141536
0.140784
0.139591
0.141467
0.141743
0.143573
0.477696
0.477553
0.481606
0.485873
0.498325
0.507446
0.508693
0.517305
0.528129
0.537345
0.53824
0.544661
0.546733
0.558066
0.562859
0.563048
0.565919
0.568319
0.573132
0.574169
0.573588
0.570872
0.573645
0.572015
0.570886
0.567473
0.560208
0.559105
0.552454
0.55037
0.541413
0.533388
0.525342
0.522755
0.513261
0.500026
0.495418
0.487827
0.485829
0.478333
0.470986
0.470082
0.467939
0.467051
0.464336
0.46557
0.468358
0.470507
0.470483
0.47266
0.472978
0.479626
0.483363
0.483479
0.486288
0.487
0.5031
0.510255
0.511257
0.517676
0.524696
0.531542
0.532304
0.537137
0.545748
0.556994
0.558586
0.565157
0.575089
0.578678
0.579066
0.57796
0.569049
0.56644
0.542789
0.508527
0.500521
0.454256
0.400977
0.357259
0.348118
0.310111
0.282141
0.277156
0.250845
0.235652
0.23313
0.227985
0.232533
0.233243
0.244344
0.258463
0.260782
0.279364
0.298651
0.302283
0.324187
0.327033
0.344287
0.337946
0.334229
0.300621
0.264418
0.259688
0.234981
0.227317
0.226089
0.219162
0.198021
0.194171
0.176379
0.17491
0.175482
0.181581
0.193524
0.205586
0.207841
0.219692
0.228278
0.228916
0.229842
0.217131
0.200783
0.197182
0.182673
0.17835
0.17803
0.17875
0.176952
0.175194
0.166289
0.155503
0.150684
0.149998
0.147131
0.151216
0.151499
0.153265
0.481176
0.480849
0.485305
0.492682
0.502208
0.510905
0.512216
0.522158
0.534119
0.541192
0.541876
0.548663
0.555173
0.562606
0.566796
0.566958
0.570607
0.576133
0.577347
0.578135
0.577697
0.577459
0.578686
0.576041
0.574803
0.571764
0.567909
0.563284
0.556214
0.554146
0.546153
0.538974
0.528888
0.526096
0.516683
0.507026
0.498998
0.490714
0.488645
0.481463
0.477905
0.472807
0.470374
0.469525
0.467923
0.470674
0.471061
0.472864
0.472802
0.475211
0.478157
0.483127
0.485807
0.485804
0.488824
0.493231
0.50604
0.512762
0.513776
0.521039
0.528207
0.534114
0.534848
0.540399
0.548954
0.559584
0.561199
0.570059
0.577863
0.581262
0.581814
0.582071
0.571594
0.568969
0.548069
0.510758
0.502608
0.456391
0.402483
0.358277
0.34919
0.311036
0.282694
0.277733
0.251589
0.236124
0.233625
0.228713
0.233038
0.233783
0.245087
0.25908
0.261456
0.280169
0.299431
0.303162
0.325152
0.327959
0.345589
0.339023
0.335274
0.304464
0.264974
0.260198
0.235421
0.22747
0.226288
0.219367
0.198251
0.194394
0.178112
0.175205
0.175772
0.182018
0.193963
0.206036
0.208323
0.220814
0.228848
0.229489
0.230697
0.217693
0.201192
0.197584
0.183089
0.178501
0.178162
0.179138
0.177071
0.175321
0.166452
0.15576
0.150894
0.150215
0.148747
0.151484
0.151761
0.153604
0.518098
0.517869
0.521231
0.519429
0.538205
0.548232
0.549336
0.557027
0.567431
0.579173
0.580225
0.586546
0.58464
0.600267
0.606005
0.606093
0.608273
0.608242
0.616521
0.61787
0.616936
0.611881
0.616155
0.615573
0.61438
0.610392
0.596936
0.602085
0.595626
0.59328
0.582891
0.573848
0.567316
0.564655
0.554363
0.537219
0.535027
0.527442
0.525222
0.516636
0.505437
0.507955
0.505775
0.504629
0.500536
0.5006
0.505532
0.50811
0.508035
0.51006
0.508321
0.516643
0.521634
0.521798
0.524519
0.522326
0.541435
0.549217
0.550146
0.555768
0.562777
0.57061
0.571303
0.57517
0.584072
0.595796
0.597272
0.601719
0.613605
0.617431
0.617565
0.61533
0.607984
0.605307
0.578995
0.546314
0.537987
0.489109
0.432538
0.385054
0.374914
0.332543
0.302207
0.296689
0.268661
0.252764
0.25003
0.244341
0.249339
0.250032
0.261487
0.276311
0.278649
0.297908
0.318035
0.321677
0.344845
0.347954
0.366259
0.361404
0.357627
0.32066
0.282919
0.277548
0.247218
0.23681
0.234944
0.229637
0.2096
0.205902
0.187119
0.187263
0.187937
0.194619
0.207453
0.220132
0.222456
0.234395
0.24413
0.244865
0.246213
0.233554
0.215437
0.211399
0.193438
0.186225
0.185525
0.184948
0.184118
0.182601
0.1749
0.164925
0.160704
0.160079
0.156463
0.161744
0.162029
0.163736
0.520167
0.519697
0.523611
0.530181
0.540824
0.550154
0.551358
0.56069
0.5725
0.581455
0.582205
0.588987
0.593334
0.603391
0.608199
0.608273
0.611463
0.615254
0.619051
0.620009
0.619318
0.617356
0.61985
0.617837
0.616515
0.613078
0.607792
0.604704
0.597677
0.595402
0.586344
0.578503
0.569375
0.566459
0.556399
0.54389
0.537528
0.529052
0.526775
0.51871
0.512356
0.509645
0.507098
0.506045
0.503374
0.50528
0.507359
0.509456
0.509324
0.511659
0.513033
0.519496
0.523062
0.523051
0.526046
0.528363
0.543447
0.550578
0.551529
0.558232
0.56546
0.572015
0.572672
0.577461
0.586319
0.597161
0.598677
0.605866
0.615208
0.618756
0.619136
0.618655
0.609324
0.606648
0.58371
0.547562
0.539092
0.490575
0.433499
0.385624
0.3756
0.33324
0.302498
0.29703
0.269275
0.253008
0.250312
0.244929
0.249599
0.250337
0.26202
0.276623
0.279029
0.298403
0.318423
0.322188
0.34537
0.348414
0.367123
0.36197
0.35817
0.324973
0.283225
0.27783
0.247586
0.23689
0.235059
0.229767
0.209717
0.206014
0.188965
0.187421
0.188084
0.194922
0.207712
0.220359
0.222717
0.235416
0.244423
0.245161
0.24685
0.233872
0.215656
0.211637
0.193818
0.186306
0.185592
0.185333
0.18418
0.18266
0.175001
0.165128
0.160814
0.160197
0.15827
0.161894
0.162164
0.163959
0.522302
0.521618
0.526199
0.536499
0.54351
0.552143
0.553481
0.56474
0.577851
0.583795
0.584256
0.591561
0.601096
0.606586
0.610456
0.610535
0.614915
0.622646
0.621654
0.622223
0.621816
0.623349
0.62366
0.620178
0.618741
0.615937
0.615283
0.607408
0.599813
0.597629
0.590151
0.583407
0.57152
0.56836
0.558564
0.550661
0.540124
0.530741
0.528421
0.520962
0.519367
0.511404
0.508477
0.50754
0.50656
0.510286
0.509232
0.510842
0.51067
0.513366
0.518176
0.522446
0.524531
0.524356
0.52766
0.534499
0.545516
0.551982
0.552964
0.560899
0.568224
0.573439
0.574076
0.579926
0.588617
0.598554
0.600119
0.610403
0.616844
0.62011
0.620758
0.622137
0.610707
0.60804
0.588838
0.548882
0.540273
0.492174
0.434541
0.386246
0.376356
0.33401
0.302846
0.297435
0.269947
0.253288
0.250632
0.245557
0.249876
0.250662
0.26257
0.276941
0.279421
0.2989
0.318809
0.322708
0.345896
0.348878
0.368027
0.362557
0.358739
0.328815
0.28357
0.278152
0.24799
0.236998
0.235204
0.229934
0.209857
0.206155
0.190904
0.187594
0.188244
0.195252
0.207981
0.220589
0.222983
0.236472
0.244724
0.245462
0.247541
0.234216
0.215902
0.211904
0.194233
0.186412
0.185689
0.185788
0.184264
0.182742
0.175125
0.16535
0.160937
0.160327
0.159943
0.162049
0.162307
0.164196
0.562152
0.561581
0.564623
0.567025
0.581964
0.592221
0.593236
0.601414
0.612785
0.624394
0.625323
0.63191
0.632893
0.646556
0.652406
0.652368
0.654731
0.656313
0.663467
0.664791
0.663698
0.659257
0.663315
0.662527
0.66115
0.657085
0.647838
0.648921
0.642221
0.639667
0.629064
0.620254
0.612909
0.609954
0.599089
0.582709
0.57875
0.570413
0.567908
0.558648
0.548852
0.549229
0.54668
0.545333
0.541054
0.541775
0.54615
0.548738
0.548538
0.550652
0.54974
0.557949
0.562942
0.562986
0.565816
0.565086
0.583127
0.590916
0.591764
0.597409
0.604549
0.61215
0.612722
0.616309
0.625303
0.636643
0.638015
0.642746
0.654181
0.657981
0.658059
0.656318
0.648905
0.646191
0.620595
0.586679
0.577977
0.527175
0.467313
0.41573
0.404666
0.357743
0.324384
0.318297
0.288484
0.271366
0.268408
0.262209
0.267197
0.267874
0.279686
0.294865
0.297246
0.317118
0.337851
0.341577
0.365895
0.369228
0.389002
0.38572
0.381941
0.346112
0.303241
0.297232
0.261156
0.247792
0.24536
0.240943
0.222033
0.218504
0.200484
0.200541
0.201286
0.208562
0.222138
0.235305
0.237705
0.250308
0.260529
0.261369
0.26354
0.25096
0.23132
0.226924
0.205792
0.195403
0.194273
0.192159
0.191881
0.190608
0.184191
0.175194
0.171455
0.170885
0.168101
0.172861
0.173123
0.1748
0.564362
0.563481
0.567325
0.574693
0.584895
0.594201
0.595371
0.605761
0.618604
0.62681
0.627335
0.634564
0.641372
0.650051
0.654655
0.654612
0.658382
0.663882
0.666156
0.666943
0.66621
0.665652
0.667522
0.66486
0.663321
0.660045
0.655958
0.651768
0.644307
0.641873
0.63314
0.625678
0.615083
0.611791
0.601291
0.590045
0.581606
0.572084
0.569518
0.56103
0.555826
0.551079
0.548032
0.546833
0.544522
0.547182
0.548208
0.550148
0.549876
0.552433
0.5553
0.561318
0.564451
0.564259
0.567474
0.571755
0.585394
0.592295
0.593179
0.600303
0.607655
0.613566
0.614094
0.618948
0.627823
0.637985
0.639417
0.647577
0.655834
0.659257
0.659678
0.660146
0.650224
0.647519
0.626053
0.587973
0.579092
0.528885
0.468406
0.416335
0.405463
0.358611
0.324698
0.318691
0.289257
0.27162
0.268718
0.262928
0.267457
0.268196
0.280298
0.295166
0.297637
0.31764
0.338214
0.342104
0.366413
0.36966
0.389952
0.386279
0.382473
0.350312
0.303567
0.297539
0.26163
0.247885
0.2455
0.2411
0.222154
0.218625
0.202459
0.200703
0.201434
0.208917
0.222414
0.235524
0.237967
0.251517
0.260813
0.261655
0.264288
0.251296
0.231549
0.22719
0.206293
0.195499
0.194353
0.192684
0.19195
0.190669
0.184309
0.175445
0.171569
0.171008
0.169939
0.173015
0.173258
0.175052
0.566624
0.565485
0.570264
0.584101
0.587855
0.596242
0.597616
0.610457
0.624697
0.629268
0.629421
0.637363
0.650186
0.653568
0.656954
0.656941
0.662299
0.672338
0.668899
0.669167
0.66885
0.672468
0.671781
0.667264
0.665585
0.663192
0.666467
0.654674
0.646471
0.64419
0.637557
0.6313
0.617335
0.613726
0.603633
0.597731
0.584519
0.573834
0.571226
0.563606
0.564211
0.552984
0.549438
0.548421
0.548315
0.552995
0.550288
0.551589
0.551272
0.554334
0.561221
0.564719
0.565993
0.565585
0.569231
0.578675
0.587692
0.593712
0.594648
0.603393
0.610789
0.614995
0.6155
0.621762
0.630362
0.63935
0.640854
0.652714
0.65751
0.660554
0.661345
0.664061
0.651577
0.648887
0.631859
0.58933
0.580273
0.530728
0.469574
0.41699
0.406331
0.359543
0.325065
0.319145
0.290077
0.271906
0.269064
0.263676
0.267732
0.268539
0.280919
0.295471
0.298041
0.318161
0.338575
0.342639
0.366929
0.370092
0.390936
0.386851
0.383026
0.354725
0.303931
0.297884
0.262133
0.248003
0.245666
0.241289
0.222296
0.218771
0.204793
0.200881
0.201595
0.209301
0.222696
0.235743
0.238235
0.252735
0.261103
0.261946
0.265091
0.251654
0.231802
0.227485
0.206819
0.195616
0.194461
0.193276
0.19204
0.19075
0.18445
0.17571
0.171692
0.171142
0.171855
0.173174
0.1734
0.17532
0.609911
0.608902
0.611565
0.616744
0.629165
0.639555
0.640442
0.649249
0.661559
0.672919
0.673673
0.680553
0.684198
0.696205
0.702117
0.701922
0.704573
0.70773
0.713785
0.715065
0.713801
0.710285
0.713959
0.712903
0.711303
0.707224
0.70093
0.69931
0.692369
0.689585
0.678944
0.670424
0.662143
0.658839
0.647411
0.632
0.626099
0.616905
0.614067
0.604125
0.595446
0.59386
0.590855
0.589272
0.584916
0.586255
0.589949
0.592484
0.592121
0.594325
0.594515
0.602411
0.607306
0.607184
0.610119
0.61105
0.627752
0.635441
0.636177
0.641842
0.649038
0.656189
0.6566
0.659881
0.668769
0.679534
0.680772
0.685888
0.696576
0.700287
0.700304
0.699193
0.691729
0.688993
0.664605
0.629563
0.620526
0.568165
0.505214
0.449472
0.437483
0.385746
0.348902
0.342161
0.310218
0.291582
0.288352
0.281408
0.286145
0.286767
0.29875
0.314093
0.316486
0.336811
0.358014
0.361801
0.38719
0.390764
0.412126
0.410728
0.40701
0.372798
0.325352
0.31874
0.276759
0.260407
0.257409
0.253118
0.235352
0.232003
0.214873
0.214768
0.215564
0.223333
0.237555
0.251104
0.253561
0.266798
0.277448
0.2784
0.281521
0.269253
0.248386
0.243693
0.219588
0.205924
0.204318
0.200258
0.200189
0.199174
0.194129
0.186234
0.182943
0.182417
0.180405
0.184551
0.184781
0.186392
0.61402
0.612617
0.616252
0.623753
0.634074
0.643374
0.644443
0.65578
0.669444
0.677316
0.677578
0.685253
0.693378
0.701871
0.706383
0.706165
0.710496
0.717025
0.718604
0.719257
0.718413
0.718861
0.72046
0.717303
0.715491
0.712359
0.708746
0.704281
0.696425
0.693767
0.685289
0.678033
0.666206
0.662466
0.651455
0.6407
0.630812
0.620154
0.617216
0.608197
0.603354
0.597181
0.593523
0.592111
0.590087
0.59319
0.593413
0.595138
0.594685
0.597457
0.601543
0.60736
0.610083
0.609668
0.6131
0.618773
0.631468
0.638083
0.63886
0.646306
0.653693
0.658844
0.659195
0.664019
0.67271
0.68207
0.683374
0.692179
0.699466
0.702713
0.703145
0.704487
0.694211
0.691481
0.671423
0.632
0.622721
0.571071
0.507233
0.450736
0.438994
0.387257
0.349569
0.342932
0.311433
0.2921
0.288951
0.282528
0.286669
0.287372
0.29972
0.314677
0.317187
0.337681
0.358705
0.362693
0.388103
0.391577
0.41361
0.411782
0.408029
0.377021
0.32604
0.319391
0.277549
0.26063
0.257703
0.253406
0.235596
0.232244
0.217051
0.215089
0.21587
0.223923
0.238048
0.251533
0.254048
0.268405
0.277992
0.278945
0.282668
0.269883
0.248862
0.244215
0.220385
0.206142
0.204515
0.201014
0.200332
0.199306
0.19434
0.186629
0.183171
0.182658
0.182277
0.184843
0.18505
0.186817
0.660614
0.659642
0.66052
0.65718
0.677803
0.689902
0.690368
0.696683
0.708037
0.723807
0.725054
0.731209
0.728182
0.746613
0.754657
0.754275
0.755134
0.754481
0.766242
0.76846
0.766353
0.758383
0.764525
0.766085
0.764513
0.759144
0.744348
0.751623
0.745777
0.742488
0.729074
0.719022
0.714287
0.711185
0.698458
0.67639
0.674883
0.666657
0.663515
0.65152
0.636827
0.640934
0.63825
0.636088
0.628796
0.628224
0.635487
0.639007
0.638584
0.640124
0.636293
0.646687
0.654189
0.654302
0.656682
0.652129
0.673576
0.682591
0.683117
0.686543
0.693352
0.702454
0.702723
0.703691
0.712364
0.724249
0.725202
0.726019
0.73995
0.744152
0.743497
0.740046
0.736111
0.733341
0.704854
0.674505
0.665473
0.610747
0.54566
0.486419
0.473075
0.415914
0.375961
0.368288
0.333102
0.313515
0.309845
0.301191
0.30619
0.306603
0.318086
0.333927
0.336149
0.35657
0.378411
0.381977
0.408437
0.412417
0.434753
0.436126
0.43257
0.39497
0.349119
0.341937
0.293648
0.274608
0.270933
0.266074
0.249598
0.246402
0.227718
0.229935
0.230788
0.238628
0.25354
0.267513
0.269932
0.282473
0.294818
0.295891
0.299369
0.288206
0.266526
0.261502
0.23417
0.217753
0.215639
0.208612
0.209007
0.208294
0.204601
0.197746
0.195155
0.194648
0.190887
0.196766
0.196986
0.198301
0.663404
0.661849
0.663937
0.670071
0.681658
0.692208
0.692896
0.702204
0.715231
0.726744
0.727297
0.734434
0.739626
0.75112
0.757249
0.756825
0.759698
0.763784
0.769545
0.770837
0.769305
0.766423
0.769931
0.7688
0.766926
0.762782
0.757644
0.755233
0.748134
0.74504
0.734284
0.725889
0.716943
0.713236
0.701161
0.686084
0.67873
0.668643
0.665386
0.654618
0.646148
0.643347
0.639805
0.637894
0.633351
0.634998
0.63826
0.640721
0.640141
0.64238
0.643485
0.65118
0.656049
0.655728
0.658727
0.660861
0.676578
0.684145
0.68472
0.69026
0.697412
0.704035
0.704215
0.707017
0.715593
0.725659
0.726705
0.731886
0.741854
0.745414
0.745314
0.744729
0.737475
0.734725
0.711579
0.675999
0.666665
0.613043
0.547147
0.487149
0.474193
0.417266
0.376343
0.368832
0.334289
0.313802
0.310239
0.302246
0.306469
0.306988
0.318914
0.334227
0.336591
0.357195
0.378749
0.382562
0.408983
0.412816
0.435879
0.4367
0.433103
0.400612
0.349505
0.342319
0.294424
0.274736
0.271135
0.266322
0.249728
0.246546
0.230332
0.23012
0.230949
0.239108
0.253881
0.267731
0.270217
0.284016
0.295107
0.296175
0.300332
0.2886
0.266785
0.261847
0.234975
0.217885
0.215755
0.209399
0.209103
0.20836
0.204765
0.198126
0.195282
0.19479
0.19337
0.196947
0.19713
0.198629
0.666238
0.664188
0.667786
0.676636
0.685642
0.694559
0.69558
0.708286
0.722791
0.729742
0.729611
0.737912
0.748005
0.755782
0.75985
0.759469
0.764761
0.772705
0.772909
0.773255
0.772442
0.774538
0.775624
0.771561
0.769434
0.766753
0.765009
0.758942
0.75054
0.747726
0.740093
0.733207
0.719669
0.715384
0.704078
0.69441
0.682756
0.670692
0.667365
0.658077
0.654035
0.645831
0.641396
0.639815
0.638462
0.642024
0.641109
0.642444
0.641761
0.644854
0.650466
0.655952
0.657934
0.657204
0.660935
0.6683
0.679695
0.685721
0.686382
0.694387
0.701687
0.705601
0.705733
0.710704
0.718955
0.727072
0.728236
0.737956
0.743774
0.746671
0.747194
0.749703
0.738842
0.736125
0.718201
0.677531
0.667898
0.615562
0.548719
0.487913
0.475402
0.418716
0.376771
0.369446
0.335577
0.314116
0.310673
0.303372
0.30676
0.307396
0.31977
0.334523
0.337048
0.357818
0.379075
0.383162
0.409514
0.413202
0.437074
0.437266
0.433636
0.404543
0.349918
0.342728
0.295258
0.274884
0.271363
0.2666
0.249874
0.246716
0.232639
0.230315
0.231118
0.239639
0.254225
0.267943
0.270506
0.285655
0.295394
0.296459
0.301401
0.288998
0.267059
0.262216
0.23584
0.218034
0.215892
0.210308
0.209216
0.208444
0.204955
0.198528
0.195414
0.194942
0.195201
0.197126
0.197275
0.198978
0.71641
0.715039
0.715091
0.714768
0.73219
0.744483
0.744725
0.751455
0.763768
0.779215
0.780461
0.786701
0.786634
0.803022
0.811348
0.810804
0.811805
0.813051
0.823473
0.825877
0.823435
0.816433
0.822067
0.823564
0.821845
0.816316
0.805092
0.809175
0.803404
0.799817
0.786316
0.776666
0.771081
0.767793
0.754326
0.733382
0.729605
0.720648
0.717156
0.704186
0.690907
0.6925
0.689406
0.686862
0.679257
0.679344
0.685681
0.689207
0.688637
0.690061
0.687382
0.697229
0.7047
0.704768
0.707038
0.704218
0.723881
0.732842
0.733191
0.73628
0.742905
0.751412
0.751483
0.751732
0.759843
0.770976
0.771689
0.772577
0.785349
0.789466
0.788548
0.785697
0.782024
0.779293
0.75263
0.721889
0.712809
0.657234
0.589712
0.526716
0.512274
0.449792
0.405643
0.397024
0.358719
0.337128
0.333003
0.322866
0.32718
0.327388
0.338461
0.354127
0.356221
0.376629
0.398729
0.402216
0.429537
0.433859
0.457812
0.461585
0.458268
0.423544
0.374237
0.366565
0.312724
0.290199
0.285791
0.27993
0.264658
0.261615
0.244093
0.245908
0.246799
0.254807
0.270111
0.284324
0.286709
0.299692
0.312441
0.313646
0.318118
0.307697
0.28551
0.28026
0.250503
0.230801
0.228141
0.218513
0.218347
0.217939
0.215645
0.210072
0.207952
0.207463
0.204404
0.209415
0.209611
0.210695
0.719465
0.717377
0.719084
0.726403
0.736566
0.746894
0.74746
0.757936
0.77175
0.782413
0.782758
0.790301
0.797883
0.80811
0.814039
0.813469
0.817099
0.822747
0.827058
0.828275
0.826623
0.825467
0.828196
0.826403
0.824315
0.820428
0.817049
0.813175
0.805813
0.802516
0.792455
0.784415
0.773944
0.769887
0.75733
0.743627
0.734035
0.722746
0.719125
0.707825
0.700181
0.695205
0.691013
0.688826
0.684721
0.686795
0.688853
0.691042
0.690284
0.692647
0.695405
0.702417
0.706714
0.706231
0.709325
0.713402
0.727306
0.734435
0.73486
0.740649
0.747558
0.753025
0.752993
0.755592
0.763485
0.772361
0.7732
0.779092
0.787342
0.790651
0.790445
0.790888
0.783341
0.780639
0.759939
0.723433
0.713975
0.659913
0.591409
0.527477
0.513584
0.451455
0.40606
0.397668
0.360191
0.337428
0.333446
0.324131
0.327457
0.327802
0.339408
0.354409
0.356683
0.377294
0.399032
0.402823
0.430071
0.434214
0.459036
0.462128
0.458764
0.428897
0.374631
0.366965
0.313699
0.29034
0.286026
0.280232
0.264788
0.261773
0.246733
0.246098
0.246957
0.255372
0.270478
0.284526
0.286997
0.301429
0.312716
0.313913
0.319229
0.308099
0.285768
0.280636
0.251497
0.230947
0.228273
0.219523
0.218459
0.218006
0.215841
0.210531
0.20808
0.20761
0.206844
0.209601
0.209751
0.211067
0.722439
0.719781
0.723463
0.734528
0.740938
0.749246
0.750291
0.764759
0.780115
0.785536
0.785039
0.794096
0.807
0.813201
0.816618
0.816149
0.822769
0.832605
0.830578
0.830598
0.82993
0.834282
0.834461
0.829172
0.826792
0.824806
0.826046
0.81714
0.80816
0.805274
0.799013
0.792555
0.776768
0.771994
0.760495
0.752672
0.738517
0.724818
0.72114
0.711778
0.709221
0.697893
0.692581
0.690862
0.690562
0.694645
0.692002
0.692811
0.691943
0.695419
0.703009
0.70777
0.708678
0.707687
0.711747
0.721379
0.730752
0.735982
0.736536
0.745327
0.752309
0.754555
0.754473
0.759735
0.767163
0.773687
0.774688
0.7856
0.789292
0.791769
0.792367
0.796244
0.784599
0.781947
0.766966
0.724954
0.715123
0.662774
0.593143
0.528228
0.514952
0.453179
0.406516
0.39838
0.361744
0.337749
0.333928
0.325441
0.327729
0.32823
0.34036
0.354671
0.357148
0.377937
0.399306
0.403433
0.43057
0.434534
0.46031
0.462636
0.459233
0.43299
0.375031
0.367374
0.314713
0.290494
0.286279
0.280556
0.264931
0.261954
0.249343
0.246294
0.247115
0.255988
0.270836
0.284713
0.287281
0.30322
0.312974
0.314166
0.320427
0.308492
0.286025
0.281025
0.252526
0.231104
0.228418
0.220627
0.218587
0.218088
0.216061
0.211002
0.208209
0.207763
0.208801
0.209781
0.209885
0.21146
0.774818
0.772994
0.772683
0.775766
0.789223
0.801053
0.801299
0.809385
0.822631
0.836637
0.837687
0.844443
0.848328
0.861836
0.869755
0.869188
0.87114
0.874747
0.882674
0.884903
0.882548
0.877862
0.882245
0.882802
0.880954
0.875847
0.868856
0.868901
0.862791
0.859172
0.84666
0.837538
0.829963
0.826376
0.812571
0.79413
0.786971
0.776619
0.772861
0.759469
0.74823
0.746105
0.742202
0.739514
0.732524
0.733288
0.737765
0.740853
0.740179
0.741786
0.741359
0.749958
0.756533
0.756471
0.758922
0.759033
0.775752
0.784038
0.784307
0.787787
0.794029
0.800963
0.800858
0.801007
0.808151
0.817711
0.818252
0.820214
0.830528
0.834143
0.83327
0.831644
0.827308
0.824717
0.801496
0.769502
0.760406
0.705148
0.635373
0.568694
0.553503
0.485815
0.436838
0.427354
0.385735
0.361498
0.356965
0.345208
0.348246
0.348287
0.358774
0.3738
0.375832
0.395991
0.418018
0.421553
0.449486
0.454078
0.479908
0.48587
0.482845
0.452176
0.399484
0.391485
0.332973
0.306472
0.301339
0.294083
0.279885
0.277032
0.261149
0.262024
0.262929
0.271114
0.286537
0.300806
0.303202
0.316837
0.329545
0.330885
0.336595
0.32678
0.304376
0.299066
0.267531
0.24449
0.241311
0.229253
0.227949
0.227796
0.226819
0.222558
0.220772
0.22032
0.218263
0.221956
0.22211
0.223018
0.777969
0.775351
0.777206
0.784471
0.793966
0.803416
0.804132
0.816658
0.831243
0.839908
0.839901
0.848322
0.858463
0.867335
0.872375
0.871836
0.87706
0.884487
0.886362
0.887154
0.885855
0.887411
0.888931
0.885591
0.88334
0.880333
0.878034
0.873107
0.865091
0.861891
0.853587
0.846013
0.832872
0.828383
0.815779
0.804184
0.791835
0.778698
0.774825
0.763591
0.756986
0.748972
0.743751
0.741555
0.738762
0.741236
0.741205
0.742696
0.741832
0.74464
0.749702
0.755714
0.758584
0.757882
0.761382
0.767943
0.779469
0.785567
0.785953
0.792711
0.799138
0.802504
0.802296
0.80531
0.812069
0.819851
0.819684
0.827035
0.8325
0.835165
0.83516
0.837143
0.828485
0.825939
0.808902
0.770996
0.761462
0.708132
0.637198
0.56943
0.55496
0.487747
0.437276
0.428086
0.387472
0.361803
0.357447
0.346647
0.348501
0.34871
0.359795
0.374041
0.376287
0.396654
0.418264
0.422151
0.449971
0.45436
0.481171
0.486341
0.483266
0.456701
0.399855
0.391874
0.334123
0.306619
0.301597
0.294426
0.280013
0.277199
0.26368
0.262211
0.263073
0.27175
0.286906
0.300977
0.303475
0.3187
0.329785
0.331116
0.337809
0.327162
0.304611
0.299449
0.268675
0.244643
0.241449
0.230474
0.228074
0.227862
0.227041
0.223076
0.220893
0.220467
0.220435
0.222137
0.222237
0.223422
0.780987
0.77783
0.782026
0.798414
0.798511
0.805738
0.807087
0.824101
0.840647
0.843056
0.842154
0.852352
0.87063
0.872601
0.874892
0.874542
0.883156
0.896599
0.889908
0.889373
0.889291
0.89728
0.895489
0.888317
0.885788
0.885001
0.89269
0.87715
0.86736
0.864706
0.860696
0.854962
0.835716
0.830459
0.81914
0.815299
0.79653
0.780762
0.776875
0.767914
0.769255
0.751749
0.745286
0.743688
0.745167
0.750357
0.744467
0.744467
0.743522
0.747637
0.758419
0.761383
0.760562
0.759321
0.763966
0.777596
0.783046
0.787071
0.787636
0.797734
0.804102
0.803983
0.80374
0.809721
0.815832
0.86229
0.821116
0.834047
0.83441
0.83616
0.837075
0.842641
0.829635
0.827155
0.8166
0.772473
0.76253
0.711199
0.639025
0.570165
0.556461
0.489656
0.437748
0.428876
0.389191
0.362132
0.357969
0.348051
0.348758
0.349152
0.360776
0.374274
0.376754
0.397284
0.418494
0.422754
0.450427
0.454625
0.48244
0.486787
0.483675
0.461904
0.400241
0.392276
0.335255
0.306777
0.301877
0.294778
0.280154
0.27739
0.267101
0.262404
0.263224
0.272423
0.287265
0.301142
0.303752
0.320531
0.330014
0.331341
0.339055
0.327542
0.304849
0.299846
0.269781
0.244809
0.241603
0.231743
0.228213
0.227941
0.227284
0.223576
0.221016
0.220622
0.222965
0.222313
0.222363
0.223841
0.834056
0.83157
0.831555
0.838016
0.847254
0.857791
0.858261
0.86878
0.882859
0.894256
0.89477
0.902586
0.910917
0.921284
0.92793
0.927422
0.931283
0.937333
0.941931
0.943468
0.94168
0.940595
0.943199
0.94178
0.939715
0.935743
0.933054
0.928838
0.921831
0.918439
0.908152
0.899689
0.888941
0.884779
0.871189
0.856334
0.845179
0.83265
0.828654
0.815573
0.806426
0.800011
0.794786
0.792218
0.786892
0.788196
0.790044
0.79216
0.791358
0.793526
0.796258
0.8032
0.807932
0.807532
0.810539
0.814421
0.827503
0.834398
0.834662
0.839378
0.845084
0.849404
0.849107
0.849876
0.855709
0.863551
0.863238
0.867154
0.873871
0.876457
0.875971
0.876094
0.870152
0.867764
0.849289
0.815481
0.80631
0.752702
0.681056
0.610813
0.595362
0.52291
0.468555
0.458374
0.413416
0.38586
0.38099
0.367554
0.368689
0.368615
0.378375
0.392283
0.394323
0.414013
0.435614
0.439315
0.467592
0.472338
0.50017
0.508017
0.505278
0.47929
0.423782
0.415635
0.35368
0.3229
0.317122
0.308092
0.294763
0.292136
0.278181
0.277749
0.27862
0.286999
0.302284
0.316397
0.318853
0.33331
0.34554
0.34699
0.354078
0.344701
0.322296
0.317105
0.284573
0.258277
0.254633
0.240504
0.23758
0.237592
0.237771
0.234769
0.233166
0.232772
0.231863
0.233973
0.234048
0.234853
0.838628
0.835432
0.837694
0.847142
0.853352
0.861534
0.862562
0.877407
0.892893
0.898908
0.898418
0.907993
0.921172
0.928134
0.931959
0.931543
0.938734
0.94847
0.947039
0.947176
0.946532
0.951027
0.951265
0.946008
0.943585
0.941786
0.942715
0.93443
0.925547
0.922633
0.916506
0.909553
0.893199
0.888164
0.875817
0.866705
0.851262
0.835918
0.831836
0.820986
0.816326
0.803912
0.797329
0.795302
0.794133
0.797194
0.794375
0.794876
0.793929
0.797388
0.804953
0.809831
0.810838
0.809835
0.81397
0.82328
0.832079
0.836789
0.837208
0.84522
0.850986
0.851744
0.851363
0.855036
0.86033
0.864777
0.865408
0.87428
0.876479
0.878115
0.878505
0.881993
0.87194
0.869604
0.85669
0.817621
0.808025
0.756417
0.68352
0.612068
0.597392
0.525346
0.469338
0.459471
0.415486
0.386398
0.381717
0.36922
0.369125
0.36923
0.379561
0.392692
0.394954
0.414822
0.436024
0.440072
0.468239
0.472797
0.501599
0.508711
0.505934
0.483138
0.424398
0.416264
0.355054
0.323165
0.317511
0.308536
0.294988
0.292407
0.280876
0.278045
0.278875
0.287782
0.302774
0.316694
0.319259
0.335247
0.345917
0.347361
0.355442
0.345227
0.322687
0.31765
0.285863
0.258535
0.254871
0.241875
0.237772
0.237718
0.238062
0.235352
0.233364
0.232999
0.233848
0.234236
0.234258
0.235353
0.891873
0.88954
0.887483
0.889734
0.901918
0.913567
0.913745
0.922062
0.935575
0.949763
0.950842
0.957963
0.962933
0.976218
0.984551
0.984034
0.986461
0.990685
0.998414
1.00075
0.998417
0.994277
0.998276
0.998823
0.996959
0.991958
0.985742
0.985327
0.979432
0.97582
0.963507
0.954181
0.945872
0.942078
0.927469
0.908493
0.89933
0.887451
0.883318
0.868337
0.855791
0.851651
0.84639
0.843397
0.835454
0.835485
0.839158
0.841865
0.841116
0.842589
0.842645
0.850802
0.857303
0.857227
0.859698
0.860238
0.875439
0.883092
0.883221
0.885876
0.890777
0.895902
0.895475
0.89393
0.898625
0.905644
0.905806
0.906123
0.913779
0.916068
0.915059
0.913321
0.909807
0.907575
0.887835
0.858471
0.849771
0.796509
0.72478
0.652556
0.636196
0.558778
0.500485
0.489277
0.439673
0.410022
0.404592
0.388268
0.388414
0.388009
0.396225
0.409567
0.411365
0.430173
0.45158
0.455073
0.483607
0.488672
0.517417
0.527726
0.525325
0.499684
0.44667
0.438459
0.373251
0.339317
0.33282
0.321549
0.309196
0.306718
0.292283
0.29289
0.293758
0.301746
0.317018
0.331081
0.33347
0.34716
0.360329
0.361873
0.369255
0.36105
0.339015
0.333836
0.300093
0.271895
0.267843
0.250685
0.247111
0.247309
0.248225
0.246054
0.245024
0.244658
0.242694
0.245317
0.245362
0.245761
0.896698
0.893476
0.89375
0.899168
0.908337
0.917416
0.918115
0.930956
0.945638
0.95458
0.954513
0.963435
0.973775
0.983329
0.988648
0.988167
0.99402
1.00151
1.00368
1.00448
1.00328
1.00508
1.00655
1.00312
1.00081
0.998036
0.995456
0.9911
0.983179
0.98002
0.972016
0.964096
0.950254
0.945471
0.932153
0.919442
0.905689
0.890808
0.886542
0.873855
0.865315
0.85573
0.848988
0.846523
0.842877
0.844344
0.843692
0.844658
0.843704
0.846485
0.851701
0.857599
0.860294
0.859531
0.863144
0.869577
0.880168
0.885494
0.88576
0.891765
0.896793
0.898235
0.897695
0.899077
0.903306
0.907579
0.907907
0.913204
0.916325
0.917614
0.917469
0.919002
0.911471
0.909283
0.895129
0.860536
0.851392
0.800206
0.727307
0.653841
0.638295
0.561385
0.50131
0.490434
0.441887
0.410575
0.405339
0.390008
0.388846
0.388622
0.397427
0.409955
0.41197
0.430956
0.451949
0.455773
0.484202
0.489076
0.518729
0.528352
0.525913
0.503624
0.447265
0.439078
0.374698
0.339594
0.333224
0.322028
0.309419
0.306997
0.294827
0.293185
0.294006
0.302518
0.317507
0.331361
0.333858
0.349052
0.360682
0.362218
0.370552
0.361545
0.339389
0.334364
0.30142
0.272161
0.268089
0.252115
0.247315
0.247436
0.248521
0.246656
0.245219
0.244882
0.244762
0.245577
0.245566
0.246251
0.950568
0.948389
0.944285
0.940618
0.957254
0.969874
0.969778
0.975924
0.988634
1.00557
1.00721
1.01365
1.01411
1.03137
1.04124
1.04072
1.04182
1.0435
1.05483
1.0579
1.05506
1.04775
1.05331
1.05564
1.05397
1.04803
1.03676
1.04159
1.03678
1.03298
1.01888
1.00864
1.00269
0.999277
0.98374
0.960064
0.953577
0.942266
0.938018
0.921255
0.904205
0.903266
0.897884
0.89448
0.884039
0.882467
0.888041
0.891228
0.890534
0.891323
0.888486
0.898088
0.906148
0.906384
0.90834
0.905054
0.922808
0.931069
0.931064
0.931795
0.935791
0.941433
0.940858
0.937064
0.940399
0.947024
0.946861
0.943562
0.951682
0.953358
0.951842
0.948293
0.946712
0.944641
0.923984
0.899185
0.891051
0.838933
0.767849
0.694231
0.677105
0.595141
0.532922
0.520687
0.46623
0.434233
0.428205
0.408774
0.407632
0.406861
0.413325
0.425858
0.427393
0.445117
0.46612
0.469401
0.497958
0.503283
0.532789
0.545256
0.543193
0.518005
0.468224
0.460064
0.392611
0.355766
0.34861
0.334865
0.32331
0.320951
0.305781
0.307585
0.308437
0.315966
0.331079
0.344983
0.347293
0.360223
0.374084
0.375696
0.383261
0.376096
0.354582
0.349463
0.315085
0.285364
0.280955
0.260938
0.256668
0.257007
0.25843
0.256958
0.256443
0.256105
0.252943
0.256158
0.256166
0.256149
0.954237
0.950965
0.949395
0.95421
0.962734
0.972447
0.972868
0.984133
0.99837
1.00921
1.00949
1.01787
1.02721
1.0375
1.044
1.04348
1.04828
1.05486
1.05885
1.06017
1.05854
1.05857
1.06062
1.05857
1.05637
1.05283
1.05017
1.04622
1.03913
1.03581
1.02645
1.01798
1.00587
1.00132
0.987224
0.972365
0.959088
0.94453
0.940111
0.925841
0.915306
0.906523
0.899531
0.89669
0.890955
0.891387
0.891916
0.893233
0.892269
0.894417
0.898032
0.904372
0.908379
0.907818
0.910962
0.915608
0.926875
0.93263
0.932743
0.93702
0.941229
0.942972
0.942259
0.941506
0.944451
0.948185
0.948193
0.950431
0.953539
0.954176
0.95354
0.953351
0.947669
0.945638
0.931211
0.900557
0.891953
0.841999
0.769858
0.69502
0.67879
0.597515
0.533452
0.521592
0.468344
0.434578
0.428761
0.4104
0.40788
0.407295
0.414376
0.42606
0.427812
0.445721
0.466291
0.469895
0.498339
0.503464
0.533804
0.5456
0.543496
0.52269
0.468562
0.460443
0.393954
0.355942
0.348917
0.335292
0.323443
0.321143
0.308736
0.307773
0.308572
0.316621
0.33145
0.345122
0.347539
0.361977
0.374278
0.375877
0.384348
0.376429
0.354788
0.349826
0.316312
0.285539
0.281117
0.262368
0.256826
0.257074
0.258677
0.257522
0.256559
0.256251
0.255483
0.256336
0.25628
0.256548
0.957789
0.953742
0.955039
0.966234
0.968172
0.974995
0.976183
0.992553
1.00867
1.01276
1.01185
1.0224
1.03866
1.04359
1.04666
1.04635
1.0551
1.06682
1.0628
1.0624
1.06226
1.06887
1.06804
1.06145
1.05888
1.05799
1.06229
1.05076
1.04145
1.03879
1.03433
1.02777
1.00901
1.00345
0.99097
0.983365
0.964586
0.946778
0.942322
0.930809
0.92682
0.909733
0.901158
0.89905
0.898094
0.900876
0.895701
0.895166
0.894073
0.89777
0.906895
0.91077
0.910546
0.909296
0.913802
0.924869
0.930917
0.934162
0.934483
0.9425
0.946702
0.944452
0.943686
0.946211
0.948497
0.949333
0.949564
0.957081
0.955371
0.954976
0.955308
0.958452
0.948603
0.946638
0.937862
0.901911
0.892861
0.845231
0.771885
0.695787
0.680552
0.599918
0.533995
0.522558
0.470505
0.43494
0.429362
0.412045
0.408131
0.407756
0.415415
0.426256
0.42825
0.446306
0.466451
0.47041
0.498698
0.50363
0.534851
0.545916
0.543786
0.526268
0.468907
0.460825
0.395313
0.356126
0.349252
0.335716
0.323579
0.321345
0.311759
0.307965
0.308712
0.317337
0.331811
0.345257
0.347794
0.363744
0.374463
0.376054
0.385495
0.376753
0.354988
0.3502
0.317528
0.285725
0.281292
0.263851
0.256993
0.25715
0.258947
0.258075
0.256674
0.256403
0.257612
0.256507
0.256393
0.256976
1.01314
1.00981
1.00633
1.00996
1.01829
1.02854
1.02868
1.0384
1.0523
1.06467
1.06529
1.0731
1.08131
1.09237
1.09989
1.09935
1.10315
1.10908
1.11443
1.11619
1.11415
1.1125
1.11506
1.11421
1.11213
1.10785
1.10479
1.10148
1.09521
1.09174
1.08119
1.07236
1.06172
1.05741
1.04259
1.02569
1.01287
0.998582
0.994017
0.978227
0.966006
0.95757
0.950243
0.947032
0.939304
0.938857
0.940143
0.941709
0.940737
0.942252
0.94437
0.951092
0.956197
0.955827
0.958519
0.961427
0.973268
0.979333
0.979291
0.981918
0.985204
0.986995
0.986114
0.983244
0.984679
0.987567
0.987224
0.986406
0.988919
0.988562
0.987422
0.985476
0.981129
0.979247
0.964919
0.938189
0.930224
0.882268
0.811691
0.736112
0.719346
0.634164
0.566183
0.553348
0.495194
0.458721
0.452286
0.430681
0.426518
0.425535
0.430684
0.441303
0.442771
0.459411
0.479355
0.482727
0.510947
0.516264
0.547087
0.560778
0.559029
0.539988
0.488497
0.480527
0.412873
0.372277
0.364668
0.348478
0.337199
0.33499
0.32239
0.321944
0.322712
0.330244
0.344785
0.358179
0.360505
0.374181
0.386901
0.388533
0.397009
0.390033
0.369043
0.364175
0.330581
0.298686
0.293964
0.272621
0.266366
0.266705
0.268627
0.268091
0.267506
0.267214
0.265825
0.266643
0.266539
0.266379
1.01823
1.01396
1.01335
1.02008
1.02524
1.03245
1.03332
1.04805
1.06331
1.06965
1.06897
1.07898
1.09218
1.09992
1.10396
1.10353
1.11127
1.1207
1.1198
1.11975
1.11916
1.12351
1.12378
1.11843
1.11589
1.11427
1.11477
1.10739
1.09881
1.09597
1.09023
1.08295
1.06616
1.06074
1.04754
1.03664
1.01964
1.00196
0.997299
0.984264
0.976321
0.961847
0.95282
0.950301
0.947271
0.948394
0.944919
0.944526
0.943367
0.94644
0.953475
0.958304
0.959214
0.958097
0.962149
0.970507
0.978197
0.981653
0.981806
0.988136
0.991458
0.989218
0.988233
0.988587
0.989396
0.989306
0.989165
0.993135
0.991239
0.989812
0.98959
0.990635
0.982455
0.980626
0.971217
0.939971
0.931564
0.885941
0.81424
0.737342
0.721595
0.637097
0.567043
0.554642
0.497724
0.459289
0.453094
0.432575
0.426928
0.426154
0.431893
0.441634
0.443338
0.460119
0.479633
0.483335
0.511412
0.516545
0.548179
0.561228
0.559454
0.542983
0.489007
0.481076
0.414425
0.372571
0.365113
0.349006
0.337412
0.33527
0.324984
0.322226
0.32294
0.331053
0.345252
0.358414
0.360857
0.375985
0.387187
0.388809
0.398206
0.390444
0.369348
0.36465
0.331904
0.298956
0.294217
0.274179
0.266589
0.266827
0.268946
0.268721
0.267684
0.267429
0.267697
0.266887
0.266721
0.266873
1.07477
1.07141
1.06583
1.06643
1.07627
1.0871
1.08692
1.09483
1.10827
1.12236
1.12336
1.13049
1.13648
1.1492
1.15782
1.1572
1.15982
1.16455
1.17169
1.17388
1.17135
1.16759
1.17086
1.17127
1.16929
1.16419
1.15897
1.15797
1.1526
1.14897
1.13714
1.12794
1.11893
1.1149
1.09933
1.07975
1.06793
1.05398
1.04926
1.03189
1.01722
1.00974
1.00204
0.998415
0.988567
0.987077
0.989166
0.990945
0.989956
0.990768
0.991092
0.998369
1.00452
1.00436
1.00655
1.00728
1.02004
1.02637
1.02618
1.02708
1.02936
1.03105
1.02996
1.02484
1.02453
1.02628
1.02553
1.02134
1.02283
1.02109
1.01939
1.01544
1.01198
1.01022
0.996058
0.973437
0.966223
0.92102
0.852918
0.777344
0.760185
0.671597
0.599769
0.585957
0.522659
0.483227
0.476126
0.451048
0.444972
0.44355
0.446542
0.455891
0.457047
0.472224
0.491337
0.494456
0.522195
0.527646
0.55871
0.574039
0.572674
0.555585
0.507111
0.499345
0.431443
0.388615
0.380501
0.361639
0.350783
0.348635
0.335721
0.335799
0.336524
0.343483
0.357634
0.370663
0.372882
0.385749
0.398655
0.400289
0.408612
0.40242
0.382238
0.377508
0.344177
0.311578
0.306607
0.282862
0.275956
0.27635
0.278416
0.278463
0.278142
0.277848
0.275767
0.276594
0.276436
0.275831
1.08013
1.07566
1.0731
1.07672
1.08362
1.09113
1.09168
1.10491
1.11947
1.12756
1.12708
1.13652
1.14776
1.15709
1.16196
1.16142
1.16818
1.17601
1.17721
1.17743
1.17641
1.17894
1.17978
1.17552
1.17302
1.17069
1.1689
1.16406
1.1562
1.15318
1.14638
1.1386
1.12346
1.1182
1.10434
1.09109
1.07498
1.05742
1.05257
1.03809
1.02727
1.01419
1.00465
1.00173
0.996783
0.996546
0.994153
0.993835
0.992604
0.995033
1.00047
1.00575
1.00762
1.00663
1.01022
1.01664
1.02512
1.0287
1.02868
1.0334
1.03573
1.03326
1.03203
1.03021
1.02929
1.02794
1.0274
1.02795
1.02507
1.02221
1.02141
1.02024
1.01315
1.01143
1.00194
0.975076
0.96742
0.924575
0.855469
0.778561
0.76248
0.674702
0.600655
0.587315
0.525362
0.483809
0.47696
0.453033
0.445377
0.444169
0.44777
0.456202
0.457591
0.472908
0.491578
0.49501
0.522608
0.527875
0.559667
0.574416
0.57303
0.558499
0.507577
0.499859
0.433031
0.388911
0.380959
0.362196
0.350993
0.348915
0.338199
0.336076
0.336744
0.344289
0.358097
0.37088
0.373217
0.387491
0.398914
0.400535
0.409726
0.402797
0.382519
0.377956
0.345489
0.311845
0.30686
0.284458
0.276187
0.27647
0.27874
0.279121
0.278315
0.278058
0.277654
0.276832
0.27661
0.276315
1.13804
1.13467
1.12701
1.12404
1.13584
1.14712
1.14663
1.15278
1.16568
1.18134
1.18269
1.18912
1.19256
1.20719
1.2167
1.21599
1.21744
1.22068
1.22955
1.23202
1.22902
1.22313
1.22705
1.2285
1.22664
1.22076
1.21301
1.2146
1.21003
1.20626
1.19339
1.18388
1.17635
1.17259
1.15636
1.13411
1.12343
1.10971
1.10486
1.08601
1.0686
1.06222
1.05409
1.05006
1.03821
1.03556
1.03833
1.04021
1.0392
1.03931
1.03784
1.04567
1.05267
1.0527
1.05438
1.05289
1.06657
1.07304
1.07268
1.07196
1.07311
1.07442
1.07309
1.06574
1.06345
1.06364
1.06244
1.05479
1.05463
1.05103
1.04876
1.04263
1.03937
1.03771
1.02396
1.00527
0.998902
0.957309
0.892678
0.817985
0.800662
0.709393
0.633899
0.619151
0.550619
0.507944
0.500139
0.471421
0.463141
0.461244
0.461871
0.469727
0.47055
0.484079
0.502137
0.504987
0.531961
0.53747
0.568501
0.585156
0.584182
0.569385
0.524037
0.516548
0.449402
0.404764
0.396244
0.374698
0.364123
0.362022
0.348781
0.349261
0.349926
0.35626
0.369903
0.382471
0.384573
0.396599
0.409406
0.411007
0.419025
0.41347
0.39424
0.389699
0.356907
0.324026
0.318876
0.293042
0.285507
0.285928
0.288006
0.28862
0.288443
0.28813
0.285341
0.286128
0.285909
0.284843
1.14369
1.13899
1.13454
1.13612
1.14356
1.15128
1.15151
1.16338
1.17737
1.18674
1.18643
1.19533
1.20536
1.2154
1.22091
1.22026
1.22604
1.23277
1.23523
1.23555
1.23411
1.23514
1.23619
1.23279
1.23031
1.22731
1.22438
1.22082
1.21361
1.21046
1.20285
1.19476
1.18097
1.17586
1.16143
1.14653
1.13071
1.11321
1.10818
1.09235
1.07948
1.06684
1.05674
1.05342
1.04672
1.04535
1.0435
1.04317
1.04186
1.04364
1.04784
1.05323
1.05583
1.05495
1.05808
1.0631
1.07178
1.07536
1.07518
1.07838
1.07958
1.07661
1.07512
1.07111
1.06822
1.06524
1.06423
1.06138
1.05675
1.05203
1.05062
1.04703
1.04037
1.03875
1.02949
1.00675
0.999942
0.96067
0.895189
0.819174
0.802982
0.712644
0.634809
0.620569
0.553483
0.508538
0.501
0.473487
0.463543
0.461865
0.46311
0.470018
0.471071
0.484733
0.502342
0.505486
0.532317
0.537649
0.569311
0.585461
0.584469
0.572415
0.524455
0.517021
0.450997
0.405062
0.396709
0.375282
0.36433
0.362302
0.351402
0.349533
0.350138
0.357057
0.370362
0.38267
0.38489
0.398273
0.409639
0.411223
0.420045
0.413811
0.394491
0.390115
0.358177
0.324287
0.319127
0.294682
0.285745
0.286046
0.288334
0.289301
0.288613
0.288338
0.287411
0.28636
0.286075
0.285318
1.20313
1.1997
1.19006
1.1834
1.1972
1.20885
1.20804
1.21251
1.22477
1.24186
1.24353
1.24927
1.25007
1.26658
1.27678
1.27597
1.27622
1.27779
1.28816
1.2907
1.28725
1.27929
1.2837
1.28592
1.28415
1.27754
1.26732
1.27133
1.2675
1.26362
1.24993
1.24017
1.234
1.23049
1.21373
1.18899
1.17939
1.1658
1.16081
1.14061
1.12043
1.11509
1.10644
1.10203
1.0883
1.08443
1.08773
1.08958
1.08851
1.08792
1.08476
1.09305
1.10068
1.10085
1.10204
1.09847
1.11289
1.11933
1.11881
1.11657
1.11647
1.11707
1.11548
1.10591
1.10142
1.09958
1.09788
1.08668
1.08417
1.07821
1.07536
1.06679
1.06297
1.06136
1.04825
1.03315
1.02769
0.990555
0.930479
0.857675
0.84046
0.747401
0.668513
0.652889
0.579106
0.532905
0.524358
0.491845
0.481088
0.478681
0.476719
0.482859
0.483328
0.495023
0.511794
0.514359
0.540263
0.54575
0.576445
0.594073
0.593473
0.581246
0.539127
0.532003
0.466592
0.420631
0.411807
0.387651
0.37723
0.375159
0.361667
0.362331
0.362917
0.368574
0.3816
0.393606
0.395579
0.406718
0.419137
0.420667
0.428223
0.423171
0.404994
0.400685
0.36867
0.335924
0.330669
0.303128
0.294961
0.295385
0.297383
0.298561
0.298463
0.298119
0.294611
0.295254
0.294965
0.293422
1.20904
1.20412
1.19786
1.19823
1.20425
1.21313
1.21305
1.22372
1.23722
1.24748
1.24732
1.25566
1.26495
1.27514
1.28107
1.28027
1.2851
1.29097
1.29399
1.2942
1.29237
1.29206
1.29304
1.29021
1.28775
1.28414
1.2809
1.27766
1.27104
1.26777
1.25961
1.25141
1.23868
1.23371
1.21884
1.20275
1.18688
1.16935
1.16415
1.14709
1.13268
1.11986
1.10911
1.10542
1.09712
1.09477
1.09306
1.09258
1.09119
1.09231
1.09551
1.1008
1.10391
1.10309
1.10578
1.1097
1.11822
1.12165
1.12129
1.12306
1.12301
1.11923
1.11747
1.11129
1.10618
1.10111
1.09959
1.09327
1.08617
1.07909
1.07702
1.07074
1.06381
1.06222
1.05331
1.03442
1.02857
0.993646
0.932904
0.858823
0.842781
0.750773
0.66944
0.654366
0.582124
0.533511
0.525248
0.49399
0.481485
0.479305
0.477965
0.483132
0.483829
0.495645
0.511966
0.514802
0.540562
0.545884
0.577097
0.594304
0.593689
0.584265
0.539492
0.532428
0.468167
0.420927
0.41228
0.388259
0.377434
0.375438
0.364554
0.362595
0.363117
0.36936
0.382052
0.393787
0.395876
0.408322
0.419341
0.420855
0.429136
0.423472
0.405215
0.401061
0.369879
0.336176
0.330915
0.304805
0.295203
0.295501
0.297714
0.299261
0.298627
0.298323
0.296905
0.295481
0.295122
0.293883
1.27009
1.2666
1.25507
1.24492
1.21114
1.27238
1.27133
1.27425
1.28584
1.30415
1.30609
1.31115
1.30949
1.32761
1.33827
1.33733
1.33636
1.33619
1.34764
1.34997
1.34608
1.33615
1.34075
1.34344
1.34173
1.33443
1.32208
1.32809
1.32486
1.32091
1.30667
1.29679
1.29179
1.28854
1.27136
1.24453
1.23579
1.22222
1.21711
1.19565
1.17292
1.16833
1.15908
1.1543
1.13887
1.13378
1.13737
1.13904
1.13792
1.13663
1.13196
1.14052
1.14857
1.14886
1.14955
1.14415
1.15899
1.16523
1.16454
1.16083
1.15938
1.15897
1.15707
1.14529
1.13834
1.13399
1.13173
1.11692
1.1113
1.10243
1.09895
1.08763
1.08245
1.08081
1.0685
1.05646
1.05197
1.0201
0.96571
0.895957
0.87917
0.785403
0.703502
0.687093
0.608156
0.55817
0.54885
0.512367
0.498863
0.495918
0.491134
0.495328
0.495419
0.505094
0.520337
0.522598
0.547112
0.552495
0.582512
0.600672
0.60041
0.59096
0.552249
0.545585
0.482825
0.436092
0.427085
0.400506
0.3901
0.388036
0.374436
0.375014
0.375502
0.380424
0.392725
0.404059
0.405892
0.416085
0.427814
0.429238
0.436166
0.431477
0.414397
0.410343
0.379394
0.347169
0.341879
0.313061
0.304254
0.304668
0.306524
0.308261
0.308237
0.30786
0.303618
0.303971
0.303604
0.301561
1.27507
1.26986
1.26214
1.26223
1.26712
1.27566
1.27534
1.28527
1.29844
1.30888
1.30874
1.3167
1.32587
1.33564
1.34157
1.34062
1.34469
1.35
1.35259
1.35234
1.3502
1.34903
1.34951
1.34672
1.34423
1.34017
1.33741
1.33358
1.32732
1.32404
1.31579
1.30774
1.29554
1.29066
1.27558
1.25904
1.24267
1.22486
1.2195
1.20149
1.18614
1.17245
1.16094
1.15699
1.14747
1.14432
1.14222
1.14143
1.13992
1.14046
1.14303
1.14798
1.15121
1.15039
1.15269
1.15598
1.16387
1.16692
1.16637
1.16695
1.16556
1.16056
1.15849
1.15022
1.14267
1.135
1.13294
1.12319
1.11285
1.10292
1.10019
1.09093
1.08291
1.08129
1.07274
1.05728
1.05243
1.0226
0.967692
0.896704
0.881161
0.788585
0.704159
0.688362
0.611151
0.558597
0.549594
0.514468
0.499121
0.496417
0.492285
0.49548
0.495805
0.505606
0.520409
0.52293
0.547304
0.552534
0.582962
0.60078
0.600508
0.593645
0.552456
0.545855
0.484263
0.43629
0.427475
0.401071
0.390231
0.38825
0.377569
0.375202
0.375621
0.381141
0.393097
0.404151
0.4061
0.417568
0.42793
0.429339
0.436917
0.431688
0.414523
0.410612
0.380476
0.347343
0.342052
0.314732
0.304459
0.304734
0.306819
0.30894
0.308345
0.30801
0.306066
0.304143
0.3037
0.301965
1.27978
1.27344
1.2699
1.27875
1.27552
1.27883
1.27974
1.29644
1.31204
1.31352
1.31155
1.32273
1.34082
1.34369
1.3447
1.3441
1.35346
1.36482
1.35744
1.35467
1.35471
1.36118
1.3585
1.34992
1.34691
1.34637
1.3517
1.33895
1.3297
1.3274
1.3251
1.31934
1.29919
1.29291
1.28016
1.2721
1.24957
1.22744
1.22208
1.2078
1.2
1.17649
1.16275
1.15989
1.15617
1.15566
1.14697
1.1437
1.14203
1.14462
1.15325
1.15568
1.15374
1.152
1.15612
1.16647
1.16871
1.16853
1.16828
1.17329
1.17183
1.16208
1.15994
1.15541
1.14703
1.13601
1.13422
1.1291
1.11439
1.1034
1.10151
1.09415
1.08338
1.08181
1.07614
1.05807
1.05291
1.0252
0.969656
0.897387
0.883217
0.791779
0.704804
0.689702
0.614221
0.559031
0.550396
0.516611
0.499383
0.496958
0.493433
0.495632
0.496222
0.506107
0.520482
0.523293
0.547485
0.552566
0.583401
0.60086
0.600595
0.595114
0.552664
0.546115
0.485698
0.436494
0.427898
0.401638
0.390362
0.38847
0.380834
0.375393
0.375748
0.381932
0.393456
0.404239
0.406322
0.419057
0.428039
0.429439
0.437688
0.431886
0.414643
0.410885
0.38154
0.34753
0.342238
0.316428
0.304672
0.304809
0.307144
0.309597
0.30845
0.308167
0.308147
0.304308
0.303796
0.302408
1.34325
1.33771
1.32866
1.32824
1.33304
1.34041
1.33988
1.34924
1.3621
1.37248
1.37226
1.3799
1.389
1.39822
1.40386
1.40273
1.40609
1.41069
1.41244
1.41139
1.40895
1.40685
1.40656
1.40348
1.40092
1.3964
1.39389
1.38955
1.38357
1.38028
1.37219
1.36443
1.35266
1.34784
1.33271
1.31598
1.29905
1.28085
1.27533
1.25647
1.24028
1.22555
1.2132
1.20899
1.19844
1.19448
1.19177
1.19048
1.18884
1.18882
1.19088
1.19538
1.19849
1.19762
1.19954
1.20232
1.20939
1.21184
1.21112
1.21053
1.20766
1.20112
1.19874
1.18837
1.17811
1.16738
1.16472
1.1513
1.13708
1.12374
1.12028
1.10754
1.0977
1.09597
1.08742
1.07506
1.07129
1.0472
0.999366
0.932772
0.918076
0.826139
0.739158
0.722759
0.640845
0.584122
0.574357
0.535116
0.516662
0.513405
0.506246
0.507227
0.507154
0.514744
0.527796
0.529969
0.552632
0.557688
0.586926
0.604824
0.604852
0.600334
0.563345
0.557307
0.499184
0.451125
0.442267
0.413765
0.402773
0.400782
0.39043
0.387476
0.387771
0.39247
0.403576
0.413838
0.415635
0.426031
0.435459
0.436725
0.443409
0.438435
0.422372
0.418708
0.389953
0.357762
0.35251
0.324437
0.313514
0.313756
0.315666
0.318346
0.317811
0.317452
0.31492
0.312402
0.311867
0.309607
1.33783
1.34471
1.34195
1.34479
1.34555
1.36172
1.37685
1.37841
1.37626
1.38725
1.40444
1.40765
1.40818
1.40739
1.4161
1.42609
1.41842
1.41471
1.41452
1.41965
1.41651
1.40761
1.40451
1.40353
1.40762
1.39589
1.38685
1.38456
1.38231
1.37669
1.35728
1.35099
1.33826
1.32931
1.30696
1.28433
1.27879
1.26371
1.25412
1.23047
1.2158
1.21269
1.20788
1.20624
1.19733
1.19348
1.19166
1.19373
1.20143
1.20375
1.2017
1.19987
1.20363
1.21287
1.2149
1.21405
1.21362
1.2174
1.21445
1.20315
1.20067
1.19394
1.1828
1.16871
1.1663
1.15699
1.13874
1.12435
1.12162
1.11022
1.09817
1.09647
1.08977
1.07579
1.07179
1.04956
1.00142
0.933711
0.920398
0.829714
0.74007
0.724408
0.64431
0.58475
0.575372
0.537496
0.517049
0.514081
0.507514
0.50746
0.507645
0.51529
0.527911
0.530341
0.552811
0.557739
0.587222
0.604878
0.604923
0.601094
0.563589
0.557606
0.500641
0.4514
0.442776
0.414426
0.402963
0.401064
0.393569
0.38773
0.387958
0.393325
0.403993
0.413979
0.415905
0.427455
0.4356
0.436855
0.444093
0.438632
0.422515
0.418989
0.390971
0.35799
0.352738
0.326157
0.313772
0.313866
0.316028
0.319053
0.317962
0.317654
0.316892
0.31261
0.312006
0.310085
1.39821
1.3967
1.40106
1.40826
1.40752
1.41632
1.42884
1.4392
1.43894
1.4462
1.45497
1.46381
1.4691
1.46774
1.47016
1.47365
1.47436
1.47218
1.46934
1.46593
1.46459
1.46098
1.45831
1.45318
1.45043
1.44593
1.44022
1.43695
1.42906
1.42167
1.41049
1.40578
1.39074
1.37381
1.35649
1.33789
1.33221
1.31249
1.29528
1.27967
1.26646
1.26197
1.25038
1.24553
1.24218
1.24031
1.23852
1.23787
1.23934
1.24332
1.24621
1.24528
1.24675
1.24887
1.2551
1.25685
1.25592
1.25402
1.24954
1.24125
1.2385
1.22584
1.21255
1.19835
1.19502
1.17752
1.1588
1.14147
1.13719
1.12034
1.10792
1.10598
1.09685
1.0871
1.08448
1.06658
1.02729
0.9668
0.953327
0.863431
0.774526
0.757673
0.671414
0.610365
0.599811
0.556094
0.534253
0.530413
0.51997
0.518477
0.517966
0.523132
0.534184
0.535974
0.556577
0.561378
0.588983
0.606307
0.606585
0.604146
0.572008
0.566638
0.512739
0.465315
0.456572
0.426345
0.415061
0.413042
0.40311
0.399509
0.399653
0.403401
0.413533
0.422879
0.424503
0.433698
0.441923
0.443005
0.448573
0.443616
0.428652
0.425249
0.3982
0.367324
0.362186
0.333856
0.322335
0.322535
0.324234
0.327457
0.327036
0.326655
0.323506
0.32029
0.319651
0.316825
1.09794
1.08753
1.08477
1.06833
1.02909
0.967657
0.955587
0.867093
0.775442
0.759394
0.675116
0.611015
0.600891
0.558607
0.534644
0.53111
0.521267
0.518698
0.518447
0.523647
0.534276
0.536293
0.556701
0.561395
0.589077
0.606284
0.606592
0.604203
0.572193
0.566875
0.514089
0.465579
0.457077
0.427032
0.415248
0.413322
0.406175
0.399761
0.399837
0.404261
0.413941
0.423005
0.424757
0.435
0.442038
0.443112
0.44911
0.443762
0.428766
0.425476
0.399101
0.367536
0.3624
0.335548
0.322598
0.32264
0.324602
0.328174
0.327183
0.326857
0.325406
0.320493
0.319783
0.317292
1.10036
1.09235
1.09086
1.07928
1.04999
0.997701
0.985919
0.900047
0.810034
0.792901
0.702773
0.637248
0.625905
0.577403
0.551826
0.547371
0.53342
0.529176
0.528193
0.530716
0.539531
0.540904
0.559112
0.563575
0.589069
0.605126
0.605597
0.604943
0.578145
0.573527
0.524605
0.478591
0.470126
0.438661
0.426957
0.424892
0.415524
0.411247
0.411221
0.4139
0.422906
0.431185
0.432615
0.440483
0.447229
0.448089
0.452317
0.447109
0.433233
0.430099
0.405057
0.375831
0.370881
0.342838
0.330808
0.330958
0.332443
0.336197
0.335924
0.335532
0.331792
0.327737
0.326983
0.323553
1.1
1.09242
1.09094
1.08021
1.0514
0.998452
0.988039
0.903767
0.810956
0.794704
0.706722
0.637925
0.627057
0.580068
0.552222
0.548091
0.534747
0.529385
0.528664
0.531197
0.539603
0.54117
0.559181
0.563562
0.588945
0.605024
0.605544
0.604271
0.578268
0.573698
0.525806
0.47884
0.470619
0.439367
0.427138
0.425169
0.418583
0.411499
0.411402
0.414763
0.423304
0.431296
0.432852
0.441648
0.447317
0.448171
0.452686
0.447198
0.433317
0.430263
0.405811
0.376022
0.371078
0.344476
0.331072
0.331059
0.332814
0.336915
0.336065
0.335731
0.33366
0.327934
0.327107
0.324006
1.09723
1.08988
1.08945
1.08387
1.06575
1.02394
1.01446
0.935393
0.845636
0.828421
0.734979
0.664843
0.652715
0.599193
0.569455
0.564332
0.546643
0.53937
0.537878
0.537517
0.543864
0.544785
0.560272
0.564306
0.58719
0.601306
0.601917
0.602715
0.581587
0.577789
0.53458
0.490769
0.482736
0.4506
0.438388
0.436264
0.427599
0.422663
0.422461
0.423994
0.431701
0.438739
0.439948
0.446338
0.45135
0.451949
0.454592
0.448883
0.436077
0.433218
0.410425
0.383163
0.378469
0.351236
0.338844
0.338943
0.340235
0.344511
0.34442
0.344027
0.339726
0.334713
0.333831
0.329764
1.08956
1.08931
1.08377
1.06657
1.02452
1.01626
0.939007
0.846511
0.830264
0.739147
0.665512
0.653918
0.602011
0.569838
0.565065
0.547986
0.539559
0.538334
0.537957
0.543914
0.544992
0.560287
0.564271
0.586833
0.601135
0.601813
0.601258
0.581644
0.577885
0.535591
0.490989
0.483203
0.451309
0.438558
0.436535
0.43072
0.422907
0.422628
0.424856
0.432078
0.438829
0.44016
0.447346
0.45141
0.452006
0.45477
0.44891
0.436131
0.433313
0.411003
0.383326
0.378641
0.352791
0.339101
0.339035
0.340602
0.345214
0.344547
0.344218
0.341599
0.334896
0.333943
0.330195
1.07905
1.07954
1.07927
1.07285
1.04372
1.03709
0.968258
0.880871
0.863979
0.768102
0.693334
0.680426
0.621695
0.587324
0.581467
0.55975
0.549167
0.54713
0.543602
0.547246
0.547671
0.560121
0.56364
0.583325
0.594959
0.595661
0.597584
0.582259
0.579324
0.542491
0.501702
0.49425
0.462085
0.449346
0.447158
0.439274
0.433766
0.433385
0.433734
0.439946
0.44556
0.446513
0.451234
0.454285
0.454582
0.455361
0.44896
0.437206
0.43462
0.414237
0.389249
0.384877
0.35892
0.346376
0.346426
0.347572
0.352364
0.352501
0.352115
0.347255
0.341218
0.340199
0.335448
1.06105
1.06168
1.06723
1.07066
1.05472
1.0507
0.99333
0.913389
0.896447
0.797118
0.7217
0.707491
0.641714
0.604973
0.597974
0.571282
0.558337
0.555486
0.548573
0.549643
0.549475
0.558792
0.561672
0.578316
0.586674
0.587322
0.591851
0.580233
0.578129
0.547504
0.510909
0.503979
0.47219
0.459552
0.45723
0.447701
0.444199
0.443722
0.442244
0.447203
0.451495
0.452067
0.454413
0.45595
0.455912
0.454776
0.447498
0.436653
0.434365
0.416198
0.393858
0.38985
0.36439
0.353024
0.3532
0.354034
0.358959
0.359942
0.359515
0.352432
0.347006
0.345913
0.34019
1.0598
1.06108
1.06499
1.07008
1.05497
1.05149
0.996295
0.914249
0.898289
0.801659
0.722445
0.708815
0.644869
0.605392
0.598747
0.572712
0.558524
0.555906
0.548948
0.549665
0.549552
0.558693
0.561601
0.57754
0.586381
0.587141
0.589844
0.580178
0.578102
0.548075
0.511087
0.504362
0.472882
0.459715
0.457482
0.45045
0.444438
0.443881
0.443052
0.447572
0.451565
0.452234
0.455093
0.45597
0.455927
0.454589
0.447405
0.436666
0.434341
0.416413
0.393971
0.389977
0.365712
0.353253
0.353273
0.354353
0.35966
0.360062
0.359698
0.354315
0.347179
0.346012
0.340537
1.03473
1.03572
1.04496
1.0587
1.0568
1.05648
1.01541
0.943415
0.928087
0.830251
0.751052
0.736185
0.665261
0.623224
0.615368
0.584058
0.567274
0.563804
0.553266
0.551201
0.550493
0.556284
0.558435
0.571068
0.576425
0.57708
0.582271
0.575691
0.574416
0.550898
0.518556
0.512503
0.482126
0.469236
0.466901
0.458679
0.454349
0.453699
0.451066
0.45419
0.456686
0.456949
0.457424
0.456419
0.456009
0.452745
0.444544
0.434615
0.432608
0.416969
0.397181
0.393596
0.370351
0.35915
0.359308
0.360176
0.365654
0.366912
0.366516
0.359317
0.352393
0.351138
0.344671
1.033
1.0349
1.04142
1.05721
1.05682
1.05656
1.01766
0.944222
0.929882
0.834953
0.751853
0.737637
0.66867
0.623681
0.616219
0.585564
0.567472
0.564239
0.553614
0.551218
0.550519
0.556129
0.558351
0.57004
0.576075
0.576858
0.579923
0.57558
0.574314
0.551171
0.518711
0.512844
0.482802
0.469395
0.467148
0.461054
0.45459
0.453863
0.451891
0.454551
0.456753
0.457104
0.457899
0.456414
0.456004
0.452335
0.444385
0.434606
0.432514
0.416953
0.397265
0.393695
0.371455
0.359368
0.359375
0.360485
0.366324
0.367027
0.366699
0.360881
0.352559
0.351234
0.344995
1.00169
1.00286
1.01395
1.03681
1.0491
1.05242
1.0297
0.968871
0.955861
0.862555
0.780541
0.765221
0.689507
0.641861
0.633126
0.596854
0.575914
0.571778
0.557359
0.55196
0.550661
0.552741
0.554123
0.562374
0.564917
0.565555
0.570812
0.568952
0.568427
0.551804
0.524326
0.519261
0.491056
0.478171
0.475865
0.468997
0.463955
0.463144
0.459402
0.460556
0.461077
0.460998
0.459373
0.455628
0.454827
0.449313
0.440294
0.431215
0.429456
0.416159
0.399058
0.395929
0.375176
0.364435
0.364594
0.36562
0.371674
0.373257
0.372913
0.365699
0.357197
0.355768
0.348518
0.999543
1.00186
1.00914
1.03438
1.04888
1.05165
1.03095
0.969546
0.957465
0.867242
0.781359
0.766769
0.693152
0.642341
0.634047
0.598434
0.576114
0.572225
0.557676
0.55197
0.550632
0.552532
0.554031
0.561127
0.564532
0.565312
0.568291
0.568793
0.568255
0.551742
0.524447
0.519539
0.491691
0.478323
0.476103
0.471049
0.46419
0.463303
0.460228
0.460897
0.461133
0.461132
0.459628
0.455596
0.4548
0.448679
0.440077
0.431186
0.429291
0.415903
0.399112
0.395996
0.376021
0.364633
0.364652
0.365909
0.372294
0.373362
0.373087
0.366992
0.357352
0.355858
0.348809
0.963156
0.964334
0.975247
1.00553
1.03157
1.03824
1.03506
0.98842
0.978351
0.89298
0.809647
0.794182
0.71434
0.660877
0.651263
0.609729
0.58431
0.579465
0.560906
0.551998
0.550053
0.548286
0.548911
0.552629
0.552735
0.553337
0.558174
0.560453
0.560566
0.550261
0.528099
0.524089
0.498781
0.486232
0.484009
0.478505
0.472922
0.471963
0.467182
0.466242
0.464633
0.464181
0.460207
0.453552
0.452354
0.444605
0.434963
0.426652
0.425095
0.413855
0.399484
0.396828
0.378724
0.368779
0.368968
0.370287
0.376926
0.378905
0.378634
0.371525
0.361374
0.359763
0.351695
0.960672
0.963195
0.96926
1.00218
1.03111
1.03652
1.03511
0.988925
0.97964
0.897447
0.810468
0.795803
0.718204
0.661383
0.652262
0.61139
0.584515
0.579925
0.561196
0.552005
0.549969
0.548029
0.548816
0.551212
0.552334
0.553085
0.555493
0.560256
0.560335
0.549854
0.528182
0.524286
0.499347
0.486371
0.484234
0.480364
0.473149
0.472117
0.467995
0.466556
0.464682
0.464291
0.460218
0.453494
0.452303
0.443756
0.434694
0.426605
0.424862
0.413362
0.399508
0.396858
0.379289
0.36895
0.369016
0.370548
0.377471
0.378997
0.378796
0.372627
0.361515
0.359847
0.351943
0.920544
0.921571
0.93022
0.965813
1.00456
1.01405
1.03075
1.00098
0.994324
0.920343
0.837744
0.822528
0.739575
0.680244
0.669781
0.622752
0.592531
0.586935
0.563979
0.551411
0.548762
0.54304
0.542964
0.542247
0.54042
0.540974
0.545118
0.550679
0.551295
0.546421
0.529821
0.526879
0.5051
0.493289
0.491216
0.487044
0.48115
0.480058
0.474309
0.471166
0.467287
0.466429
0.459827
0.450206
0.448627
0.438799
0.428784
0.421148
0.419739
0.410202
0.398506
0.396315
0.380891
0.37209
0.372346
0.374103
0.381301
0.383771
0.383596
0.376649
0.364861
0.363068
0.354159
0.917848
0.920356
0.923296
0.961635
1.00391
1.01136
1.02944
1.00127
0.995157
0.924331
0.838529
0.824156
0.743608
0.680761
0.670845
0.624488
0.592737
0.587407
0.564246
0.551417
0.548628
0.542742
0.542872
0.540725
0.54003
0.540727
0.542102
0.550458
0.551018
0.54568
0.529867
0.526979
0.505568
0.493414
0.491422
0.488884
0.48136
0.480201
0.475078
0.471437
0.467323
0.466507
0.459539
0.450127
0.448555
0.437767
0.428477
0.421092
0.419448
0.409488
0.398496
0.396307
0.381155
0.372227
0.37238
0.374323
0.381744
0.383842
0.383738
0.377626
0.364984
0.363144
0.354353
0.87596
0.880567
0.918964
0.968748
0.980262
1.01636
1.00569
1.00275
0.943428
0.864181
0.849673
0.764985
0.699961
0.688714
0.63603
0.600689
0.594297
0.566682
0.550308
0.546898
0.537084
0.536413
0.531595
0.52839
0.528898
0.532358
0.540085
0.541055
0.540533
0.529508
0.527599
0.509862
0.499235
0.497384
0.494476
0.488551
0.487341
0.480669
0.475216
0.468933
0.467637
0.458094
0.445675
0.443753
0.432119
0.421976
0.414921
0.413606
0.405385
0.396205
0.394456
0.381616
0.374305
0.37467
0.377008
0.384719
0.387779
0.387718
0.380875
0.367594
0.365627
0.355855
)
;

boundaryField
{
    inlet
    {
        type            turbulentIntensityKineticEnergyInlet;
        intensity       0.03;
        value           nonuniform List<scalar> 0();
    }
    outlet
    {
        type            zeroGradient;
    }
    front
    {
        type            empty;
    }
    back
    {
        type            empty;
    }
    hub
    {
        type            fixedValue;
        value           nonuniform List<scalar> 
138
(
0.00317425
0.00317425
0.00287204
0.00271463
0.00291552
0.00347909
0.00347909
0.00409257
0.00444655
0.00507025
0.00507025
0.00534235
0.00590327
0.00641072
0.00666044
0.00666044
0.00708331
0.00741989
0.00754303
0.00767981
0.00767981
0.00760499
0.00748896
0.00709591
0.00709591
0.00651829
0.00618194
0.00546153
0.00472565
0.00472565
0.00401736
0.00369359
0.00312581
0.00312581
0.00277442
0.00325345
0.00445056
0.00572859
0.00572859
0.00629513
0.00715119
0.00745552
0.00713477
0.00713477
0.00679124
0.00578871
0.00474235
0.00419153
0.00419153
0.00325947
0.00295092
0.00357729
0.00385599
0.00385599
0.00451583
0.00494558
0.0056633
0.00632555
0.00632555
0.00644157
0.00620248
0.00605574
0.00605574
0.00550368
0.00493165
0.00479146
0.00479146
0.00465451
0.00459807
0.00472253
0.00472253
0.00506526
0.00535935
0.00535935
0.00611836
0.00715899
0.00715899
0.00835312
0.00891836
0.00986132
0.00986132
0.0104068
0.0106784
0.0106784
0.0107877
0.0111066
0.0111066
0.0117175
0.0121527
0.0121527
0.0132315
0.0144603
0.0144603
0.0156518
0.0161394
0.0161394
0.0168065
0.0168065
0.0169052
0.0165048
0.0165048
0.0162335
0.015752
0.015752
0.0155491
0.0155073
0.0155073
0.0155901
0.0156495
0.0156495
0.0156636
0.015553
0.015553
0.0154506
0.0156512
0.0160798
0.0160798
0.016121
0.0166303
0.0166303
0.0166217
0.0168014
0.016896
0.016896
0.0164793
0.0165187
0.0165187
0.0160062
0.0164151
0.0164151
0.0158605
0.0165722
0.0159868
0.0159868
0.0159868
0.0166002
0.0166002
0.0158918
)
;
    }
    tip
    {
        type            kqRWallFunction;
        value           nonuniform List<scalar> 0();
    }
    procBoundary9to7
    {
        type            processor;
        value           nonuniform List<scalar> 
71
(
0.0648029
0.0829047
0.113295
0.114033
0.142212
0.168585
0.169912
0.195237
0.19685
0.222893
0.248683
0.251016
0.276553
0.279206
0.305389
0.3084
0.33536
0.337443
0.339585
0.367935
0.371587
0.40105
0.405189
0.435786
0.438986
0.442248
0.474729
0.479846
0.513695
0.517947
0.522352
0.558369
0.563338
0.568395
0.606949
0.614093
0.654711
0.661146
0.668015
0.711516
0.718859
0.726588
0.772144
0.780313
0.788819
0.834922
0.844715
0.89132
0.90135
0.948734
0.958174
0.96816
1.01662
1.02784
1.07769
1.08923
1.14056
1.15257
1.20537
1.21799
1.27227
1.28472
1.29823
1.35395
1.34936
1.34259
1.34259
1.40868
1.40786
1.41338
1.41048
)
;
    }
    procBoundary9to8
    {
        type            processor;
        value           nonuniform List<scalar> 
150
(
1.41279
1.41346
1.4294
1.44422
1.44544
1.44304
1.45395
1.47083
1.4738
1.47358
1.47259
1.48067
1.48942
1.48057
1.4755
1.47507
1.47889
1.47476
1.46511
1.46187
1.4604
1.46374
1.45233
1.44342
1.4412
1.43925
1.43396
1.41514
1.40888
1.39639
1.38714
1.36464
1.34141
1.3357
1.31996
1.30909
1.28475
1.26907
1.26577
1.26007
1.25744
1.24795
1.24338
1.2414
1.24293
1.24997
1.2519
1.24947
1.24753
1.25094
1.25938
1.26074
1.25905
1.25842
1.26097
1.25639
1.24325
1.24039
1.23138
1.21719
1.1996
1.19652
1.18277
1.1603
1.14197
1.13831
1.12227
1.10821
1.10627
1.10627
1.11088
1.11097
1.11034
1.09517
1.09517
1.0868
1.07359
1.06882
1.05
1.04383
1.01982
1.01264
0.984332
0.97622
0.945003
0.935575
0.875211
0.875211
0.830473
0.836292
0.872468
0.926374
0.942096
0.995654
1.0019
1.00283
0.958301
0.887223
0.873135
0.785979
0.719194
0.706696
0.647649
0.608546
0.601075
0.568843
0.548732
0.544756
0.530946
0.5295
0.522587
0.517403
0.517707
0.523373
0.529442
0.530682
0.5342
0.527259
0.526345
0.512665
0.50383
0.502229
0.499238
0.494792
0.493533
0.485488
0.478048
0.469405
0.467653
0.455684
0.440251
0.438028
0.426068
0.415171
0.408291
0.407299
0.400661
0.392794
0.391442
0.381155
0.37532
0.375875
0.378829
0.386854
0.39079
0.390793
0.383235
0.369424
0.367307
0.356665
)
;
    }
}


// ************************************************************************* //
