/*--------------------------------*- C++ -*----------------------------------*\
| =========                 |                                                 |
| \\      /  F ield         | OpenFOAM: The Open Source CFD Toolbox           |
|  \\    /   O peration     | Version:  v2012                                 |
|   \\  /    A nd           | Website:  www.openfoam.com                      |
|    \\/     M anipulation  |                                                 |
\*---------------------------------------------------------------------------*/
FoamFile
{
    version     2.0;
    format      ascii;
    class       volScalarField;
    location    "1e-06";
    object      kMean;
}
// * * * * * * * * * * * * * * * * * * * * * * * * * * * * * * * * * * * * * //

dimensions      [0 2 -2 0 0 0 0];


internalField   nonuniform List<scalar> 
10178
(
0.0641321
0.0637338
0.0700796
0.0693167
0.0793087
0.0818116
0.0843972
0.092861
0.099193
0.101673
0.1012
0.107271
0.112592
0.113671
0.112066
0.112227
0.114662
0.1153
0.111007
0.106513
0.108361
0.109352
0.106148
0.100599
0.0987711
0.0995195
0.0958066
0.0930301
0.0872682
0.088235
0.0894827
0.087377
0.0795936
0.0759073
0.076773
0.0791684
0.0764784
0.0736585
0.0738565
0.077632
0.0813163
0.0805648
0.0797559
0.0818963
0.0857714
0.0872228
0.0865409
0.0851975
0.0849824
0.0875568
0.0898904
0.0901089
0.087702
0.0860161
0.0888305
0.0917834
0.0950267
0.0954556
0.0967364
0.102156
0.106362
0.104918
0.105673
0.11429
0.118749
0.12658
0.13025
0.141169
0.154209
0.160468
0.164635
0.168925
0.174706
0.177683
0.187816
0.201136
0.205177
0.212479
0.21113
0.205019
0.199862
0.178294
0.158016
0.150586
0.129667
0.119097
0.115508
0.104081
0.0959897
0.0932611
0.0847065
0.0802902
0.0792235
0.0774046
0.0782064
0.0796974
0.0871278
0.0965028
0.125894
0.167767
0.172366
0.181524
0.210701
0.214182
0.217853
0.198853
0.189984
0.148017
0.126829
0.120764
0.106038
0.0949439
0.0920992
0.0786431
0.0657951
0.059554
0.0580158
0.0548709
0.0601157
0.0643717
0.0833082
0.101646
0.125591
0.131401
0.154206
0.163346
0.163684
0.158521
0.142947
0.139124
0.118938
0.104774
0.092949
0.089325
0.0772935
0.0668341
0.0668531
0.0662607
0.0848848
0.0854059
0.0887344
0.0889511
0.079442
0.102912
0.103805
0.109512
0.115467
0.120126
0.120818
0.124665
0.127198
0.130711
0.131664
0.131778
0.132377
0.132472
0.131525
0.130526
0.130179
0.128419
0.12713
0.125306
0.124888
0.122494
0.116936
0.116779
0.114418
0.113662
0.110827
0.108057
0.10384
0.103295
0.100057
0.0977504
0.0970728
0.0968462
0.0967126
0.0966333
0.097657
0.0990429
0.100244
0.100337
0.101411
0.102503
0.103661
0.104185
0.104287
0.105094
0.105206
0.106689
0.106927
0.107053
0.107593
0.107447
0.113636
0.117247
0.117753
0.120166
0.124487
0.126245
0.126871
0.132288
0.136261
0.146637
0.148232
0.155639
0.168078
0.174815
0.176826
0.179918
0.184592
0.185399
0.191949
0.200004
0.200497
0.207407
0.20359
0.193074
0.192496
0.172713
0.149505
0.146272
0.12692
0.114292
0.112833
0.102755
0.0940586
0.093103
0.0863418
0.083126
0.0829263
0.0827092
0.0854965
0.0863811
0.0920075
0.0952432
0.122195
0.155896
0.158297
0.175044
0.198735
0.201472
0.207537
0.184242
0.181879
0.142301
0.118889
0.115701
0.103088
0.090624
0.088575
0.0776049
0.0665437
0.061895
0.0613944
0.05935
0.062993
0.0644807
0.081958
0.0979491
0.119762
0.125178
0.147602
0.15333
0.153823
0.152205
0.135459
0.131334
0.1137
0.100565
0.0868661
0.0850385
0.0754677
0.0647955
0.0645106
0.0657541
0.11521
0.115673
0.1188
0.115114
0.0980646
0.132706
0.133554
0.13882
0.144603
0.149063
0.149789
0.153461
0.155417
0.159814
0.161505
0.161722
0.162924
0.163815
0.164126
0.164051
0.163856
0.162831
0.162509
0.161266
0.160913
0.159027
0.151185
0.153877
0.151084
0.150303
0.146999
0.143577
0.139665
0.13895
0.135415
0.131828
0.130447
0.129135
0.128806
0.127645
0.127188
0.127849
0.128409
0.12839
0.128825
0.129838
0.130956
0.131761
0.131897
0.132834
0.133253
0.135046
0.135832
0.135998
0.136821
0.108201
0.144142
0.147881
0.148444
0.151331
0.155577
0.157763
0.1584
0.163453
0.167008
0.175734
0.176817
0.183539
0.192229
0.198145
0.199588
0.202207
0.202853
0.202808
0.202523
0.202734
0.202423
0.20267
0.195986
0.185789
0.184425
0.167174
0.146792
0.143485
0.124993
0.113324
0.111636
0.102471
0.096046
0.0951644
0.0911227
0.0907921
0.0908697
0.0934496
0.0982457
0.0993494
0.10518
0.107188
0.121617
0.140731
0.143405
0.164858
0.184774
0.186973
0.191863
0.173991
0.171748
0.137475
0.115462
0.112034
0.0988071
0.0878775
0.0862248
0.0773587
0.0702253
0.0685799
0.0684554
0.0685372
0.0715142
0.0724054
0.0811919
0.0961385
0.114622
0.118873
0.137691
0.143477
0.143934
0.142468
0.128358
0.12486
0.108355
0.0954582
0.0832501
0.0814509
0.0727892
0.0655151
0.0653343
0.0658586
0.115568
0.116012
0.119182
0.12584
0.128397
0.133069
0.133914
0.139288
0.145204
0.149447
0.150159
0.153863
0.15715
0.160276
0.161935
0.162153
0.163421
0.164929
0.164614
0.164542
0.164353
0.163644
0.163115
0.161803
0.161442
0.159591
0.16081
0.154439
0.151612
0.150826
0.147596
0.144266
0.140154
0.139421
0.135876
0.132945
0.130885
0.129509
0.12917
0.128013
0.128694
0.128166
0.128711
0.128682
0.129205
0.130412
0.131268
0.132055
0.132189
0.133145
0.13387
0.135433
0.136153
0.13632
0.137159
0.137994
0.144543
0.148261
0.148823
0.151783
0.156048
0.158172
0.158807
0.163922
0.167461
0.205078
0.177213
0.184158
0.192584
0.198477
0.199922
0.202615
0.203086
0.203028
0.202821
0.202782
0.202461
0.202706
0.195973
0.185731
0.184426
0.167146
0.146782
0.143473
0.124986
0.11332
0.111631
0.102476
0.0960563
0.0951812
0.0911524
0.090834
0.0909217
0.0935156
0.0983361
0.0994368
0.105276
0.107273
0.121655
0.1407
0.14336
0.164634
0.184734
0.186911
0.191819
0.173918
0.171735
0.137455
0.115441
0.112025
0.098802
0.087882
0.0862308
0.0773595
0.0702432
0.0686104
0.0684947
0.0686189
0.0715595
0.0724453
0.0812087
0.0961341
0.114597
0.118844
0.137668
0.143436
0.143906
0.142443
0.128317
0.12486
0.108321
0.0954547
0.0832448
0.0814528
0.0728018
0.0655143
0.0653478
0.0658627
0.143831
0.144261
0.147506
0.151292
0.156992
0.161988
0.162854
0.168291
0.174387
0.178766
0.179506
0.183329
0.18608
0.190224
0.192351
0.192636
0.194298
0.196145
0.196626
0.196993
0.196895
0.196447
0.196442
0.195321
0.194959
0.193257
0.190524
0.188081
0.184913
0.184087
0.180461
0.176561
0.172149
0.171253
0.167293
0.163367
0.160898
0.158766
0.158287
0.156443
0.155977
0.155257
0.155382
0.155301
0.15546
0.156583
0.157459
0.158397
0.158547
0.159619
0.160466
0.162341
0.163402
0.163581
0.164655
0.165717
0.173146
0.177093
0.177723
0.181145
0.18554
0.188096
0.188761
0.193824
0.197435
0.205652
0.206747
0.213431
0.220446
0.225507
0.226638
0.228412
0.226123
0.225496
0.220451
0.214406
0.213316
0.208172
0.198576
0.187777
0.185954
0.170008
0.150866
0.147538
0.128955
0.117378
0.115567
0.106933
0.102032
0.101307
0.0993673
0.101213
0.101584
0.106415
0.112939
0.114321
0.120905
0.122532
0.133149
0.144428
0.146466
0.16322
0.180085
0.181917
0.186547
0.172665
0.170826
0.139662
0.117594
0.113973
0.099884
0.0897276
0.0883294
0.0811028
0.0768423
0.0774107
0.0776355
0.0794785
0.0821442
0.0827487
0.087973
0.0993295
0.114727
0.118172
0.134765
0.140867
0.141389
0.140504
0.128034
0.124821
0.108746
0.0956044
0.08406
0.0823077
0.0743097
0.0693428
0.069201
0.0693098
0.170641
0.171083
0.174482
0.173768
0.157526
0.189883
0.190815
0.196467
0.202826
0.207544
0.208321
0.212344
0.214323
0.219738
0.222215
0.222549
0.224471
0.22628
0.227525
0.228126
0.228078
0.227604
0.227971
0.226907
0.226524
0.224799
0.217893
0.219375
0.21588
0.214996
0.210917
0.206447
0.201721
0.20069
0.196297
0.191334
0.188732
0.186033
0.185439
0.183052
0.181352
0.180921
0.180753
0.180633
0.180506
0.181511
0.182528
0.183587
0.183747
0.184924
0.185747
0.18799
0.189336
0.18953
0.190799
0.191755
0.200265
0.204506
0.205204
0.20903
0.213634
0.216656
0.21736
0.222453
0.226315
0.23452
0.235863
0.242438
0.249118
0.253576
0.254527
0.255475
0.251355
0.250321
0.241638
0.230657
0.228757
0.21862
0.205759
0.193607
0.19134
0.175954
0.157307
0.15401
0.135018
0.123284
0.121417
0.113286
0.109692
0.10916
0.109073
0.112697
0.113343
0.120023
0.128011
0.12968
0.13717
0.138743
0.148467
0.15428
0.155477
0.165635
0.178878
0.180366
0.185075
0.17444
0.173045
0.144177
0.121543
0.117743
0.102729
0.0933161
0.0921528
0.0865323
0.0846814
0.086999
0.0875219
0.0907274
0.0933048
0.0937559
0.0971575
0.104607
0.116969
0.119733
0.134403
0.140824
0.141423
0.14128
0.130019
0.126892
0.11108
0.0975258
0.0864773
0.0847968
0.0773094
0.074321
0.0741897
0.0740946
0.171313
0.171733
0.175185
0.181984
0.185424
0.190586
0.191515
0.197333
0.203895
0.208307
0.209066
0.213135
0.216917
0.220618
0.223048
0.223381
0.225399
0.228051
0.228436
0.229032
0.228994
0.228935
0.229016
0.227846
0.22745
0.225765
0.226382
0.220321
0.216774
0.215882
0.211896
0.207536
0.202533
0.201475
0.197063
0.192905
0.189459
0.186672
0.186063
0.183683
0.183386
0.181482
0.181285
0.181159
0.181146
0.182415
0.183073
0.184104
0.184264
0.185462
0.186701
0.18864
0.189892
0.190079
0.191372
0.193101
0.200921
0.205137
0.205837
0.209765
0.214395
0.217334
0.218035
0.223212
0.227064
0.235217
0.236558
0.243467
0.249802
0.254226
0.255185
0.256251
0.251878
0.250828
0.242399
0.230927
0.229003
0.218816
0.205885
0.193658
0.191425
0.176016
0.157365
0.154066
0.135079
0.123332
0.121464
0.11335
0.10976
0.109229
0.109177
0.112814
0.113468
0.120184
0.128195
0.129875
0.13738
0.138944
0.148678
0.154402
0.155582
0.165918
0.17888
0.180338
0.185093
0.174432
0.173089
0.144212
0.121569
0.117765
0.102908
0.0933419
0.0921802
0.0865763
0.0847473
0.0870827
0.0876139
0.0908949
0.0934107
0.0938583
0.0972565
0.104651
0.116985
0.119744
0.134417
0.140825
0.14143
0.141316
0.130021
0.126916
0.111083
0.0975527
0.0864916
0.0848152
0.0775068
0.0743502
0.0742278
0.0741257
0.197375
0.197817
0.201458
0.205167
0.21264
0.217915
0.218909
0.224989
0.231842
0.236688
0.237487
0.241778
0.244475
0.24974
0.25245
0.252819
0.255007
0.257409
0.258553
0.259278
0.259263
0.258991
0.259403
0.258227
0.257802
0.256008
0.251873
0.250227
0.24636
0.2454
0.240931
0.236033
0.230756
0.229583
0.224745
0.219443
0.216111
0.212859
0.212153
0.209303
0.207688
0.206372
0.205955
0.205795
0.205525
0.206668
0.207538
0.208681
0.208847
0.210141
0.211239
0.213617
0.21513
0.215333
0.216793
0.21822
0.227218
0.231752
0.232515
0.236805
0.241672
0.245096
0.245838
0.251063
0.255245
0.264337
0.265268
0.272136
0.278637
0.282663
0.283511
0.283949
0.27835
0.277003
0.265729
0.250187
0.247475
0.232557
0.215984
0.201822
0.199081
0.183572
0.165074
0.161793
0.142301
0.130375
0.128472
0.120889
0.118516
0.118178
0.119779
0.124938
0.125838
0.134146
0.143482
0.145431
0.153947
0.155593
0.165533
0.167154
0.167493
0.170882
0.179176
0.180208
0.185327
0.177507
0.176587
0.149676
0.126403
0.122454
0.106762
0.0980246
0.0970922
0.0930619
0.0933152
0.0971045
0.0978907
0.102315
0.104945
0.105309
0.107599
0.111283
0.120509
0.122593
0.135246
0.14192
0.142602
0.143209
0.132943
0.129882
0.11428
0.100386
0.089857
0.0882713
0.0814216
0.0799591
0.0798619
0.0797425
0.198194
0.198611
0.202316
0.212482
0.213524
0.21875
0.21976
0.22606
0.233151
0.237629
0.238405
0.242753
0.247648
0.250817
0.253468
0.253834
0.256142
0.259515
0.259654
0.260364
0.260363
0.260604
0.260649
0.259342
0.258899
0.257151
0.260463
0.251341
0.24741
0.246441
0.242089
0.237315
0.231707
0.230503
0.225644
0.221336
0.216969
0.213614
0.212892
0.210053
0.210019
0.20704
0.206587
0.206424
0.206298
0.207747
0.208187
0.209296
0.20946
0.210783
0.2124
0.21439
0.215786
0.215978
0.21747
0.219861
0.227987
0.232487
0.233254
0.237667
0.242563
0.245885
0.246623
0.25195
0.256122
0.293272
0.266084
0.273373
0.279457
0.283447
0.284306
0.284901
0.279006
0.277642
0.266744
0.250558
0.247811
0.23282
0.216151
0.201906
0.199192
0.183657
0.165148
0.161866
0.142383
0.130439
0.128534
0.120976
0.118604
0.118269
0.119914
0.125089
0.125999
0.134349
0.143707
0.145672
0.154208
0.155847
0.165816
0.167336
0.167659
0.171427
0.179192
0.180201
0.185354
0.17751
0.176639
0.149719
0.126439
0.122487
0.107011
0.0980597
0.0971299
0.0931219
0.0934007
0.0972123
0.0980076
0.102525
0.105081
0.105442
0.107736
0.111346
0.120539
0.122615
0.135268
0.141928
0.142615
0.143257
0.132954
0.129906
0.114292
0.100418
0.0898797
0.0882951
0.0817222
0.0799966
0.0799067
0.0797858
0.224749
0.225184
0.229077
0.234298
0.240445
0.246774
0.247771
0.254269
0.261659
0.266701
0.267512
0.272089
0.275398
0.280651
0.283576
0.283964
0.286381
0.289278
0.290347
0.29115
0.291141
0.290974
0.291427
0.29011
0.289626
0.287713
0.284651
0.281524
0.277266
0.276208
0.271307
0.265998
0.260171
0.258849
0.253526
0.247805
0.243829
0.24004
0.239214
0.235904
0.234285
0.232242
0.231602
0.231394
0.230988
0.23227
0.233032
0.234255
0.234425
0.235835
0.23717
0.239727
0.241403
0.24161
0.243259
0.245094
0.254628
0.259476
0.260302
0.265043
0.270203
0.274042
0.27482
0.280182
0.28475
0.294274
0.295362
0.302565
0.309102
0.312836
0.31361
0.313682
0.306918
0.305312
0.291921
0.272347
0.268843
0.24932
0.22869
0.211998
0.208717
0.192468
0.173889
0.170597
0.150579
0.138475
0.136541
0.129524
0.128295
0.128141
0.131284
0.13782
0.138953
0.148749
0.159389
0.161604
0.171329
0.173097
0.183657
0.182016
0.18155
0.178446
0.180979
0.181451
0.186569
0.181262
0.180814
0.155747
0.131932
0.127859
0.111661
0.103658
0.102953
0.100456
0.102571
0.107652
0.108673
0.11421
0.117125
0.117442
0.118935
0.119165
0.125143
0.126518
0.136896
0.143674
0.144425
0.145729
0.136381
0.133384
0.118056
0.103966
0.0940268
0.0925485
0.0863694
0.086021
0.0859881
0.0860674
0.251404
0.25186
0.255891
0.254551
0.241488
0.274653
0.27576
0.282452
0.290011
0.295817
0.296688
0.301467
0.302717
0.310487
0.313705
0.314107
0.316558
0.318505
0.320953
0.321835
0.321796
0.321002
0.321962
0.320695
0.32017
0.318052
0.308741
0.311492
0.306934
0.305782
0.300277
0.294389
0.288516
0.287089
0.281296
0.273872
0.270602
0.26644
0.265515
0.26173
0.257929
0.257501
0.256708
0.256452
0.255709
0.256658
0.257987
0.259347
0.259522
0.26101
0.261859
0.26513
0.267148
0.267377
0.269166
0.270144
0.281313
0.286534
0.287412
0.292407
0.297816
0.302223
0.303038
0.308384
0.313403
0.323121
0.324681
0.331626
0.338863
0.34245
0.343148
0.342711
0.335431
0.33363
0.317889
0.29573
0.291531
0.267779
0.243078
0.223646
0.219729
0.202261
0.183433
0.1801
0.159542
0.147303
0.145343
0.138832
0.138663
0.138674
0.143153
0.150924
0.152254
0.163373
0.175259
0.177695
0.188803
0.190698
0.201913
0.197915
0.196745
0.18696
0.18448
0.184368
0.188531
0.185387
0.185296
0.162094
0.137927
0.133771
0.11685
0.109998
0.109504
0.10841
0.112148
0.118358
0.119579
0.126008
0.129564
0.129863
0.130676
0.127973
0.130709
0.131371
0.139182
0.14584
0.146625
0.148482
0.140106
0.137181
0.122241
0.108108
0.0988325
0.0974656
0.0915267
0.0923567
0.0923975
0.0928241
0.252594
0.253013
0.257126
0.262892
0.268683
0.275876
0.277002
0.283997
0.291929
0.297189
0.298024
0.302884
0.306665
0.312049
0.31517
0.315567
0.318181
0.321485
0.322514
0.323363
0.323343
0.323212
0.323712
0.32224
0.32169
0.319634
0.316796
0.313028
0.308377
0.307214
0.301872
0.296185
0.289825
0.288352
0.282535
0.276335
0.2718
0.267492
0.266543
0.262782
0.261058
0.258446
0.257598
0.25734
0.256797
0.258221
0.258906
0.260213
0.260381
0.261911
0.263444
0.266227
0.26806
0.268271
0.270103
0.272282
0.282372
0.287538
0.288419
0.293587
0.299043
0.303291
0.304101
0.309592
0.314609
0.324229
0.325797
0.333326
0.34001
0.343549
0.34427
0.344095
0.336404
0.334585
0.319443
0.296371
0.292124
0.26825
0.243387
0.223833
0.219934
0.202423
0.183566
0.180233
0.159691
0.147422
0.145461
0.138993
0.138815
0.138832
0.143373
0.151157
0.152501
0.163675
0.175587
0.178047
0.189197
0.191082
0.20236
0.198239
0.197048
0.188026
0.18455
0.184412
0.188583
0.18541
0.185369
0.162164
0.137989
0.133832
0.117304
0.11007
0.109579
0.108521
0.112289
0.118524
0.119756
0.126328
0.129776
0.130072
0.130906
0.128098
0.130778
0.131429
0.139227
0.145866
0.146651
0.148555
0.140132
0.137221
0.122279
0.108156
0.09888
0.0975153
0.092013
0.092424
0.0924703
0.0929074
0.279457
0.279899
0.284101
0.283867
0.269887
0.303956
0.305135
0.312197
0.320198
0.326393
0.327288
0.33232
0.333477
0.341904
0.345331
0.345738
0.348312
0.35031
0.353061
0.35398
0.353913
0.352931
0.354072
0.352702
0.352116
0.349826
0.340749
0.342876
0.337963
0.336704
0.33072
0.324443
0.318191
0.316625
0.310344
0.302118
0.298658
0.294031
0.292989
0.28875
0.2844
0.283924
0.282953
0.282644
0.281704
0.282679
0.284131
0.285591
0.285763
0.287358
0.288189
0.291852
0.29408
0.294313
0.29627
0.297237
0.309231
0.314775
0.315705
0.32105
0.326734
0.33158
0.332423
0.337836
0.343359
0.353544
0.355168
0.362255
0.369843
0.373325
0.373978
0.373317
0.365419
0.363447
0.346069
0.32116
0.316283
0.288541
0.259619
0.237116
0.232533
0.213315
0.193999
0.190587
0.169477
0.157062
0.15507
0.149041
0.149827
0.149989
0.155722
0.164634
0.166155
0.178542
0.191653
0.19431
0.206999
0.209002
0.220901
0.215124
0.213335
0.19803
0.190378
0.189642
0.191469
0.189994
0.190213
0.168861
0.144534
0.140327
0.123075
0.117118
0.116822
0.117042
0.122254
0.129505
0.130918
0.138274
0.142528
0.142828
0.14313
0.137861
0.137363
0.13731
0.142315
0.148551
0.149332
0.151623
0.144192
0.141366
0.126933
0.11292
0.10433
0.103077
0.0976501
0.0991491
0.0992689
0.100105
0.280797
0.281194
0.285497
0.291591
0.297623
0.305356
0.306543
0.313967
0.32242
0.327936
0.328784
0.333916
0.33798
0.343669
0.346966
0.347366
0.350142
0.35374
0.354799
0.355671
0.355631
0.355461
0.356037
0.354409
0.353792
0.351581
0.348549
0.344578
0.339552
0.338285
0.332511
0.32649
0.319638
0.318018
0.311718
0.304971
0.300002
0.295197
0.294131
0.289932
0.287965
0.284982
0.283945
0.283635
0.28295
0.284506
0.285162
0.286554
0.286718
0.288364
0.290038
0.2931
0.29509
0.295301
0.297308
0.299731
0.310409
0.315877
0.31681
0.322369
0.328106
0.332748
0.333585
0.339177
0.3447
0.354759
0.356389
0.364196
0.371107
0.374536
0.375221
0.374902
0.366517
0.364525
0.347935
0.321933
0.317005
0.289139
0.260021
0.23737
0.232801
0.213529
0.19417
0.190759
0.169672
0.157213
0.155222
0.149246
0.150013
0.150184
0.155984
0.1649
0.166436
0.178884
0.19202
0.194704
0.207444
0.209436
0.221417
0.215513
0.213701
0.19946
0.190488
0.189724
0.19154
0.19003
0.190296
0.168947
0.144614
0.140407
0.123666
0.117211
0.116917
0.11718
0.122421
0.129695
0.131118
0.138651
0.142771
0.14307
0.143406
0.138022
0.137457
0.137393
0.142378
0.148587
0.149368
0.151713
0.144229
0.141417
0.126985
0.112985
0.104394
0.103144
0.0982741
0.0992353
0.0993592
0.100212
0.308532
0.308945
0.313264
0.312814
0.298992
0.334231
0.335455
0.342807
0.351199
0.357913
0.358833
0.364105
0.364845
0.374252
0.377909
0.37831
0.38096
0.382779
0.38608
0.387032
0.386917
0.385596
0.387017
0.385587
0.384934
0.38245
0.372596
0.375134
0.369887
0.368514
0.36201
0.355331
0.348794
0.347087
0.3403
0.331053
0.327608
0.322532
0.321366
0.316648
0.311451
0.311253
0.310115
0.309743
0.30855
0.309476
0.311189
0.312764
0.312928
0.314624
0.315304
0.319474
0.321954
0.322191
0.324304
0.325057
0.338034
0.343905
0.344878
0.350516
0.356461
0.361761
0.362624
0.36805
0.374124
0.384723
0.386392
0.393476
0.401537
0.404976
0.405587
0.40471
0.396396
0.394276
0.375343
0.348208
0.342708
0.311255
0.27812
0.252346
0.247055
0.22562
0.205581
0.202046
0.180338
0.167704
0.165671
0.160046
0.161702
0.162
0.168871
0.178846
0.180539
0.194128
0.208427
0.211285
0.225641
0.22775
0.240332
0.233351
0.231036
0.210781
0.198303
0.196922
0.195433
0.195019
0.195425
0.176013
0.151737
0.147516
0.12997
0.124953
0.124839
0.126265
0.132823
0.141036
0.142622
0.150836
0.155851
0.156172
0.156138
0.148733
0.1451
0.14435
0.146349
0.151818
0.152553
0.155088
0.148622
0.145921
0.132122
0.118374
0.110474
0.109333
0.104328
0.106486
0.106669
0.107842
0.310033
0.310391
0.314834
0.320913
0.327499
0.335788
0.337025
0.344822
0.35376
0.359635
0.360495
0.365887
0.369869
0.376237
0.379722
0.380114
0.383012
0.386693
0.388008
0.388895
0.388816
0.388469
0.389219
0.387464
0.386776
0.384392
0.380612
0.377018
0.371633
0.370254
0.36402
0.357667
0.350391
0.34862
0.341821
0.334311
0.329114
0.323821
0.322629
0.31797
0.315452
0.312433
0.311212
0.310841
0.309971
0.311607
0.312344
0.31383
0.313983
0.315742
0.31744
0.320895
0.323069
0.323277
0.325452
0.327918
0.339341
0.345109
0.346086
0.351986
0.357996
0.363031
0.363888
0.369535
0.375608
0.386044
0.387719
0.395678
0.402921
0.406298
0.406949
0.406514
0.397616
0.395478
0.377542
0.349108
0.34355
0.311977
0.278607
0.25266
0.247383
0.225886
0.205781
0.202248
0.180576
0.167883
0.165852
0.160294
0.161915
0.162224
0.169175
0.179142
0.180854
0.194509
0.20883
0.211722
0.226134
0.22823
0.24092
0.233805
0.231466
0.212577
0.198449
0.197042
0.195525
0.195062
0.195515
0.176108
0.151828
0.147609
0.130707
0.125065
0.124953
0.126428
0.133014
0.141249
0.142847
0.151278
0.156123
0.156443
0.156463
0.148929
0.145219
0.144458
0.146433
0.151861
0.152593
0.155198
0.148668
0.145978
0.132185
0.118455
0.110551
0.109413
0.105087
0.106589
0.106775
0.10797
0.338852
0.339227
0.343589
0.341637
0.329045
0.365656
0.366911
0.37445
0.383144
0.390575
0.391526
0.397013
0.396911
0.407718
0.411648
0.412033
0.414694
0.416029
0.420227
0.42122
0.421032
0.419166
0.421002
0.419591
0.418869
0.416164
0.404425
0.40852
0.402975
0.401476
0.394388
0.387258
0.380591
0.378745
0.371427
0.360855
0.357697
0.352198
0.350901
0.34566
0.339224
0.339721
0.338425
0.337974
0.336444
0.337197
0.339375
0.341089
0.341241
0.343023
0.343363
0.348186
0.350992
0.351234
0.353491
0.353748
0.367925
0.374139
0.375144
0.380988
0.387173
0.392958
0.393832
0.399193
0.405836
0.416821
0.418499
0.425372
0.434063
0.43751
0.438069
0.436933
0.428428
0.426177
0.405668
0.376843
0.370768
0.335851
0.298563
0.269378
0.263342
0.239267
0.21825
0.214542
0.192161
0.179252
0.177163
0.171846
0.174294
0.174711
0.182616
0.193591
0.19544
0.210164
0.22561
0.228649
0.244675
0.246899
0.260194
0.252523
0.249771
0.225034
0.208057
0.206011
0.200543
0.200362
0.20079
0.183579
0.159563
0.155363
0.137496
0.133488
0.133542
0.13607
0.143873
0.152983
0.154728
0.163715
0.16953
0.169887
0.169693
0.160559
0.153944
0.152531
0.151365
0.155706
0.156342
0.158899
0.153419
0.150864
0.137827
0.124469
0.117248
0.116213
0.111504
0.114382
0.11461
0.116019
0.339695
0.340008
0.344531
0.350801
0.358525
0.366493
0.367777
0.375881
0.385247
0.391544
0.392418
0.398043
0.40176
0.408961
0.412631
0.413013
0.415991
0.419609
0.421316
0.422211
0.422087
0.421475
0.422463
0.420612
0.419855
0.417302
0.412952
0.409611
0.403908
0.402423
0.395739
0.38908
0.381472
0.37956
0.372283
0.363886
0.358641
0.352894
0.351579
0.346466
0.343178
0.340397
0.339008
0.338577
0.337487
0.339148
0.340077
0.341668
0.341808
0.343674
0.345277
0.349221
0.351608
0.351809
0.354139
0.356466
0.368726
0.374777
0.375789
0.381966
0.388219
0.393632
0.3945
0.400142
0.406771
0.418243
0.419202
0.427176
0.434824
0.438193
0.438818
0.438288
0.429069
0.426814
0.407654
0.377336
0.371218
0.336315
0.298856
0.269547
0.263536
0.239437
0.218348
0.214647
0.192329
0.179343
0.177259
0.172023
0.174403
0.174832
0.18281
0.193742
0.195611
0.210383
0.225813
0.228893
0.244938
0.247143
0.260561
0.252765
0.250001
0.227059
0.208137
0.206072
0.200608
0.200376
0.200832
0.183623
0.159607
0.155406
0.138334
0.133545
0.133599
0.136173
0.143979
0.153092
0.154848
0.164092
0.169671
0.170029
0.169919
0.160669
0.15401
0.152591
0.151435
0.15572
0.156353
0.158999
0.153436
0.150888
0.137858
0.124523
0.117288
0.116254
0.112351
0.114438
0.114665
0.116098
0.340583
0.340839
0.34555
0.357289
0.360259
0.367384
0.3687
0.377444
0.3874
0.392559
0.393357
0.399135
0.40706
0.410252
0.413663
0.414048
0.417382
0.423317
0.422458
0.423253
0.423201
0.424063
0.423974
0.421683
0.420894
0.418507
0.420884
0.410755
0.404893
0.403424
0.397203
0.390952
0.382404
0.380426
0.373193
0.367353
0.359631
0.353634
0.352302
0.347331
0.347407
0.341113
0.339627
0.339219
0.338634
0.341144
0.340809
0.34228
0.342409
0.344368
0.347469
0.350286
0.352252
0.352414
0.354825
0.359616
0.369557
0.375444
0.376465
0.383007
0.389295
0.394333
0.395194
0.40115
0.407737
0.449961
0.419934
0.429155
0.435621
0.438912
0.439609
0.4397
0.429759
0.4275
0.409888
0.377892
0.37173
0.336849
0.299192
0.269759
0.263768
0.239654
0.218485
0.214792
0.192533
0.179459
0.17738
0.172223
0.174529
0.174969
0.18302
0.193905
0.195796
0.210612
0.226027
0.229148
0.245217
0.247402
0.260955
0.253034
0.250259
0.22934
0.208242
0.206166
0.200695
0.200411
0.200889
0.183699
0.159672
0.155473
0.139244
0.133618
0.133668
0.136291
0.144095
0.153207
0.154975
0.164479
0.169822
0.170181
0.170171
0.160798
0.154091
0.152671
0.151517
0.155753
0.156384
0.159119
0.153472
0.150933
0.137909
0.124593
0.117339
0.116308
0.113322
0.114502
0.114728
0.116187
0.37089
0.371143
0.375664
0.381275
0.390904
0.398634
0.39994
0.408211
0.417899
0.424871
0.425765
0.431597
0.434524
0.443078
0.446994
0.447354
0.450335
0.453484
0.45606
0.456979
0.456781
0.455631
0.457058
0.45521
0.454382
0.451623
0.446262
0.443671
0.437695
0.436088
0.428864
0.421833
0.414085
0.41203
0.404244
0.394541
0.38962
0.383445
0.381994
0.376365
0.371822
0.369784
0.368232
0.367723
0.366293
0.367817
0.369201
0.370926
0.371044
0.373001
0.37425
0.378889
0.381578
0.381775
0.384241
0.38604
0.39946
0.405811
0.406845
0.413185
0.419659
0.425491
0.426359
0.431899
0.439082
0.45071
0.451776
0.459491
0.46775
0.471153
0.471735
0.471028
0.461726
0.459369
0.438853
0.407223
0.400588
0.36257
0.321085
0.288323
0.281544
0.25448
0.232134
0.228208
0.205131
0.19177
0.189614
0.184587
0.18765
0.188178
0.197084
0.208922
0.210929
0.226753
0.243245
0.246489
0.264121
0.266452
0.280658
0.272641
0.269533
0.242882
0.219555
0.216827
0.206976
0.206049
0.206313
0.19163
0.168074
0.163922
0.146575
0.14274
0.142942
0.146521
0.155463
0.165394
0.167294
0.17726
0.183609
0.184018
0.183939
0.17335
0.163934
0.161901
0.157494
0.160277
0.160758
0.163198
0.158619
0.156237
0.144088
0.131248
0.124658
0.123723
0.120067
0.122826
0.123081
0.124669
0.372608
0.372779
0.377519
0.38689
0.392848
0.40038
0.401721
0.410758
0.42119
0.426823
0.427619
0.433644
0.440806
0.445406
0.449012
0.449366
0.452773
0.458512
0.458227
0.459027
0.458905
0.45941
0.459673
0.457286
0.456408
0.453841
0.453237
0.445806
0.439619
0.43802
0.431322
0.424786
0.415875
0.413724
0.405968
0.399015
0.391399
0.384887
0.383405
0.377927
0.376915
0.371136
0.369452
0.368961
0.368129
0.370678
0.370546
0.372114
0.372218
0.374288
0.377253
0.380655
0.382821
0.382964
0.385535
0.390056
0.400964
0.407117
0.408159
0.414949
0.421489
0.426858
0.427715
0.433634
0.440788
0.45148
0.453196
0.462355
0.469255
0.472561
0.473226
0.473268
0.463071
0.4607
0.441939
0.4083
0.401593
0.363532
0.321729
0.288737
0.281986
0.254852
0.23238
0.228463
0.205462
0.191989
0.18984
0.184921
0.187897
0.188442
0.197453
0.209246
0.211282
0.227181
0.243673
0.24697
0.264655
0.266965
0.281352
0.273176
0.270047
0.245592
0.219766
0.217012
0.207131
0.206104
0.206404
0.191739
0.168183
0.164035
0.147702
0.142877
0.143079
0.146729
0.155683
0.165628
0.167544
0.177847
0.183908
0.184319
0.184361
0.173603
0.1641
0.162058
0.15764
0.160333
0.160808
0.16337
0.158675
0.156303
0.144167
0.131363
0.124754
0.123823
0.121207
0.122953
0.123208
0.12483
0.404496
0.404672
0.409057
0.412146
0.424831
0.433105
0.434401
0.442624
0.452465
0.460562
0.461493
0.46749
0.46877
0.479529
0.483821
0.484137
0.486988
0.489087
0.493256
0.494248
0.493914
0.491781
0.493955
0.492304
0.491394
0.488356
0.480362
0.480194
0.474006
0.472243
0.464284
0.456716
0.449156
0.446953
0.438581
0.426898
0.422838
0.416279
0.414667
0.408399
0.401896
0.401301
0.399597
0.398969
0.396992
0.398109
0.400368
0.402274
0.402364
0.404375
0.404869
0.41049
0.413661
0.413856
0.416428
0.417131
0.432215
0.438923
0.439962
0.446296
0.452964
0.459321
0.460173
0.465454
0.473191
0.484441
0.486131
0.493161
0.502366
0.505848
0.506349
0.505267
0.496204
0.493744
0.471525
0.439217
0.432092
0.391041
0.345507
0.309193
0.30163
0.271199
0.247313
0.243095
0.2191
0.205291
0.203037
0.198084
0.201783
0.20239
0.212125
0.224838
0.226964
0.243788
0.261314
0.264695
0.283861
0.286347
0.30142
0.293607
0.290223
0.259976
0.232772
0.229365
0.214775
0.212223
0.212117
0.2002
0.177293
0.173214
0.155432
0.152707
0.153049
0.157545
0.167573
0.178285
0.180315
0.190888
0.198083
0.198557
0.19863
0.187043
0.175065
0.172454
0.164684
0.16556
0.16583
0.167839
0.164248
0.162056
0.150897
0.138651
0.132693
0.131849
0.128226
0.131781
0.132056
0.133737
0.406398
0.406465
0.411117
0.418373
0.427008
0.435013
0.43635
0.445483
0.456244
0.462707
0.463509
0.469738
0.475492
0.482127
0.486017
0.486324
0.48969
0.494668
0.49563
0.496464
0.496227
0.495988
0.496896
0.494559
0.493586
0.49079
0.487314
0.482547
0.476095
0.474345
0.467034
0.460117
0.451116
0.448794
0.440475
0.431835
0.42484
0.417857
0.416206
0.41014
0.40734
0.4028
0.400927
0.400328
0.399077
0.401437
0.401874
0.403573
0.403642
0.405795
0.408252
0.412528
0.415018
0.415145
0.417845
0.421563
0.433889
0.440332
0.44138
0.448261
0.455026
0.460786
0.461624
0.46737
0.475076
0.485935
0.487642
0.496357
0.503984
0.507344
0.507951
0.507807
0.497651
0.495181
0.475016
0.440419
0.43321
0.392166
0.346261
0.309685
0.302153
0.27165
0.247592
0.243389
0.219495
0.205536
0.203293
0.19848
0.202054
0.202683
0.212544
0.225185
0.227347
0.244255
0.261765
0.265211
0.28443
0.286889
0.302187
0.294198
0.290792
0.263004
0.233029
0.229596
0.214977
0.212287
0.212216
0.200317
0.177413
0.173338
0.156722
0.152861
0.153201
0.157783
0.167816
0.178537
0.180586
0.191576
0.198405
0.19888
0.199114
0.187333
0.175261
0.172644
0.164877
0.165628
0.165891
0.168051
0.16431
0.162128
0.150986
0.138787
0.132801
0.131962
0.129494
0.131923
0.132196
0.133921
0.440069
0.440163
0.444254
0.442897
0.460477
0.469408
0.470656
0.478566
0.48834
0.498039
0.499041
0.505127
0.50392
0.517649
0.522487
0.522742
0.525296
0.525828
0.532248
0.533378
0.532849
0.529299
0.53246
0.531264
0.530278
0.526877
0.514289
0.518581
0.512298
0.51035
0.501449
0.493161
0.48622
0.48389
0.474872
0.460585
0.457897
0.451068
0.449276
0.442244
0.4331
0.43466
0.432838
0.432056
0.429285
0.429713
0.433292
0.435453
0.435508
0.437518
0.436846
0.443674
0.447565
0.447773
0.450399
0.449429
0.466618
0.473762
0.474784
0.480879
0.48768
0.494707
0.495529
0.500347
0.508588
0.520149
0.521787
0.527674
0.53816
0.541776
0.542149
0.540447
0.532045
0.529495
0.505257
0.473006
0.465446
0.421501
0.372055
0.332126
0.323765
0.289641
0.263945
0.259362
0.234235
0.219904
0.217523
0.212472
0.216752
0.217411
0.227838
0.241379
0.243595
0.261331
0.27983
0.283313
0.303922
0.306596
0.322602
0.31543
0.311844
0.278062
0.247742
0.243665
0.224065
0.219212
0.218588
0.209354
0.187272
0.183293
0.164866
0.163429
0.163898
0.169208
0.180258
0.191698
0.193841
0.204857
0.212994
0.213544
0.213875
0.201653
0.18736
0.184218
0.173017
0.171541
0.171545
0.172939
0.170347
0.168367
0.158288
0.146711
0.141371
0.14061
0.136761
0.141251
0.141539
0.14326
0.441198
0.441157
0.445597
0.452347
0.461957
0.470463
0.471778
0.480804
0.491713
0.499311
0.500139
0.506511
0.510693
0.519459
0.523709
0.523963
0.527175
0.531054
0.533675
0.534572
0.534195
0.532929
0.534661
0.532531
0.531474
0.528416
0.523515
0.520058
0.513437
0.511533
0.503508
0.496126
0.487358
0.484886
0.476004
0.465339
0.45931
0.451948
0.450128
0.443414
0.43853
0.435591
0.433561
0.432835
0.430995
0.432936
0.434313
0.436193
0.436219
0.438415
0.440027
0.445382
0.448358
0.448469
0.451257
0.453756
0.467771
0.474527
0.475564
0.482353
0.489288
0.495506
0.496311
0.50172
0.509927
0.520939
0.522603
0.530497
0.539099
0.542547
0.543071
0.542586
0.532813
0.530265
0.50852
0.473686
0.466046
0.422295
0.372543
0.332409
0.324104
0.289985
0.264092
0.259537
0.234566
0.220034
0.217671
0.212798
0.216892
0.217577
0.228143
0.241556
0.243813
0.26162
0.280055
0.283617
0.304234
0.306868
0.323125
0.315745
0.312146
0.281374
0.247887
0.243793
0.224242
0.219242
0.218641
0.209424
0.187335
0.183356
0.166258
0.163511
0.163976
0.169377
0.180402
0.191826
0.193988
0.20551
0.21316
0.213712
0.21425
0.201821
0.187468
0.184333
0.1732
0.171575
0.171572
0.173158
0.170378
0.1684
0.158342
0.14682
0.141428
0.140671
0.138136
0.141331
0.141611
0.143385
0.442365
0.442203
0.447057
0.458422
0.463475
0.471563
0.472958
0.483285
0.49521
0.500622
0.501279
0.507971
0.517346
0.521306
0.524972
0.525235
0.529205
0.536625
0.535146
0.535811
0.535608
0.53701
0.536914
0.533846
0.532724
0.530051
0.530932
0.521585
0.514625
0.512778
0.505775
0.49919
0.488545
0.485936
0.477207
0.470506
0.460771
0.452872
0.45103
0.444679
0.44437
0.436561
0.434317
0.433658
0.432912
0.436321
0.435361
0.436959
0.436964
0.439373
0.443635
0.447122
0.449176
0.449194
0.452164
0.458496
0.468954
0.475317
0.476374
0.483942
0.490935
0.496323
0.497116
0.503192
0.511295
0.521748
0.523445
0.533626
0.540062
0.543342
0.54403
0.544805
0.533615
0.531072
0.512162
0.474417
0.466697
0.423167
0.373077
0.332716
0.324486
0.290377
0.264274
0.259748
0.234932
0.220186
0.217841
0.213147
0.217044
0.217757
0.22846
0.241738
0.24404
0.261914
0.280285
0.28393
0.304552
0.307146
0.323674
0.316079
0.312469
0.284697
0.248058
0.243949
0.224441
0.219291
0.218711
0.209519
0.187415
0.183439
0.167781
0.163606
0.164061
0.169561
0.180554
0.191956
0.194141
0.206177
0.213333
0.213887
0.214658
0.202006
0.187592
0.184467
0.173404
0.171624
0.171616
0.173414
0.170425
0.16845
0.158413
0.146944
0.141494
0.140742
0.139561
0.141416
0.14169
0.143518
0.478321
0.478174
0.482201
0.486277
0.49894
0.508098
0.509336
0.517894
0.528688
0.538036
0.538934
0.545349
0.547178
0.558761
0.563599
0.563778
0.566611
0.568843
0.573874
0.574926
0.574326
0.571463
0.574338
0.572759
0.571625
0.568183
0.56067
0.559809
0.553163
0.551064
0.542032
0.533952
0.525981
0.523388
0.513859
0.500424
0.495954
0.488365
0.486356
0.478819
0.471294
0.470551
0.468406
0.467505
0.464737
0.465915
0.468791
0.470947
0.470923
0.47309
0.473315
0.480036
0.483811
0.483929
0.486734
0.487316
0.503559
0.510738
0.511737
0.518129
0.525158
0.53204
0.532798
0.537605
0.546228
0.557503
0.55909
0.565573
0.575596
0.579192
0.579569
0.578408
0.569543
0.566927
0.543143
0.508936
0.50092
0.454571
0.401223
0.357449
0.348298
0.310234
0.28224
0.277253
0.250927
0.235741
0.233219
0.228073
0.232635
0.233345
0.244456
0.258591
0.26091
0.279509
0.298815
0.302446
0.324375
0.327224
0.344492
0.338156
0.334433
0.300717
0.264518
0.259782
0.235033
0.227347
0.226127
0.219191
0.198062
0.194211
0.176408
0.174966
0.17554
0.181648
0.193605
0.20568
0.207936
0.219788
0.228393
0.229031
0.229954
0.217232
0.200859
0.197252
0.182713
0.178377
0.178053
0.178774
0.176972
0.175217
0.166313
0.155534
0.150724
0.150039
0.14716
0.151268
0.151551
0.15332
0.480497
0.480175
0.484666
0.492295
0.501551
0.5102
0.511522
0.521534
0.533538
0.540451
0.541128
0.547926
0.554721
0.561867
0.565999
0.566171
0.569867
0.575586
0.576546
0.577312
0.576899
0.576834
0.577945
0.57523
0.573998
0.570996
0.567447
0.562518
0.555435
0.553386
0.545483
0.538371
0.528185
0.525398
0.516026
0.506602
0.498412
0.490121
0.488065
0.480932
0.477577
0.472296
0.469866
0.469032
0.467498
0.470315
0.470601
0.472393
0.472332
0.474752
0.477808
0.482698
0.485329
0.485322
0.488348
0.492907
0.505556
0.512247
0.513264
0.520568
0.527729
0.533592
0.534327
0.539911
0.548457
0.559049
0.560668
0.569636
0.577332
0.580719
0.581286
0.581608
0.571064
0.568446
0.547693
0.5103
0.502165
0.456027
0.402193
0.358059
0.348989
0.310884
0.282572
0.27762
0.251489
0.236022
0.233526
0.228616
0.232931
0.233676
0.244972
0.25895
0.261325
0.280025
0.299266
0.302998
0.324961
0.327763
0.345379
0.338795
0.335052
0.304351
0.26485
0.260087
0.23536
0.227437
0.22625
0.219331
0.198201
0.194349
0.178075
0.175143
0.175709
0.181948
0.19388
0.20594
0.208225
0.220719
0.228728
0.229368
0.230577
0.217576
0.201101
0.197502
0.183038
0.178467
0.178132
0.179116
0.177047
0.175295
0.166422
0.155724
0.150848
0.150169
0.148717
0.15143
0.151705
0.153546
0.518793
0.518561
0.521887
0.519737
0.538877
0.548956
0.550047
0.557665
0.568022
0.579935
0.580994
0.587303
0.58508
0.601021
0.606823
0.6069
0.609027
0.608793
0.617337
0.618709
0.617749
0.612512
0.616901
0.616395
0.615197
0.61117
0.597318
0.602858
0.596413
0.594047
0.583564
0.574448
0.568023
0.565358
0.555023
0.537634
0.535612
0.528037
0.525805
0.517169
0.505757
0.508469
0.50629
0.505127
0.500967
0.50096
0.506002
0.508592
0.508516
0.510527
0.508675
0.517076
0.522122
0.522289
0.525003
0.522651
0.541927
0.549741
0.550665
0.55625
0.563263
0.571147
0.571834
0.575664
0.584577
0.59634
0.59781
0.602147
0.614143
0.61798
0.618099
0.615792
0.608515
0.605831
0.579363
0.546764
0.538426
0.489457
0.432817
0.385271
0.375119
0.332684
0.302317
0.296796
0.268749
0.25286
0.250127
0.244436
0.249449
0.250141
0.261605
0.276447
0.278784
0.29806
0.318207
0.321846
0.345041
0.348153
0.366472
0.361629
0.357846
0.320755
0.283035
0.277658
0.247276
0.236845
0.234986
0.229667
0.209644
0.205942
0.18715
0.187325
0.188
0.19469
0.207539
0.220232
0.222556
0.234493
0.244252
0.244987
0.246331
0.233664
0.215522
0.211479
0.193484
0.186257
0.185554
0.184972
0.18414
0.182625
0.174925
0.164958
0.160747
0.160124
0.156492
0.161801
0.162085
0.163795
0.520184
0.519713
0.523625
0.530282
0.540841
0.550171
0.551373
0.560701
0.572514
0.581473
0.582222
0.589003
0.593372
0.603409
0.608218
0.60829
0.611477
0.615265
0.619069
0.620027
0.619335
0.617364
0.619866
0.617853
0.616531
0.613092
0.607879
0.60472
0.597692
0.595417
0.586354
0.578515
0.569389
0.566473
0.556412
0.543903
0.537541
0.529065
0.526788
0.518721
0.512368
0.509658
0.507111
0.506058
0.503383
0.50529
0.507372
0.50947
0.509337
0.511672
0.513043
0.51951
0.523076
0.523065
0.526059
0.528377
0.543462
0.550593
0.551543
0.558245
0.565474
0.57203
0.572686
0.577474
0.586334
0.597177
0.598693
0.605877
0.615225
0.618772
0.619151
0.618668
0.609338
0.606663
0.583717
0.547571
0.539104
0.490579
0.433501
0.385627
0.375608
0.333242
0.302501
0.297037
0.269277
0.253012
0.250318
0.244934
0.249604
0.250342
0.262026
0.276629
0.279034
0.29841
0.31843
0.322195
0.345378
0.348421
0.367131
0.361976
0.358176
0.324977
0.283226
0.277835
0.247588
0.236895
0.235066
0.229772
0.209719
0.206018
0.188966
0.187424
0.188088
0.194926
0.207716
0.220363
0.22272
0.23542
0.244427
0.245164
0.246854
0.233874
0.215657
0.211639
0.193819
0.186308
0.185596
0.185337
0.184184
0.182664
0.175003
0.16513
0.160816
0.160199
0.158272
0.161897
0.162166
0.163961
0.521608
0.520929
0.525554
0.536063
0.542846
0.551427
0.552777
0.564125
0.57728
0.583045
0.583495
0.590819
0.600623
0.605846
0.609647
0.609739
0.614179
0.622109
0.620844
0.621387
0.62101
0.62274
0.622922
0.619356
0.617925
0.615165
0.614782
0.606634
0.59902
0.596858
0.589487
0.582811
0.570805
0.567649
0.557898
0.550239
0.539533
0.530139
0.527832
0.520429
0.519039
0.510889
0.507964
0.507044
0.506144
0.509938
0.508773
0.51037
0.510199
0.51291
0.51784
0.522025
0.524054
0.523874
0.527187
0.534184
0.545038
0.551469
0.552456
0.560442
0.56776
0.572924
0.573562
0.579454
0.588135
0.59803
0.5996
0.610007
0.616328
0.619581
0.620245
0.621698
0.610187
0.607527
0.588481
0.548423
0.539827
0.491806
0.43424
0.386012
0.376145
0.333852
0.302719
0.297318
0.269848
0.253185
0.250532
0.245462
0.24977
0.250557
0.26246
0.276815
0.279295
0.298763
0.318652
0.322553
0.345716
0.348691
0.367828
0.362334
0.35852
0.328698
0.283439
0.278035
0.247925
0.236961
0.235163
0.229898
0.209807
0.206111
0.190868
0.187532
0.188182
0.195184
0.2079
0.220496
0.222889
0.236383
0.244608
0.245345
0.247425
0.234099
0.215808
0.211818
0.194178
0.186375
0.185656
0.185766
0.18424
0.182715
0.175096
0.165314
0.160892
0.160282
0.159913
0.161995
0.162251
0.164139
0.562839
0.562265
0.565262
0.567438
0.58262
0.592933
0.593933
0.60202
0.613345
0.625138
0.626077
0.632645
0.63335
0.647284
0.653207
0.653156
0.655453
0.65684
0.66426
0.665612
0.664489
0.659846
0.664029
0.663331
0.661949
0.657838
0.648317
0.649673
0.642994
0.640419
0.629706
0.620825
0.613604
0.610647
0.599737
0.583111
0.57932
0.571001
0.568483
0.559167
0.549175
0.549733
0.547188
0.545822
0.541463
0.542116
0.546607
0.549211
0.549009
0.551106
0.550071
0.558363
0.563418
0.563466
0.566285
0.565395
0.5836
0.591424
0.592267
0.597865
0.605009
0.612667
0.613233
0.616774
0.625779
0.637161
0.638527
0.643134
0.654689
0.658502
0.658563
0.656744
0.649411
0.646691
0.620933
0.587118
0.578409
0.527519
0.467594
0.415954
0.404877
0.357889
0.324498
0.318407
0.288571
0.271461
0.268505
0.262301
0.267304
0.26798
0.279799
0.294995
0.297374
0.31726
0.338011
0.341734
0.366078
0.369414
0.3892
0.385936
0.382152
0.346212
0.30336
0.297346
0.261215
0.247829
0.245406
0.240972
0.222078
0.218544
0.200515
0.200602
0.201348
0.20863
0.222222
0.235401
0.2378
0.250398
0.260644
0.261485
0.263652
0.251068
0.231407
0.227006
0.20584
0.195437
0.194305
0.192182
0.191902
0.190632
0.184215
0.175226
0.171498
0.170929
0.168129
0.172916
0.173178
0.174857
0.564379
0.563496
0.567339
0.57468
0.584912
0.594218
0.595386
0.605773
0.618619
0.626828
0.627352
0.634579
0.641385
0.65007
0.654673
0.654629
0.658396
0.663885
0.666174
0.66696
0.666226
0.665663
0.66754
0.664877
0.663336
0.660059
0.65593
0.651784
0.644322
0.641887
0.63315
0.62569
0.615097
0.611804
0.601303
0.590054
0.581619
0.572097
0.569531
0.561041
0.55582
0.551092
0.548045
0.546846
0.544532
0.547191
0.548222
0.550162
0.549889
0.552446
0.555311
0.561333
0.564465
0.564272
0.567487
0.571767
0.585409
0.592309
0.593193
0.600316
0.60767
0.613581
0.614108
0.618961
0.627838
0.638001
0.639432
0.647589
0.65585
0.659272
0.659693
0.66016
0.650237
0.647533
0.626061
0.587982
0.579103
0.528889
0.468408
0.416337
0.405471
0.358613
0.324701
0.318698
0.289259
0.271624
0.268723
0.262932
0.267463
0.268201
0.280304
0.295172
0.297643
0.317647
0.338221
0.34211
0.366421
0.369667
0.389959
0.386284
0.382478
0.35031
0.303566
0.297544
0.26163
0.247889
0.245505
0.241104
0.222155
0.218629
0.202459
0.200706
0.201438
0.20892
0.222418
0.235528
0.23797
0.251522
0.260818
0.261658
0.264291
0.251297
0.23155
0.227193
0.206293
0.1955
0.194357
0.192688
0.191953
0.190672
0.184311
0.175446
0.17157
0.17101
0.169941
0.173017
0.17326
0.175054
0.565938
0.564803
0.569635
0.583715
0.587207
0.595537
0.596926
0.609872
0.624157
0.628535
0.628676
0.636643
0.649733
0.652856
0.656166
0.656166
0.661595
0.671837
0.668111
0.668348
0.668067
0.671895
0.671073
0.666461
0.664788
0.662447
0.666027
0.653922
0.645694
0.643436
0.636922
0.630731
0.616632
0.613026
0.60298
0.597324
0.583943
0.573238
0.570644
0.563087
0.563906
0.552479
0.548933
0.547935
0.547919
0.552667
0.549841
0.551128
0.550812
0.553892
0.560905
0.564318
0.565529
0.565115
0.568774
0.578377
0.587234
0.593216
0.594157
0.602963
0.610353
0.614501
0.615008
0.621319
0.62991
0.638852
0.640362
0.652355
0.657025
0.660055
0.660864
0.663659
0.651083
0.648401
0.631531
0.588885
0.579838
0.530367
0.46927
0.416748
0.406116
0.359381
0.324934
0.319027
0.28998
0.271804
0.268966
0.263584
0.267629
0.268437
0.280815
0.295352
0.297922
0.318034
0.33843
0.342497
0.366762
0.369919
0.390754
0.38664
0.382817
0.354611
0.303796
0.297764
0.262066
0.247963
0.245622
0.241255
0.222247
0.218729
0.204759
0.200821
0.201534
0.209235
0.222618
0.235655
0.238146
0.252654
0.260993
0.261835
0.264982
0.251539
0.231707
0.227398
0.206762
0.195576
0.194425
0.193254
0.192016
0.190725
0.184422
0.175676
0.171648
0.171098
0.171827
0.173122
0.173347
0.175265
0.610566
0.609555
0.612165
0.617175
0.62978
0.64023
0.6411
0.649804
0.662071
0.673618
0.674384
0.681238
0.684648
0.69688
0.702872
0.702662
0.705236
0.708214
0.714526
0.715837
0.714539
0.71082
0.714615
0.713658
0.712053
0.707922
0.701412
0.700013
0.6931
0.690293
0.679534
0.670948
0.662801
0.659497
0.648024
0.632383
0.626636
0.617467
0.614617
0.604614
0.595755
0.59434
0.591342
0.589739
0.585295
0.586571
0.590381
0.592936
0.592571
0.594753
0.594821
0.602795
0.607756
0.607641
0.610562
0.611342
0.628192
0.63592
0.636651
0.64226
0.649461
0.656674
0.657077
0.660304
0.669202
0.680013
0.681244
0.686232
0.69704
0.700764
0.700763
0.699571
0.692196
0.689454
0.664909
0.629976
0.620935
0.568493
0.505489
0.449695
0.437694
0.385893
0.349017
0.342271
0.310301
0.291676
0.288446
0.281497
0.286248
0.286868
0.298855
0.314214
0.316604
0.336942
0.358161
0.361943
0.387356
0.390932
0.412305
0.410928
0.407207
0.372897
0.325472
0.318855
0.276817
0.260446
0.257456
0.253147
0.235395
0.232041
0.214903
0.214826
0.215624
0.223399
0.237633
0.251194
0.253649
0.266879
0.277555
0.278508
0.281624
0.269357
0.248472
0.243774
0.219637
0.205959
0.204352
0.200281
0.20021
0.199197
0.194152
0.186265
0.182985
0.182459
0.180434
0.184604
0.184833
0.186446
0.613312
0.611907
0.615609
0.623331
0.633423
0.642648
0.643736
0.655198
0.668914
0.676575
0.676813
0.684525
0.692932
0.70117
0.705582
0.705376
0.709795
0.716515
0.717812
0.71842
0.717619
0.718301
0.71977
0.716486
0.714675
0.711609
0.708259
0.703526
0.695626
0.692995
0.684656
0.677477
0.665485
0.66174
0.650784
0.640298
0.630231
0.619534
0.61661
0.607666
0.603023
0.596661
0.592995
0.591607
0.589688
0.592861
0.592959
0.594662
0.594209
0.597003
0.601231
0.606964
0.609607
0.609181
0.612631
0.618482
0.63101
0.637574
0.638358
0.64588
0.653269
0.658344
0.658696
0.663583
0.67227
0.681571
0.682882
0.691838
0.698989
0.702217
0.702673
0.704109
0.693721
0.690997
0.671109
0.631547
0.622274
0.5707
0.50691
0.450471
0.438759
0.38708
0.349432
0.342808
0.311335
0.291996
0.28885
0.282433
0.286562
0.287267
0.299616
0.314558
0.317068
0.337556
0.358561
0.362555
0.387941
0.391408
0.413436
0.411572
0.407821
0.376909
0.325893
0.31926
0.277475
0.260584
0.257655
0.253371
0.235547
0.232202
0.217017
0.215027
0.215806
0.223856
0.237969
0.251444
0.253957
0.268329
0.277882
0.278834
0.28256
0.269767
0.248761
0.244123
0.220323
0.206097
0.204475
0.200991
0.200308
0.199279
0.194313
0.186595
0.183126
0.182614
0.182249
0.184789
0.184994
0.186762
0.661324
0.660357
0.661169
0.657503
0.678455
0.690636
0.69108
0.697269
0.708568
0.724552
0.725826
0.731944
0.728581
0.747321
0.755473
0.755074
0.755837
0.754976
0.767032
0.769296
0.767147
0.758932
0.765207
0.766898
0.765325
0.75989
0.744725
0.752369
0.74657
0.743255
0.729699
0.719565
0.714997
0.711904
0.69912
0.676762
0.67545
0.667268
0.664113
0.652044
0.63713
0.641448
0.638778
0.636592
0.629194
0.628549
0.635944
0.639493
0.639067
0.640579
0.636601
0.647081
0.654668
0.654792
0.657151
0.652407
0.674034
0.6831
0.683619
0.686974
0.693784
0.702966
0.703225
0.704126
0.712803
0.724747
0.725691
0.726359
0.740423
0.744644
0.743964
0.740417
0.736591
0.733816
0.705151
0.67494
0.665907
0.611093
0.545957
0.486668
0.473309
0.416076
0.376082
0.368406
0.333186
0.313612
0.309943
0.301282
0.306297
0.306708
0.318192
0.334052
0.336269
0.356701
0.378559
0.382119
0.408602
0.412587
0.434929
0.43633
0.43277
0.395053
0.34925
0.342064
0.293711
0.274652
0.270985
0.266103
0.249641
0.24644
0.227746
0.229995
0.230851
0.238695
0.253621
0.267606
0.270023
0.282552
0.294927
0.296001
0.299472
0.288313
0.266618
0.261589
0.234222
0.217793
0.215677
0.208635
0.209029
0.208318
0.204625
0.197775
0.195198
0.194692
0.190912
0.196821
0.19704
0.198356
0.663421
0.661864
0.663948
0.670185
0.681674
0.692226
0.69291
0.702213
0.715244
0.726762
0.727314
0.734448
0.739694
0.751137
0.757268
0.756841
0.759709
0.763809
0.769563
0.770854
0.76932
0.766439
0.769944
0.768817
0.766941
0.762794
0.757757
0.755249
0.74815
0.745054
0.73429
0.725898
0.716957
0.71325
0.701172
0.686116
0.678742
0.668656
0.665398
0.654627
0.646179
0.64336
0.639818
0.637907
0.633359
0.63501
0.638273
0.640735
0.640154
0.642392
0.643502
0.651193
0.656063
0.655741
0.658739
0.660889
0.676592
0.684159
0.684733
0.690271
0.697425
0.704049
0.704229
0.707028
0.715607
0.725674
0.726719
0.731899
0.741869
0.745429
0.745328
0.744739
0.737489
0.734739
0.71159
0.676007
0.666677
0.613045
0.547147
0.487148
0.4742
0.417265
0.376343
0.368838
0.334289
0.313805
0.310244
0.302249
0.306474
0.306993
0.318919
0.334234
0.336596
0.357202
0.378756
0.382568
0.408991
0.412822
0.435885
0.436705
0.433108
0.400623
0.349503
0.342323
0.294421
0.274738
0.27114
0.266326
0.24973
0.246549
0.230333
0.230123
0.230952
0.239111
0.253885
0.267735
0.27022
0.28402
0.295112
0.296179
0.300335
0.288601
0.266786
0.261849
0.234974
0.217885
0.215757
0.209401
0.209106
0.208363
0.204767
0.198127
0.195284
0.194792
0.193374
0.196949
0.197132
0.198631
0.665539
0.663483
0.667159
0.676184
0.685011
0.693844
0.694887
0.707731
0.722282
0.72902
0.728861
0.737208
0.747537
0.755111
0.75907
0.758701
0.764092
0.772203
0.772142
0.772436
0.771672
0.773999
0.774966
0.770765
0.768637
0.766032
0.764498
0.758212
0.749757
0.746973
0.739489
0.732674
0.718965
0.71467
0.703424
0.694002
0.682195
0.670083
0.666769
0.657564
0.653698
0.645326
0.640879
0.639324
0.638084
0.641708
0.640674
0.641983
0.6413
0.644419
0.650166
0.65558
0.657477
0.656733
0.660487
0.668012
0.679262
0.685234
0.685901
0.693991
0.701295
0.705127
0.705261
0.710302
0.71855
0.726605
0.727778
0.737646
0.743336
0.746211
0.746762
0.749366
0.738389
0.735678
0.717912
0.677104
0.667474
0.615209
0.548404
0.487648
0.475171
0.418539
0.376631
0.369321
0.335482
0.314015
0.310575
0.303283
0.306658
0.307297
0.319675
0.334413
0.33694
0.357706
0.378946
0.383039
0.409371
0.41305
0.436921
0.437076
0.433445
0.40443
0.349774
0.342599
0.295184
0.274835
0.271314
0.266566
0.249828
0.246676
0.232606
0.230258
0.231058
0.239578
0.254152
0.267861
0.270423
0.285588
0.295293
0.296357
0.301304
0.288892
0.266961
0.262126
0.235778
0.217988
0.215851
0.210285
0.209193
0.208418
0.20493
0.198497
0.195372
0.1949
0.195173
0.197076
0.197223
0.198928
0.717092
0.71573
0.715705
0.715144
0.732805
0.745185
0.745404
0.751997
0.764267
0.779924
0.781197
0.787392
0.787054
0.803683
0.812122
0.81156
0.812455
0.813531
0.824215
0.826671
0.824181
0.816944
0.822697
0.824331
0.822616
0.817012
0.805517
0.809875
0.804159
0.800544
0.786893
0.777173
0.771757
0.768481
0.754954
0.73375
0.73014
0.721234
0.717731
0.70468
0.691219
0.692989
0.689913
0.687342
0.679625
0.679652
0.686111
0.68967
0.689099
0.690491
0.687671
0.697594
0.705152
0.705234
0.707478
0.704488
0.724305
0.73332
0.733663
0.736674
0.743299
0.751889
0.75195
0.752125
0.76024
0.771433
0.772136
0.772878
0.785775
0.789912
0.788966
0.786021
0.782457
0.779722
0.752896
0.722289
0.713212
0.657555
0.589994
0.52696
0.512503
0.449951
0.405766
0.397142
0.358799
0.33722
0.333096
0.32295
0.327281
0.327486
0.338558
0.354241
0.35633
0.376746
0.398861
0.402341
0.429682
0.434008
0.457965
0.461767
0.458447
0.423628
0.374362
0.366688
0.312785
0.290244
0.285842
0.279958
0.264699
0.261651
0.244119
0.245964
0.246858
0.254869
0.270185
0.284409
0.286791
0.299762
0.31254
0.313745
0.31821
0.307792
0.285597
0.280343
0.250553
0.230841
0.22818
0.218534
0.218368
0.217963
0.215667
0.2101
0.207993
0.207503
0.204429
0.209465
0.209662
0.210745
0.719484
0.717394
0.719096
0.726468
0.736584
0.746912
0.747475
0.757949
0.771764
0.782433
0.782775
0.790316
0.797933
0.808129
0.814059
0.813487
0.817112
0.822763
0.827077
0.828294
0.826639
0.825487
0.828212
0.826421
0.824331
0.82044
0.817109
0.813192
0.80583
0.802531
0.792465
0.784425
0.773959
0.769902
0.757342
0.743656
0.734048
0.722759
0.719138
0.707835
0.700196
0.695219
0.691026
0.688838
0.684731
0.686806
0.688867
0.691057
0.690297
0.69266
0.695423
0.702431
0.706729
0.706245
0.709338
0.713428
0.727321
0.73445
0.734874
0.740661
0.747572
0.75304
0.753007
0.755603
0.7635
0.772376
0.773214
0.779106
0.787358
0.790666
0.790459
0.7909
0.783355
0.780652
0.759952
0.723442
0.713986
0.659915
0.591408
0.527476
0.513591
0.451454
0.406059
0.397673
0.360191
0.33743
0.333451
0.324134
0.327462
0.327807
0.339413
0.354415
0.356688
0.3773
0.399039
0.402828
0.430079
0.434219
0.459043
0.462133
0.458768
0.428904
0.374628
0.366969
0.313694
0.290341
0.28603
0.280235
0.26479
0.261776
0.246734
0.246101
0.24696
0.255376
0.270482
0.28453
0.287
0.301433
0.312721
0.313917
0.319231
0.3081
0.285768
0.280638
0.251495
0.230946
0.228275
0.219524
0.218461
0.218009
0.215843
0.210532
0.208082
0.207612
0.206847
0.209603
0.209753
0.211069
0.721808
0.719142
0.722903
0.734114
0.740375
0.748604
0.74967
0.764269
0.779667
0.784894
0.784368
0.793473
0.80657
0.812613
0.815927
0.815468
0.822184
0.832161
0.8299
0.82987
0.829248
0.833804
0.833884
0.828466
0.826082
0.82417
0.825588
0.816494
0.807462
0.804603
0.798483
0.792085
0.776137
0.771351
0.759909
0.752295
0.738017
0.724268
0.720601
0.71132
0.708917
0.69744
0.692116
0.690421
0.690229
0.694366
0.691617
0.692402
0.691533
0.695035
0.702742
0.707445
0.708274
0.707269
0.711351
0.721119
0.730374
0.735555
0.736113
0.744986
0.751973
0.754144
0.754062
0.759393
0.766818
0.773287
0.774296
0.785341
0.788923
0.791382
0.792005
0.795967
0.784218
0.781571
0.766723
0.724587
0.714756
0.662465
0.59286
0.527984
0.514744
0.453015
0.406377
0.398258
0.361654
0.337653
0.333837
0.325363
0.327641
0.328144
0.340279
0.354578
0.357056
0.377845
0.399201
0.403333
0.430455
0.43441
0.460187
0.462478
0.459074
0.432891
0.3749
0.367257
0.314644
0.290446
0.286235
0.280525
0.264889
0.261917
0.249314
0.246242
0.247062
0.255935
0.270774
0.284643
0.28721
0.303165
0.31289
0.314081
0.320347
0.308403
0.285938
0.280945
0.252469
0.231061
0.22838
0.220606
0.218564
0.218064
0.216038
0.210974
0.208171
0.207726
0.208776
0.209738
0.209841
0.211417
0.77542
0.773607
0.773219
0.776162
0.789759
0.801668
0.801892
0.809852
0.823066
0.837253
0.838329
0.84504
0.848735
0.862406
0.870428
0.869843
0.871696
0.875177
0.883314
0.885591
0.883193
0.878308
0.882785
0.883466
0.881622
0.876444
0.86929
0.869504
0.863447
0.859803
0.847155
0.837976
0.830552
0.826979
0.813119
0.794473
0.787435
0.777133
0.773367
0.759899
0.748523
0.746531
0.742647
0.739935
0.73284
0.733558
0.738138
0.741257
0.740583
0.742159
0.741616
0.750271
0.756924
0.756877
0.759302
0.759281
0.776115
0.78445
0.784714
0.788119
0.794362
0.80137
0.801255
0.801335
0.808482
0.818087
0.818625
0.820463
0.830878
0.834509
0.833612
0.831905
0.827663
0.825068
0.801717
0.769836
0.760745
0.705419
0.635617
0.568911
0.553708
0.485958
0.436955
0.427467
0.385808
0.361583
0.35705
0.345281
0.348333
0.348371
0.358855
0.373895
0.375922
0.396086
0.418126
0.421654
0.449602
0.454197
0.48003
0.486017
0.482989
0.452251
0.399591
0.391591
0.333026
0.306514
0.301385
0.29411
0.279921
0.277065
0.261172
0.262073
0.26298
0.271166
0.286599
0.300877
0.30327
0.316894
0.329626
0.330966
0.336669
0.326856
0.30445
0.299137
0.267574
0.244526
0.241346
0.229271
0.227969
0.227819
0.22684
0.222582
0.220808
0.220355
0.218287
0.221999
0.222153
0.22306
0.777989
0.775367
0.777219
0.784425
0.793986
0.803434
0.804147
0.816672
0.831251
0.839928
0.839917
0.848337
0.858454
0.867357
0.872394
0.871852
0.877075
0.884473
0.886381
0.887171
0.885871
0.887422
0.888949
0.885609
0.883356
0.880347
0.877979
0.873125
0.865107
0.861905
0.853599
0.846021
0.832887
0.828397
0.815791
0.804184
0.79185
0.778711
0.774838
0.763601
0.756964
0.748986
0.743764
0.741567
0.738774
0.741238
0.74122
0.74271
0.741846
0.744653
0.749712
0.755729
0.758598
0.757895
0.761395
0.76795
0.779485
0.785582
0.785967
0.792725
0.799154
0.802518
0.80231
0.805323
0.812085
0.819494
0.819698
0.827047
0.832515
0.835179
0.835173
0.837156
0.828498
0.825953
0.808909
0.771005
0.761474
0.708134
0.637197
0.569428
0.554967
0.487745
0.437275
0.428091
0.387472
0.361804
0.357451
0.34665
0.348506
0.348714
0.359801
0.374047
0.376292
0.39666
0.418271
0.422156
0.449978
0.454366
0.481178
0.486346
0.483271
0.456696
0.399851
0.391877
0.334118
0.306619
0.301601
0.294429
0.280014
0.277202
0.263678
0.262213
0.263076
0.271754
0.28691
0.300981
0.303478
0.318705
0.329789
0.331119
0.337812
0.327163
0.304611
0.299451
0.268673
0.244642
0.241451
0.230475
0.228077
0.227864
0.227043
0.223077
0.220895
0.220469
0.220435
0.222139
0.222239
0.223424
0.780406
0.777244
0.781516
0.798119
0.797996
0.805155
0.806523
0.823661
0.840255
0.842475
0.841549
0.851793
0.870287
0.872072
0.874274
0.873933
0.882635
0.896241
0.889299
0.88872
0.88868
0.896861
0.894972
0.887683
0.885152
0.884433
0.892369
0.876569
0.866731
0.864102
0.860221
0.854544
0.835144
0.829877
0.818609
0.814978
0.796072
0.780261
0.776385
0.767499
0.76902
0.751336
0.744863
0.743288
0.744869
0.750117
0.74412
0.744098
0.743155
0.747293
0.758186
0.761092
0.760199
0.758946
0.763613
0.777377
0.782709
0.786692
0.78726
0.797435
0.803806
0.803622
0.80338
0.809424
0.815535
0.862664
0.820783
0.83383
0.834097
0.835834
0.836772
0.842412
0.829315
0.826839
0.816401
0.772156
0.762213
0.710926
0.638767
0.569939
0.556269
0.489501
0.437613
0.428759
0.389104
0.36204
0.357884
0.34798
0.34868
0.349076
0.360707
0.374195
0.376676
0.397207
0.418408
0.422672
0.450334
0.454525
0.482342
0.486657
0.483543
0.46183
0.400122
0.392171
0.335188
0.306731
0.301836
0.294747
0.280114
0.277355
0.267079
0.262358
0.263177
0.272377
0.287212
0.301082
0.303691
0.320485
0.329944
0.331269
0.338988
0.327465
0.304772
0.299775
0.269728
0.244767
0.241567
0.231723
0.228191
0.227918
0.227263
0.223552
0.220982
0.220589
0.222945
0.222276
0.222324
0.223805
0.834624
0.832145
0.832053
0.838377
0.847756
0.858365
0.858812
0.869212
0.883254
0.894827
0.895363
0.903135
0.911293
0.921808
0.928551
0.928024
0.931789
0.937709
0.942519
0.944099
0.942269
0.941005
0.943693
0.942389
0.940327
0.936287
0.933433
0.929394
0.922436
0.91902
0.908606
0.900089
0.889488
0.885339
0.871697
0.856657
0.845614
0.833132
0.829128
0.815973
0.806682
0.800412
0.795203
0.792613
0.787186
0.788441
0.790394
0.792539
0.791734
0.793873
0.796499
0.803491
0.808295
0.807909
0.810891
0.814654
0.827838
0.834776
0.835038
0.839681
0.845388
0.849776
0.849469
0.850171
0.856006
0.863566
0.863571
0.867374
0.874178
0.876776
0.876269
0.876319
0.87046
0.868069
0.849482
0.815777
0.806613
0.752947
0.681283
0.611018
0.595559
0.523048
0.468672
0.458488
0.413489
0.385944
0.381074
0.367622
0.368769
0.368693
0.378449
0.392367
0.394404
0.414097
0.435707
0.439401
0.467692
0.47244
0.500273
0.508143
0.505401
0.479355
0.42388
0.415734
0.353731
0.32294
0.317166
0.30812
0.2948
0.29217
0.278202
0.277795
0.278668
0.287048
0.302341
0.316461
0.318915
0.33336
0.345612
0.347061
0.354143
0.344768
0.322363
0.31717
0.284613
0.258311
0.254668
0.240522
0.2376
0.237615
0.237792
0.234792
0.2332
0.232805
0.231884
0.234012
0.234087
0.234891
0.838056
0.834851
0.837191
0.846756
0.852853
0.860962
0.862008
0.87698
0.892502
0.898346
0.897828
0.907451
0.920789
0.927631
0.931364
0.930954
0.938234
0.948083
0.946457
0.946546
0.945943
0.950618
0.950776
0.945398
0.942971
0.941242
0.942305
0.933875
0.924939
0.922049
0.91605
0.909147
0.892644
0.887594
0.875298
0.866367
0.85082
0.835424
0.831352
0.820578
0.816046
0.803508
0.796911
0.794909
0.793841
0.796948
0.794037
0.794517
0.793569
0.797052
0.80472
0.809552
0.810487
0.809469
0.813626
0.823052
0.831757
0.836423
0.836844
0.844935
0.850707
0.8514
0.851019
0.854755
0.860051
0.864448
0.865091
0.874077
0.876193
0.877818
0.87823
0.881789
0.871652
0.869319
0.856505
0.817329
0.80773
0.75616
0.683268
0.611841
0.597199
0.525188
0.469199
0.45935
0.415397
0.386305
0.381632
0.369151
0.369049
0.369157
0.379495
0.392618
0.394882
0.414753
0.435946
0.439999
0.468158
0.472709
0.501514
0.508597
0.505818
0.483063
0.424284
0.416163
0.354986
0.323117
0.317469
0.308502
0.294949
0.29237
0.280851
0.278001
0.278829
0.287738
0.302724
0.316639
0.319202
0.335206
0.345853
0.347295
0.355382
0.345157
0.322614
0.317583
0.285811
0.258492
0.254834
0.241855
0.23775
0.237695
0.238041
0.235329
0.233331
0.232967
0.233827
0.2342
0.234221
0.235319
0.892441
0.89012
0.887984
0.89012
0.902413
0.91414
0.914296
0.922489
0.935972
0.950326
0.951432
0.958506
0.963314
0.976732
0.985163
0.984632
0.986957
0.991077
0.998988
1.00138
0.998996
0.994677
0.998754
0.999419
0.997561
0.992491
0.986146
0.985868
0.980028
0.976393
0.963951
0.954577
0.946413
0.942635
0.927974
0.908816
0.899758
0.887932
0.883793
0.868737
0.856071
0.852048
0.846808
0.843791
0.835745
0.835736
0.839503
0.842241
0.841491
0.842933
0.842882
0.851086
0.857661
0.857601
0.860045
0.860467
0.875764
0.883465
0.883589
0.886169
0.89107
0.896262
0.895825
0.894212
0.898906
0.905968
0.906122
0.906328
0.914064
0.916363
0.915333
0.913525
0.910088
0.907854
0.888012
0.858747
0.850055
0.796741
0.725002
0.652762
0.636393
0.558918
0.500606
0.489396
0.439747
0.410108
0.404677
0.388335
0.388493
0.388085
0.396295
0.409648
0.411441
0.43025
0.451665
0.455152
0.483696
0.488762
0.517508
0.527838
0.525435
0.499743
0.446764
0.438555
0.373301
0.339358
0.332866
0.321581
0.309233
0.306755
0.292305
0.292936
0.293805
0.301792
0.317073
0.331141
0.333529
0.347207
0.360395
0.361939
0.369314
0.361112
0.339079
0.333898
0.300132
0.271929
0.267878
0.250702
0.247132
0.247333
0.248246
0.246076
0.245057
0.24469
0.242716
0.245355
0.2454
0.245797
0.896127
0.89289
0.893245
0.898806
0.907843
0.916847
0.917563
0.930535
0.94525
0.954027
0.953928
0.9629
0.973426
0.982841
0.988065
0.98759
0.993532
1.00114
1.00311
1.00386
1.0027
1.00469
1.00608
1.00253
1.00021
0.997504
0.995078
0.990562
0.982584
0.979447
0.971571
0.963698
0.949709
0.944908
0.93164
0.919127
0.905254
0.890319
0.886061
0.873449
0.86504
0.85533
0.848573
0.846132
0.84259
0.8441
0.84336
0.844304
0.843348
0.846153
0.85148
0.857328
0.85995
0.859171
0.862806
0.869368
0.879856
0.885139
0.885405
0.891489
0.896527
0.897904
0.897364
0.898808
0.903043
0.907273
0.907608
0.913019
0.916063
0.917343
0.917218
0.918819
0.911212
0.909027
0.894968
0.860269
0.851121
0.799964
0.727064
0.653615
0.638103
0.561225
0.501167
0.490311
0.441797
0.410482
0.405255
0.38994
0.388772
0.388551
0.397365
0.409885
0.411902
0.430893
0.45188
0.455708
0.484131
0.488999
0.518657
0.528253
0.525812
0.503569
0.447157
0.438981
0.37463
0.339545
0.333181
0.321995
0.309381
0.30696
0.294804
0.293142
0.293963
0.302477
0.31746
0.331309
0.333805
0.349015
0.360623
0.362158
0.370498
0.361484
0.339322
0.334302
0.301371
0.272117
0.268051
0.252094
0.247293
0.247413
0.248501
0.246635
0.245187
0.244852
0.244744
0.245544
0.245531
0.246219
0.951148
0.948987
0.9448
0.940932
0.957756
0.970457
0.970339
0.976353
0.989028
1.00614
1.00781
1.01419
1.01443
1.03188
1.04185
1.04132
1.04232
1.04387
1.0554
1.05853
1.05564
1.04813
1.05379
1.05623
1.05457
1.04857
1.03708
1.04213
1.03737
1.03356
1.01932
1.00903
1.00324
0.999838
0.98425
0.960355
0.954006
0.942753
0.938499
0.92166
0.90446
0.903666
0.898307
0.894878
0.88433
0.882712
0.888386
0.891605
0.890911
0.891669
0.888708
0.898369
0.906505
0.906758
0.908686
0.905257
0.923129
0.93144
0.93143
0.932084
0.936076
0.941787
0.941201
0.937339
0.940668
0.947334
0.947163
0.94375
0.951947
0.953631
0.952094
0.948477
0.946967
0.944894
0.924137
0.89944
0.891315
0.839153
0.768065
0.694437
0.677301
0.595283
0.533046
0.520809
0.466305
0.434318
0.42829
0.408839
0.407709
0.406935
0.413392
0.425934
0.427465
0.445188
0.466197
0.469472
0.498037
0.503364
0.53287
0.545354
0.543288
0.518039
0.468312
0.460155
0.392661
0.355808
0.348657
0.334899
0.323346
0.320988
0.3058
0.307629
0.308481
0.31601
0.331131
0.34504
0.347348
0.360266
0.374145
0.375757
0.383314
0.376149
0.35464
0.349518
0.31512
0.285398
0.280991
0.260955
0.25669
0.25703
0.25845
0.256978
0.256474
0.256135
0.25296
0.256194
0.256202
0.256183
0.954258
0.950983
0.949408
0.954245
0.962754
0.972467
0.972883
0.984149
0.998384
1.00923
1.00951
1.01788
1.02725
1.03752
1.04402
1.0435
1.04829
1.05487
1.05887
1.06018
1.05856
1.05859
1.06064
1.05859
1.05639
1.05284
1.0502
1.04624
1.03915
1.03582
1.02646
1.01799
1.00589
1.00133
0.987235
0.97239
0.959102
0.944544
0.940124
0.92585
0.915314
0.906538
0.899544
0.896703
0.890967
0.891395
0.891931
0.893248
0.892283
0.894429
0.898051
0.904387
0.908394
0.907832
0.910976
0.915632
0.926891
0.932646
0.932757
0.937033
0.941243
0.942987
0.942274
0.941518
0.944466
0.9482
0.948208
0.950446
0.953554
0.954191
0.953554
0.953364
0.947683
0.945652
0.931224
0.900567
0.891965
0.842002
0.769857
0.695017
0.678797
0.597509
0.533447
0.521597
0.468341
0.434578
0.428765
0.410401
0.407884
0.4073
0.414381
0.426066
0.427816
0.445727
0.466297
0.4699
0.498346
0.503469
0.533811
0.545606
0.5435
0.522692
0.468558
0.460446
0.393947
0.35594
0.34892
0.335294
0.323444
0.321146
0.308736
0.307776
0.308574
0.316624
0.331454
0.345127
0.347542
0.361981
0.374282
0.37588
0.384351
0.376429
0.354787
0.349827
0.316308
0.285536
0.281119
0.262367
0.256828
0.257077
0.258679
0.257523
0.256561
0.256253
0.255486
0.256338
0.256282
0.25655
0.95723
0.953175
0.954555
0.965898
0.96769
0.974443
0.975652
0.992148
1.00831
1.01223
1.01129
1.0219
1.03832
1.04312
1.0461
1.0458
1.05464
1.06649
1.06226
1.06182
1.06172
1.0685
1.0676
1.06089
1.05831
1.0575
1.06195
1.05024
1.04089
1.03825
1.03391
1.0274
1.00849
1.00292
0.990483
0.983052
0.964168
0.946307
0.941861
0.930424
0.926574
0.909348
0.900761
0.898677
0.897821
0.900651
0.895386
0.894829
0.893737
0.897458
0.90668
0.910513
0.910221
0.908956
0.913486
0.924664
0.930624
0.933829
0.934151
0.942247
0.946456
0.944146
0.943382
0.945967
0.948257
0.949055
0.949295
0.956916
0.95514
0.95474
0.955093
0.958298
0.948383
0.946421
0.937723
0.901678
0.892625
0.845016
0.77166
0.695573
0.680371
0.599762
0.533856
0.522438
0.470416
0.434849
0.429281
0.411981
0.408062
0.40769
0.415359
0.426194
0.42819
0.446251
0.466393
0.470356
0.49864
0.503566
0.534793
0.545835
0.543702
0.526216
0.468809
0.460737
0.395247
0.356078
0.349211
0.335685
0.323543
0.321311
0.31174
0.307925
0.308672
0.317299
0.331768
0.345211
0.347747
0.363712
0.374412
0.376003
0.38545
0.376701
0.35493
0.350145
0.317485
0.285683
0.281256
0.263831
0.256972
0.257129
0.258929
0.258055
0.256646
0.256375
0.257595
0.256476
0.256361
0.256948
1.01368
1.01037
1.00681
1.01033
1.01876
1.02908
1.0292
1.0388
1.05266
1.06519
1.06584
1.0736
1.08167
1.09284
1.10046
1.0999
1.1036
1.10943
1.11496
1.11676
1.11468
1.11286
1.11549
1.11475
1.11268
1.10833
1.10515
1.10196
1.09575
1.09226
1.08159
1.07272
1.06222
1.05793
1.04306
1.026
1.01326
0.999033
0.994463
0.978598
0.96626
0.957942
0.950637
0.947401
0.939573
0.939086
0.940464
0.94206
0.941086
0.94257
0.944592
0.951351
0.956526
0.956172
0.958835
0.961642
0.973562
0.97967
0.979625
0.982177
0.985463
0.987316
0.986423
0.983487
0.984917
0.987841
0.98749
0.986574
0.989146
0.988793
0.987635
0.985629
0.981341
0.979458
0.965053
0.938405
0.930449
0.882457
0.811883
0.7363
0.719526
0.634297
0.566301
0.553466
0.495265
0.458803
0.452368
0.430741
0.426589
0.425604
0.430744
0.441371
0.442834
0.459472
0.47942
0.482786
0.511012
0.51633
0.547153
0.560858
0.559106
0.540028
0.488572
0.480607
0.412918
0.372316
0.364712
0.34851
0.337233
0.335025
0.322408
0.321984
0.322753
0.330284
0.344832
0.35823
0.360553
0.374218
0.386954
0.388585
0.397053
0.390077
0.36909
0.364224
0.33061
0.298717
0.293997
0.272637
0.266387
0.266727
0.268646
0.26811
0.267535
0.267242
0.265844
0.266675
0.266572
0.266409
1.01769
1.01341
1.01288
1.01971
1.02478
1.03191
1.0328
1.04766
1.06296
1.06914
1.06843
1.07849
1.09183
1.09948
1.10343
1.10301
1.11084
1.12035
1.11929
1.1192
1.11865
1.12316
1.12336
1.1179
1.11535
1.1138
1.11441
1.10691
1.09828
1.09546
1.08984
1.08259
1.06566
1.06023
1.04707
1.03632
1.01924
1.00151
0.996854
0.983893
0.976055
0.961477
0.952435
0.949941
0.947009
0.948169
0.944618
0.944203
0.943044
0.946141
0.953266
0.958061
0.958904
0.957771
0.961847
0.970305
0.977921
0.981339
0.981492
0.987899
0.991228
0.988932
0.987948
0.988362
0.989177
0.989052
0.988919
0.992985
0.991035
0.989606
0.989404
0.990505
0.982269
0.980442
0.971098
0.939771
0.931358
0.885749
0.814032
0.737138
0.721422
0.636945
0.566903
0.554523
0.497635
0.459199
0.453015
0.432514
0.426861
0.426092
0.431841
0.441578
0.443283
0.460071
0.479583
0.48329
0.511365
0.516492
0.548134
0.561163
0.559385
0.542937
0.488918
0.480998
0.414362
0.37252
0.365072
0.348975
0.337378
0.335238
0.324964
0.322188
0.322902
0.331018
0.345213
0.358372
0.360815
0.375958
0.387143
0.388764
0.398167
0.390398
0.369295
0.364601
0.331864
0.298915
0.294182
0.274159
0.266567
0.266807
0.268928
0.268702
0.267657
0.267403
0.26768
0.266858
0.266692
0.266847
1.07531
1.07196
1.0663
1.0668
1.07673
1.08763
1.08743
1.09522
1.10864
1.12287
1.1239
1.13098
1.13684
1.14966
1.15837
1.15774
1.16025
1.1649
1.17219
1.17443
1.17185
1.16794
1.17127
1.17178
1.16982
1.16465
1.15933
1.15844
1.15312
1.14947
1.13753
1.12829
1.11941
1.1154
1.09978
1.08005
1.06831
1.05442
1.0497
1.03225
1.01749
1.0101
1.00243
0.998777
0.988829
0.987306
0.989477
0.991287
0.990298
0.991078
0.991308
0.998619
1.00484
1.0047
1.00685
1.00748
1.02032
1.0267
1.0265
1.02733
1.0296
1.03136
1.03026
1.02507
1.02475
1.02653
1.02577
1.02149
1.02303
1.02129
1.01958
1.01557
1.01216
1.0104
0.996173
0.973625
0.966421
0.921189
0.853096
0.777525
0.760358
0.671726
0.599887
0.586076
0.52273
0.483308
0.476207
0.451106
0.44504
0.443615
0.446598
0.455953
0.457105
0.472279
0.491395
0.494507
0.522251
0.527702
0.558764
0.574105
0.572738
0.555619
0.507177
0.499417
0.431485
0.388652
0.380545
0.36167
0.350816
0.348669
0.335739
0.335837
0.336563
0.34352
0.357677
0.370709
0.372927
0.385783
0.398702
0.400335
0.40865
0.402458
0.382281
0.377552
0.344203
0.311607
0.306639
0.282876
0.275976
0.276372
0.278435
0.278482
0.27817
0.277875
0.275785
0.276624
0.276467
0.275858
1.0796
1.07511
1.07264
1.07636
1.08316
1.09061
1.09117
1.10453
1.11912
1.12706
1.12655
1.13605
1.14742
1.15667
1.16145
1.16092
1.16776
1.17567
1.17673
1.1769
1.17592
1.17861
1.17939
1.17502
1.17251
1.17025
1.16855
1.16361
1.15569
1.1527
1.14601
1.13825
1.12299
1.1177
1.10389
1.09079
1.0746
1.05698
1.05214
1.03773
1.02701
1.01383
1.00428
1.00138
0.99653
0.996324
0.993861
0.993522
0.992291
0.994743
1.00027
1.00552
1.00733
1.00631
1.00993
1.01645
1.02486
1.0284
1.02838
1.03318
1.03551
1.03299
1.03177
1.03
1.02909
1.02771
1.02717
1.02781
1.02489
1.02204
1.02125
1.02013
1.01299
1.01128
1.00184
0.974906
0.967245
0.924406
0.855278
0.778366
0.762317
0.674553
0.600516
0.587198
0.525272
0.48372
0.476883
0.452973
0.445313
0.444109
0.447721
0.45615
0.457542
0.472866
0.491535
0.494972
0.52257
0.527832
0.559632
0.574365
0.572975
0.558463
0.507498
0.499789
0.432971
0.388861
0.380919
0.362166
0.350961
0.348885
0.338179
0.33604
0.336708
0.344257
0.358061
0.370842
0.373178
0.387467
0.398876
0.400496
0.409694
0.402759
0.382472
0.377913
0.345453
0.311806
0.306827
0.284439
0.276167
0.276451
0.278723
0.279104
0.27829
0.278033
0.277638
0.276805
0.276583
0.276291
1.13858
1.13522
1.12747
1.12439
1.13628
1.14765
1.14713
1.15316
1.16603
1.18183
1.18322
1.18959
1.19289
1.20763
1.21723
1.21652
1.21785
1.22102
1.23003
1.23254
1.22951
1.22346
1.22744
1.22899
1.22714
1.22119
1.21334
1.21504
1.21053
1.20674
1.19376
1.18421
1.17681
1.17307
1.1568
1.13439
1.1238
1.11014
1.10528
1.08636
1.06885
1.06258
1.05447
1.05042
1.03846
1.03579
1.03864
1.04054
1.03953
1.03961
1.03804
1.04591
1.05298
1.05302
1.05468
1.05308
1.06684
1.07336
1.07299
1.0722
1.07334
1.07471
1.07337
1.06595
1.06365
1.06387
1.06266
1.05492
1.05481
1.05121
1.04892
1.04274
1.03952
1.03786
1.02405
1.00543
0.999071
0.957455
0.892839
0.818156
0.800826
0.709518
0.634014
0.619268
0.550687
0.508023
0.500218
0.471476
0.463206
0.461307
0.461923
0.469784
0.470603
0.484128
0.502187
0.505031
0.532007
0.537516
0.568546
0.585209
0.584233
0.569408
0.524095
0.516612
0.44944
0.4048
0.396286
0.374729
0.364156
0.362055
0.348797
0.349298
0.349963
0.356294
0.369943
0.382514
0.384613
0.396629
0.409448
0.411047
0.419058
0.413502
0.394276
0.389737
0.356929
0.324053
0.318906
0.293055
0.285526
0.285949
0.288024
0.288637
0.28847
0.288156
0.285356
0.286156
0.285938
0.284869
1.14317
1.13845
1.13409
1.13579
1.14312
1.15077
1.15102
1.16302
1.17703
1.18626
1.18592
1.19487
1.20506
1.21499
1.22042
1.21978
1.22565
1.23245
1.23477
1.23504
1.23365
1.23483
1.23582
1.23231
1.22983
1.22689
1.22408
1.22039
1.21313
1.21
1.2025
1.19444
1.18051
1.17538
1.161
1.14626
1.13035
1.11279
1.10776
1.092
1.07923
1.0665
1.05637
1.05309
1.04647
1.04514
1.04322
1.04287
1.04155
1.04336
1.04765
1.053
1.05555
1.05464
1.0578
1.06293
1.07154
1.07508
1.07489
1.07817
1.07937
1.07635
1.07487
1.07092
1.06803
1.06502
1.06402
1.06126
1.05659
1.05188
1.05049
1.04694
1.04025
1.03863
1.02942
1.00661
0.999798
0.960526
0.895018
0.818993
0.802831
0.712499
0.634672
0.620454
0.553394
0.50845
0.500924
0.473429
0.463481
0.461808
0.463065
0.469971
0.471026
0.484696
0.502306
0.505454
0.532288
0.537615
0.569287
0.585423
0.584427
0.572389
0.524387
0.51696
0.45094
0.405012
0.39667
0.375252
0.364299
0.362274
0.351385
0.3495
0.350105
0.357027
0.37033
0.382635
0.384855
0.398253
0.409606
0.41119
0.420018
0.413779
0.394452
0.390078
0.358145
0.32425
0.319096
0.294663
0.285725
0.286027
0.288318
0.289286
0.288589
0.288314
0.287398
0.286336
0.28605
0.285296
1.20366
1.20025
1.19051
1.18371
1.19764
1.20936
1.20853
1.21288
1.22511
1.24234
1.24405
1.24973
1.25036
1.267
1.2773
1.27648
1.27662
1.27809
1.28861
1.29119
1.28771
1.27959
1.28406
1.28638
1.28462
1.27795
1.26759
1.27175
1.26797
1.26407
1.25028
1.24048
1.23444
1.23095
1.21415
1.18924
1.17974
1.16621
1.16122
1.14094
1.12066
1.11543
1.1068
1.10237
1.08855
1.08464
1.08802
1.0899
1.08884
1.08821
1.08494
1.09328
1.10098
1.10117
1.10232
1.09864
1.11315
1.11964
1.11911
1.11679
1.11668
1.11735
1.11574
1.10611
1.1016
1.09979
1.09808
1.0868
1.08433
1.07836
1.07549
1.06688
1.06309
1.06148
1.04832
1.03328
1.02783
0.990679
0.930621
0.857834
0.840615
0.74752
0.668625
0.653005
0.579172
0.532982
0.524436
0.491898
0.481149
0.478741
0.476767
0.482911
0.483376
0.495067
0.511837
0.514396
0.540301
0.545787
0.576481
0.594114
0.593511
0.58126
0.539176
0.532057
0.466626
0.420665
0.411848
0.38768
0.377262
0.375191
0.361681
0.362365
0.362951
0.368605
0.381638
0.393645
0.395616
0.406745
0.419172
0.420701
0.42825
0.423197
0.405025
0.400717
0.368688
0.335948
0.330697
0.30314
0.294979
0.295406
0.2974
0.298577
0.298488
0.298144
0.294623
0.29528
0.294992
0.293445
1.20854
1.2036
1.19742
1.19795
1.20428
1.21263
1.21257
1.22337
1.2369
1.24701
1.24682
1.25522
1.26469
1.27476
1.28061
1.27981
1.28473
1.29068
1.29355
1.29372
1.29193
1.29178
1.29269
1.28977
1.2873
1.28374
1.28065
1.27726
1.27059
1.26734
1.25928
1.25111
1.23825
1.23326
1.21843
1.20251
1.18653
1.16894
1.16374
1.14675
1.13246
1.11953
1.10875
1.1051
1.09689
1.09457
1.09279
1.09229
1.0909
1.09205
1.09534
1.10059
1.10364
1.10281
1.10551
1.10955
1.11799
1.12139
1.12102
1.12286
1.12282
1.119
1.11724
1.11111
1.10601
1.10091
1.0994
1.09317
1.08603
1.07896
1.07691
1.07067
1.06372
1.06213
1.05326
1.03431
1.02845
0.993527
0.932754
0.858658
0.842645
0.750635
0.669306
0.654255
0.582037
0.533425
0.525175
0.493934
0.481427
0.479251
0.477923
0.483089
0.483788
0.495613
0.511936
0.514777
0.540541
0.545859
0.577081
0.594279
0.593661
0.584249
0.539436
0.532377
0.468115
0.42088
0.412243
0.388229
0.377405
0.375412
0.364539
0.362565
0.363087
0.369334
0.382023
0.393756
0.395846
0.408305
0.419314
0.420827
0.429115
0.423446
0.405182
0.401032
0.369851
0.336141
0.330886
0.304787
0.295184
0.295483
0.297699
0.299246
0.298606
0.298302
0.296895
0.295459
0.2951
0.293864
1.27062
1.26715
1.25552
1.24518
1.21073
1.27291
1.27182
1.2746
1.28617
1.30462
1.30659
1.3116
1.30975
1.32803
1.33878
1.33783
1.33675
1.33647
1.34808
1.35045
1.34652
1.33642
1.3411
1.34389
1.34218
1.33482
1.3223
1.32848
1.32531
1.32134
1.30699
1.29709
1.29221
1.28898
1.27176
1.24476
1.23613
1.22262
1.21751
1.19598
1.17312
1.16866
1.15944
1.15463
1.13911
1.13398
1.13765
1.13935
1.13824
1.13691
1.13213
1.14075
1.14885
1.14916
1.14982
1.1443
1.15925
1.16552
1.16482
1.16104
1.15959
1.15923
1.15732
1.14547
1.13852
1.13419
1.13192
1.11702
1.11144
1.10256
1.09907
1.0877
1.08254
1.0809
1.06855
1.05656
1.05208
1.0202
0.965833
0.896104
0.879315
0.785516
0.703611
0.687206
0.608219
0.558243
0.548925
0.512416
0.498921
0.495974
0.491178
0.495375
0.495463
0.505132
0.520373
0.522629
0.547143
0.552524
0.582539
0.600701
0.600435
0.590965
0.552286
0.545629
0.482854
0.436123
0.427125
0.400533
0.390129
0.388066
0.374446
0.375045
0.375533
0.380453
0.392758
0.404094
0.405924
0.416109
0.427845
0.429267
0.436188
0.431496
0.414422
0.410366
0.379408
0.347191
0.341904
0.313071
0.304272
0.304687
0.30654
0.308276
0.308259
0.307881
0.303627
0.303994
0.303628
0.301581
1.2751
1.26988
1.26216
1.26225
1.26753
1.27568
1.27536
1.28529
1.29846
1.30891
1.30876
1.31672
1.32591
1.33566
1.34159
1.34064
1.34471
1.35001
1.35262
1.35237
1.35022
1.34906
1.34953
1.34675
1.34425
1.34019
1.33743
1.3336
1.32734
1.32405
1.31581
1.30775
1.29556
1.29067
1.27559
1.25907
1.24269
1.22488
1.21952
1.2015
1.18615
1.17247
1.16096
1.157
1.14748
1.14433
1.14224
1.14145
1.13994
1.14047
1.14305
1.148
1.15123
1.15041
1.1527
1.15601
1.16389
1.16694
1.16639
1.16697
1.16558
1.16058
1.15851
1.15023
1.14269
1.13502
1.13296
1.12321
1.11287
1.10294
1.10021
1.09094
1.08293
1.08131
1.07275
1.05729
1.05245
1.02261
0.967696
0.896703
0.881172
0.788577
0.704151
0.688368
0.611143
0.558593
0.549599
0.514467
0.499123
0.496421
0.492289
0.495485
0.495809
0.505611
0.520415
0.522934
0.547311
0.552539
0.582969
0.600786
0.600512
0.593646
0.552452
0.545858
0.484255
0.436284
0.427477
0.401069
0.390233
0.388253
0.377567
0.375204
0.375624
0.381144
0.393101
0.404155
0.406103
0.417572
0.427935
0.429342
0.43692
0.431688
0.414523
0.410613
0.380473
0.34734
0.342053
0.31473
0.304459
0.304737
0.306821
0.308942
0.308346
0.308011
0.306068
0.304144
0.303702
0.301966
1.27931
1.27296
1.26951
1.27849
1.27512
1.27836
1.27929
1.2961
1.31176
1.31308
1.31109
1.32233
1.34056
1.34333
1.34427
1.34368
1.35312
1.36457
1.35704
1.35423
1.35431
1.36092
1.35819
1.34951
1.34651
1.34602
1.35148
1.33859
1.32929
1.32701
1.32481
1.31908
1.2988
1.29251
1.2798
1.27186
1.24925
1.22707
1.22171
1.2075
1.19982
1.17618
1.16243
1.15959
1.15595
1.15549
1.14672
1.14343
1.14177
1.14439
1.15309
1.15549
1.1535
1.15174
1.15589
1.16632
1.1685
1.16829
1.16804
1.17312
1.17166
1.16187
1.15974
1.15525
1.14688
1.13585
1.13406
1.12901
1.11428
1.1033
1.10142
1.0941
1.08332
1.08174
1.07611
1.058
1.05283
1.02511
0.969533
0.897245
0.883101
0.791653
0.704678
0.6896
0.614137
0.558949
0.550327
0.516557
0.499329
0.496909
0.493395
0.495595
0.496188
0.506081
0.52046
0.523274
0.547472
0.552549
0.583394
0.600847
0.600578
0.595099
0.552618
0.546075
0.485652
0.436451
0.427865
0.40161
0.390336
0.388446
0.380822
0.375365
0.375721
0.381909
0.39343
0.404213
0.406297
0.419045
0.428018
0.429418
0.437673
0.431867
0.414617
0.410862
0.381517
0.347499
0.342212
0.316411
0.304655
0.304793
0.307131
0.309584
0.30843
0.308149
0.308137
0.304289
0.303776
0.302392
1.34373
1.3382
1.32906
1.32851
1.33344
1.34087
1.34032
1.34957
1.36239
1.37291
1.37272
1.3803
1.38928
1.39859
1.40432
1.40317
1.40643
1.41094
1.41283
1.41182
1.40933
1.40711
1.40686
1.40387
1.40131
1.39673
1.39411
1.3899
1.38396
1.38066
1.37248
1.36468
1.35304
1.34823
1.33307
1.31621
1.29936
1.28121
1.27569
1.25676
1.24047
1.22585
1.21353
1.20929
1.19866
1.19466
1.19203
1.19077
1.18913
1.18907
1.19105
1.19559
1.19875
1.1979
1.19978
1.20247
1.20961
1.2121
1.21137
1.21071
1.20784
1.20135
1.19896
1.18853
1.17826
1.16755
1.16488
1.15139
1.13718
1.12384
1.12036
1.10759
1.09776
1.09603
1.08746
1.07513
1.07137
1.04727
0.999462
0.932895
0.918201
0.826239
0.739255
0.722863
0.640903
0.584189
0.574428
0.53516
0.516714
0.513457
0.506284
0.507268
0.507191
0.514776
0.527825
0.529993
0.552654
0.557709
0.586944
0.604841
0.604867
0.600342
0.563372
0.557342
0.499207
0.45115
0.442302
0.41379
0.4028
0.40081
0.39044
0.387504
0.387799
0.392495
0.403605
0.413868
0.415662
0.42605
0.435483
0.436747
0.443425
0.438449
0.422389
0.418727
0.389963
0.357779
0.352532
0.324447
0.31353
0.313774
0.31568
0.31836
0.317831
0.31747
0.314931
0.312422
0.311888
0.309624
1.33746
1.34444
1.34157
1.34434
1.34512
1.3614
1.37658
1.37799
1.37581
1.38688
1.40419
1.40732
1.40778
1.407
1.41579
1.42585
1.41805
1.41431
1.41415
1.4194
1.41623
1.40724
1.40414
1.40321
1.4074
1.39556
1.38648
1.38421
1.38205
1.37645
1.35692
1.35062
1.33793
1.32909
1.30666
1.28398
1.27844
1.26343
1.25394
1.23018
1.21549
1.21241
1.20768
1.20608
1.1971
1.19323
1.19142
1.19351
1.20128
1.20357
1.20147
1.19962
1.20341
1.21273
1.21471
1.21383
1.2134
1.21724
1.2143
1.20296
1.20049
1.1938
1.18267
1.16857
1.16617
1.15692
1.13865
1.12427
1.12156
1.11018
1.09813
1.09643
1.08975
1.07575
1.07174
1.04949
1.00132
0.933587
0.9203
0.829597
0.73995
0.724313
0.644228
0.584669
0.575307
0.537445
0.516997
0.514035
0.50748
0.507427
0.507615
0.515268
0.527894
0.530327
0.552804
0.557728
0.587223
0.604876
0.604917
0.601084
0.563554
0.557576
0.5006
0.45136
0.442746
0.414399
0.402939
0.401043
0.393558
0.387705
0.387933
0.393304
0.403971
0.413957
0.415884
0.427446
0.435584
0.436839
0.444083
0.438618
0.422496
0.418971
0.390951
0.357962
0.352716
0.326141
0.313755
0.313852
0.316015
0.319041
0.317944
0.317636
0.316883
0.312593
0.311988
0.310071
1.3986
1.39697
1.40144
1.40871
1.40794
1.41664
1.42912
1.43962
1.43938
1.44659
1.45523
1.46417
1.46954
1.46817
1.47049
1.47389
1.47473
1.47258
1.4697
1.46618
1.46486
1.46133
1.45867
1.45349
1.45064
1.44624
1.44058
1.43729
1.42932
1.4219
1.41084
1.40614
1.39106
1.37403
1.35678
1.33823
1.33255
1.31277
1.29546
1.27995
1.26677
1.26226
1.25058
1.2457
1.24242
1.24059
1.23879
1.23811
1.2395
1.24351
1.24645
1.24554
1.24698
1.24902
1.25531
1.2571
1.25616
1.25419
1.24971
1.24146
1.23869
1.22598
1.21268
1.1985
1.19515
1.1776
1.15888
1.14155
1.13725
1.12037
1.10796
1.10602
1.09688
1.08714
1.08453
1.06663
1.02737
0.966908
0.95344
0.863522
0.774616
0.757772
0.671468
0.61043
0.599881
0.556135
0.534302
0.530462
0.520005
0.518514
0.518
0.523159
0.534208
0.535993
0.556594
0.561392
0.588995
0.606315
0.60659
0.60415
0.572026
0.566664
0.512757
0.465338
0.456602
0.426368
0.415086
0.413069
0.40312
0.399535
0.39968
0.403424
0.413559
0.422905
0.424527
0.433715
0.441943
0.443024
0.448586
0.443626
0.428664
0.425264
0.398208
0.367338
0.362205
0.333864
0.32235
0.322552
0.324247
0.327471
0.327055
0.326673
0.323516
0.320308
0.31967
0.31684
1.09794
1.08751
1.08475
1.06829
1.02902
0.967551
0.955506
0.866986
0.775328
0.759304
0.675037
0.610935
0.600827
0.558558
0.534594
0.531067
0.521235
0.518668
0.51842
0.523629
0.534263
0.536284
0.556698
0.56139
0.589083
0.60629
0.606596
0.604198
0.572169
0.566854
0.514054
0.465542
0.457049
0.427006
0.415225
0.413303
0.406164
0.399738
0.399814
0.404242
0.413921
0.422986
0.424739
0.434993
0.442026
0.4431
0.449104
0.443752
0.428752
0.425463
0.399085
0.367511
0.362381
0.335534
0.322583
0.322627
0.32459
0.328163
0.327166
0.326842
0.325398
0.320477
0.319768
0.31728
1.10037
1.09237
1.09089
1.07931
1.05005
0.997793
0.986018
0.900129
0.810118
0.792995
0.702824
0.63731
0.625973
0.577441
0.551872
0.547417
0.533452
0.529208
0.528222
0.530738
0.53955
0.540919
0.559124
0.563584
0.589075
0.605126
0.605593
0.604943
0.578156
0.573545
0.524618
0.47861
0.470152
0.438681
0.426981
0.424917
0.415533
0.411271
0.411246
0.413921
0.422929
0.431207
0.432635
0.440496
0.447244
0.448103
0.452326
0.447115
0.43324
0.430108
0.405062
0.375842
0.370897
0.342844
0.330822
0.330974
0.332455
0.336209
0.335941
0.335548
0.331801
0.327753
0.326999
0.323566
1.10001
1.09243
1.09094
1.0802
1.05135
0.998368
0.987978
0.903672
0.810847
0.794619
0.706645
0.637846
0.626995
0.58002
0.552174
0.548051
0.534717
0.529358
0.528641
0.531183
0.539594
0.541164
0.559183
0.563562
0.588955
0.605038
0.605554
0.60427
0.578253
0.573686
0.525778
0.478806
0.470595
0.439341
0.427118
0.425152
0.418573
0.411477
0.411381
0.414747
0.423287
0.43128
0.432837
0.441643
0.44731
0.448164
0.452683
0.447193
0.433308
0.430255
0.405798
0.376002
0.371062
0.344462
0.331058
0.331047
0.332803
0.336905
0.33605
0.335717
0.333653
0.32792
0.327094
0.323997
1.09723
1.08988
1.08945
1.08388
1.06578
1.02402
1.01455
0.935465
0.845713
0.82851
0.735025
0.664903
0.652781
0.599228
0.569498
0.564376
0.546671
0.539398
0.537905
0.537536
0.543878
0.544796
0.560279
0.56431
0.587191
0.601298
0.601907
0.602712
0.581591
0.577799
0.534588
0.490784
0.482759
0.450618
0.43841
0.436287
0.427606
0.422686
0.422484
0.424012
0.431722
0.438759
0.439965
0.446349
0.451361
0.451959
0.454598
0.448885
0.43608
0.433223
0.410427
0.383171
0.378482
0.351241
0.338856
0.338956
0.340247
0.344523
0.344436
0.344041
0.339733
0.334726
0.333846
0.329775
1.08959
1.08933
1.08378
1.06655
1.02447
1.01623
0.938943
0.846427
0.830202
0.739084
0.665448
0.653871
0.601972
0.569801
0.565035
0.547964
0.53954
0.538317
0.537948
0.54391
0.544991
0.560291
0.564274
0.586847
0.601152
0.601827
0.601259
0.581639
0.577882
0.535571
0.490963
0.483186
0.451289
0.438542
0.436521
0.430713
0.42289
0.422613
0.424844
0.432067
0.43882
0.440151
0.447345
0.451408
0.452003
0.45477
0.448909
0.436127
0.433309
0.410994
0.383311
0.37863
0.352779
0.33909
0.339026
0.340594
0.345207
0.344537
0.344208
0.341594
0.334886
0.333934
0.330188
1.07905
1.07955
1.07927
1.07285
1.04371
1.03708
0.968236
0.880851
0.863976
0.768083
0.693319
0.680424
0.621685
0.587318
0.581466
0.559747
0.549165
0.547129
0.543601
0.547245
0.54767
0.560122
0.563639
0.583331
0.594963
0.595662
0.597584
0.582258
0.579327
0.542484
0.501693
0.494248
0.462079
0.449345
0.447161
0.439272
0.433766
0.433385
0.433735
0.439948
0.44556
0.446512
0.451235
0.454284
0.454581
0.455361
0.448958
0.437203
0.434619
0.414232
0.389244
0.384875
0.358916
0.346373
0.346426
0.347573
0.352364
0.352501
0.352115
0.347255
0.341217
0.340199
0.335447
1.06102
1.06164
1.06721
1.07066
1.05475
1.05074
0.99337
0.913434
0.896507
0.797145
0.721743
0.707543
0.641737
0.605004
0.598008
0.571301
0.558356
0.555504
0.548584
0.549649
0.54948
0.558792
0.56167
0.578311
0.58666
0.587307
0.591845
0.580227
0.578127
0.547504
0.510915
0.503993
0.472202
0.459568
0.457249
0.447707
0.444215
0.443739
0.442256
0.447216
0.451506
0.452077
0.454419
0.455954
0.455915
0.454776
0.447495
0.436651
0.434364
0.416197
0.39386
0.389856
0.364392
0.353033
0.35321
0.354043
0.358968
0.359953
0.359525
0.352436
0.347015
0.345923
0.340196
1.05986
1.06114
1.06503
1.0701
1.05496
1.0515
0.996245
0.914167
0.898226
0.801591
0.722369
0.708758
0.644823
0.605348
0.598712
0.572686
0.558503
0.55589
0.548941
0.549664
0.549554
0.558701
0.56161
0.577558
0.586408
0.587163
0.589852
0.580186
0.578112
0.548064
0.511065
0.504347
0.472861
0.459699
0.457469
0.450441
0.444422
0.443865
0.44304
0.447562
0.451557
0.452226
0.455093
0.45597
0.455929
0.454593
0.447408
0.436667
0.434343
0.416408
0.393961
0.38997
0.365703
0.353243
0.353266
0.354346
0.359654
0.360052
0.359688
0.35431
0.347169
0.346003
0.340531
1.03468
1.03566
1.04493
1.05868
1.05682
1.0565
1.01545
0.943465
0.928151
0.830282
0.751103
0.736246
0.665288
0.623259
0.615407
0.584079
0.567294
0.563823
0.553276
0.551206
0.550497
0.556282
0.55843
0.57106
0.576406
0.57706
0.582263
0.575681
0.574409
0.550896
0.518562
0.512516
0.482138
0.469252
0.466919
0.458686
0.454366
0.453717
0.451078
0.454204
0.456698
0.456959
0.45743
0.456421
0.45601
0.452742
0.444538
0.43461
0.432605
0.416967
0.397182
0.3936
0.370352
0.359158
0.359317
0.360185
0.365663
0.366923
0.366527
0.359322
0.352402
0.351148
0.344678
1.03307
1.03497
1.04146
1.05725
1.05684
1.05658
1.01763
0.944155
0.929831
0.834891
0.75178
0.737584
0.668625
0.623637
0.616185
0.585539
0.567452
0.564225
0.553608
0.551219
0.550523
0.556139
0.558362
0.570058
0.576101
0.576881
0.579933
0.575593
0.574328
0.551165
0.518694
0.512833
0.482784
0.469381
0.467137
0.461046
0.454575
0.453848
0.45188
0.454542
0.456746
0.457098
0.4579
0.456417
0.456008
0.452341
0.44439
0.43461
0.432518
0.41695
0.397258
0.393691
0.371447
0.359359
0.359368
0.360479
0.366319
0.367019
0.366691
0.360876
0.352551
0.351227
0.344991
1.00162
1.00279
1.01391
1.03678
1.0491
1.05243
1.02972
0.968908
0.955912
0.862579
0.780586
0.765279
0.68953
0.641893
0.633163
0.596872
0.575931
0.571795
0.557367
0.551962
0.550662
0.552736
0.554116
0.562364
0.564897
0.565535
0.570803
0.56894
0.568417
0.5518
0.524329
0.519271
0.491066
0.478185
0.475881
0.469004
0.46397
0.463159
0.459412
0.460568
0.461086
0.461006
0.459377
0.455628
0.454826
0.449309
0.440287
0.431208
0.429451
0.416156
0.399056
0.395932
0.375176
0.364441
0.364602
0.365628
0.371682
0.373267
0.372922
0.365703
0.357203
0.355776
0.348523
0.999613
1.00194
1.00919
1.03443
1.04891
1.05169
1.03094
0.969496
0.957427
0.867188
0.78129
0.76672
0.693108
0.642298
0.634015
0.598411
0.576096
0.572212
0.557672
0.551973
0.550637
0.552542
0.554043
0.561144
0.564558
0.565335
0.568302
0.568809
0.568272
0.55174
0.524435
0.519532
0.491675
0.478311
0.476094
0.471042
0.464177
0.463291
0.460219
0.460889
0.461129
0.461128
0.45963
0.455602
0.454806
0.448686
0.440083
0.431191
0.429297
0.415902
0.399107
0.395994
0.376015
0.364626
0.364647
0.365905
0.37229
0.373354
0.37308
0.366987
0.357345
0.355852
0.348806
0.963091
0.96427
0.975204
1.0055
1.03156
1.03824
1.03508
0.988445
0.978389
0.892998
0.809686
0.794236
0.71436
0.660907
0.651298
0.609745
0.584325
0.57948
0.560911
0.551999
0.550053
0.54828
0.548903
0.552619
0.552715
0.553318
0.558165
0.56044
0.560554
0.550256
0.528099
0.524095
0.498788
0.486243
0.484023
0.478511
0.472935
0.471976
0.46719
0.466251
0.46464
0.464187
0.460209
0.45355
0.452351
0.444599
0.434955
0.426644
0.425089
0.413851
0.399482
0.396828
0.378723
0.368783
0.368974
0.370293
0.376933
0.378914
0.378642
0.371528
0.361379
0.35977
0.351698
0.960741
0.963271
0.969314
1.00223
1.03116
1.03657
1.03512
0.988893
0.979616
0.8974
0.810405
0.795758
0.718162
0.661341
0.652233
0.611367
0.584498
0.579914
0.561192
0.552009
0.549975
0.548039
0.548827
0.551227
0.552358
0.553107
0.555504
0.560274
0.560353
0.549855
0.528175
0.524282
0.499334
0.486361
0.484227
0.480357
0.473137
0.472106
0.467987
0.46655
0.464678
0.464289
0.460221
0.453501
0.452311
0.443763
0.434701
0.426612
0.424869
0.413363
0.399506
0.396858
0.379284
0.368945
0.369012
0.370544
0.377468
0.378991
0.378791
0.372623
0.361509
0.359843
0.351941
0.92048
0.921509
0.930176
0.965774
1.00454
1.01403
1.03076
1.00099
0.994348
0.920356
0.837777
0.822576
0.739591
0.68027
0.669815
0.622765
0.592543
0.586949
0.563983
0.55141
0.548761
0.543033
0.542956
0.542236
0.540402
0.540957
0.54511
0.550667
0.551282
0.546416
0.529819
0.526884
0.505106
0.493298
0.491228
0.487049
0.481161
0.48007
0.474316
0.471173
0.467291
0.466433
0.459828
0.450202
0.448623
0.438793
0.428775
0.421139
0.419733
0.410198
0.398502
0.396314
0.380889
0.372093
0.372351
0.374108
0.381307
0.383779
0.383603
0.376651
0.364864
0.363074
0.354161
0.917901
0.920415
0.92334
0.961687
1.00396
1.01141
1.02945
1.00126
0.995148
0.924296
0.838479
0.824126
0.743572
0.680726
0.670823
0.624469
0.592722
0.5874
0.564243
0.551421
0.548634
0.54275
0.542881
0.540735
0.540047
0.540745
0.54211
0.550475
0.551035
0.545683
0.529864
0.526978
0.505559
0.493407
0.491418
0.48888
0.481352
0.480194
0.475072
0.471434
0.467322
0.466507
0.459542
0.450134
0.448563
0.437773
0.428483
0.421098
0.419455
0.40949
0.398496
0.396309
0.381152
0.372223
0.372378
0.374321
0.381744
0.383839
0.383734
0.377623
0.36498
0.363142
0.354352
0.875961
0.880566
0.918966
0.968754
0.980257
1.01636
1.00568
1.00274
0.943413
0.864164
0.849673
0.76497
0.699949
0.688713
0.636021
0.600682
0.594294
0.566676
0.550302
0.546895
0.53708
0.53641
0.531593
0.52839
0.528896
0.532359
0.540088
0.541057
0.540532
0.529504
0.527599
0.509857
0.499234
0.497386
0.494475
0.488551
0.487341
0.480668
0.475215
0.468931
0.467636
0.458093
0.445672
0.443751
0.432117
0.421974
0.41492
0.413606
0.405384
0.396203
0.394456
0.381614
0.374303
0.37467
0.377008
0.384721
0.38778
0.387718
0.380874
0.367591
0.365627
0.355853
)
;

boundaryField
{
    inlet
    {
        type            calculated;
        value           nonuniform List<scalar> 0();
    }
    outlet
    {
        type            calculated;
        value           nonuniform List<scalar> 
83
(
0.0662607
0.0657541
0.0658586
0.0658627
0.0693098
0.0740946
0.0741257
0.0797425
0.0797858
0.0860674
0.0928241
0.0929074
0.100105
0.100212
0.107842
0.10797
0.116019
0.116098
0.116187
0.124669
0.12483
0.133737
0.133921
0.14326
0.143385
0.143518
0.15332
0.153546
0.163795
0.163961
0.164139
0.174857
0.175054
0.175265
0.186446
0.186762
0.198356
0.198631
0.198928
0.210745
0.211069
0.211417
0.22306
0.223424
0.223805
0.234891
0.235319
0.245797
0.246219
0.256183
0.25655
0.256948
0.266409
0.266847
0.275858
0.276291
0.284869
0.285296
0.293445
0.293864
0.301581
0.301966
0.302392
0.309624
0.310071
0.31684
0.31728
0.323566
0.323997
0.329775
0.330188
0.335447
0.340196
0.340531
0.344678
0.344991
0.348523
0.348806
0.351698
0.351941
0.354161
0.354352
0.355853
)
;
    }
    front
    {
        type            empty;
    }
    back
    {
        type            empty;
    }
    hub
    {
        type            calculated;
        value           nonuniform List<scalar> 
138
(
0.00317425
0.00317425
0.00287204
0.00271463
0.00291552
0.00347909
0.00347909
0.00409257
0.00444655
0.00507025
0.00507025
0.00534235
0.00590327
0.00641072
0.00666044
0.00666044
0.00708331
0.00741989
0.00754303
0.00767981
0.00767981
0.00760499
0.00748896
0.00709591
0.00709591
0.00651829
0.00618194
0.00546153
0.00472565
0.00472565
0.00401736
0.00369359
0.00312581
0.00312581
0.00277442
0.00325345
0.00445056
0.00572859
0.00572859
0.00629513
0.00715119
0.00745552
0.00713477
0.00713477
0.00679124
0.00578871
0.00474235
0.00419153
0.00419153
0.00325947
0.00295092
0.00357729
0.00385599
0.00385599
0.00451583
0.00494558
0.0056633
0.00632555
0.00632555
0.00644157
0.00620248
0.00605574
0.00605574
0.00550368
0.00493165
0.00479146
0.00479146
0.00465451
0.00459807
0.00472253
0.00472253
0.00506526
0.00535935
0.00535935
0.00611836
0.00715899
0.00715899
0.00835312
0.00891836
0.00986132
0.00986132
0.0104068
0.0106784
0.0106784
0.0107877
0.0111066
0.0111066
0.0117175
0.0121527
0.0121527
0.0132315
0.0144603
0.0144603
0.0156518
0.0161394
0.0161394
0.0168065
0.0168065
0.0169052
0.0165048
0.0165048
0.0162335
0.015752
0.015752
0.0155491
0.0155073
0.0155073
0.0155901
0.0156495
0.0156495
0.0156636
0.015553
0.015553
0.0154506
0.0156512
0.0160798
0.0160798
0.016121
0.0166303
0.0166303
0.0166217
0.0168014
0.016896
0.016896
0.0164793
0.0165187
0.0165187
0.0160062
0.0164151
0.0164151
0.0158605
0.0165722
0.0159868
0.0159868
0.0159868
0.0166002
0.0166002
0.0158918
)
;
    }
    tip
    {
        type            calculated;
        value           nonuniform List<scalar> 0();
    }
    procBoundary9to7
    {
        type            processor;
        value           nonuniform List<scalar> 
71
(
0.0648727
0.0828793
0.113426
0.113919
0.142164
0.168816
0.169675
0.195509
0.196553
0.222823
0.249071
0.250607
0.276975
0.278751
0.305852
0.307902
0.335882
0.337463
0.339064
0.368441
0.371046
0.401585
0.404619
0.436371
0.439004
0.441666
0.47528
0.479263
0.514285
0.517963
0.52177
0.558937
0.563355
0.567832
0.607478
0.613538
0.655267
0.661158
0.667476
0.712045
0.718873
0.726106
0.77261
0.780327
0.788379
0.835356
0.844281
0.891757
0.900915
0.949179
0.958187
0.967743
1.01703
1.02743
1.07811
1.08883
1.14097
1.15218
1.20577
1.21761
1.27266
1.28474
1.29789
1.35429
1.34891
1.34213
1.34213
1.40916
1.40751
1.41312
1.41012
)
;
    }
    procBoundary9to8
    {
        type            processor;
        value           nonuniform List<scalar> 
150
(
1.41236
1.41305
1.4291
1.44396
1.44505
1.44262
1.4536
1.47058
1.47349
1.4732
1.47222
1.48038
1.4892
1.48023
1.47512
1.47473
1.47867
1.47451
1.46478
1.46153
1.46012
1.46354
1.45204
1.44309
1.44088
1.43901
1.43375
1.41482
1.40854
1.39608
1.38693
1.36437
1.34108
1.33537
1.31969
1.30891
1.28448
1.26878
1.26551
1.25988
1.25728
1.24774
1.24315
1.24117
1.24273
1.24983
1.25174
1.24926
1.2473
1.25074
1.25925
1.26056
1.25885
1.25823
1.26082
1.25625
1.24308
1.24022
1.23126
1.21708
1.19947
1.1964
1.18271
1.16023
1.14192
1.13826
1.12226
1.10819
1.10626
1.10626
1.11089
1.11097
1.11034
1.09518
1.09518
1.0868
1.07357
1.06885
1.04996
1.04386
1.01978
1.01268
0.98429
0.976255
0.944961
0.935599
0.875204
0.875204
0.83043
0.836261
0.87244
0.926362
0.942077
0.995658
1.0019
1.00283
0.958303
0.887239
0.873166
0.785986
0.71921
0.706722
0.647655
0.608552
0.601084
0.568844
0.54873
0.544754
0.530939
0.529493
0.522579
0.517392
0.517696
0.523369
0.529433
0.530671
0.534195
0.527255
0.526346
0.512667
0.503835
0.502237
0.499241
0.494799
0.493541
0.485491
0.478051
0.469405
0.467654
0.455682
0.440246
0.438023
0.426063
0.415164
0.408283
0.407294
0.400657
0.39279
0.391439
0.381152
0.375321
0.375877
0.378832
0.386858
0.390795
0.390796
0.383235
0.369424
0.367309
0.356664
)
;
    }
}


// ************************************************************************* //
