# Field minima and maxima
# Time        	field         	min           	location(min) 	processor     	max           	location(max) 	processor     
1.54532       	U             	(-2.676518e+00 -6.782751e-01 -6.941475e-27)	(1.542229e-02 1.523846e-02 1.100000e-02)	0	(1.186450e+01 8.518071e-01 1.289825e-27)	(6.637247e-03 1.787976e-02 1.100000e-02)	0
1.54532       	k             	2.922230e-04	(1.561886e-02 1.468819e-02 1.100000e-02)	0	1.300296e+01	(-1.505568e-01 1.059942e-05 1.100000e-02)	4
1.54532       	p_rgh         	1.663090e+03	(3.544286e-02 1.694042e-02 1.100000e-02)	1	7.067030e+04	(1.111600e+00 -1.069936e-02 1.100000e-02)	8
1.54532       	omega         	1.299880e+02	(1.107825e+00 -3.643142e-02 1.100000e-02)	8	5.430720e+05	(8.844358e-03 1.555013e-02 1.100000e-02)	0
1.54568       	U             	(-2.590594e+00 2.017511e-02 -3.001933e-27)	(8.487042e-03 1.572179e-02 1.100000e-02)	0	(1.175981e+01 9.341346e-01 1.168451e-27)	(6.637247e-03 1.787976e-02 1.100000e-02)	0
1.54568       	k             	2.922230e-04	(1.561886e-02 1.468819e-02 1.100000e-02)	0	1.279766e+01	(-1.505568e-01 1.059942e-05 1.100000e-02)	4
1.54568       	p_rgh         	1.647554e+03	(3.773256e-02 1.685938e-02 1.100000e-02)	1	7.071113e+04	(1.111600e+00 -9.690407e-03 1.100000e-02)	8
1.54568       	omega         	1.301243e+02	(1.107825e+00 -3.643142e-02 1.100000e-02)	8	5.430720e+05	(8.844358e-03 1.555013e-02 1.100000e-02)	0
1.54605       	U             	(-1.378118e+00 -2.298692e-01 -5.465471e-27)	(8.846516e-03 1.560426e-02 1.100000e-02)	0	(1.168589e+01 9.377707e-01 1.305040e-27)	(6.637247e-03 1.787976e-02 1.100000e-02)	0
1.54605       	k             	2.922230e-04	(1.561886e-02 1.468819e-02 1.100000e-02)	0	1.272337e+01	(-1.505568e-01 1.059942e-05 1.100000e-02)	4
1.54605       	p_rgh         	1.628422e+03	(4.010758e-02 1.677593e-02 1.100000e-02)	1	7.073888e+04	(1.111600e+00 -9.690407e-03 1.100000e-02)	8
1.54605       	omega         	1.302725e+02	(1.107825e+00 -3.643142e-02 1.100000e-02)	8	5.430720e+05	(8.844358e-03 1.555013e-02 1.100000e-02)	0
1.54643       	U             	(-2.089124e+00 -2.570079e-01 -2.546818e-27)	(9.584096e-03 1.554808e-02 1.100000e-02)	0	(1.156197e+01 9.627135e-01 1.189524e-27)	(6.637247e-03 1.787976e-02 1.100000e-02)	0
1.54643       	k             	2.922230e-04	(1.561886e-02 1.468819e-02 1.100000e-02)	0	1.271457e+01	(-1.505568e-01 1.059942e-05 1.100000e-02)	4
1.54643       	p_rgh         	1.623058e+03	(4.224353e-02 1.753636e-02 1.100000e-02)	6	7.076158e+04	(1.111600e+00 -9.690407e-03 1.100000e-02)	8
1.54643       	omega         	1.304316e+02	(1.107825e+00 -3.643142e-02 1.100000e-02)	8	5.430720e+05	(8.844358e-03 1.555013e-02 1.100000e-02)	0
1.5468        	U             	(-2.734554e+00 -1.909333e-02 -6.763140e-27)	(1.033807e-02 1.551288e-02 1.100000e-02)	0	(1.119870e+01 3.037002e+00 5.572708e-27)	(8.636733e-04 1.690622e-02 1.100000e-02)	2
1.5468        	k             	2.922230e-04	(1.561886e-02 1.468819e-02 1.100000e-02)	0	1.271997e+01	(-1.505568e-01 1.059942e-05 1.100000e-02)	4
1.5468        	p_rgh         	1.814386e+03	(1.904617e-02 1.514249e-02 1.100000e-02)	0	7.078221e+04	(1.111600e+00 -9.690407e-03 1.100000e-02)	8
1.5468        	omega         	1.306010e+02	(1.107825e+00 -3.643142e-02 1.100000e-02)	8	5.430720e+05	(8.844358e-03 1.555013e-02 1.100000e-02)	0
1.54717       	U             	(-1.974566e+00 -6.988787e-02 -1.187701e-26)	(1.071816e-02 1.542462e-02 1.100000e-02)	0	(1.117616e+01 3.034460e+00 5.528004e-27)	(8.636733e-04 1.690622e-02 1.100000e-02)	2
1.54717       	k             	2.922230e-04	(1.561886e-02 1.468819e-02 1.100000e-02)	0	1.272446e+01	(-1.505568e-01 1.059942e-05 1.100000e-02)	4
1.54717       	p_rgh         	1.804602e+03	(1.999686e-02 1.502274e-02 1.100000e-02)	1	7.080137e+04	(1.111600e+00 -9.690407e-03 1.100000e-02)	8
1.54717       	omega         	1.307801e+02	(1.107825e+00 -3.643142e-02 1.100000e-02)	8	5.430720e+05	(8.844358e-03 1.555013e-02 1.100000e-02)	0
1.54754       	U             	(-3.800874e+00 -2.482774e-01 -9.015526e-27)	(2.119815e-02 1.446574e-02 1.100000e-02)	1	(1.115326e+01 3.034094e+00 5.467612e-27)	(8.636733e-04 1.690622e-02 1.100000e-02)	2
1.54754       	k             	2.922230e-04	(1.561886e-02 1.468819e-02 1.100000e-02)	0	1.272718e+01	(-1.505568e-01 1.059942e-05 1.100000e-02)	4
1.54754       	p_rgh         	1.796213e+03	(2.096978e-02 1.495587e-02 1.100000e-02)	1	7.081942e+04	(1.111600e+00 -9.690407e-03 1.100000e-02)	8
1.54754       	omega         	1.309683e+02	(1.107825e+00 -3.643142e-02 1.100000e-02)	8	5.430720e+05	(8.844358e-03 1.555013e-02 1.100000e-02)	0
1.54792       	U             	(-3.708485e+00 -3.759909e-01 -7.692780e-27)	(2.219330e-02 1.430282e-02 1.100000e-02)	1	(1.138936e+01 1.036839e+00 1.201779e-27)	(6.637247e-03 1.787976e-02 1.100000e-02)	0
1.54792       	k             	2.922230e-04	(1.561886e-02 1.468819e-02 1.100000e-02)	0	1.272888e+01	(-1.505568e-01 1.059942e-05 1.100000e-02)	4
1.54792       	p_rgh         	1.790088e+03	(2.145871e-02 1.478522e-02 1.100000e-02)	1	7.083426e+04	(1.111600e+00 -9.690407e-03 1.100000e-02)	8
1.54792       	omega         	1.311649e+02	(1.107825e+00 -3.643142e-02 1.100000e-02)	8	5.430720e+05	(8.844358e-03 1.555013e-02 1.100000e-02)	0
1.54829       	U             	(-1.982885e+00 -3.057161e-01 -4.426665e-27)	(1.228542e-02 1.522601e-02 1.100000e-02)	0	(1.109210e+01 3.033246e+00 5.345604e-27)	(8.636733e-04 1.690622e-02 1.100000e-02)	2
1.54829       	k             	2.922230e-04	(1.561886e-02 1.468819e-02 1.100000e-02)	0	1.273014e+01	(-1.505568e-01 1.059942e-05 1.100000e-02)	4
1.54829       	p_rgh         	1.778853e+03	(2.272054e-02 1.479423e-02 1.100000e-02)	1	7.084533e+04	(1.111600e+00 -9.690407e-03 1.100000e-02)	8
1.54829       	omega         	1.313692e+02	(1.107825e+00 -3.643142e-02 1.100000e-02)	8	5.430720e+05	(8.844358e-03 1.555013e-02 1.100000e-02)	0
1.54867       	U             	(-2.651452e+00 -2.838915e-01 -8.970286e-27)	(1.289268e-02 1.521113e-02 1.100000e-02)	0	(1.135257e+01 1.062513e+00 3.770576e-27)	(5.228511e-02 2.043225e-02 1.100000e-02)	5
1.54867       	k             	2.922230e-04	(1.561886e-02 1.468819e-02 1.100000e-02)	0	1.273115e+01	(-1.505568e-01 1.059942e-05 1.100000e-02)	4
1.54867       	p_rgh         	1.770987e+03	(2.348975e-02 1.469765e-02 1.100000e-02)	1	7.085031e+04	(1.111600e+00 -9.690407e-03 1.100000e-02)	8
1.54867       	omega         	1.315814e+02	(1.107825e+00 -3.643142e-02 1.100000e-02)	8	5.430720e+05	(8.844358e-03 1.555013e-02 1.100000e-02)	0
1.54904       	U             	(-2.866225e+00 -1.604675e-01 -2.140211e-27)	(1.371575e-02 1.515258e-02 1.100000e-02)	0	(1.124534e+01 1.013244e+00 1.327089e-27)	(6.637247e-03 1.787976e-02 1.100000e-02)	0
1.54904       	k             	2.922230e-04	(1.561886e-02 1.468819e-02 1.100000e-02)	0	1.273193e+01	(-1.505568e-01 1.059942e-05 1.100000e-02)	4
1.54904       	p_rgh         	1.768470e+03	(2.427344e-02 1.466074e-02 1.100000e-02)	1	7.084886e+04	(1.111600e+00 -9.690407e-03 1.100000e-02)	8
1.54904       	omega         	1.318003e+02	(1.107825e+00 -3.643142e-02 1.100000e-02)	8	5.430720e+05	(8.844358e-03 1.555013e-02 1.100000e-02)	0
1.54942       	U             	(-2.996301e+00 -1.035440e-01 -2.371032e-27)	(1.434394e-02 1.509669e-02 1.100000e-02)	0	(1.127522e+01 1.008350e+00 1.149304e-27)	(6.637247e-03 1.787976e-02 1.100000e-02)	0
1.54942       	k             	2.922230e-04	(1.561886e-02 1.468819e-02 1.100000e-02)	0	1.273247e+01	(-1.505568e-01 1.059942e-05 1.100000e-02)	4
1.54942       	p_rgh         	1.759119e+03	(2.479890e-02 1.453329e-02 1.100000e-02)	1	7.083972e+04	(1.111600e+00 -9.690407e-03 1.100000e-02)	8
1.54942       	omega         	1.320251e+02	(1.107825e+00 -3.643142e-02 1.100000e-02)	8	5.430720e+05	(8.844358e-03 1.555013e-02 1.100000e-02)	0
1.5498        	U             	(-9.171074e-01 -1.413618e-01 -3.625961e-27)	(1.455004e-02 1.493659e-02 1.100000e-02)	0	(1.106053e+01 3.027979e+00 5.288770e-27)	(8.636733e-04 1.690622e-02 1.100000e-02)	2
1.5498        	k             	2.922230e-04	(1.561886e-02 1.468819e-02 1.100000e-02)	0	1.273282e+01	(-1.505568e-01 1.059942e-05 1.100000e-02)	4
1.5498        	p_rgh         	1.755574e+03	(2.587840e-02 1.459163e-02 1.100000e-02)	1	7.082313e+04	(1.111600e+00 -9.690407e-03 1.100000e-02)	8
1.5498        	omega         	1.322489e+02	(1.107825e+00 -3.776057e-02 1.100000e-02)	8	5.430720e+05	(8.844358e-03 1.555013e-02 1.100000e-02)	0
1.55017       	U             	(-1.455929e+00 -1.409329e-02 -3.173721e-28)	(1.271354e-02 1.583753e-02 1.100000e-02)	0	(1.195246e+01 6.377680e-01 2.680914e-27)	(8.957020e-03 1.838875e-02 1.100000e-02)	0
1.55017       	k             	2.922230e-04	(1.561886e-02 1.468819e-02 1.100000e-02)	0	1.273306e+01	(-1.505568e-01 1.059942e-05 1.100000e-02)	4
1.55017       	p_rgh         	1.749845e+03	(2.586681e-02 1.428335e-02 1.100000e-02)	1	7.080112e+04	(1.111600e+00 -9.690407e-03 1.100000e-02)	8
1.55017       	omega         	1.324482e+02	(1.107825e+00 -3.776057e-02 1.100000e-02)	8	5.430720e+05	(8.844358e-03 1.555013e-02 1.100000e-02)	0
1.55055       	U             	(-1.974443e+00 -1.156350e+00 -4.273796e-26)	(3.960999e-03 1.656617e-02 1.100000e-02)	2	(1.108130e+01 1.192768e+00 8.759922e-28)	(6.637247e-03 1.787976e-02 1.100000e-02)	0
1.55055       	k             	2.922230e-04	(1.561886e-02 1.468819e-02 1.100000e-02)	0	1.273322e+01	(-1.505568e-01 1.059942e-05 1.100000e-02)	4
1.55055       	p_rgh         	1.738343e+03	(2.697073e-02 1.438694e-02 1.100000e-02)	1	7.077721e+04	(1.111600e+00 -9.690407e-03 1.100000e-02)	8
1.55055       	omega         	1.325005e+02	(1.107815e+00 -9.498676e-02 1.100000e-02)	9	5.430720e+05	(8.844358e-03 1.555013e-02 1.100000e-02)	0
1.55093       	U             	(-3.051175e+00 -5.707172e-03 -4.039283e-27)	(1.606454e-02 1.485103e-02 1.100000e-02)	0	(1.094701e+01 3.021925e+00 5.056402e-27)	(8.636733e-04 1.690622e-02 1.100000e-02)	2
1.55093       	k             	2.922230e-04	(1.561886e-02 1.468819e-02 1.100000e-02)	0	1.330202e+01	(1.839001e-02 1.637199e-02 1.100000e-02)	0
1.55093       	p_rgh         	1.732888e+03	(2.809955e-02 1.453587e-02 1.100000e-02)	1	7.075363e+04	(1.111600e+00 -9.690407e-03 1.100000e-02)	8
1.55093       	omega         	1.325353e+02	(1.107815e+00 -9.498676e-02 1.100000e-02)	9	5.430720e+05	(8.844358e-03 1.555013e-02 1.100000e-02)	0
1.55131       	U             	(-1.619007e+00 -5.932799e-01 -1.697901e-26)	(3.958564e-03 1.650583e-02 1.100000e-02)	2	(1.095378e+01 3.013557e+00 5.234519e-27)	(8.636733e-04 1.690622e-02 1.100000e-02)	2
1.55131       	k             	2.922230e-04	(1.561886e-02 1.468819e-02 1.100000e-02)	0	1.273341e+01	(-1.505568e-01 1.059942e-05 1.100000e-02)	4
1.55131       	p_rgh         	1.724292e+03	(2.837444e-02 1.427861e-02 1.100000e-02)	1	7.073476e+04	(1.111600e+00 -9.690407e-03 1.100000e-02)	8
1.55131       	omega         	1.325747e+02	(1.107815e+00 -9.498676e-02 1.100000e-02)	9	5.430720e+05	(8.844358e-03 1.555013e-02 1.100000e-02)	0
1.55169       	U             	(-1.788423e+00 -1.525574e+00 -4.577442e-26)	(3.958564e-03 1.650583e-02 1.100000e-02)	2	(1.100919e+01 3.010567e+00 5.410823e-27)	(8.636733e-04 1.690622e-02 1.100000e-02)	2
1.55169       	k             	2.922230e-04	(1.561886e-02 1.468819e-02 1.100000e-02)	0	1.325850e+01	(2.457014e-02 1.551516e-02 1.100000e-02)	1
1.55169       	p_rgh         	1.716948e+03	(2.894525e-02 1.420701e-02 1.100000e-02)	1	7.071974e+04	(1.111600e+00 -9.690407e-03 1.100000e-02)	8
1.55169       	omega         	1.326186e+02	(1.107815e+00 -9.498676e-02 1.100000e-02)	9	5.430720e+05	(8.844358e-03 1.555013e-02 1.100000e-02)	0
1.55207       	U             	(-5.413864e+00 1.153620e-01 -3.971819e-27)	(2.978709e-02 1.340801e-02 1.100000e-02)	1	(1.111699e+01 1.062316e+00 1.250737e-27)	(6.637247e-03 1.787976e-02 1.100000e-02)	0
1.55207       	k             	2.922230e-04	(1.561886e-02 1.468819e-02 1.100000e-02)	0	1.527111e+01	(2.700578e-02 1.532184e-02 1.100000e-02)	1
1.55207       	p_rgh         	1.725366e+03	(2.981275e-02 1.409820e-02 1.100000e-02)	1	7.070439e+04	(1.111600e+00 -9.690407e-03 1.100000e-02)	8
1.55207       	omega         	1.326668e+02	(1.107815e+00 -9.498676e-02 1.100000e-02)	9	5.430720e+05	(8.844358e-03 1.555013e-02 1.100000e-02)	0
1.55245       	U             	(-6.217694e+00 -1.415200e-02 -3.674506e-27)	(3.007391e-02 1.322579e-02 1.100000e-02)	1	(1.165625e+01 7.716480e-01 2.575906e-27)	(8.957020e-03 1.838875e-02 1.100000e-02)	0
1.55245       	k             	2.922230e-04	(1.561886e-02 1.468819e-02 1.100000e-02)	0	1.552552e+01	(2.645949e-02 1.549597e-02 1.100000e-02)	1
1.55245       	p_rgh         	1.714749e+03	(2.922342e-02 1.391605e-02 1.100000e-02)	1	7.068385e+04	(1.111600e+00 -9.690407e-03 1.100000e-02)	8
1.55245       	omega         	1.327191e+02	(1.107815e+00 -9.498676e-02 1.100000e-02)	9	5.430720e+05	(8.844358e-03 1.555013e-02 1.100000e-02)	0
1.55283       	U             	(-4.343247e+00 -1.009429e+00 -6.291812e-27)	(3.038122e-02 1.355390e-02 1.100000e-02)	1	(1.148607e+01 9.191189e-01 1.582044e-27)	(6.637247e-03 1.787976e-02 1.100000e-02)	0
1.55283       	k             	2.922230e-04	(1.561886e-02 1.468819e-02 1.100000e-02)	0	1.305442e+01	(2.565306e-02 1.581620e-02 1.100000e-02)	1
1.55283       	p_rgh         	1.714625e+03	(2.921366e-02 1.365413e-02 1.100000e-02)	1	7.065425e+04	(1.111600e+00 -9.690407e-03 1.100000e-02)	8
1.55283       	omega         	1.327758e+02	(1.107815e+00 -9.498676e-02 1.100000e-02)	9	5.430720e+05	(8.844358e-03 1.555013e-02 1.100000e-02)	0
1.55321       	U             	(-1.084251e+00 8.668687e-02 -2.881700e-28)	(1.330036e-02 1.513789e-02 1.100000e-02)	0	(1.094202e+01 3.016998e+00 5.033421e-27)	(8.636733e-04 1.690622e-02 1.100000e-02)	2
1.55321       	k             	2.922230e-04	(1.561886e-02 1.468819e-02 1.100000e-02)	0	1.630607e+01	(2.304088e-02 1.648249e-02 1.100000e-02)	1
1.55321       	p_rgh         	1.707082e+03	(3.009130e-02 1.369387e-02 1.100000e-02)	1	7.062508e+04	(1.111600e+00 -9.690407e-03 1.100000e-02)	8
1.55321       	omega         	1.328368e+02	(1.107815e+00 -9.498676e-02 1.100000e-02)	9	5.430720e+05	(8.844358e-03 1.555013e-02 1.100000e-02)	0
1.55359       	U             	(-2.964475e+00 -2.654445e-01 -3.643758e-27)	(3.186967e-02 1.326968e-02 1.100000e-02)	1	(1.087522e+01 3.008781e+00 4.998134e-27)	(8.636733e-04 1.690622e-02 1.100000e-02)	2
1.55359       	k             	2.922230e-04	(1.561886e-02 1.468819e-02 1.100000e-02)	0	1.758454e+01	(2.177876e-02 1.663321e-02 1.100000e-02)	1
1.55359       	p_rgh         	1.694392e+03	(3.159743e-02 1.409986e-02 1.100000e-02)	1	7.059432e+04	(1.111600e+00 -9.690407e-03 1.100000e-02)	8
1.55359       	omega         	1.329024e+02	(1.107815e+00 -9.498676e-02 1.100000e-02)	9	5.430720e+05	(8.844358e-03 1.555013e-02 1.100000e-02)	0
1.55397       	U             	(-1.126610e+00 4.423228e-02 -2.217165e-27)	(1.632474e-02 1.585275e-02 1.100000e-02)	0	(1.143313e+01 8.441908e-01 2.182951e-27)	(8.957020e-03 1.838875e-02 1.100000e-02)	0
1.55397       	k             	2.922230e-04	(1.561886e-02 1.468819e-02 1.100000e-02)	0	1.273374e+01	(-1.505568e-01 1.059942e-05 1.100000e-02)	4
1.55397       	p_rgh         	1.682818e+03	(3.282596e-02 1.429876e-02 1.100000e-02)	1	7.056122e+04	(1.111600e+00 -9.690407e-03 1.100000e-02)	8
1.55397       	omega         	1.329721e+02	(1.107815e+00 -9.498676e-02 1.100000e-02)	9	5.430720e+05	(8.844358e-03 1.555013e-02 1.100000e-02)	0
1.55435       	U             	(-8.953912e-01 3.945219e-02 -1.014139e-26)	(7.420919e-03 1.581542e-02 1.100000e-02)	0	(1.088809e+01 3.011138e+00 5.005465e-27)	(8.636733e-04 1.690622e-02 1.100000e-02)	2
1.55435       	k             	2.922230e-04	(1.561886e-02 1.468819e-02 1.100000e-02)	0	1.505819e+01	(2.783819e-02 1.511482e-02 1.100000e-02)	1
1.55435       	p_rgh         	1.676825e+03	(3.375817e-02 1.428351e-02 1.100000e-02)	1	7.052473e+04	(1.111600e+00 -9.690407e-03 1.100000e-02)	8
1.55435       	omega         	1.330455e+02	(1.107815e+00 -9.498676e-02 1.100000e-02)	9	5.430720e+05	(8.844358e-03 1.555013e-02 1.100000e-02)	0
1.55474       	U             	(-1.599220e+00 -1.606728e-02 -1.629233e-26)	(2.371045e-02 1.365061e-02 1.100000e-02)	1	(1.164261e+01 1.160672e+00 1.302718e-27)	(7.168677e-03 1.824380e-02 1.100000e-02)	0
1.55474       	k             	2.922230e-04	(1.561886e-02 1.468819e-02 1.100000e-02)	0	1.674466e+01	(3.132992e-02 1.501367e-02 1.100000e-02)	1
1.55474       	p_rgh         	1.667149e+03	(3.406384e-02 1.405170e-02 1.100000e-02)	1	7.048909e+04	(1.111600e+00 -9.690407e-03 1.100000e-02)	8
1.55474       	omega         	1.331227e+02	(1.107815e+00 -9.498676e-02 1.100000e-02)	9	5.430720e+05	(8.844358e-03 1.555013e-02 1.100000e-02)	0
1.55512       	U             	(-3.621613e+00 -6.176490e-01 -1.155309e-26)	(3.467155e-02 1.335260e-02 1.100000e-02)	1	(1.166194e+01 1.131644e+00 1.171033e-27)	(7.168677e-03 1.824380e-02 1.100000e-02)	0
1.55512       	k             	2.922230e-04	(1.561886e-02 1.468819e-02 1.100000e-02)	0	1.302985e+01	(3.133415e-02 1.512781e-02 1.100000e-02)	1
1.55512       	p_rgh         	1.664593e+03	(3.436046e-02 1.352778e-02 1.100000e-02)	1	7.044250e+04	(1.111600e+00 -9.690407e-03 1.100000e-02)	8
1.55512       	omega         	1.332034e+02	(1.107815e+00 -9.498676e-02 1.100000e-02)	9	5.430720e+05	(8.844358e-03 1.555013e-02 1.100000e-02)	0
1.5555        	U             	(-1.427971e+00 1.708824e-02 -1.331930e-28)	(1.788975e-02 1.540074e-02 1.100000e-02)	0	(1.114588e+01 2.981368e+00 5.726390e-27)	(-1.071475e-04 1.762649e-02 1.100000e-02)	2
1.5555        	k             	2.922230e-04	(1.561886e-02 1.468819e-02 1.100000e-02)	0	1.273384e+01	(-1.505568e-01 1.059942e-05 1.100000e-02)	4
1.5555        	p_rgh         	1.657906e+03	(3.564602e-02 1.367833e-02 1.100000e-02)	1	7.039221e+04	(1.111600e+00 -9.690407e-03 1.100000e-02)	8
1.5555        	omega         	1.332875e+02	(1.107815e+00 -9.498676e-02 1.100000e-02)	9	5.430720e+05	(8.844358e-03 1.555013e-02 1.100000e-02)	0
1.55589       	U             	(-2.275379e+00 -3.989862e-01 -2.419711e-27)	(3.724605e-02 1.263209e-02 1.100000e-02)	1	(1.222887e+01 1.366911e+00 8.644143e-28)	(7.077043e-03 2.028462e-02 1.100000e-02)	0
1.55589       	k             	2.922230e-04	(1.561886e-02 1.468819e-02 1.100000e-02)	0	1.424758e+01	(2.814491e-02 1.574971e-02 1.100000e-02)	1
1.55589       	p_rgh         	1.647680e+03	(3.629319e-02 1.359785e-02 1.100000e-02)	1	7.034431e+04	(1.111600e+00 -9.690407e-03 1.100000e-02)	8
1.55589       	omega         	1.333750e+02	(1.107815e+00 -9.498676e-02 1.100000e-02)	9	5.430720e+05	(8.844358e-03 1.555013e-02 1.100000e-02)	0
1.55628       	U             	(-2.656949e+00 -5.650279e-02 -9.358495e-28)	(3.823727e-02 1.228780e-02 1.100000e-02)	1	(1.219037e+01 1.422142e+00 8.319301e-28)	(7.077043e-03 2.028462e-02 1.100000e-02)	0
1.55628       	k             	2.922230e-04	(1.561886e-02 1.468819e-02 1.100000e-02)	0	1.273391e+01	(-1.505568e-01 1.059942e-05 1.100000e-02)	4
1.55628       	p_rgh         	1.636872e+03	(3.728667e-02 1.374814e-02 1.100000e-02)	1	7.029901e+04	(1.111600e+00 -9.690407e-03 1.100000e-02)	8
1.55628       	omega         	1.334658e+02	(1.107815e+00 -9.498676e-02 1.100000e-02)	9	5.430720e+05	(8.844358e-03 1.555013e-02 1.100000e-02)	0
1.55667       	U             	(-2.887444e+00 -8.017444e-02 -1.184329e-27)	(3.959004e-02 1.200437e-02 1.100000e-02)	1	(1.108442e+01 2.988873e+00 5.601893e-27)	(-1.071475e-04 1.762649e-02 1.100000e-02)	2
1.55667       	k             	2.922230e-04	(1.561886e-02 1.468819e-02 1.100000e-02)	0	1.393087e+01	(3.502690e-02 1.434033e-02 1.100000e-02)	1
1.55667       	p_rgh         	1.659107e+03	(3.629636e-02 1.368449e-02 1.100000e-02)	1	7.025563e+04	(1.111600e+00 -9.690407e-03 1.100000e-02)	8
1.55667       	omega         	1.335593e+02	(1.107815e+00 -9.498676e-02 1.100000e-02)	9	5.430720e+05	(8.844358e-03 1.555013e-02 1.100000e-02)	0
1.55706       	U             	(-5.999546e-01 -3.803242e-02 -3.885752e-27)	(8.124297e-03 1.566164e-02 1.100000e-02)	0	(1.139113e+01 1.398015e+00 8.542360e-28)	(7.168677e-03 1.824380e-02 1.100000e-02)	0
1.55706       	k             	2.922230e-04	(1.561886e-02 1.468819e-02 1.100000e-02)	0	1.525576e+01	(3.599826e-02 1.444600e-02 1.100000e-02)	1
1.55706       	p_rgh         	1.632359e+03	(3.762546e-02 1.391358e-02 1.100000e-02)	1	7.020949e+04	(1.111600e+00 -9.690407e-03 1.100000e-02)	8
1.55706       	omega         	1.336551e+02	(1.107815e+00 -9.498676e-02 1.100000e-02)	9	5.430720e+05	(8.844358e-03 1.555013e-02 1.100000e-02)	0
1.55745       	U             	(-1.315986e+00 -2.333362e-01 -4.036939e-27)	(6.739702e-03 1.615563e-02 1.100000e-02)	0	(1.140421e+01 1.392434e+00 8.770780e-28)	(7.168677e-03 1.824380e-02 1.100000e-02)	0
1.55745       	k             	2.922230e-04	(1.561886e-02 1.468819e-02 1.100000e-02)	0	1.273393e+01	(-1.505568e-01 1.059942e-05 1.100000e-02)	4
1.55745       	p_rgh         	1.630157e+03	(3.793515e-02 1.322967e-02 1.100000e-02)	1	7.015981e+04	(1.111600e+00 -9.690407e-03 1.100000e-02)	8
1.55745       	omega         	1.337523e+02	(1.107815e+00 -9.572856e-02 1.100000e-02)	9	5.430720e+05	(8.844358e-03 1.555013e-02 1.100000e-02)	0
1.55784       	U             	(-1.060292e+00 -1.370972e-01 -5.698559e-27)	(7.263415e-03 1.625551e-02 1.100000e-02)	0	(1.216005e+01 1.447735e+00 8.523707e-28)	(7.077043e-03 2.028462e-02 1.100000e-02)	0
1.55784       	k             	2.922230e-04	(1.561886e-02 1.468819e-02 1.100000e-02)	0	1.273394e+01	(-1.505568e-01 1.059942e-05 1.100000e-02)	4
1.55784       	p_rgh         	1.629835e+03	(3.861556e-02 1.339674e-02 1.100000e-02)	1	7.011161e+04	(1.111600e+00 -9.690407e-03 1.100000e-02)	8
1.55784       	omega         	1.338468e+02	(1.107815e+00 -9.572856e-02 1.100000e-02)	9	5.430720e+05	(8.844358e-03 1.555013e-02 1.100000e-02)	0
1.55823       	U             	(-1.044883e+00 -4.243814e-01 -2.530640e-26)	(7.432299e-03 1.610071e-02 1.100000e-02)	0	(1.133276e+01 1.398489e+00 8.680059e-28)	(7.168677e-03 1.824380e-02 1.100000e-02)	0
1.55823       	k             	2.922230e-04	(1.561886e-02 1.468819e-02 1.100000e-02)	0	1.273395e+01	(-1.505568e-01 1.059942e-05 1.100000e-02)	4
1.55823       	p_rgh         	1.627307e+03	(3.895717e-02 1.344610e-02 1.100000e-02)	1	7.008180e+04	(1.111600e+00 -1.174524e-01 1.100000e-02)	9
1.55823       	omega         	1.339427e+02	(1.107815e+00 -9.572856e-02 1.100000e-02)	9	5.430720e+05	(8.844358e-03 1.555013e-02 1.100000e-02)	0
1.55862       	U             	(-3.512888e-01 -1.170787e+00 -4.954429e-26)	(7.431107e-03 1.607082e-02 1.100000e-02)	0	(1.131346e+01 1.378080e+00 8.586972e-28)	(7.168677e-03 1.824380e-02 1.100000e-02)	0
1.55862       	k             	2.922230e-04	(1.561886e-02 1.468819e-02 1.100000e-02)	0	1.273396e+01	(-1.505568e-01 1.059942e-05 1.100000e-02)	4
1.55862       	p_rgh         	1.624944e+03	(3.964622e-02 1.355869e-02 1.100000e-02)	1	7.010538e+04	(1.111600e+00 -1.174524e-01 1.100000e-02)	9
1.55862       	omega         	1.340395e+02	(1.107815e+00 -9.572856e-02 1.100000e-02)	9	5.430720e+05	(8.844358e-03 1.555013e-02 1.100000e-02)	0
1.55901       	U             	(-9.300320e-01 -1.321991e+00 -3.719188e-26)	(7.074146e-03 1.587683e-02 1.100000e-02)	0	(1.106176e+01 2.985600e+00 5.531153e-27)	(-1.071475e-04 1.762649e-02 1.100000e-02)	2
1.55901       	k             	2.922230e-04	(1.561886e-02 1.468819e-02 1.100000e-02)	0	1.273397e+01	(-1.505568e-01 1.059942e-05 1.100000e-02)	4
1.55901       	p_rgh         	1.621633e+03	(3.895069e-02 1.326734e-02 1.100000e-02)	1	7.013013e+04	(1.111600e+00 -1.175718e-01 1.100000e-02)	9
1.55901       	omega         	1.339367e+02	(1.032286e+00 -3.360352e-02 1.100000e-02)	8	5.430720e+05	(8.844358e-03 1.555013e-02 1.100000e-02)	0
1.5594        	U             	(-1.634296e+00 -9.777576e-01 -9.645800e-26)	(7.607422e-03 1.607925e-02 1.100000e-02)	0	(1.133623e+01 1.379833e+00 9.037234e-28)	(7.168677e-03 1.824380e-02 1.100000e-02)	0
1.5594        	k             	2.922230e-04	(1.561886e-02 1.468819e-02 1.100000e-02)	0	1.273397e+01	(-1.505568e-01 1.059942e-05 1.100000e-02)	4
1.5594        	p_rgh         	1.619068e+03	(3.894476e-02 1.310355e-02 1.100000e-02)	1	7.015623e+04	(1.111600e+00 -1.176861e-01 1.100000e-02)	9
1.5594        	omega         	1.337632e+02	(1.032286e+00 -3.360352e-02 1.100000e-02)	8	5.430720e+05	(8.844358e-03 1.555013e-02 1.100000e-02)	0
1.5598        	U             	(-1.088063e+00 -8.553974e-01 -1.516634e-26)	(7.607422e-03 1.607925e-02 1.100000e-02)	0	(5.979022e+00 1.109274e+00 1.062148e-26)	(1.061804e-01 1.146539e-02 1.100000e-02)	5
1.5598        	k             	2.922230e-04	(1.561886e-02 1.468819e-02 1.100000e-02)	0	1.273397e+01	(-1.505568e-01 1.059942e-05 1.100000e-02)	4
1.5598        	p_rgh         	1.620450e+03	(3.894198e-02 1.302686e-02 1.100000e-02)	1	7.018308e+04	(1.111600e+00 -1.177955e-01 1.100000e-02)	9
1.5598        	omega         	1.335841e+02	(1.032290e+00 -3.229898e-02 1.100000e-02)	8	5.430720e+05	(8.844358e-03 1.555013e-02 1.100000e-02)	0
1.56019       	U             	(-1.447487e+00 -3.509510e-01 -5.836794e-28)	(6.897773e-03 1.579861e-02 1.100000e-02)	0	(1.104728e+01 2.988414e+00 5.434431e-27)	(-1.071475e-04 1.762649e-02 1.100000e-02)	2
1.56019       	k             	2.922230e-04	(1.561886e-02 1.468819e-02 1.100000e-02)	0	1.273397e+01	(-1.505568e-01 1.059942e-05 1.100000e-02)	4
1.56019       	p_rgh         	1.623745e+03	(3.894198e-02 1.302686e-02 1.100000e-02)	1	7.020968e+04	(1.111600e+00 -1.179002e-01 1.100000e-02)	9
1.56019       	omega         	1.333906e+02	(1.032290e+00 -3.229898e-02 1.100000e-02)	8	5.430720e+05	(8.844358e-03 1.555013e-02 1.100000e-02)	0
1.56058       	U             	(-1.117217e+00 -1.535869e+00 -1.237591e-25)	(8.315958e-03 1.596228e-02 1.100000e-02)	0	(2.247507e+00 7.606740e-01 1.636920e-26)	(1.160664e-01 6.134703e-03 1.100000e-02)	7
1.56058       	k             	2.922230e-04	(1.561886e-02 1.468819e-02 1.100000e-02)	0	1.273398e+01	(-1.505568e-01 1.059942e-05 1.100000e-02)	4
1.56058       	p_rgh         	1.629070e+03	(3.860368e-02 1.306921e-02 1.100000e-02)	1	7.023270e+04	(1.111600e+00 -1.179002e-01 1.100000e-02)	9
1.56058       	omega         	1.332275e+02	(1.032290e+00 -3.229898e-02 1.100000e-02)	8	5.430720e+05	(8.844358e-03 1.555013e-02 1.100000e-02)	0
1.56097       	U             	(-1.511791e+00 -7.863462e-01 -3.044914e-27)	(1.110714e-02 1.545942e-02 1.100000e-02)	0	(1.189044e+01 1.549339e+00 5.088108e-28)	(6.672874e-03 1.877018e-02 1.100000e-02)	0
1.56097       	k             	2.922230e-04	(1.561886e-02 1.468819e-02 1.100000e-02)	0	1.273398e+01	(-1.505568e-01 1.059942e-05 1.100000e-02)	4
1.56097       	p_rgh         	1.630915e+03	(3.827283e-02 1.326777e-02 1.100000e-02)	1	7.025526e+04	(1.111600e+00 -1.179002e-01 1.100000e-02)	9
1.56097       	omega         	1.330287e+02	(1.039840e+00 -3.415296e-02 1.100000e-02)	8	5.430720e+05	(8.844358e-03 1.555013e-02 1.100000e-02)	0
1.56137       	U             	(-3.065189e+00 -1.009131e+00 -7.087586e-26)	(7.080316e-03 1.603133e-02 1.100000e-02)	0	(1.133237e+01 1.398294e+00 8.973938e-28)	(7.168677e-03 1.824380e-02 1.100000e-02)	0
1.56137       	k             	2.922230e-04	(1.561886e-02 1.468819e-02 1.100000e-02)	0	1.273398e+01	(-1.505568e-01 1.059942e-05 1.100000e-02)	4
1.56137       	p_rgh         	1.630217e+03	(3.793237e-02 1.315325e-02 1.100000e-02)	1	7.027957e+04	(1.111600e+00 -1.179002e-01 1.100000e-02)	9
1.56137       	omega         	1.328476e+02	(1.039840e+00 -3.415296e-02 1.100000e-02)	8	5.430720e+05	(8.844358e-03 1.555013e-02 1.100000e-02)	0
1.56176       	U             	(-1.554744e+00 -1.363821e-01 -1.749243e-27)	(6.897773e-03 1.579861e-02 1.100000e-02)	0	(9.698601e-01 3.135481e-01 9.118116e-26)	(1.071974e-02 1.546457e-02 1.100000e-02)	0
1.56176       	k             	2.922230e-04	(1.561886e-02 1.468819e-02 1.100000e-02)	0	1.273398e+01	(-1.505568e-01 1.059942e-05 1.100000e-02)	4
1.56176       	p_rgh         	1.635196e+03	(3.827902e-02 1.343850e-02 1.100000e-02)	1	7.030286e+04	(1.111600e+00 -1.180004e-01 1.100000e-02)	9
1.56176       	omega         	1.326940e+02	(1.039840e+00 -3.415296e-02 1.100000e-02)	8	5.430720e+05	(8.844358e-03 1.555013e-02 1.100000e-02)	0
1.56215       	U             	(-1.826574e+00 -3.397338e-01 -5.200883e-27)	(6.726276e-03 1.581986e-02 1.100000e-02)	0	(3.416019e+00 5.774292e-01 2.635004e-26)	(2.187935e-01 -4.622657e-03 1.100000e-02)	7
1.56215       	k             	2.922230e-04	(1.561886e-02 1.468819e-02 1.100000e-02)	0	1.273398e+01	(-1.505568e-01 1.059942e-05 1.100000e-02)	4
1.56215       	p_rgh         	1.633683e+03	(3.794424e-02 1.348003e-02 1.100000e-02)	1	7.032488e+04	(1.111600e+00 -1.179002e-01 1.100000e-02)	9
1.56215       	omega         	1.325024e+02	(1.039844e+00 -3.284514e-02 1.100000e-02)	8	5.430720e+05	(8.844358e-03 1.555013e-02 1.100000e-02)	0
1.56254       	U             	(-1.671043e+00 -4.807583e-01 4.645334e-29)	(6.555674e-03 1.584099e-02 1.100000e-02)	0	(9.297738e+00 6.170970e-01 9.346865e-27)	(1.200075e-02 1.816141e-02 1.100000e-02)	0
1.56254       	k             	2.922230e-04	(1.561886e-02 1.468819e-02 1.100000e-02)	0	1.273398e+01	(-1.505568e-01 1.059942e-05 1.100000e-02)	4
1.56254       	p_rgh         	1.636882e+03	(3.727082e-02 1.331266e-02 1.100000e-02)	1	7.034608e+04	(1.111600e+00 -1.179002e-01 1.100000e-02)	9
1.56254       	omega         	1.323310e+02	(1.039844e+00 -3.284514e-02 1.100000e-02)	8	5.430720e+05	(8.844358e-03 1.555013e-02 1.100000e-02)	0
1.56294       	U             	(-4.189205e+00 2.520902e+00 4.279301e-28)	(6.555674e-03 1.584099e-02 1.100000e-02)	0	(1.106205e+01 2.991764e+00 5.465926e-27)	(-1.071475e-04 1.762649e-02 1.100000e-02)	2
1.56294       	k             	2.922230e-04	(1.561886e-02 1.468819e-02 1.100000e-02)	0	1.384010e+01	(1.139279e-02 1.775455e-02 1.100000e-02)	0
1.56294       	p_rgh         	1.639483e+03	(3.694415e-02 1.343339e-02 1.100000e-02)	1	7.036920e+04	(1.111600e+00 -1.177955e-01 1.100000e-02)	9
1.56294       	omega         	1.321273e+02	(1.047394e+00 -3.470241e-02 1.100000e-02)	8	5.430720e+05	(8.844358e-03 1.555013e-02 1.100000e-02)	0
1.56333       	U             	(-1.657133e+00 -4.051726e-01 -2.651124e-27)	(9.027265e-03 1.553481e-02 1.100000e-02)	0	(1.106509e+01 2.991961e+00 5.464378e-27)	(-1.071475e-04 1.762649e-02 1.100000e-02)	2
1.56333       	k             	2.922230e-04	(1.561886e-02 1.468819e-02 1.100000e-02)	0	1.399927e+01	(1.119843e-02 1.777747e-02 1.100000e-02)	0
1.56333       	p_rgh         	1.625474e+03	(3.830126e-02 1.405140e-02 1.100000e-02)	1	7.039639e+04	(1.111600e+00 -1.177955e-01 1.100000e-02)	9
1.56333       	omega         	1.319399e+02	(1.047394e+00 -3.470241e-02 1.100000e-02)	8	5.430720e+05	(8.844358e-03 1.555013e-02 1.100000e-02)	0
1.56372       	U             	(-2.420459e+00 -1.063997e-01 -2.003490e-27)	(9.027265e-03 1.553481e-02 1.100000e-02)	0	(7.631608e+00 2.941076e-01 1.056073e-26)	(1.152414e-01 1.343903e-02 1.100000e-02)	5
1.56372       	k             	2.922230e-04	(1.561886e-02 1.468819e-02 1.100000e-02)	0	1.651257e+01	(6.217135e-03 1.588293e-02 1.100000e-02)	2
1.56372       	p_rgh         	1.620699e+03	(3.898884e-02 1.432066e-02 1.100000e-02)	1	7.042300e+04	(1.111600e+00 -1.176861e-01 1.100000e-02)	9
1.56372       	omega         	1.317794e+02	(1.047394e+00 -3.470241e-02 1.100000e-02)	8	5.430720e+05	(8.844358e-03 1.555013e-02 1.100000e-02)	0
1.56411       	U             	(-2.019364e+00 -3.235606e-01 -3.205656e-26)	(1.585184e-02 1.504542e-02 1.100000e-02)	0	(7.748699e+00 2.569268e-01 1.006188e-26)	(1.163421e-01 1.412954e-02 1.100000e-02)	5
1.56411       	k             	2.922230e-04	(1.561886e-02 1.468819e-02 1.100000e-02)	0	1.411786e+01	(1.023301e-02 1.767063e-02 1.100000e-02)	0
1.56411       	p_rgh         	1.617539e+03	(3.932457e-02 1.415934e-02 1.100000e-02)	1	7.044734e+04	(1.111600e+00 -1.176861e-01 1.100000e-02)	9
1.56411       	omega         	1.316220e+02	(1.047397e+00 -3.339129e-02 1.100000e-02)	8	5.430720e+05	(8.844358e-03 1.555013e-02 1.100000e-02)	0
1.5645        	U             	(-1.325539e+00 -1.208749e+00 -4.740061e-26)	(9.036412e-03 1.576544e-02 1.100000e-02)	0	(1.105731e+01 2.995453e+00 5.316536e-27)	(-1.071475e-04 1.762649e-02 1.100000e-02)	2
1.5645        	k             	2.922230e-04	(1.561886e-02 1.468819e-02 1.100000e-02)	0	1.362890e+01	(9.857168e-03 1.771440e-02 1.100000e-02)	0
1.5645        	p_rgh         	1.616357e+03	(3.966643e-02 1.411787e-02 1.100000e-02)	1	7.047274e+04	(1.111600e+00 -1.177955e-01 1.100000e-02)	9
1.5645        	omega         	1.314427e+02	(1.047397e+00 -3.339129e-02 1.100000e-02)	8	5.430720e+05	(8.844358e-03 1.555013e-02 1.100000e-02)	0
1.56489       	U             	(3.539897e-02 -7.848227e-01 -1.851864e-26)	(7.244063e-03 1.577063e-02 1.100000e-02)	0	(1.136078e+01 1.428362e+00 8.662407e-28)	(7.168677e-03 1.824380e-02 1.100000e-02)	0
1.56489       	k             	2.922230e-04	(1.561886e-02 1.468819e-02 1.100000e-02)	0	1.274979e+01	(9.481021e-03 1.765193e-02 1.100000e-02)	0
1.56489       	p_rgh         	1.614883e+03	(4.001008e-02 1.407613e-02 1.100000e-02)	1	7.049708e+04	(1.111600e+00 -1.179002e-01 1.100000e-02)	9
1.56489       	omega         	1.312348e+02	(1.054947e+00 -3.525186e-02 1.100000e-02)	8	5.430720e+05	(8.844358e-03 1.555013e-02 1.100000e-02)	0
1.56529       	U             	(-3.709736e-01 -8.642833e-01 -2.299723e-26)	(7.244063e-03 1.577063e-02 1.100000e-02)	0	(1.115261e+01 1.133884e+00 1.381815e-27)	(8.957020e-03 1.838875e-02 1.100000e-02)	0
1.56529       	k             	2.922230e-04	(1.561886e-02 1.468819e-02 1.100000e-02)	0	1.273398e+01	(-1.505568e-01 1.059942e-05 1.100000e-02)	4
1.56529       	p_rgh         	1.621976e+03	(3.966219e-02 1.400043e-02 1.100000e-02)	1	7.051489e+04	(1.111600e+00 -1.180004e-01 1.100000e-02)	9
1.56529       	omega         	1.310419e+02	(1.054947e+00 -3.525186e-02 1.100000e-02)	8	5.430720e+05	(8.844358e-03 1.555013e-02 1.100000e-02)	0
1.56568       	U             	(-1.869621e+00 -1.765538e-01 -2.465816e-27)	(6.726276e-03 1.581986e-02 1.100000e-02)	0	(-1.123341e+00 1.658668e+00 8.895469e-26)	(6.556266e-03 1.585580e-02 1.100000e-02)	0
1.56568       	k             	2.922230e-04	(1.561886e-02 1.468819e-02 1.100000e-02)	0	1.275335e+01	(1.320249e-02 1.789712e-02 1.100000e-02)	0
1.56568       	p_rgh         	1.667617e+03	(3.669634e-02 1.566965e-02 1.100000e-02)	1	7.052993e+04	(1.111600e+00 -1.180963e-01 1.100000e-02)	9
1.56568       	omega         	1.308751e+02	(1.054947e+00 -3.525186e-02 1.100000e-02)	8	5.430720e+05	(8.844358e-03 1.555013e-02 1.100000e-02)	0
1.56607       	U             	(-1.984862e+00 -4.245414e-01 8.578219e-29)	(6.555674e-03 1.584099e-02 1.100000e-02)	0	(1.106404e+01 2.990471e+00 5.196720e-27)	(-1.071475e-04 1.762649e-02 1.100000e-02)	2
1.56607       	k             	2.922230e-04	(1.561886e-02 1.468819e-02 1.100000e-02)	0	1.339556e+01	(1.238916e-02 1.787074e-02 1.100000e-02)	0
1.56607       	p_rgh         	1.623458e+03	(3.969928e-02 1.502666e-02 1.100000e-02)	1	7.055486e+04	(1.111600e+00 -1.181882e-01 1.100000e-02)	9
1.56607       	omega         	1.307341e+02	(1.054947e+00 -3.525186e-02 1.100000e-02)	8	5.430720e+05	(8.844358e-03 1.555013e-02 1.100000e-02)	0
1.56646       	U             	(-2.567179e+00 1.316985e-02 1.132099e-28)	(6.555674e-03 1.584099e-02 1.100000e-02)	0	(5.907796e+00 8.778358e-01 8.528291e-27)	(1.139730e-02 1.786900e-02 1.100000e-02)	0
1.56646       	k             	2.922230e-04	(1.561886e-02 1.468819e-02 1.100000e-02)	0	1.335231e+01	(1.159269e-02 1.784604e-02 1.100000e-02)	0
1.56646       	p_rgh         	1.661969e+03	(3.901228e-02 1.496791e-02 1.100000e-02)	1	7.056509e+04	(1.111600e+00 -1.182761e-01 1.100000e-02)	9
1.56646       	omega         	1.305624e+02	(1.054951e+00 -3.393745e-02 1.100000e-02)	8	5.430720e+05	(8.844358e-03 1.555013e-02 1.100000e-02)	0
1.56685       	U             	(-2.946209e-01 -5.202228e-01 -2.538252e-27)	(7.074146e-03 1.587683e-02 1.100000e-02)	0	(4.226621e+00 3.302088e-01 5.743356e-27)	(1.139279e-02 1.775455e-02 1.100000e-02)	0
1.56685       	k             	2.922230e-04	(1.561886e-02 1.468819e-02 1.100000e-02)	0	1.276210e+01	(1.080833e-02 1.771154e-02 1.100000e-02)	0
1.56685       	p_rgh         	1.636651e+03	(3.967525e-02 1.436166e-02 1.100000e-02)	1	7.057623e+04	(1.111600e+00 -1.183602e-01 1.100000e-02)	9
1.56685       	omega         	1.303536e+02	(1.062501e+00 -3.580131e-02 1.100000e-02)	8	5.430720e+05	(8.844358e-03 1.555013e-02 1.100000e-02)	0
1.56724       	U             	(-1.728244e+00 -3.912480e-01 1.247526e-28)	(6.555674e-03 1.584099e-02 1.100000e-02)	0	(9.883427e+00 1.186703e+00 1.150910e-27)	(8.031466e-03 1.782024e-02 1.100000e-02)	0
1.56724       	k             	2.922230e-04	(1.561886e-02 1.468819e-02 1.100000e-02)	0	1.337232e+01	(1.023301e-02 1.767063e-02 1.100000e-02)	0
1.56724       	p_rgh         	1.734313e+03	(2.874179e-02 1.645960e-02 1.100000e-02)	1	7.057770e+04	(1.111600e+00 -1.183602e-01 1.100000e-02)	9
1.56724       	omega         	1.301570e+02	(1.062501e+00 -3.580131e-02 1.100000e-02)	8	5.430720e+05	(8.844358e-03 1.555013e-02 1.100000e-02)	0
1.56763       	U             	(-2.369335e+00 -1.000717e+00 0.000000e+00)	(1.150957e-02 1.573264e-02 1.100000e-02)	0	(1.124206e+01 1.051630e+00 2.020484e-27)	(8.957020e-03 1.838875e-02 1.100000e-02)	0
1.56763       	k             	2.922230e-04	(1.561886e-02 1.468819e-02 1.100000e-02)	0	1.585484e+01	(9.670698e-03 1.773599e-02 1.100000e-02)	0
1.56763       	p_rgh         	1.804535e+03	(2.046433e-02 1.455924e-02 1.100000e-02)	1	7.058107e+04	(1.111600e+00 -1.184408e-01 1.100000e-02)	9
1.56763       	omega         	1.299861e+02	(1.062501e+00 -3.580131e-02 1.100000e-02)	8	5.430720e+05	(8.844358e-03 1.555013e-02 1.100000e-02)	0
1.56802       	U             	(-9.804425e-01 -4.137605e-01 0.000000e+00)	(7.072028e-03 1.582379e-02 1.100000e-02)	0	(1.106487e+01 2.984163e+00 5.311191e-27)	(-1.071475e-04 1.762649e-02 1.100000e-02)	2
1.56802       	k             	2.922230e-04	(1.561886e-02 1.468819e-02 1.100000e-02)	0	1.437538e+01	(9.296492e-03 1.767335e-02 1.100000e-02)	0
1.56802       	p_rgh         	1.839279e+03	(1.904035e-02 1.499111e-02 1.100000e-02)	0	7.058316e+04	(1.111600e+00 -1.185179e-01 1.100000e-02)	9
1.56802       	omega         	1.298404e+02	(1.062501e+00 -3.580131e-02 1.100000e-02)	8	5.430720e+05	(8.844358e-03 1.555013e-02 1.100000e-02)	0
1.56841       	U             	(-3.175508e+00 -3.107002e-01 -8.034343e-27)	(1.131141e-02 1.568644e-02 1.100000e-02)	0	(1.108488e+01 2.979677e+00 5.460098e-27)	(-1.071475e-04 1.762649e-02 1.100000e-02)	2
1.56841       	k             	2.922230e-04	(1.561886e-02 1.468819e-02 1.100000e-02)	0	1.273394e+01	(-1.505568e-01 1.059942e-05 1.100000e-02)	4
1.56841       	p_rgh         	1.853036e+03	(1.627723e-02 1.462609e-02 1.100000e-02)	0	7.057930e+04	(1.111600e+00 -1.185179e-01 1.100000e-02)	9
1.56841       	omega         	1.296927e+02	(1.062504e+00 -3.448361e-02 1.100000e-02)	8	5.430720e+05	(8.844358e-03 1.555013e-02 1.100000e-02)	0
1.5688        	U             	(-5.842626e-01 -2.454920e-01 -2.799889e-27)	(1.090906e-02 1.536361e-02 1.100000e-02)	0	(1.109617e+01 2.980207e+00 5.440388e-27)	(-1.071475e-04 1.762649e-02 1.100000e-02)	2
1.5688        	k             	2.922230e-04	(1.561886e-02 1.468819e-02 1.100000e-02)	0	1.273393e+01	(-1.505568e-01 1.059942e-05 1.100000e-02)	4
1.5688        	p_rgh         	1.835696e+03	(1.679855e-02 1.656586e-02 1.100000e-02)	0	7.058276e+04	(1.111600e+00 -1.185917e-01 1.100000e-02)	9
1.5688        	omega         	1.294983e+02	(1.070055e+00 -3.635075e-02 1.100000e-02)	8	5.430720e+05	(8.844358e-03 1.555013e-02 1.100000e-02)	0
1.56918       	U             	(-1.566137e+00 -2.085234e-01 -2.463084e-27)	(9.790307e-03 1.602411e-02 1.100000e-02)	0	(1.110771e+01 2.978872e+00 5.470788e-27)	(-1.071475e-04 1.762649e-02 1.100000e-02)	2
1.56918       	k             	2.922230e-04	(1.561886e-02 1.468819e-02 1.100000e-02)	0	1.273391e+01	(-1.505568e-01 1.059942e-05 1.100000e-02)	4
1.56918       	p_rgh         	1.827700e+03	(1.771739e-02 1.688575e-02 1.100000e-02)	0	7.058096e+04	(1.111600e+00 -1.185917e-01 1.100000e-02)	9
1.56918       	omega         	1.293010e+02	(1.070055e+00 -3.635075e-02 1.100000e-02)	8	5.430720e+05	(8.844358e-03 1.555013e-02 1.100000e-02)	0
1.56957       	U             	(-1.722602e+00 -3.023878e-01 -4.479114e-27)	(9.419960e-03 1.611029e-02 1.100000e-02)	0	(1.111611e+01 2.979065e+00 5.416787e-27)	(-1.071475e-04 1.762649e-02 1.100000e-02)	2
1.56957       	k             	2.922230e-04	(1.561886e-02 1.468819e-02 1.100000e-02)	0	1.273391e+01	(-1.505568e-01 1.059942e-05 1.100000e-02)	4
1.56957       	p_rgh         	1.820250e+03	(1.839809e-02 1.658209e-02 1.100000e-02)	0	7.057662e+04	(1.111600e+00 -1.185917e-01 1.100000e-02)	9
1.56957       	omega         	1.291283e+02	(1.070055e+00 -3.635075e-02 1.100000e-02)	8	5.430720e+05	(8.844358e-03 1.555013e-02 1.100000e-02)	0
1.56995       	U             	(-1.935961e+00 -1.407240e-01 -6.043772e-28)	(9.051865e-03 1.615507e-02 1.100000e-02)	0	(1.112483e+01 2.980853e+00 5.429701e-27)	(-1.071475e-04 1.762649e-02 1.100000e-02)	2
1.56995       	k             	2.922230e-04	(1.561886e-02 1.468819e-02 1.100000e-02)	0	1.273392e+01	(-1.505568e-01 1.059942e-05 1.100000e-02)	4
1.56995       	p_rgh         	1.811319e+03	(1.933821e-02 1.657818e-02 1.100000e-02)	0	7.057087e+04	(1.111600e+00 -1.185917e-01 1.100000e-02)	9
1.56995       	omega         	1.289795e+02	(1.070055e+00 -3.635075e-02 1.100000e-02)	8	5.430720e+05	(8.844358e-03 1.555013e-02 1.100000e-02)	0
1.57034       	U             	(-1.661975e+00 -3.066025e-02 -9.511461e-27)	(8.682949e-03 1.608222e-02 1.100000e-02)	0	(1.114303e+01 2.976519e+00 5.529171e-27)	(-1.071475e-04 1.762649e-02 1.100000e-02)	2
1.57034       	k             	2.922230e-04	(1.561886e-02 1.468819e-02 1.100000e-02)	0	1.273389e+01	(-1.505568e-01 1.059942e-05 1.100000e-02)	4
1.57034       	p_rgh         	1.801735e+03	(2.029822e-02 1.657538e-02 1.100000e-02)	1	7.056353e+04	(1.111600e+00 -1.186623e-01 1.100000e-02)	9
1.57034       	omega         	1.288494e+02	(1.070058e+00 -3.502977e-02 1.100000e-02)	8	5.430720e+05	(8.844358e-03 1.555013e-02 1.100000e-02)	0
1.57072       	U             	(-2.323908e+00 -6.849182e-02 -1.132338e-28)	(1.212480e-02 1.624230e-02 1.100000e-02)	0	(1.115326e+01 2.977417e+00 5.581718e-27)	(-1.071475e-04 1.762649e-02 1.100000e-02)	2
1.57072       	k             	2.922230e-04	(1.561886e-02 1.468819e-02 1.100000e-02)	0	1.273388e+01	(-1.505568e-01 1.059942e-05 1.100000e-02)	4
1.57072       	p_rgh         	1.795103e+03	(2.128309e-02 1.669240e-02 1.100000e-02)	1	7.055169e+04	(1.111600e+00 -1.185917e-01 1.100000e-02)	9
1.57072       	omega         	1.286687e+02	(1.077609e+00 -3.690020e-02 1.100000e-02)	8	5.430720e+05	(8.844358e-03 1.555013e-02 1.100000e-02)	0
1.5711        	U             	(-2.502103e+00 -2.339906e-02 -1.747767e-28)	(1.333530e-02 1.603150e-02 1.100000e-02)	0	(1.116813e+01 2.976170e+00 5.646817e-27)	(-1.071475e-04 1.762649e-02 1.100000e-02)	2
1.5711        	k             	2.922230e-04	(1.561886e-02 1.468819e-02 1.100000e-02)	0	1.273387e+01	(-1.505568e-01 1.059942e-05 1.100000e-02)	4
1.5711        	p_rgh         	1.784553e+03	(2.201530e-02 1.625515e-02 1.100000e-02)	1	7.053916e+04	(1.111600e+00 -1.185917e-01 1.100000e-02)	9
1.5711        	omega         	1.284707e+02	(1.077609e+00 -3.690020e-02 1.100000e-02)	8	5.430720e+05	(8.844358e-03 1.555013e-02 1.100000e-02)	0
1.57148       	U             	(-1.917556e+00 -2.037023e-01 -4.696221e-28)	(1.544775e-02 1.589413e-02 1.100000e-02)	0	(1.095094e+01 3.018680e+00 5.044771e-27)	(8.636733e-04 1.690622e-02 1.100000e-02)	2
1.57148       	k             	2.922230e-04	(1.561886e-02 1.468819e-02 1.100000e-02)	0	1.273387e+01	(-1.505568e-01 1.059942e-05 1.100000e-02)	4
1.57148       	p_rgh         	1.777135e+03	(2.303635e-02 1.636310e-02 1.100000e-02)	1	7.052311e+04	(1.111600e+00 -1.185917e-01 1.100000e-02)	9
1.57148       	omega         	1.282965e+02	(1.077609e+00 -3.690020e-02 1.100000e-02)	8	5.430720e+05	(8.844358e-03 1.555013e-02 1.100000e-02)	0
1.57186       	U             	(-2.910613e+00 -1.687603e-01 -8.290708e-28)	(6.583729e-03 1.654217e-02 1.100000e-02)	0	(1.229880e+01 1.043048e+00 3.076730e-27)	(9.910675e-03 1.906708e-02 1.100000e-02)	0
1.57186       	k             	2.922230e-04	(1.561886e-02 1.468819e-02 1.100000e-02)	0	1.273385e+01	(-1.505568e-01 1.059942e-05 1.100000e-02)	4
1.57186       	p_rgh         	1.769033e+03	(2.407461e-02 1.635904e-02 1.100000e-02)	1	7.050879e+04	(1.111600e+00 -1.185179e-01 1.100000e-02)	9
1.57186       	omega         	1.281458e+02	(1.077609e+00 -3.690020e-02 1.100000e-02)	8	5.430720e+05	(8.844358e-03 1.555013e-02 1.100000e-02)	0
1.57224       	U             	(-2.716965e+00 -2.967576e-02 -8.853905e-28)	(7.268068e-03 1.637207e-02 1.100000e-02)	0	(6.745727e-01 8.412172e-01 6.757013e-27)	(1.058919e-02 1.702957e-02 1.100000e-02)	0
1.57224       	k             	2.922230e-04	(1.561886e-02 1.468819e-02 1.100000e-02)	0	1.273384e+01	(-1.505568e-01 1.059942e-05 1.100000e-02)	4
1.57224       	p_rgh         	1.815146e+03	(2.487852e-02 1.664363e-02 1.100000e-02)	1	7.048573e+04	(1.111600e+00 -1.185179e-01 1.100000e-02)	9
1.57224       	omega         	1.280177e+02	(1.077609e+00 -3.690020e-02 1.100000e-02)	8	5.430720e+05	(8.844358e-03 1.555013e-02 1.100000e-02)	0
1.57262       	U             	(-2.647281e+00 -5.647865e-02 -4.490040e-28)	(7.970409e-03 1.628663e-02 1.100000e-02)	0	(3.671792e+00 6.839782e-01 8.576656e-27)	(2.598832e-01 -7.434202e-03 1.100000e-02)	8
1.57262       	k             	2.922230e-04	(1.561886e-02 1.468819e-02 1.100000e-02)	0	1.273382e+01	(-1.505568e-01 1.059942e-05 1.100000e-02)	4
1.57262       	p_rgh         	1.829699e+03	(1.748575e-02 1.680170e-02 1.100000e-02)	0	7.047251e+04	(1.111600e+00 -1.185179e-01 1.100000e-02)	9
1.57262       	omega         	1.278536e+02	(1.077611e+00 -3.557593e-02 1.100000e-02)	8	5.430720e+05	(8.844358e-03 1.555013e-02 1.100000e-02)	0
1.57299       	U             	(-2.637403e+00 -1.473308e-01 -6.877838e-28)	(1.905520e-02 1.537781e-02 1.100000e-02)	0	(1.125731e+01 2.982218e+00 6.435344e-27)	(8.636733e-04 1.690622e-02 1.100000e-02)	2
1.57299       	k             	2.922230e-04	(1.561886e-02 1.468819e-02 1.100000e-02)	0	1.273380e+01	(-1.505568e-01 1.059942e-05 1.100000e-02)	4
1.57299       	p_rgh         	1.825543e+03	(1.817135e-02 1.671898e-02 1.100000e-02)	0	7.168691e+04	(-5.155972e-02 9.546185e-05 1.100000e-02)	4
1.57299       	omega         	1.276983e+02	(1.085163e+00 -3.744965e-02 1.100000e-02)	8	5.430720e+05	(8.844358e-03 1.555013e-02 1.100000e-02)	0
1.57336       	U             	(-2.878136e+00 1.876072e-02 -1.081805e-27)	(1.953596e-02 1.552455e-02 1.100000e-02)	0	(8.884239e+00 2.800865e+00 7.963902e-27)	(1.557828e-03 1.680922e-02 1.100000e-02)	2
1.57336       	k             	2.922230e-04	(1.561886e-02 1.468819e-02 1.100000e-02)	0	1.507204e+01	(1.400846e-03 1.649748e-02 1.100000e-02)	2
1.57336       	p_rgh         	1.825191e+03	(1.911562e-02 1.695124e-02 1.100000e-02)	0	8.170880e+04	(-5.155972e-02 9.546185e-05 1.100000e-02)	4
1.57336       	omega         	1.275243e+02	(1.085163e+00 -3.744965e-02 1.100000e-02)	8	5.430720e+05	(8.844358e-03 1.555013e-02 1.100000e-02)	0
1.57378       	U             	(-1.724699e+00 1.190989e-01 -1.827146e-28)	(1.210189e-02 1.565846e-02 1.100000e-02)	0	(1.081048e+01 1.061819e+00 2.744257e-27)	(1.645641e-02 1.925256e-02 1.100000e-02)	0
1.57378       	k             	2.922230e-04	(1.561886e-02 1.468819e-02 1.100000e-02)	0	1.329054e+01	(1.688763e-03 1.646230e-02 1.100000e-02)	2
1.57378       	p_rgh         	3.614158e+02	(1.831505e-01 -1.110677e-02 1.100000e-02)	7	7.057990e+04	(1.111600e+00 -1.182761e-01 1.100000e-02)	9
1.57378       	omega         	1.273504e+02	(1.085163e+00 -3.744965e-02 1.100000e-02)	8	5.430720e+05	(8.844358e-03 1.555013e-02 1.100000e-02)	0
1.57419       	U             	(-1.439798e+00 1.037262e-01 -1.228631e-29)	(1.477700e-02 1.528384e-02 1.100000e-02)	0	(1.307425e+01 3.399883e+00 1.127333e-25)	(-2.033419e-04 4.658882e-02 1.100000e-02)	2
1.57419       	k             	2.922230e-04	(1.561886e-02 1.468819e-02 1.100000e-02)	0	1.273415e+01	(-1.505568e-01 1.059942e-05 1.100000e-02)	4
1.57419       	p_rgh         	1.562518e+03	(6.166604e-02 1.610674e-02 1.100000e-02)	6	1.929368e+05	(5.973256e-02 1.264604e-02 1.100000e-02)	6
1.57419       	omega         	1.272036e+02	(1.085164e+00 -3.612209e-02 1.100000e-02)	8	5.430720e+05	(8.844358e-03 1.555013e-02 1.100000e-02)	0
1.57458       	U             	(-7.157450e-01 -4.679074e-02 -1.751484e-29)	(1.501738e-02 1.594787e-02 1.100000e-02)	0	(7.683445e+00 2.710755e+00 5.972895e-27)	(2.917572e-04 1.633403e-02 1.100000e-02)	2
1.57458       	k             	2.922230e-04	(1.561886e-02 1.468819e-02 1.100000e-02)	0	1.273383e+01	(-1.505568e-01 1.059942e-05 1.100000e-02)	4
1.57458       	p_rgh         	1.371776e+03	(6.492197e-02 1.573802e-02 1.100000e-02)	6	7.050079e+04	(1.111600e+00 -1.182761e-01 1.100000e-02)	9
1.57458       	omega         	1.270280e+02	(1.085164e+00 -3.612209e-02 1.100000e-02)	8	5.430720e+05	(8.844358e-03 1.555013e-02 1.100000e-02)	0
1.57497       	U             	(-8.523425e-01 -2.934705e-03 -3.231937e-28)	(6.559650e-03 1.594038e-02 1.100000e-02)	0	(1.081060e+01 2.138175e+00 2.982902e-27)	(9.343334e-03 1.885523e-02 1.100000e-02)	0
1.57497       	k             	2.922230e-04	(1.561886e-02 1.468819e-02 1.100000e-02)	0	1.273853e+01	(-1.505568e-01 1.059942e-05 1.100000e-02)	4
1.57497       	p_rgh         	1.709214e+03	(3.021545e-02 1.703620e-02 1.100000e-02)	1	7.044184e+04	(1.111600e+00 -1.179002e-01 1.100000e-02)	9
1.57497       	omega         	1.268771e+02	(1.085164e+00 -3.612209e-02 1.100000e-02)	8	5.430720e+05	(8.844358e-03 1.555013e-02 1.100000e-02)	0
1.57534       	U             	(-1.111541e+00 6.603046e-02 -3.253760e-30)	(7.600991e-03 1.591791e-02 1.100000e-02)	0	(1.145372e+01 6.719155e-01 1.618061e-27)	(6.637247e-03 1.787976e-02 1.100000e-02)	0
1.57534       	k             	2.922230e-04	(1.561886e-02 1.468819e-02 1.100000e-02)	0	1.280674e+01	(-1.505568e-01 1.059942e-05 1.100000e-02)	4
1.57534       	p_rgh         	1.686583e+03	(3.229855e-02 1.663792e-02 1.100000e-02)	1	7.041231e+04	(1.111600e+00 -1.180963e-01 1.100000e-02)	9
1.57534       	omega         	1.267359e+02	(1.092717e+00 -3.799910e-02 1.100000e-02)	8	5.430720e+05	(8.844358e-03 1.555013e-02 1.100000e-02)	0
1.57572       	U             	(-1.058854e+00 -3.396530e-02 -8.954452e-28)	(9.406554e-03 1.577183e-02 1.100000e-02)	0	(1.140610e+01 1.812809e+00 9.781597e-28)	(1.473220e-02 1.961469e-02 1.100000e-02)	0
1.57572       	k             	2.922230e-04	(1.561886e-02 1.468819e-02 1.100000e-02)	0	1.286717e+01	(-1.505568e-01 1.059942e-05 1.100000e-02)	4
1.57572       	p_rgh         	1.671626e+03	(3.415096e-02 1.642380e-02 1.100000e-02)	1	7.037305e+04	(1.111600e+00 -1.179002e-01 1.100000e-02)	9
1.57572       	omega         	1.265782e+02	(1.092717e+00 -3.799910e-02 1.100000e-02)	8	5.430720e+05	(8.844358e-03 1.555013e-02 1.100000e-02)	0
1.57613       	U             	(-7.852961e-01 -1.475376e-01 -4.777288e-27)	(1.878237e-02 1.441176e-02 1.100000e-02)	0	(3.820374e+00 9.081179e-01 1.033983e-26)	(1.774056e-02 1.748646e-02 1.100000e-02)	0
1.57613       	k             	2.922230e-04	(1.561886e-02 1.468819e-02 1.100000e-02)	0	1.280206e+01	(-1.505568e-01 1.059942e-05 1.100000e-02)	4
1.57613       	p_rgh         	1.743564e+03	(2.665993e-02 1.349031e-02 1.100000e-02)	1	1.514339e+05	(3.017755e-02 1.601575e-02 1.100000e-02)	1
1.57613       	omega         	1.264033e+02	(1.092718e+00 -3.666825e-02 1.100000e-02)	8	5.430720e+05	(8.844358e-03 1.555013e-02 1.100000e-02)	0
1.57654       	U             	(-1.255273e+00 -1.446610e-02 -4.651874e-28)	(3.960189e-02 1.233230e-02 1.100000e-02)	1	(9.629806e+00 1.617653e+00 9.666610e-28)	(1.919876e-02 1.911626e-02 1.100000e-02)	0
1.57654       	k             	2.922230e-04	(1.561886e-02 1.468819e-02 1.100000e-02)	0	1.286387e+01	(-1.505568e-01 1.059942e-05 1.100000e-02)	4
1.57654       	p_rgh         	1.715747e+03	(2.906164e-02 1.732973e-02 1.100000e-02)	1	7.032332e+04	(1.111600e+00 -1.176861e-01 1.100000e-02)	9
1.57654       	omega         	1.262168e+02	(1.092718e+00 -3.666825e-02 1.100000e-02)	8	5.430720e+05	(8.844358e-03 1.555013e-02 1.100000e-02)	0
1.57693       	U             	(-8.891891e-01 -3.221388e-01 -1.498725e-26)	(7.593396e-03 1.572738e-02 1.100000e-02)	0	(1.039355e+01 3.343231e-01 5.049034e-27)	(1.002959e-02 4.541539e-02 1.100000e-02)	0
1.57693       	k             	2.922230e-04	(1.561886e-02 1.468819e-02 1.100000e-02)	0	1.249525e+01	(-1.505568e-01 1.059942e-05 1.100000e-02)	4
1.57693       	p_rgh         	1.690270e+03	(3.171182e-02 1.719269e-02 1.100000e-02)	1	7.029913e+04	(1.111600e+00 -1.175718e-01 1.100000e-02)	9
1.57693       	omega         	1.260682e+02	(1.092718e+00 -3.666825e-02 1.100000e-02)	8	5.430720e+05	(8.844358e-03 1.555013e-02 1.100000e-02)	0
1.57733       	U             	(-7.700879e-01 -5.347228e-02 -3.128764e-27)	(6.728810e-03 1.588322e-02 1.100000e-02)	0	(1.053626e+01 1.623730e+00 1.183831e-28)	(6.637247e-03 1.787976e-02 1.100000e-02)	0
1.57733       	k             	2.922230e-04	(1.561886e-02 1.468819e-02 1.100000e-02)	0	1.275709e+01	(-1.505568e-01 1.059942e-05 1.100000e-02)	4
1.57733       	p_rgh         	1.667091e+03	(3.416891e-02 1.691281e-02 1.100000e-02)	1	7.029200e+04	(1.111600e+00 -1.174524e-01 1.100000e-02)	9
1.57733       	omega         	1.259400e+02	(1.092718e+00 -3.666825e-02 1.100000e-02)	8	5.430720e+05	(8.844358e-03 1.555013e-02 1.100000e-02)	0
1.57774       	U             	(-5.172412e-01 -2.404271e-01 -1.257784e-26)	(7.597550e-03 1.583160e-02 1.100000e-02)	0	(7.048735e+00 2.466216e+00 5.169176e-27)	(2.917572e-04 1.633403e-02 1.100000e-02)	2
1.57774       	k             	2.922230e-04	(1.561886e-02 1.468819e-02 1.100000e-02)	0	1.277643e+01	(-1.505568e-01 1.059942e-05 1.100000e-02)	4
1.57774       	p_rgh         	1.638566e+03	(3.706519e-02 1.675658e-02 1.100000e-02)	1	7.026675e+04	(1.111600e+00 -1.173277e-01 1.100000e-02)	9
1.57774       	omega         	1.258149e+02	(1.100271e+00 -3.721441e-02 1.100000e-02)	8	5.430720e+05	(8.844358e-03 1.555013e-02 1.100000e-02)	0
1.57812       	U             	(-6.455327e-01 -6.341995e-02 -7.967168e-27)	(7.594015e-03 1.574291e-02 1.100000e-02)	0	(1.096455e+01 3.016942e+00 9.096735e-27)	(-1.071475e-04 1.762649e-02 1.100000e-02)	2
1.57812       	k             	2.922230e-04	(1.561886e-02 1.468819e-02 1.100000e-02)	0	1.270697e+01	(-1.505568e-01 1.059942e-05 1.100000e-02)	4
1.57812       	p_rgh         	1.616209e+03	(3.940894e-02 1.649100e-02 1.100000e-02)	1	1.222841e+05	(3.739546e-03 2.267166e-02 1.100000e-02)	2
1.57812       	omega         	1.256150e+02	(1.100271e+00 -3.721441e-02 1.100000e-02)	8	5.430720e+05	(8.844358e-03 1.555013e-02 1.100000e-02)	0
1.57851       	U             	(-3.858961e-01 -3.541211e-02 -7.113628e-27)	(8.308923e-03 1.578536e-02 1.100000e-02)	0	(1.173257e+01 8.533834e-01 2.466242e-27)	(6.923455e-03 2.503296e-02 1.100000e-02)	0
1.57851       	k             	2.922230e-04	(1.561886e-02 1.468819e-02 1.100000e-02)	0	1.273515e+01	(-1.505568e-01 1.059942e-05 1.100000e-02)	4
1.57851       	p_rgh         	1.599690e+03	(4.112385e-02 1.594843e-02 1.100000e-02)	6	7.023440e+04	(1.111600e+00 -1.173277e-01 1.100000e-02)	9
1.57851       	omega         	1.254429e+02	(1.100271e+00 -3.721441e-02 1.100000e-02)	8	5.430720e+05	(8.844358e-03 1.555013e-02 1.100000e-02)	0
1.57889       	U             	(-5.549160e-01 -7.941750e-02 -1.735831e-26)	(7.951362e-03 1.580823e-02 1.100000e-02)	0	(1.168313e+01 8.606863e-01 1.455458e-27)	(8.957020e-03 1.838875e-02 1.100000e-02)	0
1.57889       	k             	2.922230e-04	(1.561886e-02 1.468819e-02 1.100000e-02)	0	1.273143e+01	(-1.505568e-01 1.059942e-05 1.100000e-02)	4
1.57889       	p_rgh         	1.587780e+03	(4.253262e-02 1.561837e-02 1.100000e-02)	6	7.020165e+04	(1.111600e+00 -1.170614e-01 1.100000e-02)	9
1.57889       	omega         	1.252934e+02	(1.100271e+00 -3.721441e-02 1.100000e-02)	8	5.430720e+05	(8.844358e-03 1.555013e-02 1.100000e-02)	0
1.57927       	U             	(-1.273604e+00 -8.753758e-02 -4.233193e-28)	(2.723897e-02 1.410980e-02 1.100000e-02)	1	(3.711296e+00 8.348991e-01 1.475795e-26)	(3.872421e-02 1.639395e-02 1.100000e-02)	1
1.57927       	k             	2.922230e-04	(1.561886e-02 1.468819e-02 1.100000e-02)	0	1.273067e+01	(-1.505568e-01 1.059942e-05 1.100000e-02)	4
1.57927       	p_rgh         	1.569735e+03	(4.434927e-02 1.557823e-02 1.100000e-02)	6	7.017916e+04	(1.111600e+00 -1.170614e-01 1.100000e-02)	9
1.57927       	omega         	1.251631e+02	(1.100271e+00 -3.721441e-02 1.100000e-02)	8	5.430720e+05	(8.844358e-03 1.555013e-02 1.100000e-02)	0
1.57966       	U             	(-3.109154e-01 -4.888926e-01 -2.690019e-27)	(9.036412e-03 1.576544e-02 1.100000e-02)	0	(3.713991e+00 9.105846e-01 2.224760e-26)	(4.219464e-02 1.617461e-02 1.100000e-02)	6
1.57966       	k             	2.922230e-04	(1.561886e-02 1.468819e-02 1.100000e-02)	0	1.273412e+01	(-1.505568e-01 1.059942e-05 1.100000e-02)	4
1.57966       	p_rgh         	1.573744e+03	(4.545860e-02 1.545090e-02 1.100000e-02)	6	7.014911e+04	(1.111600e+00 -1.169192e-01 1.100000e-02)	9
1.57966       	omega         	1.250527e+02	(1.100271e+00 -3.721441e-02 1.100000e-02)	8	5.430720e+05	(8.844358e-03 1.555013e-02 1.100000e-02)	0
1.58005       	U             	(-7.431721e-01 -8.091494e-01 -7.449637e-26)	(8.310718e-03 1.583051e-02 1.100000e-02)	0	(1.004732e+01 9.143926e-01 1.361066e-27)	(8.031466e-03 1.782024e-02 1.100000e-02)	0
1.58005       	k             	2.922230e-04	(1.561886e-02 1.468819e-02 1.100000e-02)	0	1.273795e+01	(-1.505568e-01 1.059942e-05 1.100000e-02)	4
1.58005       	p_rgh         	-8.157940e+03	(1.039600e+00 -1.098907e-01 1.100000e-02)	9	7.233493e+04	(1.111600e+00 -9.690407e-03 1.100000e-02)	8
1.58005       	omega         	1.248692e+02	(1.107825e+00 -3.776057e-02 1.100000e-02)	8	5.430720e+05	(8.844358e-03 1.555013e-02 1.100000e-02)	0
1.58043       	U             	(-1.058109e+00 -4.213045e-01 -4.792340e-26)	(9.406554e-03 1.577183e-02 1.100000e-02)	0	(1.178788e+01 7.447973e-01 1.274340e-26)	(1.924562e-02 2.646685e-02 1.100000e-02)	0
1.58043       	k             	2.922230e-04	(1.561886e-02 1.468819e-02 1.100000e-02)	0	1.272814e+01	(-1.505568e-01 1.059942e-05 1.100000e-02)	4
1.58043       	p_rgh         	-8.091925e+03	(1.032014e+00 -1.113037e-01 1.100000e-02)	9	7.268860e+04	(1.047245e+00 -8.719911e-02 1.100000e-02)	8
1.58043       	omega         	1.247008e+02	(1.107825e+00 -3.776057e-02 1.100000e-02)	8	5.430720e+05	(8.844358e-03 1.555013e-02 1.100000e-02)	0
1.58082       	U             	(-2.283050e-01 -6.299580e-01 -4.700764e-27)	(9.773718e-03 1.560475e-02 1.100000e-02)	0	(1.039956e+01 1.082982e+00 2.370364e-27)	(9.688492e-03 1.818553e-02 1.100000e-02)	0
1.58082       	k             	2.922230e-04	(1.561886e-02 1.468819e-02 1.100000e-02)	0	1.343683e+01	(1.685361e-02 1.798948e-02 1.100000e-02)	0
1.58082       	p_rgh         	-7.937362e+03	(1.016854e+00 -1.097649e-01 1.100000e-02)	9	7.041587e+04	(1.111600e+00 -1.069936e-02 1.100000e-02)	8
1.58082       	omega         	1.245445e+02	(1.107825e+00 -3.776057e-02 1.100000e-02)	8	5.430720e+05	(8.844358e-03 1.555013e-02 1.100000e-02)	0
1.58121       	U             	(-1.281931e-01 -1.623233e-01 -1.520862e-26)	(1.033575e-02 1.545430e-02 1.100000e-02)	0	(3.365249e+00 6.196162e-01 2.086057e-25)	(2.061574e-01 -2.983646e-03 1.100000e-02)	7
1.58121       	k             	2.922230e-04	(1.561886e-02 1.468819e-02 1.100000e-02)	0	1.352860e+01	(1.596477e-02 1.795752e-02 1.100000e-02)	0
1.58121       	p_rgh         	-7.944002e+03	(1.016854e+00 -1.097649e-01 1.100000e-02)	9	7.096174e+04	(1.111600e+00 -1.069936e-02 1.100000e-02)	8
1.58121       	omega         	1.244035e+02	(1.107825e+00 -3.776057e-02 1.100000e-02)	8	5.430720e+05	(8.844358e-03 1.555013e-02 1.100000e-02)	0
1.58159       	U             	(-3.617257e-01 -1.684150e-01 -2.034634e-27)	(9.963920e-03 1.565130e-02 1.100000e-02)	0	(1.396524e+00 1.752052e+00 9.995170e-26)	(1.055881e-02 1.625944e-02 1.100000e-02)	0
1.58159       	k             	2.922230e-04	(1.561886e-02 1.468819e-02 1.100000e-02)	0	1.524578e+01	(1.553509e-02 1.814326e-02 1.100000e-02)	0
1.58159       	p_rgh         	-7.634431e+03	(9.865360e-01 -1.066277e-01 1.100000e-02)	9	2.669264e+05	(9.337088e-01 -7.292041e-02 1.100000e-02)	8
1.58159       	omega         	1.242702e+02	(1.107825e+00 -3.776057e-02 1.100000e-02)	8	5.430720e+05	(8.844358e-03 1.555013e-02 1.100000e-02)	0
1.58198       	U             	(-3.076952e+00 -1.913985e-01 -3.966873e-27)	(9.415307e-03 1.599282e-02 1.100000e-02)	0	(5.756478e+00 6.592803e-01 1.884621e-26)	(1.488596e-02 1.808388e-02 1.100000e-02)	0
1.58198       	k             	2.922230e-04	(1.561886e-02 1.468819e-02 1.100000e-02)	0	1.637980e+01	(1.466846e-02 1.797767e-02 1.100000e-02)	0
1.58198       	p_rgh         	-7.914855e+03	(1.024434e+00 -1.106048e-01 1.100000e-02)	9	1.375859e+05	(9.790107e-01 -9.672417e-02 1.100000e-02)	9
1.58198       	omega         	1.241413e+02	(1.107825e+00 -3.776057e-02 1.100000e-02)	8	5.430720e+05	(8.844358e-03 1.555013e-02 1.100000e-02)	0
1.58237       	U             	(-3.293818e-01 -1.423133e-02 -2.408032e-26)	(1.149147e-02 1.527245e-02 1.100000e-02)	0	(3.633418e+00 6.903366e-01 4.288681e-25)	(2.111087e-01 -3.354053e-03 1.100000e-02)	7
1.58237       	k             	2.922230e-04	(1.561886e-02 1.468819e-02 1.100000e-02)	0	1.589110e+01	(1.446227e-02 1.813350e-02 1.100000e-02)	0
1.58237       	p_rgh         	-6.305033e+03	(8.657556e-01 -5.156313e-02 1.100000e-02)	8	7.034843e+04	(1.111600e+00 -1.069936e-02 1.100000e-02)	8
1.58237       	omega         	1.240227e+02	(1.107825e+00 -3.776057e-02 1.100000e-02)	8	5.430720e+05	(8.844358e-03 1.555013e-02 1.100000e-02)	0
1.58276       	U             	(-6.489127e-02 -3.118519e-01 -4.036445e-27)	(9.027265e-03 1.553481e-02 1.100000e-02)	0	(3.632731e+00 6.027264e-01 5.002049e-26)	(2.061401e-01 -3.418937e-03 1.100000e-02)	7
1.58276       	k             	2.922230e-04	(1.561886e-02 1.468819e-02 1.100000e-02)	0	1.829873e+01	(1.383499e-02 1.820697e-02 1.100000e-02)	0
1.58276       	p_rgh         	-6.142678e+03	(8.580098e-01 -6.621531e-02 1.100000e-02)	8	7.179489e+04	(1.111600e+00 -1.191767e-01 1.100000e-02)	9
1.58276       	omega         	1.239124e+02	(1.107825e+00 -3.776057e-02 1.100000e-02)	8	5.430720e+05	(8.844358e-03 1.555013e-02 1.100000e-02)	0
1.58315       	U             	(-3.129548e-01 -1.002866e-01 -2.125418e-26)	(1.168723e-02 1.523106e-02 1.100000e-02)	0	(7.824927e+00 8.267393e-01 9.794661e-27)	(1.405359e-02 1.845410e-02 1.100000e-02)	0
1.58315       	k             	2.922230e-04	(1.561886e-02 1.468819e-02 1.100000e-02)	0	1.986990e+01	(1.321232e-02 1.814841e-02 1.100000e-02)	0
1.58315       	p_rgh         	-6.054048e+03	(8.580303e-01 -6.449040e-02 1.100000e-02)	8	7.215681e+04	(1.111600e+00 -1.191767e-01 1.100000e-02)	9
1.58315       	omega         	1.238086e+02	(1.107825e+00 -3.776057e-02 1.100000e-02)	8	5.430720e+05	(8.844358e-03 1.555013e-02 1.100000e-02)	0
1.58355       	U             	(-1.285323e+00 -2.132993e-02 -3.625655e-27)	(1.717202e-02 1.456125e-02 1.100000e-02)	0	(6.555591e+00 9.024119e-01 7.987896e-27)	(1.363331e-02 1.836507e-02 1.100000e-02)	0
1.58355       	k             	2.922230e-04	(1.561886e-02 1.468819e-02 1.100000e-02)	0	1.996575e+01	(1.300858e-02 1.817199e-02 1.100000e-02)	0
1.58355       	p_rgh         	-6.059311e+03	(8.580409e-01 -6.359537e-02 1.100000e-02)	8	7.209317e+04	(1.111600e+00 -1.191767e-01 1.100000e-02)	9
1.58355       	omega         	1.237112e+02	(1.107825e+00 -3.776057e-02 1.100000e-02)	8	5.430720e+05	(8.844358e-03 1.555013e-02 1.100000e-02)	0
1.58394       	U             	(-8.510686e-01 -2.932752e-01 -2.863042e-27)	(1.150549e-02 1.562881e-02 1.100000e-02)	0	(4.230368e+00 6.919062e-01 2.563639e-26)	(2.111659e-01 -1.931598e-03 1.100000e-02)	7
1.58394       	k             	2.922230e-04	(1.561886e-02 1.468819e-02 1.100000e-02)	0	2.035347e+01	(1.239874e-02 1.811516e-02 1.100000e-02)	0
1.58394       	p_rgh         	-6.058129e+03	(8.350125e-01 -8.628552e-02 1.100000e-02)	9	7.194733e+04	(1.111600e+00 -1.191290e-01 1.100000e-02)	9
1.58394       	omega         	1.236170e+02	(1.107825e+00 -3.643142e-02 1.100000e-02)	8	5.430720e+05	(8.844358e-03 1.555013e-02 1.100000e-02)	0
1.58433       	U             	(-3.499252e-01 -1.115795e-01 -4.437945e-29)	(1.037536e-02 1.645766e-02 1.100000e-02)	0	(9.795488e+00 1.049860e+00 1.261334e-26)	(1.180828e-02 1.831090e-02 1.100000e-02)	0
1.58433       	k             	2.922230e-04	(1.561886e-02 1.468819e-02 1.100000e-02)	0	1.917712e+01	(1.179845e-02 1.806089e-02 1.100000e-02)	0
1.58433       	p_rgh         	-6.111036e+03	(8.580518e-01 -6.267791e-02 1.100000e-02)	8	7.180353e+04	(1.111600e+00 -1.191767e-01 1.100000e-02)	9
1.58433       	omega         	1.235072e+02	(1.107825e+00 -3.643142e-02 1.100000e-02)	8	5.430720e+05	(8.844358e-03 1.555013e-02 1.100000e-02)	0
1.58473       	U             	(-1.389875e+00 -4.272818e-01 -2.569590e-26)	(1.585064e-02 1.501460e-02 1.100000e-02)	0	(9.150429e+00 9.613212e-01 1.871484e-26)	(1.180828e-02 1.831090e-02 1.100000e-02)	0
1.58473       	k             	2.922230e-04	(1.561886e-02 1.468819e-02 1.100000e-02)	0	1.830513e+01	(1.140191e-02 1.798633e-02 1.100000e-02)	0
1.58473       	p_rgh         	-6.047894e+03	(8.583327e-01 -3.899541e-02 1.100000e-02)	8	7.166693e+04	(1.111600e+00 -1.191767e-01 1.100000e-02)	9
1.58473       	omega         	1.234042e+02	(1.107825e+00 -3.643142e-02 1.100000e-02)	8	5.430720e+05	(8.844358e-03 1.555013e-02 1.100000e-02)	0
1.58512       	U             	(-9.289426e-01 -1.676490e-01 -1.418290e-27)	(1.413017e-02 1.503132e-02 1.100000e-02)	0	(6.304859e+00 7.727451e-01 1.293610e-26)	(1.200075e-02 1.816141e-02 1.100000e-02)	0
1.58512       	k             	2.922230e-04	(1.561886e-02 1.468819e-02 1.100000e-02)	0	1.615146e+01	(1.140191e-02 1.798633e-02 1.100000e-02)	0
1.58512       	p_rgh         	-6.050894e+03	(8.350241e-01 -8.538934e-02 1.100000e-02)	9	7.156533e+04	(1.111600e+00 -1.191767e-01 1.100000e-02)	9
1.58512       	omega         	1.233063e+02	(1.107825e+00 -3.643142e-02 1.100000e-02)	8	5.430720e+05	(8.844358e-03 1.555013e-02 1.100000e-02)	0
1.58551       	U             	(-1.825311e+00 -5.306369e-01 -7.860300e-27)	(1.456325e-02 1.527593e-02 1.100000e-02)	0	(1.015365e+01 1.537218e+00 9.658261e-28)	(6.637247e-03 1.787976e-02 1.100000e-02)	0
1.58551       	k             	2.922230e-04	(1.561886e-02 1.468819e-02 1.100000e-02)	0	1.412296e+01	(1.101419e-02 1.803172e-02 1.100000e-02)	0
1.58551       	p_rgh         	-6.120908e+03	(8.507724e-01 -3.839773e-02 1.100000e-02)	8	7.148770e+04	(1.111600e+00 -1.191767e-01 1.100000e-02)	9
1.58551       	omega         	1.232124e+02	(1.107825e+00 -3.643142e-02 1.100000e-02)	8	5.430720e+05	(8.844358e-03 1.555013e-02 1.100000e-02)	0
1.58591       	U             	(-4.107892e-01 -1.349074e+00 -5.469011e-26)	(5.557412e-03 1.612801e-02 1.100000e-02)	2	(1.012406e+01 1.540749e+00 9.619294e-28)	(6.637247e-03 1.787976e-02 1.100000e-02)	0
1.58591       	k             	2.922230e-04	(1.561886e-02 1.468819e-02 1.100000e-02)	0	1.525966e+01	(1.062589e-02 1.795965e-02 1.100000e-02)	0
1.58591       	p_rgh         	-6.093066e+03	(8.582844e-01 -4.306659e-02 1.100000e-02)	8	7.142325e+04	(1.111600e+00 -1.191767e-01 1.100000e-02)	9
1.58591       	omega         	1.231221e+02	(1.107825e+00 -3.643142e-02 1.100000e-02)	8	5.430720e+05	(8.844358e-03 1.555013e-02 1.100000e-02)	0
1.58631       	U             	(-1.413593e+00 -1.284975e-01 -2.928579e-27)	(1.541351e-02 1.501256e-02 1.100000e-02)	0	(1.008862e+01 1.547905e+00 9.684175e-28)	(6.637247e-03 1.787976e-02 1.100000e-02)	0
1.58631       	k             	2.922230e-04	(1.561886e-02 1.468819e-02 1.100000e-02)	0	1.496270e+01	(1.024169e-02 1.789028e-02 1.100000e-02)	0
1.58631       	p_rgh         	-5.939517e+03	(8.279015e-01 -5.076946e-02 1.100000e-02)	8	7.130460e+04	(1.111600e+00 -1.191767e-01 1.100000e-02)	9
1.58631       	omega         	1.230343e+02	(1.107825e+00 -3.643142e-02 1.100000e-02)	8	5.430720e+05	(8.844358e-03 1.555013e-02 1.100000e-02)	0
1.5867        	U             	(-1.598742e+00 -3.777787e-01 -9.818254e-27)	(1.651959e-02 1.513744e-02 1.100000e-02)	0	(1.007103e+01 1.545034e+00 9.370907e-28)	(6.637247e-03 1.787976e-02 1.100000e-02)	0
1.5867        	k             	2.922230e-04	(1.561886e-02 1.468819e-02 1.100000e-02)	0	1.479454e+01	(9.674983e-03 1.784423e-02 1.100000e-02)	0
1.5867        	p_rgh         	-5.977540e+03	(8.431437e-01 -4.321711e-02 1.100000e-02)	8	7.128029e+04	(1.111600e+00 -1.191767e-01 1.100000e-02)	9
1.5867        	omega         	1.229475e+02	(1.107825e+00 -3.643142e-02 1.100000e-02)	8	5.430720e+05	(8.844358e-03 1.555013e-02 1.100000e-02)	0
1.5871        	U             	(-1.696666e+00 -3.784337e-01 -6.474534e-27)	(1.585866e-02 1.522146e-02 1.100000e-02)	0	(8.467432e+00 1.455767e+00 3.203246e-27)	(9.683877e-03 1.806893e-02 1.100000e-02)	0
1.5871        	k             	2.922230e-04	(1.561886e-02 1.468819e-02 1.100000e-02)	0	1.273403e+01	(-1.505568e-01 1.059942e-05 1.100000e-02)	4
1.5871        	p_rgh         	-5.951165e+03	(8.354821e-01 -5.023966e-02 1.100000e-02)	8	7.066680e+04	(1.111600e+00 -1.191767e-01 1.100000e-02)	9
1.5871        	omega         	1.228609e+02	(1.107825e+00 -3.643142e-02 1.100000e-02)	8	5.430720e+05	(8.844358e-03 1.555013e-02 1.100000e-02)	0
1.5875        	U             	(-1.912916e+00 -1.722478e+00 -8.428107e-25)	(8.581911e-01 -5.093351e-02 1.100000e-02)	8	(7.977148e+00 1.214016e+00 4.278058e-27)	(9.683877e-03 1.806893e-02 1.100000e-02)	0
1.5875        	k             	2.922230e-04	(1.561886e-02 1.468819e-02 1.100000e-02)	0	1.273403e+01	(-1.505568e-01 1.059942e-05 1.100000e-02)	4
1.5875        	p_rgh         	-6.445284e+03	(8.657021e-01 -5.622040e-02 1.100000e-02)	8	7.120441e+04	(1.111600e+00 -1.191767e-01 1.100000e-02)	9
1.5875        	omega         	1.227751e+02	(1.107825e+00 -3.643142e-02 1.100000e-02)	8	5.430720e+05	(8.844358e-03 1.555013e-02 1.100000e-02)	0
1.5879        	U             	(-2.339299e+00 -1.628837e+00 -2.667511e-25)	(8.581360e-01 -5.557835e-02 1.100000e-02)	8	(7.455769e+00 2.598700e+00 5.394193e-27)	(2.917572e-04 1.633403e-02 1.100000e-02)	2
1.5879        	k             	2.922230e-04	(1.561886e-02 1.468819e-02 1.100000e-02)	0	1.273404e+01	(-1.505568e-01 1.059942e-05 1.100000e-02)	4
1.5879        	p_rgh         	-5.880888e+03	(8.354097e-01 -5.579040e-02 1.100000e-02)	8	7.106445e+04	(1.111600e+00 -1.191767e-01 1.100000e-02)	9
1.5879        	omega         	1.226906e+02	(1.107825e+00 -3.643142e-02 1.100000e-02)	8	5.430720e+05	(8.844358e-03 1.555013e-02 1.100000e-02)	0
1.5883        	U             	(-1.668159e+00 -1.849693e+00 -7.692602e-26)	(1.585064e-02 1.501460e-02 1.100000e-02)	0	(1.001565e+01 1.548180e+00 9.739504e-28)	(6.637247e-03 1.787976e-02 1.100000e-02)	0
1.5883        	k             	2.922230e-04	(1.561886e-02 1.468819e-02 1.100000e-02)	0	1.273404e+01	(-1.505568e-01 1.059942e-05 1.100000e-02)	4
1.5883        	p_rgh         	-5.455783e+03	(8.353340e-01 -6.160487e-02 1.100000e-02)	8	3.178074e+05	(8.504831e-01 -6.201687e-02 1.100000e-02)	8
1.5883        	omega         	1.226078e+02	(1.107825e+00 -3.643142e-02 1.100000e-02)	8	5.430720e+05	(8.844358e-03 1.555013e-02 1.100000e-02)	0
1.58869       	U             	(-1.489935e+00 -8.319855e-01 -9.336776e-26)	(1.697846e-02 1.540293e-02 1.100000e-02)	0	(9.437426e+00 1.553145e+00 2.363668e-27)	(8.396652e-03 1.799169e-02 1.100000e-02)	0
1.58869       	k             	2.922230e-04	(1.561886e-02 1.468819e-02 1.100000e-02)	0	1.263095e+01	(-1.505568e-01 1.059942e-05 1.100000e-02)	4
1.58869       	p_rgh         	-7.807865e+03	(1.016978e+00 -8.029601e-02 1.100000e-02)	8	7.049844e+04	(1.111600e+00 -9.690407e-03 1.100000e-02)	8
1.58869       	omega         	1.225799e+02	(1.107825e+00 -3.643142e-02 1.100000e-02)	8	5.430720e+05	(8.844358e-03 1.555013e-02 1.100000e-02)	0
1.58911       	U             	(-1.660525e+00 -1.889366e+00 -1.241670e-25)	(1.697846e-02 1.540293e-02 1.100000e-02)	0	(6.739780e+00 2.242470e+00 5.369286e-27)	(7.121778e-04 1.643563e-02 1.100000e-02)	2
1.58911       	k             	2.922230e-04	(1.561886e-02 1.468819e-02 1.100000e-02)	0	1.365256e+01	(6.780099e-02 1.516589e-02 1.100000e-02)	6
1.58911       	p_rgh         	-7.721365e+03	(1.009385e+00 -8.456711e-02 1.100000e-02)	9	7.026297e+04	(1.111600e+00 -1.069936e-02 1.100000e-02)	8
1.58911       	omega         	1.226170e+02	(1.107825e+00 -3.643142e-02 1.100000e-02)	8	5.430720e+05	(8.844358e-03 1.555013e-02 1.100000e-02)	0
1.58954       	U             	(-1.037851e+00 -8.932255e-01 -7.151853e-26)	(1.740685e-02 1.475722e-02 1.100000e-02)	0	(1.315891e+01 2.615345e+00 8.507111e-27)	(9.848141e-03 2.692069e-02 1.100000e-02)	0
1.58954       	k             	2.922230e-04	(1.561886e-02 1.468819e-02 1.100000e-02)	0	1.273236e+01	(-1.505568e-01 1.059942e-05 1.100000e-02)	4
1.58954       	p_rgh         	-7.627362e+03	(1.001818e+00 -8.311254e-02 1.100000e-02)	8	7.019135e+04	(1.111600e+00 -1.069936e-02 1.100000e-02)	8
1.58954       	omega         	1.226508e+02	(1.107825e+00 -3.643142e-02 1.100000e-02)	8	5.430720e+05	(8.844358e-03 1.555013e-02 1.100000e-02)	0
1.58996       	U             	(-7.684586e-01 -1.489987e+00 -1.174100e-25)	(1.764763e-02 1.507688e-02 1.100000e-02)	0	(2.161275e-01 4.370884e-01 2.473817e-26)	(1.854982e-02 1.446280e-02 1.100000e-02)	0
1.58996       	k             	2.922230e-04	(1.561886e-02 1.468819e-02 1.100000e-02)	0	1.273582e+01	(-1.505568e-01 1.059942e-05 1.100000e-02)	4
1.58996       	p_rgh         	-7.724800e+03	(1.001818e+00 -8.311254e-02 1.100000e-02)	8	7.018685e+04	(1.111600e+00 -1.069936e-02 1.100000e-02)	8
1.58996       	omega         	1.226784e+02	(1.107825e+00 -3.643142e-02 1.100000e-02)	8	5.430720e+05	(8.844358e-03 1.555013e-02 1.100000e-02)	0
1.59037       	U             	(-6.572096e-01 -2.163355e+00 -5.633982e-26)	(1.833071e-02 1.483108e-02 1.100000e-02)	0	(2.406192e-01 5.223947e-01 1.574920e-25)	(4.833994e-02 1.047074e-02 1.100000e-02)	6
1.59037       	k             	2.922230e-04	(1.561886e-02 1.468819e-02 1.100000e-02)	0	1.273502e+01	(-1.505568e-01 1.059942e-05 1.100000e-02)	4
1.59037       	p_rgh         	-7.445477e+03	(1.001818e+00 -8.311254e-02 1.100000e-02)	8	1.321697e+05	(1.009412e+00 -7.872814e-02 1.100000e-02)	8
1.59037       	omega         	1.226979e+02	(1.107825e+00 -3.643142e-02 1.100000e-02)	8	5.430720e+05	(8.844358e-03 1.555013e-02 1.100000e-02)	0
1.59077       	U             	(-2.778211e+00 -6.924480e-01 -8.156968e-26)	(2.094007e-02 1.417758e-02 1.100000e-02)	1	(1.171922e+01 1.380820e+00 4.994073e-28)	(7.077043e-03 2.028462e-02 1.100000e-02)	0
1.59077       	k             	2.922230e-04	(1.561886e-02 1.468819e-02 1.100000e-02)	0	1.273417e+01	(-1.505568e-01 1.059942e-05 1.100000e-02)	4
1.59077       	p_rgh         	-7.325917e+03	(9.942071e-01 -8.993368e-02 1.100000e-02)	9	7.194464e+04	(1.111600e+00 -1.191767e-01 1.100000e-02)	9
1.59077       	omega         	1.227125e+02	(1.107825e+00 -3.643142e-02 1.100000e-02)	8	5.430720e+05	(8.844358e-03 1.555013e-02 1.100000e-02)	0
1.59116       	U             	(-1.351829e+00 -6.674151e-01 -1.519409e-25)	(1.209780e-02 1.555441e-02 1.100000e-02)	0	(4.554216e+00 2.995706e-01 7.638367e-27)	(1.531933e-02 1.816843e-02 1.100000e-02)	0
1.59116       	k             	2.922230e-04	(1.561886e-02 1.468819e-02 1.100000e-02)	0	1.273385e+01	(-1.505568e-01 1.059942e-05 1.100000e-02)	4
1.59116       	p_rgh         	-6.132813e+03	(8.581629e-01 -5.331342e-02 1.100000e-02)	8	1.855636e+07	(9.942308e-01 -8.539854e-02 1.100000e-02)	9
1.59116       	omega         	1.227302e+02	(1.107825e+00 -3.643142e-02 1.100000e-02)	8	5.430720e+05	(8.844358e-03 1.555013e-02 1.100000e-02)	0
1.59155       	U             	(-9.942838e-01 -6.344936e-01 -8.174763e-26)	(1.209780e-02 1.555441e-02 1.100000e-02)	0	(7.245570e-01 7.736626e-01 1.384705e-24)	(4.096115e-02 1.143013e-02 1.100000e-02)	6
1.59155       	k             	2.922230e-04	(1.561886e-02 1.468819e-02 1.100000e-02)	0	1.273390e+01	(-1.505568e-01 1.059942e-05 1.100000e-02)	4
1.59155       	p_rgh         	-9.708608e+03	(1.111600e+00 -9.750415e-02 1.100000e-02)	9	1.510257e+05	(1.111600e+00 -9.690407e-03 1.100000e-02)	8
1.59155       	omega         	1.228182e+02	(1.107825e+00 -3.643142e-02 1.100000e-02)	8	5.430720e+05	(8.844358e-03 1.555013e-02 1.100000e-02)	0
1.59195       	U             	(-1.281664e+00 -1.698087e+00 -8.262420e-25)	(2.156512e-01 -1.754061e-02 1.100000e-02)	7	(8.278224e-01 8.195335e-01 4.384524e-26)	(1.479033e-02 1.562643e-02 1.100000e-02)	0
1.59195       	k             	2.922230e-04	(1.561886e-02 1.468819e-02 1.100000e-02)	0	1.273399e+01	(-1.505568e-01 1.059942e-05 1.100000e-02)	4
1.59195       	p_rgh         	-9.716450e+03	(1.111600e+00 -9.819370e-02 1.100000e-02)	9	1.430816e+05	(1.111600e+00 -9.690407e-03 1.100000e-02)	8
1.59195       	omega         	1.231484e+02	(1.107825e+00 -3.643142e-02 1.100000e-02)	8	5.430720e+05	(8.844358e-03 1.555013e-02 1.100000e-02)	0
1.59235       	U             	(-9.387718e-01 -2.876067e-01 -6.580271e-26)	(1.372343e-02 1.534949e-02 1.100000e-02)	0	(9.949642e+00 1.568485e+00 9.077551e-28)	(6.637247e-03 1.787976e-02 1.100000e-02)	0
1.59235       	k             	2.922230e-04	(1.561886e-02 1.468819e-02 1.100000e-02)	0	1.273405e+01	(-1.505568e-01 1.059942e-05 1.100000e-02)	4
1.59235       	p_rgh         	-8.291141e+03	(1.111600e+00 -9.378827e-02 1.100000e-02)	9	1.038553e+05	(1.111600e+00 -7.943561e-02 1.100000e-02)	8
1.59235       	omega         	1.237444e+02	(1.107825e+00 -3.776057e-02 1.100000e-02)	8	5.430720e+05	(8.844358e-03 1.555013e-02 1.100000e-02)	0
1.59275       	U             	(-5.634749e-01 -6.581884e-01 -1.499599e-26)	(1.433732e-02 1.492670e-02 1.100000e-02)	0	(6.544784e-01 1.407665e+00 4.655729e-26)	(1.831688e-02 1.447168e-02 1.100000e-02)	0
1.59275       	k             	2.922230e-04	(1.561886e-02 1.468819e-02 1.100000e-02)	0	1.273407e+01	(-1.505568e-01 1.059942e-05 1.100000e-02)	4
1.59275       	p_rgh         	-6.043887e+03	(1.111600e+00 -1.007873e-01 1.100000e-02)	9	5.733903e+05	(1.623597e-01 3.343474e-03 1.100000e-02)	7
1.59275       	omega         	1.247083e+02	(1.107825e+00 -3.909799e-02 1.100000e-02)	8	5.430720e+05	(8.844358e-03 1.555013e-02 1.100000e-02)	0
1.59315       	U             	(-1.043857e+00 -1.002901e+00 -1.853744e-26)	(1.540870e-02 1.488866e-02 1.100000e-02)	0	(9.379472e-01 1.255072e+00 3.147764e-24)	(2.468773e-01 -1.453552e-02 1.100000e-02)	8
1.59315       	k             	2.922230e-04	(1.561886e-02 1.468819e-02 1.100000e-02)	0	1.273406e+01	(-1.505568e-01 1.059942e-05 1.100000e-02)	4
1.59315       	p_rgh         	-7.338161e+03	(1.111600e+00 -1.036882e-01 1.100000e-02)	9	1.201881e+05	(1.111600e+00 -9.690407e-03 1.100000e-02)	8
1.59315       	omega         	1.258608e+02	(1.107825e+00 -3.909799e-02 1.100000e-02)	8	5.430720e+05	(8.844358e-03 1.555013e-02 1.100000e-02)	0
1.59355       	U             	(-1.753025e+00 -1.029789e-01 -7.098945e-27)	(1.392373e-02 1.512588e-02 1.100000e-02)	0	(3.302647e+00 1.052425e+00 6.391322e-25)	(2.500632e-01 -1.263430e-02 1.100000e-02)	7
1.59355       	k             	2.922230e-04	(1.561886e-02 1.468819e-02 1.100000e-02)	0	1.273406e+01	(-1.505568e-01 1.059942e-05 1.100000e-02)	4
1.59355       	p_rgh         	-8.337062e+03	(1.111600e+00 -1.076435e-01 1.100000e-02)	9	2.846695e+05	(4.443099e-01 -4.070084e-02 1.100000e-02)	8
1.59355       	omega         	1.272997e+02	(1.107824e+00 -4.044373e-02 1.100000e-02)	8	5.430720e+05	(8.844358e-03 1.555013e-02 1.100000e-02)	0
1.59395       	U             	(-2.957298e-01 -1.990302e+00 -1.296833e-25)	(1.832559e-02 1.469808e-02 1.100000e-02)	0	(6.892537e-01 7.476474e-01 1.069740e-26)	(1.392109e-02 1.505822e-02 1.100000e-02)	0
1.59395       	k             	2.922230e-04	(1.561886e-02 1.468819e-02 1.100000e-02)	0	1.273405e+01	(-1.505568e-01 1.059942e-05 1.100000e-02)	4
1.59395       	p_rgh         	-7.795556e+03	(1.111600e+00 -1.129328e-01 1.100000e-02)	9	9.994407e+04	(1.111600e+00 -1.069936e-02 1.100000e-02)	8
1.59395       	omega         	1.288587e+02	(1.107824e+00 -4.179783e-02 1.100000e-02)	8	5.430720e+05	(8.844358e-03 1.555013e-02 1.100000e-02)	0
1.59435       	U             	(-1.767814e+00 -1.071120e+00 -1.341123e-25)	(1.371670e-02 1.517716e-02 1.100000e-02)	0	(1.581463e+00 2.047506e-01 4.797410e-26)	(2.397212e-02 1.364922e-02 1.100000e-02)	1
1.59435       	k             	2.922230e-04	(1.561886e-02 1.468819e-02 1.100000e-02)	0	6.065814e+01	(1.092652e+00 -1.173133e-01 1.100000e-02)	9
1.59435       	p_rgh         	-5.927580e+03	(1.111600e+00 -1.191767e-01 1.100000e-02)	9	8.600554e+04	(1.100285e+00 -9.980893e-03 1.100000e-02)	8
1.59435       	omega         	1.303741e+02	(1.107824e+00 -4.316035e-02 1.100000e-02)	8	5.430720e+05	(8.844358e-03 1.555013e-02 1.100000e-02)	0
1.59476       	U             	(-1.037757e+00 -1.085078e+00 -4.821540e-26)	(1.250831e-02 1.577034e-02 1.100000e-02)	0	(9.917039e+00 1.567042e+00 9.111572e-28)	(6.637247e-03 1.787976e-02 1.100000e-02)	0
1.59476       	k             	2.922230e-04	(1.561886e-02 1.468819e-02 1.100000e-02)	0	8.724022e+01	(1.100232e+00 -1.180587e-01 1.100000e-02)	9
1.59476       	p_rgh         	-1.447019e+03	(3.531951e-01 -4.067621e-02 1.100000e-02)	9	1.522354e+05	(1.107812e+00 -1.188041e-01 1.100000e-02)	9
1.59476       	omega         	1.314885e+02	(1.107824e+00 -4.453134e-02 1.100000e-02)	8	5.430720e+05	(8.844358e-03 1.555013e-02 1.100000e-02)	0
1.59516       	U             	(-1.473291e+00 -2.750793e-01 -3.791042e-26)	(1.650209e-02 1.468520e-02 1.100000e-02)	0	(7.415421e+00 2.585865e+00 5.356435e-27)	(2.917572e-04 1.633403e-02 1.100000e-02)	2
1.59516       	k             	2.922230e-04	(1.561886e-02 1.468819e-02 1.100000e-02)	0	7.684678e+01	(1.100232e+00 -1.180587e-01 1.100000e-02)	9
1.59516       	p_rgh         	-1.421919e+03	(3.531965e-01 -4.064224e-02 1.100000e-02)	9	2.265774e+05	(3.630201e-01 -3.344761e-02 1.100000e-02)	9
1.59516       	omega         	1.318894e+02	(1.092714e+00 -4.204148e-02 1.100000e-02)	8	5.430720e+05	(8.844358e-03 1.555013e-02 1.100000e-02)	0
1.59556       	U             	(-9.168403e-01 -1.059632e+00 -4.561469e-26)	(1.762620e-02 1.452115e-02 1.100000e-02)	0	(5.096966e+00 3.983125e-01 2.135353e-26)	(6.549162e-02 1.847834e-02 1.100000e-02)	6
1.59556       	k             	2.922230e-04	(1.561886e-02 1.468819e-02 1.100000e-02)	0	4.485603e+01	(1.100232e+00 -1.180587e-01 1.100000e-02)	9
1.59556       	p_rgh         	-1.427928e+03	(3.531951e-01 -4.067621e-02 1.100000e-02)	9	1.528226e+05	(3.537438e-01 -2.667289e-02 1.100000e-02)	8
1.59556       	omega         	1.319491e+02	(1.092712e+00 -4.340573e-02 1.100000e-02)	8	5.430720e+05	(8.844358e-03 1.555013e-02 1.100000e-02)	0
1.59596       	U             	(-1.239513e+00 -4.227724e-01 -4.065933e-27)	(1.476030e-02 1.485469e-02 1.100000e-02)	0	(1.788001e+00 2.152247e+00 1.167009e-24)	(1.052091e-01 1.012458e-02 1.100000e-02)	5
1.59596       	k             	2.922230e-04	(1.561886e-02 1.468819e-02 1.100000e-02)	0	2.766072e+01	(1.100232e+00 -1.180587e-01 1.100000e-02)	9
1.59596       	p_rgh         	-8.668131e+03	(1.092656e+00 -1.122815e-01 1.100000e-02)	9	1.315695e+06	(3.531951e-01 -4.067621e-02 1.100000e-02)	9
1.59596       	omega         	1.317685e+02	(1.092712e+00 -4.340573e-02 1.100000e-02)	8	5.430720e+05	(8.844358e-03 1.555013e-02 1.100000e-02)	0
1.59636       	U             	(-1.350432e+00 -4.819433e-01 -8.051359e-26)	(1.171063e-02 1.582649e-02 1.100000e-02)	0	(7.444721e+00 1.960584e+00 6.619219e-28)	(7.491399e-03 1.758236e-02 1.100000e-02)	0
1.59636       	k             	2.922230e-04	(1.561886e-02 1.468819e-02 1.100000e-02)	0	1.862934e+01	(1.100232e+00 -1.180587e-01 1.100000e-02)	9
1.59636       	p_rgh         	-8.525161e+03	(1.085074e+00 -1.146057e-01 1.100000e-02)	9	1.060744e+05	(1.111600e+00 -9.690407e-03 1.100000e-02)	8
1.59636       	omega         	1.317443e+02	(1.092712e+00 -4.340573e-02 1.100000e-02)	8	5.430720e+05	(8.844358e-03 1.555013e-02 1.100000e-02)	0
1.59676       	U             	(-1.046500e+00 -8.628349e-01 -8.101611e-26)	(4.912180e-02 1.038712e-02 1.100000e-02)	6	(7.437172e+00 2.593506e+00 5.379283e-27)	(2.917572e-04 1.633403e-02 1.100000e-02)	2
1.59676       	k             	2.922230e-04	(1.561886e-02 1.468819e-02 1.100000e-02)	0	1.359136e+01	(1.100232e+00 -1.180587e-01 1.100000e-02)	9
1.59676       	p_rgh         	-8.403371e+03	(1.069950e+00 -9.437752e-02 1.100000e-02)	9	7.998783e+04	(1.111600e+00 -1.191767e-01 1.100000e-02)	9
1.59676       	omega         	1.319695e+02	(1.092711e+00 -4.477847e-02 1.100000e-02)	8	5.430720e+05	(8.844358e-03 1.555013e-02 1.100000e-02)	0
1.59716       	U             	(-5.028207e-01 -4.851144e-01 -6.515356e-26)	(1.606454e-02 1.485103e-02 1.100000e-02)	0	(9.940968e+00 1.579027e+00 8.570608e-28)	(6.637247e-03 1.787976e-02 1.100000e-02)	0
1.59716       	k             	2.922230e-04	(1.561886e-02 1.468819e-02 1.100000e-02)	0	1.273405e+01	(-1.505568e-01 1.059942e-05 1.100000e-02)	4
1.59716       	p_rgh         	-8.386028e+03	(1.069959e+00 -8.924240e-02 1.100000e-02)	8	2.056567e+05	(1.085099e+00 -9.292622e-02 1.100000e-02)	9
1.59716       	omega         	1.319085e+02	(1.092711e+00 -4.477847e-02 1.100000e-02)	8	5.430720e+05	(8.844358e-03 1.555013e-02 1.100000e-02)	0
1.59756       	U             	(-7.124134e-01 -1.572498e+00 -1.999598e-25)	(2.667328e-02 1.384614e-02 1.100000e-02)	1	(7.436347e+00 2.593354e+00 5.373326e-27)	(2.917572e-04 1.633403e-02 1.100000e-02)	2
1.59756       	k             	2.922230e-04	(1.561886e-02 1.468819e-02 1.100000e-02)	0	1.273405e+01	(-1.505568e-01 1.059942e-05 1.100000e-02)	4
1.59756       	p_rgh         	-8.636220e+03	(1.092666e+00 -9.964237e-02 1.100000e-02)	9	9.584103e+04	(1.107820e+00 -6.757742e-02 1.100000e-02)	8
1.59756       	omega         	1.316561e+02	(1.092710e+00 -4.615974e-02 1.100000e-02)	8	5.430720e+05	(8.844358e-03 1.555013e-02 1.100000e-02)	0
1.59796       	U             	(-2.128365e+00 -1.013729e+00 -2.655939e-26)	(1.455081e-02 1.495641e-02 1.100000e-02)	0	(8.434010e+00 8.763480e-01 2.048753e-27)	(1.341215e-02 1.799738e-02 1.100000e-02)	0
1.59796       	k             	2.922230e-04	(1.561886e-02 1.468819e-02 1.100000e-02)	0	1.411504e+01	(1.000655e-01 1.398886e-02 1.100000e-02)	5
1.59796       	p_rgh         	-9.611354e+03	(1.111600e+00 -1.067269e-01 1.100000e-02)	9	1.414473e+05	(1.111600e+00 -9.690407e-03 1.100000e-02)	8
1.59796       	omega         	1.314337e+02	(1.092710e+00 -4.615974e-02 1.100000e-02)	8	5.430720e+05	(8.844358e-03 1.555013e-02 1.100000e-02)	0
1.59836       	U             	(-2.375470e+00 -4.197640e-01 -2.945307e-27)	(1.739562e-02 1.446622e-02 1.100000e-02)	0	(9.929856e+00 1.581657e+00 8.483787e-28)	(6.637247e-03 1.787976e-02 1.100000e-02)	0
1.59836       	k             	2.922230e-04	(1.561886e-02 1.468819e-02 1.100000e-02)	0	1.554978e+01	(9.923481e-02 1.409740e-02 1.100000e-02)	5
1.59836       	p_rgh         	-9.759820e+03	(1.111600e+00 -8.958267e-02 1.100000e-02)	8	1.680118e+05	(1.111600e+00 -9.690407e-03 1.100000e-02)	8
1.59836       	omega         	1.313745e+02	(1.092709e+00 -4.754960e-02 1.100000e-02)	8	5.430720e+05	(8.844358e-03 1.555013e-02 1.100000e-02)	0
1.59876       	U             	(-1.908958e+00 -1.277303e+00 -7.259451e-26)	(1.854750e-02 1.440244e-02 1.100000e-02)	0	(8.164329e+00 9.041090e-01 2.402224e-27)	(1.341215e-02 1.799738e-02 1.100000e-02)	0
1.59876       	k             	2.922230e-04	(1.561886e-02 1.468819e-02 1.100000e-02)	0	1.518241e+01	(9.842830e-02 1.455465e-02 1.100000e-02)	5
1.59876       	p_rgh         	-7.772103e+03	(1.085098e+00 -9.438089e-02 1.100000e-02)	9	1.104930e+05	(9.110237e-01 -6.823987e-02 1.100000e-02)	8
1.59876       	omega         	1.314841e+02	(1.092709e+00 -4.754960e-02 1.100000e-02)	8	5.430720e+05	(8.844358e-03 1.555013e-02 1.100000e-02)	0
1.59916       	U             	(-1.158743e+00 -8.570792e-01 -3.271702e-26)	(1.350124e-02 1.498448e-02 1.100000e-02)	0	(6.500445e-01 2.215902e+00 5.389221e-26)	(9.445149e-02 1.311131e-02 1.100000e-02)	5
1.59916       	k             	2.922230e-04	(1.561886e-02 1.468819e-02 1.100000e-02)	0	1.459654e+01	(9.682821e-02 1.476165e-02 1.100000e-02)	5
1.59916       	p_rgh         	-6.764983e+03	(1.111600e+00 -1.101362e-01 1.100000e-02)	9	9.270364e+04	(1.111600e+00 -1.069936e-02 1.100000e-02)	8
1.59916       	omega         	1.318587e+02	(1.092708e+00 -4.894810e-02 1.100000e-02)	8	5.430720e+05	(8.844358e-03 1.555013e-02 1.100000e-02)	0
1.59956       	U             	(-8.256121e-01 -6.117962e-01 -2.407258e-26)	(1.350124e-02 1.498448e-02 1.100000e-02)	0	(1.382184e+00 3.636033e-01 3.060097e-25)	(8.655175e-01 -7.230714e-02 1.100000e-02)	9
1.59956       	k             	2.922230e-04	(1.561886e-02 1.468819e-02 1.100000e-02)	0	1.550070e+01	(9.374638e-02 1.447707e-02 1.100000e-02)	5
1.59956       	p_rgh         	-7.314894e+03	(1.111600e+00 -1.191767e-01 1.100000e-02)	9	2.870399e+05	(9.452854e-02 1.541469e-02 1.100000e-02)	5
1.59956       	omega         	1.320350e+02	(1.092708e+00 -4.894810e-02 1.100000e-02)	8	5.430720e+05	(8.844358e-03 1.555013e-02 1.100000e-02)	0
1.59996       	U             	(-6.100684e-01 -1.213595e+00 -3.064351e-25)	(1.455004e-02 1.493659e-02 1.100000e-02)	0	(1.490063e+00 4.895648e-01 3.435750e-25)	(8.503739e-01 -7.093719e-02 1.100000e-02)	9
1.59996       	k             	2.922230e-04	(1.561886e-02 1.468819e-02 1.100000e-02)	0	1.378883e+01	(5.994171e-02 1.874741e-02 1.100000e-02)	6
1.59996       	p_rgh         	-8.468309e+03	(1.111600e+00 -1.191767e-01 1.100000e-02)	9	9.307497e+04	(1.111600e+00 -1.069936e-02 1.100000e-02)	8
1.59996       	omega         	1.323599e+02	(1.077595e+00 -4.640351e-02 1.100000e-02)	8	5.430720e+05	(8.844358e-03 1.555013e-02 1.100000e-02)	0
1.60036       	U             	(-7.868446e-01 -8.021144e-01 -8.809850e-26)	(1.434394e-02 1.509669e-02 1.100000e-02)	0	(2.671864e+00 1.349672e-01 1.586294e-26)	(1.454727e-02 1.486544e-02 1.100000e-02)	0
1.60036       	k             	2.922230e-04	(1.561886e-02 1.468819e-02 1.100000e-02)	0	1.432222e+01	(6.039030e-02 1.870150e-02 1.100000e-02)	6
1.60036       	p_rgh         	-6.559049e+03	(9.033504e-01 -7.846925e-02 1.100000e-02)	9	1.441259e+05	(1.107812e+00 -1.188041e-01 1.100000e-02)	9
1.60036       	omega         	1.323928e+02	(1.077595e+00 -4.640351e-02 1.100000e-02)	8	5.430720e+05	(8.844358e-03 1.555013e-02 1.100000e-02)	0
1.60076       	U             	(-5.108773e-01 -7.928462e-01 -1.663381e-25)	(1.455004e-02 1.493659e-02 1.100000e-02)	0	(2.902836e+00 8.883343e-02 9.435212e-27)	(1.454727e-02 1.486544e-02 1.100000e-02)	0
1.60076       	k             	2.922230e-04	(1.561886e-02 1.468819e-02 1.100000e-02)	0	1.455877e+01	(5.949530e-02 1.879195e-02 1.100000e-02)	6
1.60076       	p_rgh         	-6.082287e+03	(9.033567e-01 -7.781015e-02 1.100000e-02)	9	1.511710e+05	(9.108949e-01 -8.223099e-02 1.100000e-02)	9
1.60076       	omega         	1.322729e+02	(1.070041e+00 -4.445091e-02 1.100000e-02)	8	5.430720e+05	(8.844358e-03 1.555013e-02 1.100000e-02)	0
1.60116       	U             	(-7.725607e-01 -2.729942e-01 -1.435390e-26)	(1.016034e-02 1.583088e-02 1.100000e-02)	0	(7.427385e+00 2.590412e+00 5.135439e-27)	(2.917572e-04 1.633403e-02 1.100000e-02)	2
1.60116       	k             	2.922230e-04	(1.561886e-02 1.468819e-02 1.100000e-02)	0	1.525374e+01	(5.905122e-02 1.883626e-02 1.100000e-02)	6
1.60116       	p_rgh         	-8.589639e+03	(1.092675e+00 -8.877883e-02 1.100000e-02)	8	1.985977e+05	(3.675361e-01 -4.280395e-02 1.100000e-02)	9
1.60116       	omega         	1.321378e+02	(1.070041e+00 -4.445091e-02 1.100000e-02)	8	5.430720e+05	(8.844358e-03 1.555013e-02 1.100000e-02)	0
1.60156       	U             	(-1.613709e+00 -8.874421e-01 -4.925716e-26)	(2.476780e-02 1.370906e-02 1.100000e-02)	1	(7.423704e+00 2.589185e+00 5.368531e-27)	(2.917572e-04 1.633403e-02 1.100000e-02)	2
1.60156       	k             	2.922230e-04	(1.561886e-02 1.468819e-02 1.100000e-02)	0	1.613462e+01	(5.949530e-02 1.879195e-02 1.100000e-02)	6
1.60156       	p_rgh         	-8.496138e+03	(1.085072e+00 -1.163095e-01 1.100000e-02)	9	7.991303e+04	(1.111600e+00 -1.191767e-01 1.100000e-02)	9
1.60156       	omega         	1.321822e+02	(1.070038e+00 -4.583047e-02 1.100000e-02)	8	5.430720e+05	(8.844358e-03 1.555013e-02 1.100000e-02)	0
1.60196       	U             	(-9.280017e-01 -4.531023e-01 -1.271720e-26)	(1.650286e-02 1.470516e-02 1.100000e-02)	0	(1.740083e+00 1.708869e+00 7.569334e-27)	(8.316329e-02 1.491579e-02 1.100000e-02)	5
1.60196       	k             	2.922230e-04	(1.561886e-02 1.468819e-02 1.100000e-02)	0	1.635102e+01	(5.817001e-02 1.892418e-02 1.100000e-02)	6
1.60196       	p_rgh         	-7.789213e+03	(1.047263e+00 -8.113776e-02 1.100000e-02)	8	1.490525e+06	(1.062399e+00 -8.340576e-02 1.100000e-02)	8
1.60196       	omega         	1.322512e+02	(1.077591e+00 -4.919534e-02 1.100000e-02)	8	5.430720e+05	(8.844358e-03 1.555013e-02 1.100000e-02)	0
1.60236       	U             	(-2.008301e+00 -1.074554e+00 -9.260974e-26)	(3.431934e-02 1.240714e-02 1.100000e-02)	1	(5.792569e-01 1.436993e+00 1.571694e-26)	(1.628140e-02 1.473366e-02 1.100000e-02)	0
1.60236       	k             	2.922230e-04	(1.561886e-02 1.468819e-02 1.100000e-02)	0	1.745689e+01	(5.773284e-02 1.896780e-02 1.100000e-02)	6
1.60236       	p_rgh         	-8.313083e+03	(1.077523e+00 -9.507139e-02 1.100000e-02)	9	1.851119e+05	(1.092670e+00 -9.577383e-02 1.100000e-02)	9
1.60236       	omega         	1.320051e+02	(1.077591e+00 -4.919534e-02 1.100000e-02)	8	5.430720e+05	(8.844358e-03 1.555013e-02 1.100000e-02)	0
1.60276       	U             	(-1.076742e+00 -5.521104e-01 -8.737814e-27)	(1.350980e-02 1.520370e-02 1.100000e-02)	0	(2.593589e+00 3.892881e-01 1.031452e-26)	(2.766808e-01 -1.229236e-02 1.100000e-02)	8
1.60276       	k             	2.922230e-04	(1.561886e-02 1.468819e-02 1.100000e-02)	0	1.854815e+01	(5.906170e-02 1.914126e-02 1.100000e-02)	6
1.60276       	p_rgh         	-9.390546e+03	(1.111600e+00 -9.533004e-02 1.100000e-02)	9	1.419662e+05	(1.111600e+00 -9.690407e-03 1.100000e-02)	8
1.60276       	omega         	1.317264e+02	(1.077591e+00 -4.919534e-02 1.100000e-02)	8	5.430720e+05	(8.844358e-03 1.555013e-02 1.100000e-02)	0
1.60316       	U             	(-1.114032e+00 -7.502735e-01 -6.826922e-26)	(1.901405e-02 1.430603e-02 1.100000e-02)	0	(2.433151e+00 4.702742e-01 1.653443e-25)	(3.634655e-01 -2.201759e-02 1.100000e-02)	8
1.60316       	k             	2.922230e-04	(1.561886e-02 1.468819e-02 1.100000e-02)	0	1.963620e+01	(5.861994e-02 1.918491e-02 1.100000e-02)	6
1.60316       	p_rgh         	-9.697074e+03	(1.111600e+00 -1.177955e-01 1.100000e-02)	9	1.510448e+05	(1.111600e+00 -9.690407e-03 1.100000e-02)	8
1.60316       	omega         	1.315462e+02	(1.077591e+00 -4.919534e-02 1.100000e-02)	8	5.430720e+05	(8.844358e-03 1.555013e-02 1.100000e-02)	0
1.60356       	U             	(-3.907647e-01 -8.136008e-01 -4.373277e-26)	(1.209656e-02 1.552265e-02 1.100000e-02)	0	(7.062262e-01 4.297555e-01 2.782318e-26)	(1.497518e-02 1.486275e-02 1.100000e-02)	0
1.60356       	k             	2.922230e-04	(1.561886e-02 1.468819e-02 1.100000e-02)	0	2.007810e+01	(5.861994e-02 1.918491e-02 1.100000e-02)	6
1.60356       	p_rgh         	-9.487888e+03	(1.111600e+00 -1.097460e-01 1.100000e-02)	9	1.363798e+05	(1.111600e+00 -1.069936e-02 1.100000e-02)	8
1.60356       	omega         	1.317559e+02	(1.077589e+00 -5.060429e-02 1.100000e-02)	8	5.430720e+05	(8.844358e-03 1.555013e-02 1.100000e-02)	0
1.60396       	U             	(-6.801012e-01 -1.409477e+00 -2.263175e-26)	(2.920314e-02 1.337149e-02 1.100000e-02)	1	(8.622222e+00 8.686855e-01 2.489131e-27)	(1.341215e-02 1.799738e-02 1.100000e-02)	0
1.60396       	k             	2.922230e-04	(1.561886e-02 1.468819e-02 1.100000e-02)	0	2.058003e+01	(5.600689e-02 1.914000e-02 1.100000e-02)	6
1.60396       	p_rgh         	-9.400919e+03	(1.111600e+00 -1.097460e-01 1.100000e-02)	9	1.361470e+05	(1.111600e+00 -1.069936e-02 1.100000e-02)	8
1.60396       	omega         	1.321497e+02	(1.077589e+00 -5.060429e-02 1.100000e-02)	8	5.430720e+05	(8.844358e-03 1.555013e-02 1.100000e-02)	0
1.60436       	U             	(-8.033590e-01 -6.898290e-01 -5.570454e-28)	(1.655181e-02 1.597007e-02 1.100000e-02)	0	(1.055075e+01 8.318330e-01 9.063662e-26)	(1.224640e-01 2.809742e-02 1.100000e-02)	7
1.60436       	k             	2.922230e-04	(1.561886e-02 1.468819e-02 1.100000e-02)	0	2.147860e+01	(5.600689e-02 1.914000e-02 1.100000e-02)	6
1.60436       	p_rgh         	-9.248731e+03	(1.111600e+00 -1.101362e-01 1.100000e-02)	9	1.255751e+05	(1.111600e+00 -1.069936e-02 1.100000e-02)	8
1.60436       	omega         	1.327104e+02	(1.077587e+00 -5.202200e-02 1.100000e-02)	8	5.430720e+05	(8.844358e-03 1.555013e-02 1.100000e-02)	0
