/*--------------------------------*- C++ -*----------------------------------*\
| =========                 |                                                 |
| \\      /  F ield         | OpenFOAM: The Open Source CFD Toolbox           |
|  \\    /   O peration     | Version:  v2012                                 |
|   \\  /    A nd           | Website:  www.openfoam.com                      |
|    \\/     M anipulation  |                                                 |
\*---------------------------------------------------------------------------*/
FoamFile
{
    version     2.0;
    format      ascii;
    class       volScalarField;
    location    "1e-06";
    object      k;
}
// * * * * * * * * * * * * * * * * * * * * * * * * * * * * * * * * * * * * * //

dimensions      [0 2 -2 0 0 0 0];


internalField   nonuniform List<scalar> 
10098
(
1.41279
1.41346
1.4294
1.44422
1.44544
1.44304
1.45395
1.47083
1.4738
1.47358
1.47259
1.48067
1.48942
1.48057
1.4755
1.47507
1.47889
1.47476
1.46511
1.46187
1.4604
1.46374
1.45233
1.44342
1.4412
1.43925
1.43396
1.41514
1.40888
1.39639
1.38714
1.36464
1.34141
1.3357
1.31996
1.30909
1.28475
1.26907
1.26577
1.26007
1.25744
1.24795
1.24338
1.2414
1.24293
1.24997
1.2519
1.24947
1.24753
1.25094
1.25938
1.26074
1.25905
1.25842
1.26097
1.25639
1.24325
1.24039
1.23138
1.21719
1.1996
1.19652
1.18277
1.1603
1.14197
1.13831
1.12227
1.10821
1.10627
1.47803
1.47717
1.48575
1.49803
1.50812
1.50773
1.51474
1.52333
1.5317
1.5364
1.53479
1.53631
1.53847
1.53756
1.53377
1.53054
1.52564
1.52276
1.51805
1.51521
1.50938
1.50625
1.50148
1.49592
1.49271
1.4853
1.47842
1.46778
1.46318
1.44853
1.4318
1.4141
1.39499
1.38914
1.36873
1.35058
1.33398
1.31986
1.31515
1.30272
1.29699
1.29281
1.2902
1.28824
1.28697
1.28795
1.29129
1.29369
1.29266
1.29366
1.29522
1.3004
1.3012
1.30005
1.29684
1.29062
1.28024
1.27708
1.26208
1.24548
1.22735
1.22329
1.20145
1.17759
1.15572
1.15053
1.12898
1.11314
1.11088
1.48271
1.48337
1.49949
1.51422
1.51466
1.51196
1.52291
1.54011
1.54228
1.54103
1.53984
1.5474
1.55502
1.544
1.53711
1.53645
1.53892
1.53314
1.52218
1.51873
1.51665
1.5196
1.50787
1.49903
1.49692
1.49548
1.49075
1.47242
1.46622
1.45425
1.44535
1.42245
1.39852
1.39266
1.37639
1.36473
1.33921
1.32249
1.31905
1.31267
1.30922
1.29877
1.29334
1.29117
1.29219
1.29879
1.30008
1.29702
1.29491
1.29795
1.30588
1.30614
1.30339
1.30256
1.30383
1.29747
1.28219
1.27893
1.26755
1.25002
1.22848
1.22472
1.20627
1.17891
1.15611
1.15141
1.13011
1.11326
1.11097
1.54958
1.54866
1.55739
1.56956
1.57919
1.57859
1.58554
1.59408
1.602
1.60589
1.60403
1.60475
1.60531
1.60223
1.5963
1.59265
1.58596
1.58094
1.57447
1.57135
1.56464
1.56084
1.5557
1.55012
1.54703
1.54034
1.53414
1.52406
1.51957
1.50567
1.48962
1.47163
1.45194
1.44593
1.42499
1.40599
1.38835
1.37327
1.36839
1.35536
1.34873
1.34358
1.34011
1.33794
1.33606
1.33663
1.33922
1.34087
1.33968
1.34021
1.34123
1.34517
1.34473
1.34334
1.33883
1.33068
1.3179
1.3143
1.29689
1.27669
1.25452
1.24939
1.22288
1.19332
1.16639
1.1602
1.13328
1.11311
1.11034
1.55416
1.55494
1.57167
1.58664
1.58583
1.58276
1.59396
1.61227
1.61302
1.61051
1.60914
1.61633
1.62307
1.60878
1.59949
1.59864
1.59968
1.59145
1.57843
1.5747
1.57179
1.57462
1.56189
1.55298
1.55103
1.55034
1.5464
1.52853
1.52241
1.51132
1.50354
1.48004
1.45535
1.44936
1.43274
1.42085
1.39358
1.3758
1.37228
1.36552
1.36141
1.34962
1.34321
1.34085
1.34136
1.34782
1.34816
1.34417
1.34185
1.34451
1.3522
1.35091
1.34681
1.34578
1.34578
1.33747
1.31974
1.31604
1.30222
1.28104
1.27817
1.25066
1.22721
1.19442
1.16668
1.16082
1.13354
1.11304
1.11024
1.09517
1.62386
1.62286
1.63164
1.64374
1.65311
1.65229
1.65925
1.66755
1.67541
1.67855
1.67642
1.67631
1.67483
1.66938
1.66078
1.65661
1.6474
1.63965
1.63077
1.62724
1.61916
1.61387
1.60849
1.6028
1.59985
1.59393
1.5885
1.57927
1.575
1.56222
1.5471
1.5293
1.50914
1.50301
1.48163
1.46161
1.44315
1.42716
1.42211
1.40853
1.40094
1.39488
1.39048
1.38809
1.38556
1.38556
1.38737
1.38814
1.38676
1.38673
1.38697
1.38964
1.38773
1.38607
1.3801
1.36982
1.35445
1.35033
1.33033
1.30623
1.27921
1.27336
1.2417
1.20597
1.17349
1.16619
1.13304
1.10744
1.10396
1.0868
1.69462
1.69219
1.69201
1.70281
1.72079
1.7229
1.72562
1.72314
1.7386
1.74752
1.74516
1.73737
1.72944
1.73065
1.72275
1.71546
1.69465
1.68778
1.6819
1.67878
1.6651
1.65147
1.65238
1.64952
1.64598
1.63501
1.6292
1.6272
1.62516
1.61126
1.58854
1.57727
1.56168
1.55579
1.52989
1.5032
1.49172
1.4777
1.47142
1.45085
1.44124
1.43937
1.43699
1.4349
1.42939
1.42226
1.42626
1.43108
1.43092
1.42821
1.42027
1.42714
1.42717
1.42502
1.41312
1.40089
1.38723
1.3828
1.3568
1.3295
1.30026
1.29355
1.25397
1.21459
1.17656
1.1681
1.12919
1.09629
1.09197
1.07359
1.6998
1.69873
1.70749
1.71941
1.72826
1.72717
1.73446
1.74269
1.75056
1.75279
1.75047
1.74996
1.74651
1.73816
1.72631
1.72161
1.70955
1.69835
1.68608
1.68193
1.67192
1.6644
1.65838
1.65223
1.64944
1.64444
1.6399
1.6316
1.6276
1.61648
1.60296
1.58577
1.56526
1.55906
1.53761
1.51672
1.49736
1.48038
1.47524
1.46145
1.45295
1.44585
1.44037
1.43776
1.43467
1.43415
1.43508
1.43467
1.43302
1.43242
1.43184
1.43302
1.42928
1.42734
1.41991
1.40734
1.38905
1.38443
1.36177
1.33347
1.30122
1.29464
1.25754
1.21524
1.17671
1.16816
1.1278
1.09578
1.09141
1.06882
1.7712
1.76851
1.76862
1.77941
1.79568
1.79749
1.80063
1.80101
1.81406
1.82216
1.81963
1.81188
1.80374
1.80022
1.78895
1.78099
1.75821
1.74648
1.73619
1.73223
1.71588
1.70184
1.69876
1.69473
1.6914
1.68194
1.67741
1.67543
1.67364
1.66195
1.6435
1.63157
1.61581
1.60991
1.58438
1.55887
1.54451
1.52953
1.52321
1.50306
1.49321
1.48935
1.48585
1.48351
1.47746
1.47101
1.47319
1.47638
1.47587
1.47249
1.46523
1.46899
1.46688
1.4644
1.45123
1.43663
1.41961
1.41463
1.38609
1.35442
1.31967
1.31201
1.26751
1.22067
1.17593
1.1663
1.11983
1.07915
1.07381
1.05
1.77679
1.77567
1.78444
1.79582
1.80361
1.80209
1.81007
1.81878
1.82657
1.82776
1.82538
1.82514
1.82019
1.8083
1.79281
1.78775
1.77281
1.75745
1.74059
1.73557
1.72291
1.71254
1.70457
1.69735
1.69475
1.6906
1.687
1.67964
1.67598
1.6671
1.65607
1.64003
1.61947
1.6133
1.59236
1.57102
1.55033
1.53228
1.52723
1.51358
1.50436
1.49602
1.48936
1.48653
1.48301
1.48211
1.48201
1.48008
1.47807
1.4769
1.47561
1.47493
1.46903
1.46679
1.45791
1.4429
1.42142
1.41627
1.39086
1.35815
1.32054
1.31303
1.27022
1.22106
1.17599
1.16602
1.11734
1.07841
1.073
1.04383
1.84937
1.84644
1.84684
1.85696
1.87097
1.87234
1.87611
1.8796
1.89022
1.89748
1.89493
1.88804
1.88011
1.87183
1.85722
1.84873
1.824
1.80658
1.79073
1.78567
1.76566
1.74975
1.74172
1.7356
1.73238
1.72406
1.72058
1.71872
1.71726
1.70838
1.69501
1.68335
1.66815
1.6624
1.63802
1.61385
1.59647
1.58034
1.57405
1.55467
1.5446
1.53875
1.53407
1.53149
1.525
1.51928
1.51952
1.52083
1.51992
1.5158
1.50915
1.50954
1.50496
1.50213
1.48765
1.47049
1.44983
1.44427
1.41305
1.37674
1.3362
1.32759
1.2778
1.22318
1.17112
1.16013
1.1051
1.05665
1.05024
1.01982
1.85515
1.854
1.86262
1.87311
1.87903
1.87702
1.88585
1.89565
1.90294
1.90316
1.9009
1.90164
1.89604
1.8803
1.86124
1.856
1.83836
1.81797
1.79528
1.78913
1.7728
1.75886
1.74717
1.73797
1.73546
1.7316
1.72875
1.72248
1.71931
1.71315
1.70551
1.69144
1.67171
1.66576
1.64609
1.62498
1.60234
1.58305
1.57815
1.5649
1.55524
1.5455
1.53761
1.53458
1.53072
1.52954
1.52829
1.52457
1.52213
1.52031
1.51838
1.51542
1.50705
1.5045
1.49408
1.47646
1.45154
1.44584
1.41748
1.38011
1.33696
1.32849
1.27964
1.22325
1.17107
1.15943
1.1015
1.05573
1.0492
1.01264
1.92812
1.92499
1.92553
1.93431
1.94545
1.94621
1.95067
1.95699
1.96545
1.97181
1.96943
1.96436
1.95705
1.94481
1.92707
1.91833
1.89176
1.86792
1.84537
1.83895
1.81437
1.79494
1.78096
1.77158
1.76824
1.76011
1.75704
1.75535
1.75432
1.74871
1.74101
1.73102
1.71749
1.71221
1.69017
1.66766
1.64741
1.62981
1.62359
1.60507
1.59476
1.58713
1.58125
1.57844
1.57168
1.56659
1.56491
1.56414
1.56273
1.55784
1.5515
1.54842
1.54106
1.53787
1.52203
1.50207
1.47752
1.47136
1.4373
1.39611
1.34962
1.34005
1.28455
1.22177
1.16196
1.14938
1.08523
1.02961
1.02211
0.984332
1.93399
1.93286
1.94119
1.95057
1.95351
1.95093
1.96048
1.97214
1.97807
1.97743
1.97547
1.97796
1.97308
1.95354
1.93117
1.92605
1.90613
1.8797
1.85001
1.84253
1.82156
1.80337
1.78596
1.77363
1.77099
1.76631
1.7636
1.75847
1.756
1.75283
1.74954
1.7384
1.72083
1.71543
1.69812
1.67856
1.6533
1.63246
1.62775
1.61497
1.60525
1.59387
1.58476
1.58158
1.57749
1.57637
1.57367
1.56786
1.56494
1.56239
1.56007
1.55417
1.54309
1.54021
1.52813
1.50772
1.47913
1.47283
1.44129
1.39904
1.35026
1.3408
1.28549
1.22146
1.16178
1.14821
1.08053
1.02851
1.02085
0.97622
2.00652
2.00318
2.00334
2.00998
2.01787
2.01782
2.02271
2.03084
2.03763
2.04299
2.04094
2.03845
2.03216
2.01725
1.99688
1.9882
1.95982
1.92949
1.89954
1.89158
1.86168
1.83691
1.81612
1.80214
1.79839
1.78894
1.78515
1.7835
1.783
1.78074
1.77883
1.77206
1.76165
1.75726
1.73917
1.71905
1.69682
1.67773
1.67157
1.65366
1.64295
1.63401
1.62696
1.62395
1.6171
1.61236
1.60899
1.60601
1.60402
1.59831
1.59172
1.58532
1.57496
1.57139
1.55402
1.531
1.50236
1.49556
1.45843
1.41217
1.35967
1.34908
1.28736
1.21611
1.14845
1.13407
1.06085
0.998893
0.990326
0.945003
2.01222
2.01108
2.019
2.02694
2.02561
2.02235
2.03219
2.04632
2.0497
2.04819
2.04671
2.05146
2.04905
2.02575
2.00076
1.99594
1.97465
1.94157
1.90404
1.89519
1.86876
1.84567
1.82058
1.80381
1.80073
1.79365
1.78985
1.78567
1.78415
1.78378
1.78518
1.77805
1.76448
1.76005
1.74651
1.7304
1.70249
1.6802
1.67569
1.66334
1.65391
1.64057
1.63034
1.62706
1.62287
1.62233
1.6178
1.60959
1.60621
1.6028
1.60042
1.59083
1.57684
1.57362
1.55973
1.53625
1.50379
1.49691
1.46188
1.41456
1.36015
1.34965
1.28724
1.21538
1.14814
1.13243
1.05497
0.997698
0.988906
0.935575
2.08442
2.08075
2.07916
2.0827
2.08716
2.08625
2.09077
2.09862
2.10454
2.10877
2.1072
2.10721
2.10194
2.086
2.06386
2.05559
2.02571
1.98985
1.95267
1.94306
1.90724
1.87475
1.84677
1.82679
1.82227
1.8094
1.80318
1.80107
1.80116
1.80168
1.8049
1.8029
1.79753
1.79454
1.78229
1.76567
1.74375
1.72376
1.71777
1.70015
1.68867
1.67905
1.67103
1.66787
1.66108
1.65617
1.65152
1.64638
1.64381
1.63715
1.6294
1.62012
1.60661
1.60264
1.58335
1.55699
1.5242
1.5167
1.47612
1.4246
1.36604
1.35439
1.28577
1.20592
1.1307
1.11442
1.0326
0.965218
0.955646
0.903216
0.875211
2.15383
2.14806
2.13595
2.13592
2.14342
2.14468
2.1438
2.14352
2.15282
2.16055
2.15932
2.1552
2.14791
2.13829
2.11902
2.10882
2.07123
2.03497
1.99719
1.98725
1.94242
1.89979
1.86784
1.84243
1.83662
1.81782
1.80821
1.80512
1.80586
1.80795
1.81299
1.8174
1.81939
1.81851
1.81049
1.79536
1.78032
1.76341
1.75667
1.73433
1.72184
1.71492
1.70888
1.70619
1.69714
1.6875
1.68375
1.68076
1.67914
1.66935
1.65558
1.6471
1.63347
1.62887
1.60442
1.57524
1.54113
1.53306
1.48737
1.43159
1.36798
1.35525
1.28093
1.19287
1.10943
1.09318
1.00803
0.930885
0.920556
0.870659
0.831922
0.830473
0.836292
0.872468
0.926374
0.942096
0.995654
1.0019
1.00283
0.958301
0.887223
0.873135
0.785979
0.719194
0.706696
0.647649
0.608546
0.601075
0.568843
0.548732
0.544756
0.530946
0.5295
0.522587
0.517403
0.517707
0.523373
0.529442
0.530682
0.5342
0.527259
0.526345
0.512665
0.50383
0.502229
0.499238
0.494792
0.493533
0.485488
0.478048
0.469405
0.467653
0.455684
0.440251
0.438028
0.426068
0.415171
0.408291
0.407299
0.400661
0.392794
0.391442
0.381155
0.37532
0.375875
0.378829
0.386854
0.39079
0.390793
0.383235
0.369424
0.367307
0.356665
2.15982
2.15572
2.15116
2.15057
2.15052
2.14861
2.1518
2.1577
2.16231
2.16473
2.16365
2.16548
2.16117
2.14517
2.12254
2.11516
2.08512
2.04537
2.00155
1.99048
1.94868
1.90749
1.87093
1.84335
1.8377
1.81912
1.80844
1.80482
1.80562
1.80786
1.8151
1.81909
1.8207
1.81967
1.81515
1.80437
1.78518
1.76572
1.76027
1.74346
1.73124
1.72096
1.71215
1.70897
1.70245
1.69731
1.69165
1.68427
1.68111
1.67344
1.6641
1.65205
1.63518
1.63079
1.6093
1.57935
1.54227
1.53407
1.4897
1.43275
1.36814
1.35537
1.27925
1.19116
1.10906
1.09078
1.00101
0.929391
0.918901
0.860055
0.828757
0.829156
0.828401
0.866898
0.925242
0.937749
0.991689
1.00176
1.00262
0.960844
0.887953
0.874653
0.790071
0.719777
0.707859
0.649537
0.608787
0.601566
0.569059
0.548756
0.544537
0.530538
0.529402
0.521035
0.517023
0.517482
0.520299
0.529197
0.530367
0.532957
0.527235
0.526247
0.51288
0.503919
0.502367
0.500745
0.494969
0.493656
0.486085
0.478219
0.469424
0.467653
0.454901
0.440125
0.43792
0.424815
0.41478
0.408219
0.406943
0.399642
0.392723
0.39137
0.380899
0.375356
0.375872
0.378918
0.387098
0.390834
0.390898
0.384097
0.369497
0.36736
0.356688
2.22625
2.21962
2.20517
2.20024
2.2
2.19963
2.19685
2.19778
2.20095
2.2049
2.20392
2.2021
2.19778
2.18493
2.16548
2.1571
2.12381
2.08314
2.03879
2.02758
1.97785
1.92916
1.88495
1.85022
1.84304
1.81773
1.80205
1.79489
1.79564
1.79907
1.80951
1.81899
1.82773
1.82916
1.8315
1.8271
1.81423
1.79946
1.79373
1.7746
1.76234
1.75335
1.74645
1.74371
1.73533
1.72762
1.7216
1.71577
1.71344
1.70272
1.68949
1.67621
1.65882
1.65374
1.62743
1.59444
1.55538
1.54657
1.49735
1.43597
1.36583
1.35198
1.2704
1.17436
1.08459
1.06663
0.97396
0.893799
0.882749
0.825551
0.7859
0.784071
0.784025
0.818033
0.877205
0.893585
0.962878
0.989381
0.994446
0.970041
0.907479
0.895116
0.810176
0.738821
0.725742
0.661222
0.616616
0.608272
0.571016
0.546894
0.542106
0.524107
0.522307
0.512452
0.506953
0.507235
0.511281
0.518754
0.520072
0.525611
0.523269
0.523197
0.514028
0.507175
0.505947
0.504841
0.500117
0.49876
0.48991
0.47998
0.468719
0.466503
0.451443
0.434
0.431567
0.418496
0.407844
0.401369
0.400406
0.394393
0.388362
0.387355
0.379351
0.375251
0.375966
0.379771
0.388287
0.392841
0.392983
0.385903
0.370472
0.368175
0.356683
2.23229
2.22753
2.21872
2.21282
2.20642
2.20334
2.20382
2.20703
2.2082
2.20808
2.20732
2.20918
2.20539
2.18987
2.16815
2.16197
2.13299
2.09112
2.04239
2.03046
1.98295
1.93361
1.88671
1.85049
1.84323
1.8161
1.79847
1.79276
1.79448
1.7966
1.80608
1.81709
1.82768
1.82911
1.83348
1.83148
1.81796
1.80144
1.79697
1.78226
1.77017
1.75893
1.74951
1.74642
1.74041
1.73556
1.72883
1.7191
1.71541
1.70671
1.69608
1.68074
1.66039
1.65556
1.6315
1.59772
1.55629
1.5474
1.49879
1.43626
1.36575
1.35179
1.26748
1.17213
1.08404
1.06366
0.966452
0.892179
0.880893
0.81595
0.782649
0.782696
0.775889
0.81198
0.875899
0.888255
0.957258
0.988938
0.993462
0.971378
0.908127
0.896523
0.814247
0.739437
0.727005
0.663248
0.616876
0.60881
0.571241
0.546922
0.541849
0.523668
0.522206
0.510906
0.506594
0.507016
0.508958
0.518501
0.519739
0.524141
0.52321
0.522974
0.514086
0.507242
0.506052
0.5058
0.500268
0.498871
0.490405
0.480079
0.468726
0.466446
0.450362
0.433856
0.431438
0.417148
0.407429
0.401288
0.400004
0.393243
0.388263
0.387244
0.378793
0.375237
0.375945
0.379794
0.388387
0.392859
0.393057
0.386316
0.370519
0.36822
0.356615
2.29601
2.28825
2.26901
2.25691
2.24855
2.24633
2.23985
2.23819
2.23531
2.23461
2.23365
2.23176
2.22794
2.21379
2.19489
2.18835
2.15885
2.11629
2.06757
2.05571
2.00202
1.94705
1.89079
1.8462
1.83735
1.80309
1.77925
1.76738
1.76831
1.77115
1.78476
1.80009
1.81702
1.82118
1.83465
1.84265
1.83632
1.82668
1.82266
1.80834
1.79696
1.7871
1.77965
1.77698
1.76953
1.76309
1.75559
1.74737
1.7444
1.73283
1.71908
1.70175
1.68053
1.67494
1.6463
1.60921
1.56532
1.55575
1.50249
1.43533
1.3589
1.3439
1.25478
1.1516
1.05648
1.0367
0.937565
0.855608
0.843984
0.78124
0.741016
0.738933
0.732755
0.762551
0.823871
0.839605
0.921024
0.967914
0.976833
0.97414
0.923365
0.913251
0.832979
0.758089
0.744641
0.675
0.624732
0.615512
0.57307
0.544868
0.539212
0.517181
0.515155
0.502898
0.497522
0.497803
0.500705
0.508611
0.509889
0.516163
0.517751
0.518325
0.513579
0.509085
0.508285
0.508859
0.504224
0.502789
0.493161
0.480722
0.466883
0.464182
0.446105
0.427251
0.424665
0.410697
0.400498
0.394393
0.393414
0.387693
0.383157
0.382425
0.376252
0.374037
0.37495
0.379665
0.388614
0.393802
0.394084
0.387406
0.370618
0.368156
0.355773
2.30171
2.29609
2.28187
2.26899
2.2539
2.24954
2.24534
2.24431
2.23983
2.23638
2.23563
2.23503
2.23031
2.21596
2.19623
2.19082
2.16262
2.12031
2.06959
2.05755
2.00467
1.94687
1.89042
1.84558
1.83627
1.79781
1.77059
1.7633
1.76611
1.76593
1.77414
1.79384
1.81534
1.81951
1.83293
1.84122
1.83816
1.82801
1.82499
1.81428
1.80389
1.79189
1.78226
1.77941
1.77406
1.77028
1.76228
1.75033
1.74624
1.73645
1.72504
1.7057
1.68185
1.67653
1.6495
1.6116
1.56591
1.55634
1.50285
1.43459
1.35856
1.34333
1.25009
1.14891
1.05577
1.03324
0.928943
0.853949
0.842009
0.771069
0.737868
0.737591
0.724771
0.75644
0.822527
0.833624
0.913913
0.967188
0.974991
0.973957
0.923859
0.914391
0.836871
0.758697
0.745947
0.677123
0.625001
0.616084
0.573311
0.5449
0.538928
0.516753
0.515064
0.501425
0.497203
0.497601
0.498544
0.508373
0.509561
0.51455
0.517664
0.51798
0.513463
0.509125
0.508345
0.509445
0.504336
0.50288
0.493508
0.480735
0.466877
0.464064
0.444714
0.427107
0.424527
0.40929
0.400084
0.394312
0.392987
0.386454
0.383036
0.382281
0.375377
0.373969
0.374909
0.37961
0.388555
0.393789
0.394114
0.387396
0.370636
0.36819
0.355604
2.36336
2.35421
2.32737
2.30586
2.28868
2.28448
2.27195
2.26357
2.25429
2.24808
2.2468
2.24184
2.23608
2.22143
2.2034
2.19801
2.17044
2.12767
2.07733
2.06553
2.00836
1.9475
1.88042
1.82692
1.81622
1.77145
1.73817
1.72119
1.7226
1.72257
1.73772
1.75802
1.78443
1.79145
1.81566
1.83719
1.842
1.84132
1.83969
1.83225
1.82342
1.81451
1.80729
1.80486
1.79855
1.79275
1.78476
1.77484
1.7714
1.759
1.74364
1.72312
1.69817
1.69206
1.66046
1.61902
1.57051
1.56014
1.50225
1.42918
1.3469
1.33071
1.23414
1.12464
1.02522
1.00351
0.899179
0.816656
0.804628
0.738609
0.698125
0.695931
0.684119
0.708272
0.768562
0.782438
0.871397
0.937731
0.949935
0.96964
0.934029
0.926615
0.853632
0.776661
0.763108
0.688892
0.632922
0.622836
0.575099
0.542778
0.536192
0.510437
0.508275
0.494085
0.489168
0.489466
0.491928
0.49934
0.500481
0.506331
0.510995
0.511989
0.51137
0.509508
0.50917
0.511205
0.507015
0.505528
0.495124
0.480266
0.463998
0.460806
0.439969
0.420183
0.417485
0.402835
0.393269
0.387529
0.386506
0.380825
0.377408
0.376872
0.372046
0.371728
0.372868
0.378501
0.387806
0.393615
0.394024
0.387622
0.369818
0.367216
0.353946
2.42113
2.40889
2.36924
2.33923
2.31593
2.31102
2.28969
2.27226
2.25739
2.24489
2.24288
2.23428
2.22493
2.20892
2.18934
2.18586
2.15912
2.11698
2.06446
2.05269
1.99461
1.92755
1.85451
1.79072
1.77982
1.7314
1.69083
1.66356
1.66169
1.66285
1.68253
1.70503
1.73352
1.74296
1.78077
1.81299
1.82962
1.839
1.84056
1.84066
1.83585
1.83017
1.8254
1.82372
1.81755
1.81069
1.80344
1.79452
1.79171
1.77734
1.75859
1.73675
1.7099
1.70317
1.66761
1.62274
1.57034
1.55918
1.49756
1.4197
1.3305
1.31353
1.21415
1.09743
0.991725
0.971542
0.867676
0.779321
0.767316
0.70676
0.661208
0.657206
0.646684
0.663363
0.715296
0.731308
0.825162
0.900876
0.917556
0.958875
0.938376
0.933699
0.868189
0.793357
0.77931
0.70046
0.640752
0.629541
0.576877
0.540603
0.533439
0.504491
0.501887
0.487381
0.482179
0.482411
0.486252
0.49141
0.492425
0.49827
0.503501
0.505044
0.507993
0.508465
0.508623
0.511795
0.508346
0.506815
0.495682
0.478791
0.460184
0.45669
0.434692
0.413045
0.410261
0.396445
0.386725
0.381017
0.380281
0.375269
0.371514
0.371118
0.368143
0.368609
0.369878
0.376518
0.386216
0.392289
0.392787
0.386646
0.368118
0.365339
0.35161
2.42709
2.41638
2.38022
2.3477
2.31953
2.31317
2.29217
2.27398
2.25659
2.24374
2.24167
2.23066
2.22011
2.20507
2.18779
2.18245
2.15402
2.11163
2.06203
2.05088
1.99011
1.92127
1.84789
1.78749
1.77489
1.71905
1.6759
1.65483
1.65716
1.65205
1.66517
1.69077
1.72769
1.73757
1.77099
1.8048
1.82604
1.83833
1.83964
1.84158
1.83812
1.83238
1.82691
1.82504
1.82028
1.81538
1.80763
1.79663
1.79297
1.77985
1.76267
1.73919
1.71072
1.70407
1.66903
1.62314
1.57028
1.55915
1.49603
1.41701
1.3296
1.31221
1.20802
1.09355
0.990955
0.967254
0.858752
0.77743
0.765176
0.697381
0.658112
0.65596
0.639565
0.65749
0.71378
0.724876
0.816047
0.89954
0.914166
0.955757
0.938545
0.934159
0.871209
0.793986
0.780614
0.702645
0.64108
0.630168
0.577121
0.540674
0.53313
0.504052
0.501807
0.486081
0.481905
0.482247
0.484634
0.491215
0.492156
0.49663
0.503368
0.504529
0.507534
0.508439
0.508564
0.51189
0.508376
0.506862
0.495701
0.478624
0.460166
0.456485
0.433144
0.412866
0.410105
0.394994
0.386282
0.380942
0.379863
0.374025
0.371361
0.37094
0.366915
0.368409
0.369792
0.376278
0.38585
0.392224
0.39274
0.386379
0.368043
0.36534
0.351212
2.48141
2.4672
2.41865
2.3761
2.33928
2.33138
2.30034
2.27292
2.24667
2.225
2.22182
2.20612
2.19109
2.17164
2.15092
2.14792
2.12082
2.07831
2.0253
2.01409
1.95396
1.88153
1.80154
1.73112
1.71893
1.6607
1.61128
1.57981
1.57842
1.57446
1.58943
1.61794
1.65502
1.6673
1.71445
1.76034
1.79264
1.81613
1.82173
1.8353
1.8388
1.83717
1.83538
1.83458
1.83135
1.82746
1.82021
1.81013
1.80704
1.79255
1.77367
1.7478
1.71717
1.70989
1.67146
1.62205
1.56488
1.55293
1.48644
1.40261
1.30836
1.29031
1.1837
1.06303
0.95509
0.933171
0.825748
0.740383
0.728443
0.6658
0.624642
0.620995
0.606607
0.617546
0.663705
0.67644
0.767885
0.856624
0.875266
0.937466
0.936301
0.935131
0.882475
0.808905
0.795345
0.71374
0.648772
0.63677
0.578912
0.538621
0.53049
0.498537
0.495913
0.480081
0.47596
0.476289
0.479694
0.484599
0.485378
0.489083
0.495448
0.49699
0.502965
0.506021
0.506639
0.511407
0.508306
0.506756
0.495067
0.476136
0.455558
0.451644
0.427442
0.405577
0.402775
0.388675
0.380062
0.374845
0.374068
0.368699
0.365394
0.36505
0.3624
0.364486
0.365969
0.373401
0.383324
0.389741
0.390336
0.384525
0.365392
0.362538
0.348151
2.48694
2.47463
2.42846
2.38339
2.34176
2.33314
2.30108
2.27005
2.24234
2.22209
2.2187
2.19759
2.17783
2.16376
2.14744
2.14065
2.10685
2.06554
2.0198
2.00991
1.94412
1.86486
1.79031
1.72596
1.71122
1.64245
1.589
1.56847
1.57237
1.56014
1.56404
1.5979
1.64701
1.6594
1.69918
1.74137
1.78503
1.81394
1.81809
1.83061
1.83543
1.83676
1.83571
1.83495
1.83247
1.82919
1.82241
1.81142
1.80791
1.79415
1.77548
1.74904
1.71751
1.71034
1.67134
1.62093
1.56433
1.5525
1.48337
1.39847
1.30708
1.28847
1.17567
1.05858
0.95402
0.928289
0.816033
0.738458
0.726176
0.65702
0.621818
0.619825
0.600341
0.612344
0.662336
0.670239
0.758265
0.855053
0.870981
0.932193
0.936197
0.934982
0.884721
0.809483
0.796587
0.715932
0.649102
0.63743
0.5792
0.538691
0.53018
0.498143
0.495843
0.478883
0.475725
0.47614
0.478555
0.48443
0.485144
0.487531
0.495304
0.496396
0.502349
0.505962
0.506516
0.510862
0.508278
0.506769
0.49487
0.475875
0.455527
0.45137
0.425666
0.4054
0.402604
0.387201
0.379634
0.374768
0.373648
0.367472
0.365233
0.364854
0.361021
0.364236
0.365861
0.373056
0.382768
0.389636
0.390221
0.383627
0.365276
0.362522
0.347638
2.53665
2.52063
2.46142
2.40477
2.35391
2.34301
2.29946
2.25919
2.21897
2.18681
2.18184
2.15524
2.13284
2.10802
2.08663
2.08259
2.05395
2.0105
1.95905
1.94875
1.88569
1.81131
1.72373
1.64925
1.63531
1.56731
1.51079
1.47589
1.4758
1.46513
1.47653
1.50647
1.55247
1.56729
1.62102
1.68137
1.72835
1.76844
1.77784
1.80583
1.82068
1.82669
1.83099
1.83191
1.83293
1.83255
1.82683
1.81723
1.81433
1.8
1.78046
1.75166
1.71798
1.7102
1.66835
1.61449
1.5532
1.54049
1.46856
1.37897
1.28065
1.26151
1.14859
1.02447
0.915666
0.891929
0.783075
0.701807
0.690144
0.628792
0.592148
0.589053
0.572607
0.578447
0.617552
0.626692
0.711235
0.808288
0.827474
0.906848
0.926806
0.929183
0.891926
0.822126
0.809407
0.726272
0.65653
0.643835
0.580978
0.536792
0.527686
0.493
0.490387
0.473492
0.470727
0.471186
0.475046
0.479186
0.479716
0.480831
0.487353
0.48868
0.496843
0.502281
0.503296
0.50937
0.506796
0.505266
0.493069
0.472408
0.450195
0.445872
0.419812
0.398002
0.395207
0.381005
0.373727
0.369134
0.368331
0.362537
0.359337
0.358984
0.356282
0.35967
0.361354
0.369357
0.379335
0.386005
0.386659
0.381128
0.361665
0.358798
0.343878
2.57553
2.55753
2.48717
2.41978
2.35693
2.34304
2.28762
2.23466
2.18201
2.13449
2.12756
2.09575
2.06495
2.03213
2.00301
2.0037
1.97954
1.93566
1.87862
1.86729
1.81025
1.73409
1.64263
1.55733
1.54497
1.47968
1.41777
1.37113
1.3653
1.35763
1.37309
1.40027
1.44119
1.45715
1.52607
1.59591
1.65188
1.70042
1.71613
1.76212
1.78652
1.80053
1.81065
1.81357
1.82125
1.82515
1.82245
1.81407
1.81152
1.79821
1.77805
1.74817
1.71169
1.70359
1.65993
1.60282
1.53615
1.52262
1.44882
1.35475
1.24919
1.22981
1.11718
0.987702
0.874866
0.853895
0.749059
0.666217
0.655355
0.602752
0.566727
0.562932
0.549806
0.550718
0.579426
0.588935
0.667148
0.760762
0.782206
0.876371
0.910402
0.916725
0.895053
0.831751
0.819718
0.735607
0.663318
0.649781
0.582667
0.534925
0.525308
0.488213
0.485294
0.468566
0.466575
0.467141
0.47262
0.475435
0.47575
0.475162
0.479895
0.481298
0.490856
0.497548
0.498981
0.506413
0.503964
0.502399
0.490262
0.468125
0.444204
0.439806
0.413606
0.390632
0.387851
0.375011
0.368222
0.364017
0.36353
0.358035
0.353749
0.353352
0.351515
0.354762
0.356395
0.365034
0.375199
0.381309
0.382016
0.377152
0.357199
0.354205
0.339589
2.57979
2.56264
2.49337
2.42272
2.35667
2.34312
2.28438
2.22691
2.17117
2.12736
2.12
2.07839
2.04399
2.01619
1.99547
1.98883
1.95632
1.91365
1.86737
1.85862
1.79237
1.71253
1.62505
1.54918
1.53301
1.45483
1.39086
1.35515
1.35693
1.33819
1.34246
1.37334
1.42855
1.44528
1.5022
1.57062
1.63628
1.69425
1.70643
1.74737
1.77463
1.79306
1.80726
1.81072
1.81757
1.8218
1.81983
1.81297
1.81095
1.79722
1.7768
1.74658
1.71099
1.70274
1.65708
1.59897
1.53452
1.52116
1.44324
1.34824
1.24718
1.22693
1.10761
0.981935
0.87372
0.848155
0.739308
0.664169
0.65302
0.595225
0.564439
0.562014
0.545473
0.547001
0.578281
0.584015
0.65839
0.758875
0.777193
0.86847
0.90972
0.915308
0.895337
0.832218
0.820661
0.737468
0.663694
0.650425
0.582932
0.535047
0.525012
0.487808
0.485227
0.467497
0.46639
0.467025
0.472012
0.475345
0.475636
0.474041
0.479757
0.480702
0.490024
0.497422
0.498732
0.505466
0.503823
0.50235
0.489682
0.467652
0.444163
0.43945
0.411773
0.390422
0.387666
0.37356
0.367793
0.363952
0.363173
0.357021
0.353587
0.353158
0.350071
0.354417
0.356259
0.364513
0.374316
0.381139
0.3818
0.37598
0.356955
0.354144
0.338844
2.60032
2.58203
2.50586
2.42525
2.34601
2.32872
2.2578
2.18692
2.11615
2.05439
2.0447
1.99645
1.9531
1.91677
1.88783
1.88667
1.85853
1.81843
1.76786
1.75841
1.70056
1.62132
1.53291
1.44798
1.43354
1.35759
1.28894
1.24241
1.23813
1.22193
1.22451
1.25536
1.30298
1.32065
1.39021
1.46614
1.53913
1.60316
1.62196
1.68033
1.7188
1.74542
1.76651
1.77258
1.7886
1.80014
1.80275
1.79777
1.79625
1.78513
1.76624
1.73486
1.69681
1.68839
1.64174
1.58075
1.51091
1.49676
1.41751
1.31848
1.21043
1.19021
1.07155
0.942105
0.83117
0.808596
0.704503
0.63009
0.620083
0.571009
0.54378
0.540996
0.528361
0.525844
0.546811
0.552732
0.618597
0.712235
0.732239
0.833993
0.886789
0.89611
0.892969
0.838054
0.827637
0.745099
0.669572
0.655606
0.58435
0.53324
0.522734
0.483268
0.480421
0.462968
0.463094
0.463909
0.470616
0.473402
0.473509
0.47005
0.473383
0.474258
0.483849
0.491865
0.4935
0.501497
0.499669
0.498172
0.485788
0.462537
0.437642
0.432932
0.40537
0.383194
0.380503
0.367881
0.362797
0.359524
0.359088
0.353285
0.348591
0.348072
0.345375
0.349394
0.351112
0.359666
0.369464
0.375471
0.376167
0.371106
0.351631
0.348737
0.333996
2.60141
2.58384
2.50555
2.42171
2.3426
2.32762
2.25075
2.16916
2.09859
2.04421
2.0339
1.97131
1.9177
1.89549
1.87786
1.8669
1.82371
1.78749
1.75384
1.74744
1.67829
1.59017
1.51262
1.43879
1.4202
1.32999
1.25696
1.22534
1.2289
1.20063
1.18761
1.22412
1.28899
1.30657
1.36178
1.42786
1.5193
1.59535
1.60849
1.65662
1.69471
1.73212
1.76046
1.76705
1.78069
1.7891
1.79469
1.79473
1.79457
1.78197
1.76001
1.73084
1.69522
1.6866
1.63626
1.57426
1.50851
1.49465
1.40969
1.30988
1.1684
1.18659
1.05911
0.935727
0.829605
0.8023
0.693832
0.628102
0.617734
0.564432
0.541973
0.54024
0.525259
0.523085
0.545917
0.548591
0.61043
0.710409
0.727051
0.824627
0.885776
0.893812
0.89152
0.838349
0.828225
0.746625
0.669908
0.656183
0.584614
0.533342
0.522437
0.482916
0.480367
0.461965
0.462952
0.46381
0.470622
0.473366
0.473476
0.469387
0.47327
0.473737
0.482988
0.491716
0.493188
0.4997
0.499454
0.498075
0.484946
0.461973
0.437582
0.432503
0.403305
0.382998
0.380309
0.366508
0.362411
0.359464
0.358766
0.352473
0.348452
0.34789
0.344029
0.349047
0.350965
0.359057
0.368405
0.375262
0.375869
0.369068
0.351344
0.34865
0.33314
2.59233
2.57472
2.49446
2.40386
2.31095
2.29173
2.20366
2.11529
2.02283
1.94717
1.9343
1.86758
1.81408
1.77173
1.74555
1.74101
1.71291
1.67657
1.63642
1.62991
1.57375
1.50241
1.41427
1.33327
1.3168
1.23403
1.16062
1.11101
1.10817
1.08191
1.07717
1.10223
1.15389
1.17213
1.23862
1.32253
1.40446
1.4833
1.5033
1.57135
1.62287
1.66198
1.69672
1.70661
1.73157
1.75274
1.7628
1.76489
1.76553
1.75737
1.74112
1.7095
1.67174
1.66311
1.61353
1.54937
1.47754
1.46291
1.37812
1.27473
1.16551
1.1444
1.02157
0.89255
0.785301
0.761154
0.660746
0.595859
0.586979
0.545237
0.526296
0.524435
0.514122
0.508479
0.520747
0.523432
0.5757
0.665657
0.683541
0.78799
0.857147
0.868575
0.883116
0.839605
0.831089
0.751924
0.674461
0.660225
0.585432
0.531429
0.520091
0.478504
0.475749
0.457822
0.460629
0.461766
0.470824
0.473689
0.473642
0.467576
0.468505
0.468751
0.476978
0.485594
0.487269
0.495363
0.494051
0.492654
0.48
0.456058
0.430593
0.425589
0.39714
0.375992
0.373424
0.361347
0.358082
0.355918
0.355588
0.349813
0.344366
0.343666
0.339956
0.344082
0.345809
0.353814
0.362947
0.368731
0.36935
0.364052
0.3452
0.342476
0.327751
2.54698
2.53244
2.45391
2.3584
2.25481
2.2306
2.13466
2.03111
1.92552
1.82907
1.81392
1.7431
1.6782
1.62923
1.59351
1.59702
1.57639
1.54632
1.50596
1.49944
1.45917
1.39354
1.31184
1.22709
1.21353
1.13721
1.06075
1.00139
0.991971
0.966797
0.959482
0.9787
1.01813
1.03507
1.10963
1.19325
1.2791
1.35773
1.38404
1.46771
1.52573
1.5737
1.61414
1.6265
1.66482
1.6956
1.71439
1.72071
1.7215
1.72058
1.70821
1.67855
1.63858
1.63043
1.58269
1.51678
1.43943
1.42413
1.34024
1.23389
1.11821
1.09735
0.977346
0.846975
0.739125
0.719007
0.62639
0.565936
0.558744
0.528351
0.516174
0.514744
0.508918
0.500862
0.50392
0.505648
0.546671
0.624986
0.643124
0.750012
0.824227
0.838814
0.869484
0.835684
0.829367
0.754656
0.676931
0.662575
0.585522
0.529014
0.517498
0.474227
0.471277
0.454113
0.459464
0.461024
0.472925
0.476589
0.476369
0.467822
0.465452
0.465218
0.471456
0.479219
0.480975
0.489445
0.487591
0.486133
0.474194
0.449557
0.423208
0.418372
0.39067
0.369339
0.366921
0.356675
0.354564
0.353453
0.35344
0.348171
0.341482
0.340569
0.336323
0.339246
0.340685
0.348347
0.357112
0.361522
0.362127
0.357324
0.338426
0.335644
0.321999
2.53949
2.52282
2.43836
2.34104
2.24237
2.22389
2.11807
2.00564
1.89849
1.81285
1.79672
1.70891
1.63881
1.59969
1.57898
1.56953
1.53651
1.50927
1.48688
1.48435
1.43192
1.36396
1.28965
1.21708
1.19924
1.11187
1.03431
0.984671
0.982918
0.94608
0.928615
0.948653
1.0023
1.0197
1.07838
1.15736
1.25389
1.34634
1.36552
1.43708
1.49624
1.55197
1.6023
1.61587
1.64905
1.67702
1.69836
1.71292
1.71693
1.71245
1.69719
1.66974
1.63498
1.62627
1.57319
1.50668
1.43533
1.42045
1.32943
1.22262
1.11455
1.09238
0.963983
0.839119
0.737417
0.711861
0.616662
0.56402
0.556525
0.524236
0.515501
0.514468
0.508776
0.500453
0.503481
0.503604
0.541095
0.623225
0.638261
0.740139
0.822687
0.835316
0.865179
0.835616
0.829045
0.754975
0.67722
0.662827
0.585513
0.529149
0.517102
0.473825
0.471211
0.453258
0.459438
0.460985
0.473911
0.476736
0.476615
0.468241
0.465409
0.464954
0.470643
0.479034
0.480586
0.487577
0.487248
0.485963
0.47294
0.448768
0.423135
0.417861
0.388762
0.369131
0.366724
0.35554
0.354279
0.353423
0.353303
0.347966
0.341418
0.340479
0.335346
0.33886
0.340535
0.34762
0.355817
0.361252
0.361728
0.355272
0.337997
0.3355
0.320918
2.45504
2.44211
2.36544
2.26797
2.15887
2.13473
2.02529
1.90569
1.78386
1.67777
1.65928
1.56939
1.49341
1.44249
1.41149
1.41036
1.38857
1.36811
1.34403
1.34191
1.30793
1.25516
1.1842
1.1106
1.09629
1.01849
0.941972
0.882745
0.874813
0.839303
0.819497
0.832726
0.870775
0.886609
0.949586
1.03035
1.12206
1.21051
1.23604
1.322
1.38956
1.44828
1.50169
1.51778
1.564
1.60463
1.63417
1.65181
1.65625
1.66076
1.65378
1.62695
1.59048
1.58254
1.53319
1.46607
1.38901
1.37357
1.28487
1.17599
1.06158
1.03999
0.916686
0.79045
0.689831
0.668516
0.583273
0.537017
0.531624
0.512017
0.513117
0.512917
0.512557
0.502952
0.496949
0.495815
0.520938
0.588515
0.603041
0.703357
0.7869
0.802146
0.846115
0.826087
0.82192
0.753961
0.677168
0.662955
0.584349
0.526202
0.514038
0.469521
0.466836
0.450148
0.459763
0.461865
0.478073
0.482715
0.482433
0.471181
0.464187
0.46303
0.46582
0.472688
0.474201
0.481545
0.479885
0.478521
0.46625
0.441644
0.415478
0.410449
0.382505
0.362898
0.360699
0.351539
0.351744
0.352242
0.352477
0.34782
0.340053
0.338837
0.33246
0.334202
0.335538
0.342016
0.349711
0.353552
0.353994
0.348471
0.330638
0.328116
0.314782
2.33888
2.33204
2.26761
2.17137
2.05496
2.02556
1.91698
1.79356
1.65942
1.53456
1.51443
1.4256
1.34422
1.27981
1.23781
1.24508
1.23654
1.21904
1.19403
1.19175
1.17791
1.13975
1.07433
1.00138
0.991522
0.926452
0.852798
0.78665
0.773857
0.74063
0.724154
0.724881
0.74801
0.760904
0.826489
0.907069
0.989465
1.07173
1.10192
1.2021
1.27364
1.33447
1.3895
1.40645
1.46619
1.51915
1.55537
1.57613
1.5798
1.59574
1.5971
1.57299
1.53467
1.52797
1.48456
1.41736
1.33466
1.31884
1.23435
1.12393
1.00344
0.982864
0.866496
0.739716
0.641048
0.624749
0.55164
0.514038
0.511152
0.506869
0.519138
0.520723
0.524878
0.51505
0.501932
0.497997
0.508824
0.561101
0.57396
0.668645
0.749991
0.767129
0.822704
0.810926
0.809514
0.749428
0.674085
0.660586
0.581883
0.522248
0.510309
0.465197
0.462522
0.447753
0.461666
0.464521
0.484361
0.49188
0.491412
0.476657
0.465029
0.462806
0.461959
0.466726
0.468057
0.475016
0.471896
0.470381
0.458901
0.434088
0.407596
0.402889
0.376418
0.357155
0.355198
0.34822
0.350192
0.352415
0.352925
0.349014
0.340378
0.338823
0.330662
0.330049
0.330958
0.336506
0.343538
0.345602
0.345965
0.341092
0.322941
0.32036
0.308435
2.32247
2.31102
2.23779
2.14218
2.03439
2.01305
1.89244
1.76117
1.62747
1.51554
1.49395
1.38727
1.3016
1.24706
1.22084
1.21385
1.19163
1.17817
1.17123
1.17361
1.14624
1.10683
1.04947
0.990042
0.975591
0.900555
0.827731
0.771168
0.765295
0.722295
0.696562
0.698932
0.733051
0.746702
0.79659
0.871662
0.962751
1.05816
1.08095
1.16668
1.23982
1.30743
1.37303
1.39199
1.44381
1.49264
1.5317
1.56271
1.57181
1.58173
1.57938
1.55831
1.52835
1.52073
1.46985
1.4027
1.32842
1.31316
1.21977
1.10953
0.998629
0.976339
0.850857
0.730493
0.639171
0.616915
0.542391
0.512544
0.509427
0.505887
0.520704
0.521399
0.529301
0.518482
0.502352
0.499397
0.507053
0.559797
0.570466
0.659832
0.748102
0.762922
0.815978
0.81034
0.807936
0.74798
0.674235
0.66024
0.581337
0.522386
0.509655
0.464713
0.462426
0.447173
0.461852
0.464581
0.486685
0.492305
0.492071
0.47849
0.465089
0.462883
0.461409
0.466544
0.467669
0.473018
0.471444
0.470152
0.45728
0.433093
0.407507
0.402311
0.374575
0.35695
0.355005
0.347386
0.350092
0.35243
0.353066
0.349593
0.340457
0.338905
0.33022
0.329702
0.330828
0.335751
0.342158
0.34529
0.345503
0.338833
0.32239
0.320165
0.307183
2.17688
2.17175
2.11231
2.02188
1.91194
1.88535
1.76975
1.63431
1.49681
1.37095
1.34778
1.24159
1.14679
1.08688
1.04932
1.04953
1.03138
1.02506
1.01761
1.01959
1.00964
0.979445
0.93375
0.876654
0.866951
0.804303
0.73683
0.679492
0.669642
0.631438
0.60346
0.601939
0.622097
0.633078
0.681499
0.747092
0.833404
0.918693
0.945779
1.03797
1.11307
1.18376
1.24891
1.26903
1.33215
1.38917
1.43714
1.47075
1.47918
1.50098
1.50668
1.49073
1.45977
1.45369
1.40948
1.34371
1.26504
1.24954
1.161
1.05076
0.935264
0.914238
0.795095
0.677949
0.590858
0.573824
0.512534
0.495783
0.495677
0.508337
0.537268
0.540073
0.552687
0.542177
0.519328
0.513153
0.505416
0.541277
0.549772
0.62966
0.712033
0.728088
0.788975
0.789914
0.790191
0.739043
0.667865
0.654909
0.576876
0.517293
0.504957
0.460238
0.458148
0.445647
0.465641
0.469261
0.496185
0.505069
0.504679
0.487428
0.468788
0.46527
0.459159
0.461446
0.462244
0.466321
0.463133
0.461638
0.44938
0.425141
0.399532
0.394733
0.368563
0.35174
0.350097
0.344813
0.349672
0.354049
0.354999
0.352513
0.342725
0.340816
0.329781
0.326557
0.327165
0.330695
0.33618
0.337376
0.337491
0.330998
0.314503
0.31223
0.30068
2.00658
2.00935
1.97314
1.89055
1.7741
1.74318
1.63742
1.51266
1.36455
1.22483
1.20201
1.10344
1.01216
0.933609
0.884853
0.891851
0.889126
0.87877
0.865026
0.865539
0.873301
0.862029
0.814993
0.760027
0.755662
0.711169
0.651571
0.590784
0.578028
0.546678
0.528077
0.515804
0.522669
0.530506
0.578085
0.643786
0.709323
0.78201
0.811161
0.913787
0.989877
1.05417
1.1164
1.13577
1.211
1.28333
1.3333
1.36587
1.372
1.40753
1.42861
1.41242
1.37929
1.37515
1.34176
1.27781
1.19313
1.17769
1.09758
0.987705
0.867203
0.847986
0.741355
0.624983
0.544102
0.532782
0.488803
0.486591
0.489819
0.519165
0.563482
0.569246
0.584414
0.574949
0.547369
0.536854
0.51317
0.532702
0.537664
0.605061
0.679014
0.695181
0.760542
0.765564
0.768347
0.726581
0.658048
0.64664
0.570579
0.510796
0.499277
0.455719
0.453981
0.445088
0.471276
0.476009
0.506585
0.52125
0.520725
0.499394
0.475839
0.470658
0.45883
0.457724
0.457964
0.460674
0.454935
0.453154
0.441287
0.417046
0.391578
0.387209
0.363121
0.347127
0.345822
0.343002
0.350282
0.357074
0.358258
0.356805
0.346909
0.344633
0.330821
0.324717
0.324777
0.326339
0.330621
0.329838
0.329783
0.324067
0.306757
0.304396
0.294193
1.98176
1.97804
1.92845
1.84843
1.74646
1.72541
1.60615
1.47228
1.32897
1.20501
1.18016
1.06419
0.967883
0.90239
0.868411
0.861607
0.841825
0.836782
0.841087
0.846458
0.838742
0.822857
0.787105
0.747138
0.73776
0.682432
0.624826
0.575677
0.569425
0.529888
0.502232
0.49402
0.510066
0.518669
0.551901
0.608833
0.683514
0.767618
0.789613
0.873812
0.949919
1.0225
1.09599
1.11824
1.18259
1.24666
1.30115
1.34699
1.36073
1.38708
1.40145
1.39091
1.36976
1.36429
1.32027
1.25719
1.18442
1.16967
1.07821
0.969531
0.861226
0.839895
0.722476
0.615004
0.542271
0.525171
0.481246
0.486305
0.489436
0.523545
0.567986
0.571216
0.594124
0.582407
0.548896
0.542277
0.516259
0.532292
0.536538
0.598915
0.677197
0.691235
0.752568
0.764489
0.76562
0.723165
0.65797
0.645465
0.569228
0.510902
0.498206
0.455148
0.45384
0.444943
0.471756
0.476199
0.510946
0.522026
0.521895
0.503116
0.476113
0.471464
0.458944
0.45762
0.457719
0.458686
0.454454
0.452911
0.439472
0.415922
0.391481
0.386596
0.361303
0.346945
0.345645
0.34253
0.350421
0.357138
0.358724
0.358294
0.347184
0.34495
0.331343
0.324603
0.32473
0.325756
0.329383
0.329538
0.329335
0.321579
0.306164
0.304178
0.292858
1.79169
1.79539
1.76266
1.69181
1.59528
1.57038
1.46293
1.32973
1.19171
1.06199
1.03757
0.927079
0.82673
0.760573
0.717735
0.716349
0.696864
0.694314
0.696196
0.699919
0.704043
0.690835
0.668634
0.632667
0.628265
0.5865
0.537085
0.492795
0.484382
0.452996
0.426733
0.418325
0.424935
0.431022
0.460346
0.50371
0.569253
0.638375
0.661943
0.74489
0.816556
0.889782
0.959347
0.981038
1.05337
1.12099
1.18311
1.23108
1.24282
1.28129
1.30269
1.29994
1.2784
1.27502
1.23982
1.18001
1.10481
1.09031
1.00623
0.900077
0.790118
0.770884
0.662462
0.563255
0.499714
0.488416
0.462436
0.486471
0.49323
0.545588
0.604457
0.610559
0.63556
0.623581
0.585957
0.575072
0.534189
0.534012
0.53452
0.581965
0.649644
0.663138
0.724633
0.738381
0.741514
0.707283
0.645209
0.634367
0.56083
0.503251
0.491504
0.450658
0.449931
0.44554
0.479368
0.485018
0.52588
0.541519
0.541315
0.518852
0.486753
0.480354
0.461238
0.455833
0.455209
0.45341
0.446943
0.445054
0.431608
0.408009
0.38386
0.379425
0.355975
0.343019
0.342098
0.34153
0.352135
0.361486
0.363346
0.364319
0.353278
0.350703
0.334272
0.324364
0.323894
0.322551
0.324666
0.322814
0.322425
0.31431
0.298931
0.296842
0.286646
1.76476
1.761
1.71223
1.64156
1.56483
1.55265
1.43029
1.2869
1.15549
1.04225
1.01728
0.891771
0.788064
0.732689
0.70312
0.689751
0.65748
0.655888
0.674585
0.682027
0.672376
0.653491
0.641759
0.620309
0.611201
0.560142
0.512022
0.479201
0.476826
0.438516
0.407157
0.400428
0.414939
0.420984
0.439575
0.476005
0.546711
0.626388
0.641863
0.708776
0.776906
0.858328
0.939968
0.962486
1.02426
1.08199
1.14636
1.21106
1.22993
1.2586
1.26981
1.27495
1.26783
1.26276
1.21515
1.15567
1.09526
1.08156
0.985071
0.880191
0.78381
0.762516
0.643812
0.553972
0.497849
0.48194
0.458653
0.487092
0.493838
0.555093
0.610078
0.613025
0.647271
0.63222
0.587626
0.581897
0.539909
0.534213
0.534996
0.578524
0.648246
0.659882
0.716987
0.737215
0.738432
0.703002
0.644948
0.632749
0.559175
0.503243
0.490273
0.450222
0.449819
0.445876
0.479952
0.485291
0.531191
0.542335
0.542644
0.523647
0.487121
0.481615
0.461877
0.455806
0.455109
0.452018
0.446529
0.444828
0.429891
0.406977
0.383756
0.37882
0.354397
0.342898
0.341956
0.341387
0.352378
0.36157
0.363954
0.366318
0.35362
0.351127
0.335611
0.324436
0.323914
0.322163
0.323678
0.322562
0.322012
0.312117
0.298437
0.296649
0.285424
1.56502
1.56912
1.54699
1.49118
1.40813
1.39076
1.28521
1.16171
1.02664
0.907574
0.883163
0.770977
0.675676
0.610335
0.572432
0.564875
0.542256
0.538649
0.546772
0.552134
0.553809
0.54995
0.535471
0.515219
0.510783
0.476851
0.439482
0.406402
0.401922
0.373287
0.35063
0.341114
0.346183
0.350361
0.366933
0.399306
0.4502
0.511863
0.528916
0.597577
0.664971
0.734397
0.806967
0.829034
0.896925
0.966631
1.0315
1.0894
1.1062
1.14603
1.1755
1.17816
1.16831
1.16544
1.13079
1.07587
1.00994
0.996674
0.911453
0.810314
0.711881
0.692958
0.59026
0.506189
0.461625
0.451715
0.448695
0.496838
0.507256
0.582978
0.654631
0.660095
0.693778
0.677753
0.629805
0.619788
0.564582
0.544682
0.541884
0.570203
0.627455
0.638124
0.692908
0.711436
0.714149
0.685377
0.630065
0.61952
0.549142
0.494795
0.482884
0.446043
0.446406
0.447671
0.489354
0.495914
0.546095
0.564465
0.564772
0.542082
0.500977
0.493743
0.466918
0.456255
0.454719
0.44882
0.44016
0.438055
0.422796
0.399585
0.376708
0.372215
0.349984
0.33972
0.339182
0.341194
0.355054
0.367016
0.369712
0.373496
0.361325
0.358529
0.339869
0.325787
0.324651
0.320283
0.320131
0.316928
0.316187
0.306683
0.292047
0.290139
0.279805
1.36528
1.37585
1.37004
1.32423
1.24925
1.22875
1.13976
1.02309
0.899754
0.782245
0.760053
0.65985
0.56828
0.506473
0.465079
0.461648
0.440881
0.437432
0.440818
0.443858
0.451864
0.448291
0.441771
0.423788
0.422864
0.400641
0.371347
0.344088
0.338654
0.318682
0.300433
0.292545
0.292653
0.295214
0.308971
0.331055
0.370667
0.416464
0.43278
0.495462
0.553937
0.618751
0.683164
0.703124
0.774181
0.84357
0.911245
0.967293
0.980832
1.03036
1.06487
1.07531
1.06419
1.06338
1.03924
0.988834
0.92153
0.908894
0.83401
0.738128
0.641169
0.625001
0.53532
0.463383
0.432512
0.428156
0.445704
0.51479
0.528654
0.620312
0.703396
0.711385
0.742475
0.724218
0.673449
0.659331
0.593075
0.561446
0.555045
0.56801
0.613491
0.622486
0.671816
0.687513
0.691053
0.667047
0.61397
0.605086
0.538282
0.485926
0.475287
0.442521
0.443768
0.450636
0.50013
0.507998
0.564268
0.588265
0.588617
0.562584
0.517402
0.508349
0.474232
0.45895
0.45643
0.446712
0.435154
0.432606
0.41652
0.39294
0.370382
0.366266
0.345912
0.33731
0.337177
0.341659
0.358422
0.373305
0.37625
0.381628
0.370168
0.36711
0.345538
0.328464
0.32679
0.319594
0.317576
0.312456
0.31147
0.301395
0.286651
0.284613
0.274874
1.33879
1.34141
1.31787
1.27233
1.21868
1.21084
1.10743
0.981977
0.867037
0.766028
0.743271
0.631989
0.540292
0.487841
0.455918
0.444581
0.416135
0.413088
0.426714
0.432176
0.429968
0.422354
0.422231
0.4148
0.410231
0.380808
0.352957
0.334599
0.333417
0.308979
0.287907
0.281776
0.286965
0.289534
0.296789
0.314598
0.356388
0.408433
0.419117
0.468423
0.522865
0.592801
0.666676
0.687376
0.747925
0.806732
0.875417
0.947355
0.968121
1.00673
1.02908
1.04803
1.05284
1.0501
1.01175
0.962029
0.911521
0.899661
0.811628
0.717996
0.635344
0.617161
0.518667
0.456254
0.43148
0.424398
0.446835
0.516714
0.530766
0.633961
0.710015
0.714259
0.755161
0.733064
0.675221
0.666632
0.600618
0.562323
0.557405
0.568506
0.612824
0.620975
0.666513
0.686517
0.688393
0.662493
0.61361
0.603164
0.536299
0.485898
0.473991
0.442251
0.443665
0.451594
0.500866
0.508337
0.570526
0.589158
0.590098
0.568407
0.517913
0.510155
0.475699
0.459083
0.456648
0.446494
0.434923
0.432496
0.415246
0.392138
0.370317
0.365801
0.344755
0.337257
0.337089
0.341899
0.358804
0.373399
0.377018
0.38412
0.370593
0.36765
0.347654
0.328798
0.326917
0.319595
0.317131
0.312315
0.311229
0.299894
0.286329
0.284498
0.273969
1.14657
1.15528
1.1542
1.1226
1.06414
1.0522
0.967957
0.86571
0.753267
0.654306
0.633846
0.540385
0.461746
0.408505
0.375794
0.368799
0.348115
0.343459
0.34824
0.35134
0.35376
0.353159
0.349399
0.341301
0.339596
0.322098
0.302527
0.285372
0.28318
0.267051
0.253561
0.247426
0.248414
0.250041
0.256364
0.2707
0.297906
0.334281
0.344517
0.389811
0.438708
0.494661
0.556335
0.575149
0.636506
0.701798
0.767147
0.82892
0.846444
0.89238
0.92972
0.944943
0.946066
0.945399
0.920548
0.876359
0.821626
0.810591
0.736002
0.648859
0.56781
0.552561
0.472428
0.420244
0.410466
0.408879
0.451465
0.542463
0.559738
0.672698
0.761373
0.767522
0.803473
0.779001
0.718987
0.70653
0.631211
0.583935
0.575892
0.572915
0.605742
0.612178
0.650964
0.665781
0.66806
0.644921
0.597345
0.588341
0.525016
0.47722
0.466593
0.439619
0.442011
0.455774
0.512964
0.521668
0.587651
0.614187
0.615207
0.590305
0.536428
0.526982
0.485433
0.464095
0.46065
0.446301
0.431565
0.428655
0.410262
0.386495
0.364919
0.360739
0.341637
0.335623
0.335854
0.343003
0.362816
0.380331
0.384242
0.392815
0.380274
0.377096
0.353951
0.332679
0.330282
0.320192
0.315847
0.309117
0.30779
0.296323
0.282074
0.280111
0.269977
0.967513
0.979976
0.990183
0.966282
0.915521
0.901105
0.834298
0.742278
0.645876
0.554827
0.537702
0.460342
0.39155
0.346797
0.316936
0.313091
0.296247
0.291403
0.291829
0.293032
0.296514
0.293934
0.292733
0.284781
0.284686
0.274145
0.259986
0.247158
0.244643
0.234825
0.225337
0.221421
0.220826
0.221819
0.227068
0.235777
0.254861
0.279154
0.287782
0.324908
0.363357
0.410969
0.461649
0.4774
0.536447
0.597261
0.661276
0.717519
0.731218
0.782222
0.821005
0.841455
0.840147
0.841192
0.826443
0.787442
0.73274
0.722623
0.660111
0.580856
0.504841
0.492677
0.428016
0.39087
0.397285
0.400397
0.463018
0.574187
0.594268
0.718089
0.812261
0.82007
0.85048
0.823436
0.761726
0.745887
0.663019
0.608651
0.597753
0.581841
0.604472
0.608884
0.639434
0.648812
0.650899
0.62862
0.58177
0.573947
0.514081
0.469182
0.459849
0.43813
0.441576
0.461117
0.526032
0.535991
0.607648
0.639725
0.640847
0.613201
0.556419
0.545334
0.496988
0.471223
0.466718
0.447801
0.42988
0.426478
0.406475
0.381965
0.360562
0.356622
0.339084
0.334763
0.335371
0.34464
0.367241
0.387713
0.391877
0.401982
0.390359
0.386975
0.361132
0.337435
0.334629
0.321847
0.315563
0.307144
0.305548
0.293332
0.27897
0.276887
0.266882
0.805851
0.820135
0.846043
0.829961
0.776991
0.760531
0.710989
0.641895
0.551353
0.468246
0.454869
0.395495
0.341812
0.300108
0.274523
0.272979
0.262884
0.256331
0.252754
0.252687
0.256227
0.257554
0.25155
0.243576
0.24415
0.23975
0.230179
0.218751
0.216277
0.210928
0.206906
0.202781
0.201327
0.201932
0.206686
0.21456
0.22446
0.239779
0.246406
0.278059
0.309514
0.343896
0.383487
0.395599
0.450619
0.513473
0.569009
0.615529
0.625173
0.679362
0.728879
0.743288
0.738237
0.740399
0.737881
0.7036
0.647161
0.637974
0.58951
0.518228
0.447878
0.438689
0.393102
0.368429
0.391851
0.39868
0.479625
0.610249
0.632666
0.759311
0.860914
0.869972
0.894604
0.866112
0.803124
0.784535
0.695082
0.635184
0.621852
0.594065
0.607829
0.610127
0.632112
0.636
0.637374
0.614475
0.56779
0.560716
0.504061
0.462355
0.454164
0.437971
0.442519
0.467462
0.539804
0.550982
0.624932
0.665146
0.666419
0.636254
0.577312
0.564788
0.510114
0.480209
0.474656
0.450676
0.42991
0.426027
0.40401
0.378674
0.357388
0.353575
0.337453
0.334669
0.335621
0.346678
0.371956
0.395315
0.399733
0.411091
0.400476
0.39692
0.368138
0.34284
0.339713
0.324449
0.316222
0.306367
0.304494
0.291724
0.277001
0.274828
0.264712
0.785197
0.793705
0.80146
0.786462
0.751641
0.745436
0.683884
0.6077
0.527055
0.45811
0.443753
0.378195
0.325843
0.292108
0.271429
0.266629
0.252844
0.247667
0.248007
0.248944
0.24795
0.245795
0.2436
0.239964
0.239013
0.23039
0.221629
0.214763
0.214138
0.206902
0.200951
0.198571
0.199359
0.200064
0.20231
0.207815
0.219374
0.236659
0.241316
0.264727
0.292985
0.329653
0.37354
0.386962
0.433319
0.485171
0.541862
0.599724
0.616033
0.659769
0.696352
0.718428
0.727923
0.728546
0.711074
0.678352
0.63821
0.629828
0.568928
0.501223
0.443689
0.432968
0.381016
0.365106
0.391705
0.398701
0.485949
0.61315
0.635897
0.775091
0.866903
0.872481
0.905922
0.874024
0.804951
0.791316
0.702964
0.636485
0.625172
0.597831
0.607944
0.610499
0.630644
0.63555
0.636162
0.611343
0.567557
0.559245
0.502385
0.462401
0.453306
0.43805
0.442449
0.469169
0.54067
0.551314
0.632155
0.666048
0.667893
0.642497
0.57794
0.566885
0.512396
0.48055
0.475256
0.451926
0.42998
0.426109
0.403652
0.37835
0.35741
0.353395
0.336984
0.334692
0.335593
0.347284
0.372442
0.395371
0.400554
0.413762
0.400919
0.397482
0.370728
0.343361
0.339904
0.324878
0.316496
0.306388
0.304506
0.291213
0.276929
0.274828
0.264373
0.645785
0.655596
0.668694
0.65822
0.627948
0.619707
0.573799
0.509689
0.445379
0.386832
0.375868
0.326182
0.284404
0.258884
0.24214
0.239431
0.22903
0.224574
0.22283
0.222906
0.221992
0.218133
0.21663
0.212417
0.212059
0.20661
0.200426
0.195429
0.194598
0.190586
0.186776
0.185801
0.186141
0.186659
0.188812
0.191979
0.199605
0.210169
0.213753
0.231115
0.251491
0.279942
0.313306
0.323759
0.364556
0.409543
0.461313
0.510664
0.523208
0.567827
0.604172
0.627588
0.63365
0.635395
0.626348
0.598618
0.559139
0.551749
0.503005
0.444673
0.3946
0.386949
0.350888
0.350679
0.393511
0.404167
0.50856
0.651752
0.676165
0.818614
0.91168
0.918457
0.947164
0.914686
0.845206
0.828888
0.734782
0.663824
0.650221
0.612689
0.614861
0.615527
0.627794
0.627054
0.626994
0.600408
0.556002
0.548273
0.494095
0.45733
0.449324
0.439435
0.444877
0.476598
0.554915
0.56663
0.652178
0.690948
0.692921
0.665573
0.599304
0.586917
0.526826
0.491114
0.484818
0.456589
0.431801
0.427447
0.402905
0.376575
0.35555
0.351622
0.336214
0.335343
0.336533
0.34973
0.377331
0.402952
0.408374
0.422798
0.410751
0.407155
0.378127
0.349181
0.345476
0.328347
0.318171
0.306783
0.304663
0.290606
0.276168
0.273961
0.263277
0.52738
0.537121
0.555276
0.547882
0.519243
0.50977
0.477772
0.430413
0.376885
0.328582
0.320808
0.285579
0.255128
0.234357
0.221196
0.219881
0.212996
0.2086
0.205591
0.205203
0.204308
0.201819
0.198236
0.193802
0.193653
0.190435
0.18604
0.181875
0.181006
0.178976
0.177378
0.176616
0.176743
0.17713
0.179246
0.181876
0.185834
0.19191
0.194522
0.207692
0.222635
0.242665
0.267197
0.274827
0.309602
0.350468
0.393761
0.433875
0.44279
0.486355
0.525043
0.544987
0.547779
0.550216
0.549332
0.525938
0.48737
0.480941
0.444158
0.395085
0.353417
0.348573
0.329058
0.342944
0.401827
0.415233
0.534695
0.69079
0.716186
0.856207
0.951649
0.959497
0.984855
0.953158
0.883536
0.865066
0.765664
0.690751
0.675221
0.628762
0.624032
0.622966
0.627855
0.622274
0.621353
0.592345
0.547235
0.539726
0.48783
0.454338
0.447163
0.442337
0.448792
0.484792
0.569218
0.581915
0.66965
0.714697
0.716842
0.68809
0.620623
0.607127
0.542066
0.502742
0.495499
0.46252
0.435218
0.43043
0.403608
0.376226
0.355014
0.35107
0.336362
0.336663
0.338089
0.352407
0.382219
0.410324
0.415974
0.431363
0.419958
0.416229
0.385095
0.35519
0.351322
0.332439
0.32054
0.308157
0.30582
0.291123
0.276496
0.274195
0.263032
0.513384
0.518601
0.523152
0.515443
0.500441
0.498848
0.457881
0.406675
0.36046
0.322169
0.313921
0.275642
0.247031
0.230347
0.219703
0.216861
0.208681
0.204799
0.203568
0.203598
0.200842
0.197312
0.194896
0.192291
0.191464
0.186498
0.182368
0.180077
0.180049
0.177109
0.174768
0.174609
0.175823
0.176241
0.177241
0.179072
0.183594
0.190589
0.192243
0.201724
0.214888
0.235277
0.261841
0.269932
0.299271
0.333059
0.375191
0.422763
0.436171
0.471596
0.499952
0.524907
0.53966
0.540693
0.527392
0.505104
0.480368
0.474518
0.428055
0.382416
0.350662
0.344759
0.322791
0.342329
0.402251
0.41751
0.544079
0.693522
0.719355
0.868626
0.956076
0.961327
0.994063
0.960048
0.885077
0.871216
0.773003
0.691976
0.678472
0.633374
0.624395
0.623918
0.628296
0.622143
0.620981
0.590822
0.547154
0.538899
0.486992
0.454428
0.446975
0.442788
0.448784
0.486966
0.57001
0.582222
0.675999
0.715408
0.718104
0.693943
0.621237
0.609202
0.544582
0.503146
0.496229
0.46489
0.43547
0.430622
0.403958
0.376304
0.355091
0.351092
0.336595
0.336743
0.338108
0.353169
0.382668
0.410353
0.416718
0.433719
0.420318
0.416709
0.387449
0.35574
0.351543
0.333049
0.321166
0.308254
0.305949
0.291493
0.276595
0.274268
0.263063
0.418296
0.423687
0.431435
0.426864
0.411442
0.40822
0.38007
0.343466
0.307798
0.277985
0.272319
0.246195
0.225892
0.213268
0.205108
0.203434
0.19767
0.194291
0.192207
0.19193
0.189555
0.186327
0.18339
0.18038
0.17981
0.176323
0.173288
0.171313
0.171116
0.169526
0.168341
0.168469
0.169335
0.16968
0.170773
0.172117
0.174489
0.178279
0.179467
0.186048
0.19532
0.209569
0.228583
0.234592
0.258619
0.287575
0.322757
0.360151
0.370222
0.403457
0.432965
0.453734
0.464244
0.465989
0.460064
0.44227
0.41778
0.412946
0.378137
0.341968
0.318298
0.315154
0.308059
0.341737
0.41604
0.433962
0.572444
0.730931
0.757055
0.901307
0.990245
0.996682
1.02748
0.995733
0.921323
0.905371
0.801976
0.718038
0.702745
0.65023
0.635485
0.633458
0.631256
0.620756
0.618898
0.586345
0.541578
0.5335
0.483447
0.453813
0.447122
0.447238
0.454099
0.495718
0.584046
0.597047
0.692911
0.737619
0.74048
0.715405
0.642154
0.629135
0.560256
0.515486
0.507681
0.471489
0.440399
0.435155
0.406391
0.377557
0.355905
0.351846
0.337605
0.33859
0.340122
0.355944
0.38742
0.417289
0.423851
0.441476
0.428609
0.424886
0.39389
0.361724
0.357442
0.337623
0.324194
0.310491
0.308016
0.292868
0.277978
0.27552
0.263659
0.34322
0.348029
0.355712
0.351845
0.339649
0.335746
0.317715
0.290659
0.266636
0.244746
0.241121
0.223998
0.209583
0.200653
0.194476
0.193573
0.189408
0.186608
0.18429
0.183863
0.181751
0.178469
0.175676
0.17262
0.172176
0.169525
0.16713
0.165583
0.165313
0.164468
0.163786
0.164137
0.164762
0.165025
0.166061
0.166809
0.168015
0.169702
0.170479
0.174673
0.180622
0.190693
0.204128
0.208421
0.227631
0.250834
0.27977
0.30924
0.316397
0.346381
0.372414
0.391808
0.39911
0.401205
0.400427
0.386471
0.364102
0.36024
0.335496
0.308675
0.294018
0.293309
0.299571
0.346745
0.434529
0.454329
0.602899
0.765036
0.790722
0.929019
1.01828
1.02584
1.05664
1.02811
0.954641
0.937118
0.829255
0.742926
0.726248
0.667761
0.648009
0.64455
0.636085
0.621918
0.619344
0.584563
0.53908
0.530959
0.482423
0.455515
0.449305
0.452972
0.460601
0.504761
0.59737
0.611034
0.70916
0.757783
0.760858
0.735724
0.662316
0.648523
0.576008
0.528264
0.519657
0.479558
0.446549
0.440984
0.410154
0.380188
0.357949
0.353737
0.339361
0.34078
0.342419
0.358717
0.391885
0.423642
0.430377
0.448385
0.435736
0.431929
0.399831
0.367538
0.363247
0.342479
0.327626
0.313358
0.310745
0.29517
0.280156
0.277572
0.264835
0.286279
0.290182
0.298824
0.296419
0.284582
0.280644
0.270314
0.254745
0.236385
0.220542
0.218348
0.207869
0.198413
0.191304
0.186651
0.186241
0.183593
0.181127
0.178769
0.178302
0.176458
0.173874
0.17072
0.167831
0.167441
0.165425
0.163581
0.162248
0.161985
0.161514
0.161317
0.161468
0.161828
0.161991
0.162812
0.163383
0.163467
0.163777
0.164221
0.166824
0.170681
0.176996
0.186208
0.18918
0.204296
0.224313
0.246626
0.268703
0.273538
0.29974
0.325824
0.339882
0.344386
0.346546
0.350422
0.339765
0.319521
0.316587
0.301113
0.283019
0.27741
0.278784
0.297289
0.356666
0.456703
0.47772
0.6322
0.794492
0.819295
0.949052
1.03993
1.04843
1.08082
1.05622
0.984312
0.965925
0.85463
0.766574
0.748872
0.685487
0.661629
0.65692
0.642509
0.625263
0.621934
0.585233
0.53952
0.531218
0.483831
0.45929
0.453301
0.459702
0.467948
0.513714
0.609533
0.623701
0.721737
0.775408
0.778765
0.754456
0.68142
0.667129
0.591679
0.541323
0.532025
0.487754
0.453694
0.447869
0.415108
0.384081
0.361073
0.356628
0.341622
0.343112
0.344802
0.361334
0.395941
0.429231
0.436126
0.454165
0.441499
0.437641
0.404837
0.373056
0.36881
0.347486
0.33138
0.316714
0.313988
0.297809
0.282904
0.280188
0.266446
0.280245
0.28207
0.283121
0.280357
0.276049
0.275821
0.261386
0.243728
0.229586
0.218137
0.215753
0.203942
0.195045
0.189768
0.186107
0.185098
0.181851
0.179745
0.178148
0.177821
0.175433
0.172525
0.169887
0.167506
0.166953
0.164516
0.162785
0.161915
0.161813
0.161163
0.16074
0.161008
0.161588
0.16176
0.162175
0.162374
0.162752
0.163385
0.163526
0.164759
0.16783
0.174323
0.184232
0.187408
0.200109
0.216078
0.237541
0.263266
0.270416
0.291925
0.310352
0.327857
0.339697
0.341034
0.336487
0.326684
0.315621
0.313028
0.292128
0.277007
0.276537
0.277547
0.297353
0.358865
0.457387
0.481808
0.642302
0.796025
0.821164
0.955446
1.04191
1.0492
1.08625
1.06081
0.985498
0.9705
0.860467
0.767655
0.751614
0.690429
0.662184
0.658291
0.644541
0.625429
0.622344
0.585738
0.539704
0.531455
0.484329
0.459476
0.454036
0.46046
0.467987
0.515902
0.610084
0.623862
0.726522
0.775827
0.779612
0.759108
0.681968
0.668892
0.594097
0.541765
0.532797
0.491108
0.454105
0.448158
0.416302
0.384645
0.361223
0.356888
0.342505
0.343207
0.344827
0.362007
0.396261
0.429186
0.436624
0.455611
0.441702
0.437933
0.406491
0.373525
0.369008
0.348156
0.332258
0.316869
0.314205
0.298948
0.283131
0.280325
0.266758
0.240492
0.242032
0.24369
0.242054
0.238161
0.237444
0.229256
0.218572
0.209434
0.201635
0.200194
0.192912
0.187021
0.183172
0.180467
0.179885
0.177682
0.176057
0.174555
0.174219
0.172279
0.169721
0.167334
0.165162
0.16472
0.162884
0.161625
0.161076
0.160919
0.160642
0.160253
0.160493
0.160591
0.16063
0.160691
0.160379
0.160072
0.159665
0.159648
0.159817
0.161331
0.165295
0.171823
0.174022
0.183673
0.196423
0.213349
0.232685
0.237838
0.256243
0.273314
0.287244
0.295892
0.297395
0.296744
0.290013
0.280811
0.27915
0.266906
0.259916
0.267426
0.270405
0.300503
0.373611
0.481879
0.507371
0.669627
0.819684
0.843493
0.969597
1.05682
1.06516
1.10386
1.08274
1.01065
0.994967
0.883196
0.790001
0.772992
0.708054
0.676701
0.67173
0.65282
0.630806
0.627069
0.588997
0.542947
0.534646
0.488356
0.464971
0.459649
0.467844
0.475803
0.524251
0.620598
0.63471
0.737667
0.790578
0.79464
0.775663
0.69992
0.686489
0.609611
0.555136
0.545564
0.499898
0.462133
0.455961
0.422467
0.389728
0.365276
0.360664
0.345092
0.345509
0.347124
0.364264
0.399772
0.433838
0.441359
0.459876
0.445946
0.442155
0.410514
0.378598
0.374205
0.353193
0.336349
0.320651
0.31789
0.302037
0.286263
0.283303
0.268616
0.212733
0.213915
0.215455
0.214297
0.211746
0.210948
0.206791
0.20018
0.195092
0.189992
0.189179
0.184876
0.180914
0.178363
0.176422
0.176126
0.174633
0.173525
0.172318
0.172019
0.170506
0.168255
0.166429
0.164741
0.164402
0.163161
0.162509
0.162576
0.16248
0.16252
0.162133
0.162211
0.161812
0.161663
0.161009
0.159871
0.159008
0.157791
0.1576
0.156832
0.157078
0.1593
0.163335
0.164751
0.171783
0.181273
0.194514
0.209128
0.21276
0.228232
0.242478
0.254569
0.261023
0.262532
0.264477
0.260573
0.25437
0.253598
0.248525
0.249082
0.264584
0.269232
0.308587
0.391772
0.507821
0.533746
0.69459
0.837378
0.859684
0.978451
1.06573
1.07474
1.11532
1.09779
1.02956
1.01396
0.902891
0.810499
0.792973
0.72551
0.691793
0.685918
0.66242
0.637922
0.633521
0.59406
0.548574
0.540213
0.49459
0.472014
0.466539
0.475539
0.483755
0.531853
0.629107
0.643422
0.746641
0.802071
0.80645
0.790049
0.716595
0.703103
0.625018
0.568779
0.558671
0.510058
0.47094
0.464562
0.429464
0.39568
0.37004
0.365099
0.347957
0.347657
0.349224
0.366161
0.402679
0.437455
0.445016
0.462743
0.448606
0.444844
0.413678
0.383189
0.378978
0.358194
0.340676
0.324775
0.321925
0.305633
0.289563
0.286435
0.270533
0.193675
0.194561
0.196275
0.195752
0.19372
0.19299
0.191339
0.188301
0.185099
0.181928
0.181526
0.179277
0.176911
0.175177
0.173931
0.173811
0.172971
0.172277
0.171458
0.171231
0.17012
0.168505
0.167225
0.166356
0.166129
0.165577
0.165841
0.166937
0.167074
0.167447
0.1671
0.166914
0.166039
0.165637
0.163753
0.161627
0.159892
0.157904
0.157476
0.155782
0.155128
0.15591
0.15813
0.15896
0.163788
0.171033
0.180779
0.191514
0.193987
0.206732
0.219576
0.229002
0.234047
0.23553
0.239649
0.238544
0.235606
0.235654
0.236614
0.244035
0.267272
0.273331
0.320603
0.412568
0.533878
0.559691
0.715071
0.848834
0.869601
0.981924
1.0691
1.07834
1.12042
1.10534
1.04095
1.02628
0.918625
0.82861
0.81115
0.742461
0.707184
0.70061
0.673121
0.646583
0.641548
0.600744
0.556315
0.547893
0.502823
0.480466
0.474611
0.483216
0.491481
0.538376
0.635328
0.649701
0.751827
0.80992
0.814649
0.801824
0.731773
0.718591
0.640228
0.582561
0.572001
0.520516
0.480443
0.473867
0.437124
0.402273
0.375298
0.370003
0.350961
0.349544
0.351007
0.36759
0.404911
0.439913
0.447465
0.464102
0.449679
0.445994
0.415875
0.387212
0.383236
0.363087
0.345178
0.329152
0.32622
0.309234
0.292861
0.289541
0.272354
0.191879
0.192077
0.191277
0.190583
0.191182
0.19158
0.188639
0.18476
0.182943
0.181184
0.180724
0.178005
0.175841
0.174757
0.17381
0.173556
0.172738
0.172203
0.171467
0.171239
0.170256
0.169079
0.167686
0.166632
0.166539
0.166913
0.167821
0.167942
0.167574
0.168798
0.1701
0.168893
0.166702
0.166273
0.164967
0.163092
0.160319
0.157995
0.157637
0.155878
0.154964
0.15547
0.157688
0.158544
0.16258
0.168174
0.177266
0.189391
0.192747
0.203416
0.212183
0.223467
0.232
0.233077
0.233253
0.232976
0.234255
0.2344
0.23416
0.243636
0.267665
0.273854
0.326125
0.416238
0.534632
0.563878
0.721222
0.848964
0.869878
0.981946
1.06896
1.07822
1.1207
1.10583
1.04137
1.02759
0.921801
0.829431
0.813194
0.747062
0.707781
0.702103
0.676235
0.646912
0.642413
0.602512
0.55665
0.548871
0.504382
0.480705
0.475897
0.483971
0.491523
0.539799
0.63545
0.649656
0.75317
0.809939
0.814918
0.804341
0.732206
0.71996
0.64246
0.583006
0.572772
0.525129
0.480936
0.474204
0.438762
0.403067
0.375484
0.370375
0.352091
0.349619
0.351013
0.367878
0.405028
0.439806
0.447616
0.46416
0.449713
0.446064
0.416466
0.387542
0.383395
0.363694
0.346172
0.329327
0.32647
0.31079
0.293088
0.289691
0.272645
0.179415
0.179597
0.179486
0.179449
0.179786
0.18002
0.179003
0.177646
0.176905
0.176199
0.17603
0.174928
0.174041
0.173658
0.173303
0.173296
0.173145
0.173088
0.172648
0.172455
0.172046
0.171352
0.171079
0.17103
0.171175
0.172747
0.174943
0.176633
0.176397
0.178511
0.179551
0.178659
0.175478
0.174682
0.171915
0.168052
0.164247
0.160685
0.160095
0.157366
0.155575
0.154979
0.15568
0.15609
0.15859
0.162641
0.169173
0.177762
0.180083
0.188745
0.197102
0.205811
0.212813
0.214025
0.216891
0.219334
0.222919
0.223813
0.229367
0.244919
0.275435
0.282928
0.341296
0.439096
0.559178
0.587707
0.734985
0.85402
0.873429
0.980275
1.06692
1.07634
1.11875
1.10548
1.04564
1.03248
0.932536
0.845044
0.8292
0.763189
0.723398
0.717199
0.688128
0.657043
0.652033
0.611081
0.566182
0.558426
0.51434
0.490094
0.48484
0.49113
0.498607
0.544535
0.639129
0.653257
0.755187
0.813852
0.819134
0.812298
0.745577
0.733908
0.657207
0.596862
0.586264
0.535409
0.491091
0.484148
0.447043
0.410103
0.380984
0.375482
0.354906
0.351066
0.352308
0.36857
0.406443
0.440963
0.448623
0.463642
0.449232
0.445713
0.4175
0.390853
0.387033
0.368373
0.350804
0.333854
0.33092
0.314253
0.296218
0.292608
0.27413
0.171132
0.171271
0.171411
0.171739
0.172389
0.172589
0.172821
0.172801
0.173264
0.173544
0.173607
0.173812
0.174003
0.174801
0.175246
0.175438
0.175821
0.176392
0.176433
0.17629
0.176393
0.175939
0.177388
0.178798
0.179212
0.182225
0.186161
0.190058
0.190177
0.193325
0.194186
0.193572
0.189412
0.188172
0.183242
0.176604
0.171418
0.166271
0.165277
0.161141
0.158316
0.156873
0.156397
0.156442
0.157609
0.160016
0.164672
0.170788
0.172368
0.179266
0.186289
0.193857
0.200107
0.201397
0.206168
0.211129
0.217581
0.21918
0.22951
0.250613
0.287273
0.29584
0.35936
0.462627
0.581238
0.608389
0.743411
0.853148
0.871286
0.974642
1.06025
1.06956
1.11164
1.09958
1.04419
1.03203
0.939664
0.858293
0.84329
0.778728
0.739112
0.732557
0.700846
0.668402
0.66291
0.621035
0.577047
0.569233
0.525131
0.499736
0.493916
0.497318
0.504564
0.547591
0.64019
0.654113
0.75462
0.813624
0.819171
0.816395
0.756473
0.74579
0.671182
0.610618
0.599786
0.54663
0.501774
0.494614
0.455705
0.417297
0.386404
0.38047
0.357428
0.351924
0.352995
0.368602
0.406964
0.440729
0.448172
0.461607
0.447316
0.44398
0.417656
0.393405
0.389976
0.372741
0.355409
0.338381
0.335369
0.317853
0.299018
0.295175
0.275202
0.165917
0.16602
0.166325
0.166937
0.16798
0.168216
0.169296
0.170189
0.171799
0.173216
0.173516
0.175049
0.176605
0.178953
0.180565
0.180896
0.18194
0.183164
0.183873
0.183814
0.184288
0.184442
0.187551
0.190904
0.19159
0.196303
0.202571
0.209152
0.209884
0.214137
0.215507
0.21443
0.209243
0.207479
0.199574
0.19003
0.182298
0.175181
0.173582
0.16758
0.16365
0.161314
0.159874
0.159613
0.159546
0.160536
0.163594
0.167907
0.168978
0.174326
0.180044
0.186913
0.19297
0.194324
0.200546
0.20793
0.217548
0.219814
0.234143
0.260206
0.302457
0.311879
0.379713
0.485604
0.599555
0.624789
0.745602
0.846743
0.863861
0.964924
1.04936
1.05835
1.1001
1.08951
1.03879
1.0279
0.944061
0.869588
0.855713
0.793752
0.75487
0.748107
0.714282
0.680825
0.6749
0.632206
0.588875
0.580927
0.536218
0.5089
0.502412
0.502063
0.508938
0.548727
0.6385
0.652108
0.750457
0.80927
0.815019
0.816221
0.76417
0.754887
0.684026
0.624057
0.613147
0.558674
0.512798
0.505414
0.464575
0.424379
0.391415
0.385015
0.359383
0.35202
0.352906
0.367888
0.406432
0.439043
0.446215
0.458087
0.444058
0.440953
0.416869
0.395099
0.392105
0.376647
0.359842
0.342718
0.339628
0.321329
0.301303
0.297202
0.275718
0.162969
0.163053
0.163527
0.16445
0.165897
0.16623
0.167989
0.169898
0.172641
0.175618
0.176222
0.179314
0.182821
0.187126
0.190401
0.190779
0.192554
0.194503
0.196135
0.196207
0.196793
0.198126
0.202559
0.208371
0.209316
0.215778
0.224811
0.23464
0.236223
0.241494
0.243187
0.241499
0.23522
0.232848
0.221107
0.208088
0.197218
0.187832
0.185475
0.177065
0.171909
0.168646
0.166352
0.165821
0.164495
0.164181
0.165798
0.168741
0.169467
0.173373
0.178114
0.1843
0.190618
0.192042
0.199485
0.209289
0.222233
0.225132
0.242698
0.273043
0.320173
0.33024
0.400955
0.506819
0.612625
0.635546
0.74137
0.835227
0.851651
0.95174
1.03451
1.04312
1.08466
1.07619
1.03088
1.02147
0.94663
0.879435
0.866835
0.808397
0.770697
0.763844
0.728338
0.694159
0.687855
0.644364
0.601273
0.593124
0.547025
0.516912
0.50968
0.504934
0.511316
0.547744
0.63401
0.647207
0.742838
0.801035
0.806923
0.811901
0.768211
0.760607
0.695368
0.636935
0.626136
0.570729
0.523937
0.516311
0.473413
0.43105
0.395698
0.388802
0.360505
0.351206
0.351913
0.366364
0.40478
0.435874
0.442752
0.453144
0.439525
0.436687
0.41512
0.395839
0.393307
0.379904
0.363917
0.346653
0.343482
0.324214
0.302862
0.298492
0.27554
0.161896
0.161968
0.162594
0.16388
0.165912
0.166424
0.1689
0.171874
0.176288
0.181524
0.182541
0.18747
0.193212
0.200405
0.205917
0.206224
0.208332
0.211366
0.214315
0.214565
0.214878
0.21636
0.223302
0.232066
0.233244
0.241148
0.252904
0.266729
0.269305
0.275332
0.275846
0.274396
0.267022
0.263991
0.247798
0.230025
0.216739
0.204893
0.201665
0.190169
0.183479
0.179488
0.176396
0.175589
0.172837
0.170868
0.171266
0.173176
0.173669
0.176155
0.179751
0.185694
0.192714
0.194246
0.202705
0.214849
0.231082
0.234543
0.254495
0.288337
0.339486
0.349999
0.421795
0.524939
0.61937
0.639593
0.731261
0.819188
0.835188
0.935739
1.01606
1.0242
1.0658
1.06014
1.02134
1.01367
0.948146
0.888341
0.877058
0.822813
0.786639
0.779786
0.742938
0.708225
0.70159
0.657183
0.6137
0.605286
0.556844
0.523077
0.515071
0.505533
0.511339
0.544489
0.626754
0.639475
0.732867
0.789329
0.795321
0.803923
0.76843
0.762543
0.704813
0.648947
0.638461
0.582222
0.534887
0.526994
0.481916
0.436975
0.398938
0.391526
0.360586
0.349351
0.349902
0.364006
0.401971
0.431271
0.437814
0.446844
0.433759
0.431216
0.412411
0.395542
0.393481
0.382317
0.367414
0.349935
0.346684
0.326337
0.303497
0.298851
0.274536
0.162709
0.162768
0.163482
0.165201
0.168252
0.169072
0.172478
0.176485
0.183543
0.191924
0.193475
0.200461
0.208328
0.219798
0.228085
0.228216
0.229834
0.234509
0.239217
0.239679
0.239297
0.239469
0.250385
0.262388
0.263759
0.272523
0.28652
0.304897
0.308456
0.314837
0.312462
0.312242
0.303965
0.300328
0.279719
0.256129
0.241586
0.227228
0.222977
0.207607
0.198923
0.194671
0.19081
0.189722
0.185272
0.18095
0.180373
0.181572
0.181901
0.18292
0.184849
0.191272
0.199421
0.201076
0.210194
0.224349
0.243477
0.247351
0.268728
0.305217
0.359396
0.370156
0.441252
0.538524
0.618829
0.636127
0.715907
0.799165
0.814958
0.91722
0.994253
1.00195
1.04387
1.04158
1.0105
1.00484
0.949099
0.896674
0.886693
0.837087
0.802656
0.795877
0.757967
0.722731
0.715811
0.670197
0.625409
0.616654
0.564843
0.526694
0.517931
0.503529
0.508715
0.538846
0.616846
0.629051
0.720869
0.774549
0.780626
0.792783
0.764847
0.760575
0.711918
0.659657
0.649688
0.592983
0.545228
0.537038
0.489698
0.441778
0.40083
0.392901
0.359476
0.346367
0.346793
0.360781
0.398017
0.425252
0.431415
0.439232
0.426803
0.424576
0.408722
0.394129
0.392527
0.383682
0.370072
0.352284
0.348955
0.327609
0.303011
0.298099
0.27259
0.162914
0.163052
0.16424
0.166273
0.168909
0.169406
0.173593
0.179467
0.186386
0.193413
0.195079
0.205452
0.216562
0.224252
0.23002
0.232607
0.240561
0.243617
0.24282
0.242358
0.246158
0.251953
0.257279
0.26519
0.268038
0.284635
0.301219
0.310959
0.3113
0.322411
0.330161
0.323456
0.30785
0.303968
0.28875
0.269611
0.246728
0.228936
0.226061
0.215001
0.206662
0.198807
0.192674
0.191323
0.188312
0.186368
0.184392
0.182982
0.182628
0.1845
0.188229
0.193353
0.200129
0.201925
0.213438
0.22826
0.244621
0.248365
0.273349
0.310158
0.360514
0.371746
0.449088
0.540098
0.61826
0.634851
0.708614
0.797672
0.813308
0.908231
0.991814
1.00099
1.03816
1.03845
1.01039
1.00357
0.949371
0.897082
0.887688
0.840908
0.803207
0.797298
0.762026
0.723196
0.717051
0.673048
0.625761
0.617733
0.565845
0.52684
0.518092
0.503233
0.508564
0.537112
0.616229
0.628613
0.71425
0.774014
0.780009
0.789612
0.764837
0.760295
0.712734
0.659986
0.650245
0.59796
0.545673
0.537357
0.49108
0.442211
0.400971
0.392975
0.358719
0.346284
0.346649
0.359729
0.397631
0.425042
0.430869
0.436893
0.426622
0.424368
0.407038
0.394029
0.392518
0.383782
0.370511
0.352381
0.349075
0.327951
0.302988
0.298166
0.272157
0.166309
0.166527
0.16823
0.171012
0.174856
0.175579
0.181541
0.189423
0.199747
0.210009
0.212365
0.226184
0.240318
0.25182
0.259948
0.262875
0.271656
0.27584
0.275658
0.275185
0.279041
0.284173
0.292474
0.302558
0.305737
0.323864
0.342171
0.35443
0.355325
0.366434
0.372395
0.365822
0.349406
0.345066
0.326894
0.303331
0.278139
0.257367
0.253628
0.239605
0.229262
0.220428
0.212905
0.21114
0.206658
0.202827
0.199591
0.196791
0.196041
0.196794
0.199463
0.204894
0.212135
0.214073
0.226525
0.242368
0.259809
0.263732
0.28934
0.327741
0.379949
0.391172
0.465676
0.546523
0.609804
0.622561
0.686853
0.774123
0.789706
0.885588
0.966784
0.975694
1.01301
1.01726
0.99809
0.993441
0.95004
0.905153
0.896996
0.855036
0.81926
0.813452
0.777354
0.737804
0.731352
0.685447
0.635877
0.627235
0.57067
0.527277
0.517405
0.498133
0.503056
0.528556
0.603695
0.615575
0.698634
0.756458
0.762502
0.775046
0.757659
0.754426
0.716726
0.668863
0.659801
0.607682
0.554868
0.546262
0.497415
0.445335
0.401227
0.392647
0.355739
0.342068
0.342359
0.35539
0.392437
0.417601
0.422941
0.427682
0.418478
0.416555
0.401875
0.391352
0.390323
0.383765
0.371802
0.353476
0.350078
0.327742
0.301137
0.296116
0.268996
0.173022
0.173334
0.175679
0.179518
0.185129
0.186226
0.194405
0.2047
0.219093
0.233141
0.236272
0.253686
0.271133
0.286392
0.296967
0.300085
0.309647
0.314745
0.315494
0.315107
0.319028
0.323704
0.334392
0.346061
0.349332
0.367877
0.386794
0.400257
0.401576
0.411869
0.416374
0.409647
0.393165
0.388639
0.368121
0.341385
0.314003
0.291002
0.286434
0.269762
0.257634
0.247717
0.238861
0.236672
0.230539
0.224765
0.220149
0.216048
0.214975
0.214482
0.215991
0.221542
0.228972
0.230909
0.243278
0.258851
0.276213
0.280109
0.30541
0.344903
0.397989
0.408974
0.478625
0.545173
0.593807
0.603119
0.661033
0.747555
0.763182
0.859977
0.93886
0.947542
0.985329
0.99368
0.983535
0.981029
0.949972
0.912816
0.905904
0.868857
0.835063
0.829384
0.792515
0.75192
0.745112
0.696442
0.643403
0.633974
0.571819
0.524003
0.513109
0.490092
0.494673
0.517659
0.588743
0.600095
0.680367
0.736408
0.742493
0.757893
0.74725
0.745253
0.717459
0.675287
0.667087
0.616006
0.562385
0.55348
0.502011
0.446546
0.399597
0.390469
0.351237
0.336634
0.336904
0.350177
0.386023
0.408743
0.413562
0.417217
0.409184
0.407599
0.395564
0.387404
0.386811
0.382304
0.371642
0.353056
0.349572
0.326155
0.297839
0.29266
0.264721
0.184452
0.184854
0.187982
0.193231
0.201099
0.202709
0.213451
0.226616
0.245253
0.263323
0.267225
0.288044
0.308861
0.327246
0.340047
0.34319
0.353495
0.359409
0.361372
0.361244
0.365199
0.370271
0.381703
0.394072
0.397082
0.414627
0.432661
0.445829
0.447364
0.456184
0.45954
0.452207
0.435794
0.431191
0.408727
0.380603
0.351763
0.327927
0.322777
0.304278
0.290916
0.279887
0.269981
0.267446
0.259691
0.252215
0.246052
0.240735
0.239408
0.237508
0.237841
0.24283
0.249721
0.251432
0.262308
0.276036
0.292234
0.295938
0.320546
0.360988
0.413625
0.424067
0.486174
0.535112
0.570929
0.577585
0.631768
0.718254
0.733989
0.831478
0.908253
0.916769
0.955356
0.96779
0.966232
0.965714
0.948053
0.919552
0.913993
0.881896
0.850044
0.844508
0.806847
0.764676
0.757443
0.705002
0.647256
0.636876
0.568514
0.516668
0.504928
0.479102
0.483366
0.504468
0.571457
0.582277
0.659499
0.714137
0.72027
0.738366
0.7339
0.733064
0.714572
0.678523
0.671327
0.622097
0.567545
0.558347
0.50433
0.445475
0.395864
0.386247
0.345133
0.330002
0.330308
0.344151
0.378368
0.398477
0.402752
0.40554
0.398778
0.397534
0.388076
0.38212
0.38191
0.379253
0.369771
0.350852
0.347289
0.322899
0.292988
0.287703
0.259292
0.202142
0.202619
0.20666
0.213661
0.224126
0.226368
0.23976
0.256158
0.278546
0.300367
0.304952
0.328537
0.35231
0.372696
0.38713
0.390143
0.400993
0.407516
0.410523
0.410682
0.414317
0.420753
0.430645
0.44276
0.445276
0.460693
0.476696
0.488389
0.489938
0.496783
0.498884
0.489957
0.472907
0.46819
0.44431
0.416488
0.38777
0.364641
0.359322
0.340136
0.326366
0.314479
0.304051
0.301343
0.292309
0.283732
0.276011
0.269608
0.268132
0.26467
0.263842
0.267091
0.272291
0.273477
0.281313
0.29182
0.306322
0.309823
0.334119
0.375548
0.425838
0.435291
0.486323
0.516267
0.54222
0.547197
0.599549
0.68633
0.702166
0.800129
0.875056
0.883473
0.923146
0.939635
0.945826
0.947088
0.942641
0.924088
0.920205
0.893304
0.863283
0.857905
0.819352
0.774932
0.767197
0.709923
0.646387
0.634921
0.560207
0.505086
0.492771
0.465304
0.469302
0.489031
0.551958
0.562244
0.636173
0.689782
0.695972
0.716595
0.717779
0.718022
0.707887
0.677902
0.671765
0.62501
0.569644
0.560183
0.503846
0.441788
0.389849
0.379827
0.337384
0.322227
0.322645
0.337392
0.369464
0.386829
0.390533
0.39269
0.387286
0.386378
0.379372
0.375426
0.375542
0.374488
0.365954
0.346642
0.343009
0.317747
0.286512
0.281187
0.252687
0.227569
0.228123
0.23313
0.242103
0.2552
0.258106
0.27385
0.293318
0.318385
0.343079
0.348137
0.373414
0.399057
0.420138
0.43526
0.438017
0.448852
0.455156
0.458226
0.458513
0.461247
0.468652
0.475962
0.487024
0.489038
0.501923
0.515395
0.524943
0.526332
0.530718
0.530696
0.518857
0.500384
0.495556
0.471193
0.445098
0.418201
0.396965
0.391863
0.373136
0.359711
0.347569
0.337152
0.334479
0.324731
0.315709
0.306786
0.29952
0.298007
0.292945
0.290801
0.291084
0.293343
0.29374
0.297453
0.304257
0.317548
0.321024
0.345987
0.388134
0.433236
0.441089
0.477196
0.489543
0.508899
0.513067
0.564841
0.651913
0.66783
0.765964
0.839266
0.847683
0.88865
0.909087
0.922059
0.92487
0.932274
0.92458
0.922739
0.901766
0.873431
0.868226
0.828649
0.781256
0.772944
0.709902
0.639902
0.627294
0.546638
0.489378
0.476769
0.448943
0.452733
0.471527
0.530357
0.540111
0.610634
0.66339
0.669633
0.692595
0.698942
0.700166
0.69737
0.672864
0.667716
0.62383
0.567991
0.558324
0.500065
0.4352
0.38142
0.371098
0.327979
0.313384
0.313989
0.329873
0.359298
0.37382
0.376928
0.378711
0.374714
0.374129
0.369395
0.367246
0.367631
0.367901
0.360006
0.34026
0.33657
0.310583
0.278352
0.273065
0.244907
0.262237
0.262828
0.268529
0.279217
0.294421
0.297884
0.315115
0.336754
0.362956
0.38914
0.39437
0.420048
0.446062
0.466473
0.481064
0.483454
0.49317
0.497658
0.499399
0.499558
0.500895
0.507732
0.513095
0.522718
0.52434
0.534867
0.54571
0.552618
0.553602
0.554852
0.551309
0.535568
0.515546
0.510762
0.487218
0.463865
0.439994
0.4213
0.416721
0.399447
0.386894
0.375078
0.364986
0.362461
0.352527
0.343441
0.33386
0.325913
0.324389
0.317859
0.31402
0.310663
0.309198
0.308746
0.308369
0.31233
0.325882
0.329617
0.356354
0.397937
0.433964
0.439523
0.457709
0.456602
0.472265
0.476171
0.528068
0.615105
0.631021
0.728998
0.800889
0.809362
0.851669
0.875763
0.89452
0.898644
0.915993
0.919119
0.919392
0.905415
0.878718
0.873706
0.832987
0.782018
0.773079
0.703625
0.627187
0.613475
0.52788
0.469839
0.457229
0.430344
0.433966
0.452107
0.506735
0.515959
0.583022
0.634934
0.641216
0.666245
0.677324
0.679436
0.682975
0.663009
0.658703
0.617807
0.561971
0.552187
0.492582
0.425489
0.370487
0.35999
0.316933
0.303545
0.304377
0.321499
0.347799
0.359471
0.361974
0.363638
0.361012
0.360728
0.358051
0.357491
0.358088
0.35939
0.351837
0.331622
0.327888
0.30137
0.268478
0.263318
0.235979
0.30694
0.307382
0.313097
0.324464
0.340225
0.34394
0.361231
0.383556
0.4093
0.435439
0.440573
0.46542
0.490278
0.508514
0.520995
0.522806
0.529747
0.530693
0.53004
0.5299
0.52976
0.53532
0.539504
0.547662
0.549038
0.557542
0.565632
0.569052
0.5693
0.566421
0.558076
0.538621
0.517882
0.513387
0.49188
0.471761
0.451433
0.435498
0.43163
0.416465
0.405125
0.393956
0.38427
0.381919
0.372079
0.363071
0.353125
0.344522
0.342925
0.335127
0.329343
0.322454
0.317514
0.31641
0.313159
0.316382
0.33207
0.336337
0.365287
0.403443
0.425849
0.428495
0.428398
0.419334
0.433525
0.437404
0.489624
0.57597
0.591784
0.689152
0.759814
0.768371
0.811864
0.839022
0.862614
0.867801
0.893285
0.906077
0.908272
0.901909
0.87698
0.872218
0.830344
0.775484
0.76591
0.68992
0.607915
0.593279
0.504217
0.446912
0.434585
0.409835
0.413314
0.430893
0.481041
0.489717
0.553108
0.604232
0.610538
0.637323
0.652755
0.655673
0.664585
0.64825
0.644623
0.606434
0.551129
0.54134
0.481109
0.412491
0.357002
0.346467
0.304296
0.292838
0.293942
0.312214
0.334913
0.343806
0.345708
0.347373
0.346031
0.346011
0.345204
0.34604
0.346802
0.348847
0.341418
0.320743
0.316966
0.290102
0.256892
0.251959
0.225951
0.358675
0.358796
0.36379
0.374345
0.388556
0.392079
0.408097
0.429775
0.453915
0.478684
0.483492
0.50643
0.528603
0.542922
0.551396
0.552285
0.554644
0.551177
0.548025
0.547602
0.546471
0.551006
0.554575
0.561355
0.562548
0.569048
0.57378
0.572475
0.571632
0.563767
0.550355
0.528839
0.508813
0.504823
0.486121
0.469253
0.452422
0.439086
0.435955
0.423036
0.412975
0.402546
0.393207
0.391009
0.381355
0.372352
0.362139
0.352893
0.351145
0.342384
0.334748
0.325351
0.318084
0.316703
0.312676
0.317747
0.337035
0.341894
0.372028
0.402138
0.407243
0.406708
0.391454
0.379399
0.393586
0.397557
0.449728
0.534429
0.549977
0.64594
0.715766
0.724444
0.768766
0.798163
0.82572
0.831757
0.863646
0.884368
0.888132
0.888843
0.865877
0.861474
0.818595
0.760014
0.74986
0.667903
0.581967
0.566703
0.476073
0.421092
0.409327
0.387778
0.391104
0.407941
0.453115
0.461193
0.520416
0.570898
0.577231
0.605554
0.625014
0.628649
0.642037
0.628661
0.625575
0.589527
0.53525
0.52558
0.465499
0.396087
0.34094
0.330513
0.290132
0.281409
0.282818
0.302027
0.320549
0.326733
0.328049
0.329639
0.329495
0.329724
0.330664
0.332724
0.333608
0.336125
0.328662
0.307598
0.303783
0.276726
0.243632
0.239032
0.214902
0.409204
0.408997
0.412859
0.421602
0.43329
0.436432
0.450857
0.471399
0.493358
0.515715
0.520023
0.539913
0.557822
0.566196
0.56882
0.5684
0.56519
0.557937
0.55325
0.552743
0.551431
0.555647
0.558634
0.563842
0.56476
0.568605
0.568818
0.56177
0.559692
0.546954
0.529841
0.508665
0.490759
0.48741
0.471764
0.457922
0.444109
0.433013
0.430489
0.419493
0.410475
0.400733
0.391675
0.389595
0.380165
0.37107
0.360758
0.351125
0.349236
0.339957
0.331005
0.320438
0.312658
0.311392
0.30879
0.31794
0.34106
0.346248
0.374559
0.390645
0.377889
0.374503
0.349819
0.338119
0.353022
0.357121
0.408367
0.490289
0.50536
0.598675
0.668244
0.677063
0.721732
0.752558
0.783184
0.789826
0.826478
0.853416
0.858368
0.86444
0.84339
0.839408
0.795773
0.734266
0.72365
0.637163
0.54937
0.533815
0.443923
0.392877
0.381935
0.364401
0.367533
0.38324
0.422761
0.430174
0.484606
0.534451
0.540802
0.570564
0.593745
0.59799
0.615014
0.604199
0.601557
0.567256
0.514416
0.504973
0.445559
0.376171
0.322274
0.312112
0.274523
0.269409
0.27114
0.290816
0.304538
0.308022
0.308751
0.310071
0.311123
0.311597
0.314165
0.317295
0.318272
0.320998
0.31333
0.291992
0.288151
0.261002
0.228719
0.224577
0.202924
0.44904
0.448709
0.451915
0.459187
0.468801
0.471644
0.485198
0.505056
0.524392
0.543297
0.546889
0.562584
0.574483
0.574988
0.57107
0.569157
0.560823
0.551749
0.547128
0.546786
0.545778
0.55002
0.551918
0.554999
0.555369
0.555164
0.549637
0.537636
0.534632
0.518527
0.499701
0.481231
0.466443
0.46378
0.450776
0.43931
0.428301
0.419087
0.416998
0.407185
0.398865
0.389954
0.381318
0.379358
0.370182
0.360888
0.350846
0.341419
0.339533
0.330125
0.320377
0.310084
0.303534
0.302751
0.303356
0.317736
0.342958
0.347833
0.369236
0.366305
0.340105
0.334836
0.306194
0.297258
0.312935
0.316979
0.365429
0.443989
0.45829
0.546465
0.617043
0.626003
0.67022
0.70246
0.735195
0.742022
0.78202
0.813844
0.819643
0.828867
0.809463
0.80581
0.761246
0.69851
0.687682
0.598769
0.511309
0.495807
0.408997
0.363225
0.353349
0.340334
0.343156
0.356942
0.39047
0.397103
0.44537
0.495231
0.50155
0.532438
0.55919
0.563966
0.583784
0.575202
0.572993
0.53983
0.489355
0.480118
0.421503
0.353208
0.301457
0.291771
0.257676
0.257215
0.259231
0.278356
0.286988
0.287755
0.287895
0.288607
0.291091
0.291786
0.295468
0.299885
0.300866
0.303594
0.295487
0.274094
0.270256
0.242751
0.212623
0.209029
0.190368
0.473142
0.472985
0.476268
0.483174
0.492086
0.49475
0.508264
0.527166
0.544052
0.558777
0.56145
0.57145
0.574693
0.568474
0.559304
0.556232
0.543718
0.535485
0.532568
0.532475
0.531517
0.533618
0.535583
0.536126
0.535656
0.529567
0.517948
0.504703
0.501598
0.484241
0.464559
0.45049
0.439314
0.437179
0.425834
0.415174
0.407726
0.400195
0.398309
0.388511
0.380388
0.373219
0.365409
0.363607
0.354658
0.344649
0.335518
0.327237
0.325498
0.31626
0.305652
0.297177
0.293295
0.293161
0.297725
0.316855
0.340663
0.34421
0.352924
0.331142
0.29946
0.293675
0.264189
0.25974
0.275883
0.279371
0.322593
0.398052
0.411245
0.490406
0.564324
0.573383
0.616175
0.650569
0.685005
0.691414
0.733193
0.769105
0.775219
0.785305
0.767852
0.764125
0.717851
0.65634
0.645408
0.556285
0.471321
0.455843
0.374045
0.334475
0.325579
0.317085
0.319487
0.330405
0.35817
0.363961
0.403872
0.455501
0.461679
0.493073
0.523321
0.528384
0.550122
0.543496
0.541587
0.507665
0.461795
0.45276
0.394767
0.328825
0.280133
0.270995
0.240649
0.245645
0.247803
0.265012
0.268856
0.267065
0.266588
0.266358
0.270564
0.271414
0.275199
0.281498
0.282441
0.284909
0.276171
0.255102
0.251259
0.222882
0.196542
0.193554
0.178089
0.486947
0.48714
0.490484
0.497877
0.508687
0.511542
0.524048
0.538997
0.551063
0.556997
0.557467
0.555839
0.54655
0.529593
0.51578
0.51311
0.503771
0.496169
0.492687
0.492501
0.492446
0.494072
0.489972
0.483483
0.48201
0.472222
0.456837
0.438593
0.43516
0.421126
0.409787
0.396589
0.387098
0.385573
0.378794
0.373285
0.365128
0.358744
0.357596
0.351626
0.345464
0.337464
0.330106
0.328528
0.321483
0.314807
0.305959
0.297482
0.295769
0.288407
0.28137
0.274505
0.27542
0.276607
0.288607
0.309674
0.318979
0.318173
0.302257
0.263327
0.231168
0.226592
0.208414
0.202593
0.216095
0.219785
0.258845
0.317072
0.328056
0.404362
0.467015
0.475054
0.520722
0.556531
0.590748
0.598505
0.642712
0.678016
0.685094
0.698784
0.678851
0.675815
0.633015
0.570315
0.560396
0.477823
0.396696
0.382743
0.314954
0.285785
0.279875
0.278002
0.279016
0.285806
0.300362
0.304537
0.341497
0.382646
0.388468
0.424131
0.454637
0.460423
0.484629
0.479279
0.477873
0.453141
0.40552
0.396916
0.343429
0.282929
0.241545
0.234078
0.215578
0.22631
0.228407
0.24087
0.234985
0.228892
0.227754
0.228331
0.232119
0.233166
0.241416
0.245867
0.246486
0.248749
0.239913
0.218366
0.21472
0.192297
0.168344
0.166489
0.158262
0.481006
0.481558
0.486222
0.494139
0.503999
0.506389
0.517002
0.528513
0.53153
0.527156
0.525534
0.514128
0.49842
0.478836
0.465761
0.463374
0.455902
0.448765
0.445202
0.444834
0.443664
0.44463
0.434836
0.424678
0.422524
0.410145
0.394629
0.378162
0.375298
0.363682
0.356065
0.344766
0.33777
0.336674
0.331957
0.329511
0.322159
0.317411
0.316576
0.312264
0.307866
0.301035
0.295216
0.293968
0.288407
0.283548
0.276066
0.269566
0.268275
0.262805
0.258348
0.254894
0.26019
0.262088
0.27623
0.288461
0.277129
0.272938
0.242808
0.206915
0.182027
0.178456
0.164268
0.159824
0.170063
0.172751
0.20275
0.248424
0.257187
0.321424
0.378575
0.386368
0.431249
0.468994
0.503993
0.511719
0.554331
0.588621
0.595363
0.607709
0.58911
0.586266
0.547328
0.488845
0.479478
0.402389
0.331116
0.318727
0.267008
0.247952
0.244006
0.246411
0.246167
0.246184
0.250872
0.253744
0.282947
0.318045
0.323312
0.35886
0.38936
0.395015
0.419186
0.415526
0.414408
0.394232
0.349703
0.34187
0.293441
0.241625
0.210476
0.204958
0.195599
0.210294
0.211895
0.21673
0.203961
0.195094
0.193357
0.192919
0.196863
0.19793
0.206912
0.211415
0.211891
0.213569
0.204534
0.184653
0.181371
0.163774
0.146
0.145403
0.143962
0.467339
0.467957
0.472214
0.479028
0.487673
0.489425
0.496402
0.499418
0.496596
0.485108
0.482162
0.464597
0.443638
0.428937
0.416766
0.414202
0.403981
0.398777
0.39584
0.395316
0.392268
0.385632
0.379387
0.36845
0.365979
0.351808
0.336519
0.324779
0.322552
0.312538
0.302336
0.297159
0.292684
0.291916
0.288221
0.283207
0.282046
0.279165
0.278547
0.274699
0.270683
0.267668
0.263765
0.262882
0.258679
0.253467
0.249331
0.245771
0.244961
0.241191
0.237199
0.238124
0.244756
0.246458
0.256223
0.253604
0.230323
0.22517
0.194226
0.165627
0.146288
0.143329
0.130068
0.127838
0.13461
0.136188
0.155874
0.191348
0.197981
0.243776
0.299895
0.30756
0.350334
0.388724
0.423093
0.430124
0.469738
0.502492
0.508462
0.518717
0.500774
0.497603
0.463232
0.411639
0.402984
0.333596
0.275271
0.264758
0.229698
0.219626
0.217515
0.220663
0.219215
0.211853
0.209015
0.210735
0.224993
0.260842
0.265425
0.298377
0.327177
0.332214
0.354535
0.352999
0.352198
0.329368
0.296338
0.289573
0.247722
0.207227
0.187585
0.184227
0.182705
0.196669
0.197385
0.193703
0.176445
0.165754
0.163561
0.161209
0.164695
0.165618
0.173038
0.178482
0.178889
0.18005
0.171588
0.155222
0.152576
0.138259
0.131107
0.131555
0.13537
0.438724
0.439096
0.441128
0.443203
0.444233
0.443907
0.441797
0.432961
0.419816
0.401219
0.397345
0.377404
0.356783
0.34184
0.32947
0.326974
0.316532
0.30945
0.30404
0.30299
0.297748
0.285863
0.281965
0.271889
0.269774
0.258566
0.247231
0.238336
0.236646
0.229446
0.22225
0.218972
0.216466
0.216104
0.214763
0.212625
0.214604
0.215187
0.21537
0.215785
0.215745
0.215867
0.215254
0.215083
0.214235
0.21284
0.212404
0.211629
0.211305
0.209896
0.208231
0.20799
0.207672
0.207274
0.201392
0.180488
0.154953
0.150585
0.128469
0.110273
0.09841
0.0966195
0.0890283
0.0866735
0.0876901
0.0880616
0.0925885
0.106052
0.108914
0.130483
0.168127
0.17509
0.216198
0.251996
0.275605
0.280381
0.309312
0.336471
0.341448
0.356197
0.32916
0.3245
0.30582
0.273486
0.268147
0.224165
0.198233
0.193673
0.189487
0.188821
0.189296
0.181591
0.17825
0.159694
0.145627
0.145155
0.142946
0.164592
0.167521
0.192258
0.210452
0.213615
0.228655
0.234438
0.235123
0.224783
0.204553
0.20092
0.180592
0.170096
0.16965
0.170095
0.176647
0.1757
0.17381
0.154833
0.13358
0.120586
0.118002
0.111298
0.109671
0.109867
0.114072
0.118897
0.119113
0.120323
0.119323
0.115554
0.115243
0.116946
0.125058
0.126114
0.131752
)
;

boundaryField
{
    inlet
    {
        type            turbulentIntensityKineticEnergyInlet;
        intensity       0.03;
        value           nonuniform List<scalar> 0();
    }
    outlet
    {
        type            zeroGradient;
    }
    front
    {
        type            empty;
    }
    back
    {
        type            empty;
    }
    hub
    {
        type            fixedValue;
        value           nonuniform List<scalar> 0();
    }
    tip
    {
        type            kqRWallFunction;
        value           nonuniform List<scalar> 
133
(
0.438724
0.439096
0.441128
0.443203
0.444233
0.443907
0.441797
0.432961
0.419816
0.401219
0.397345
0.377404
0.356783
0.34184
0.32947
0.326974
0.316532
0.30945
0.30404
0.30299
0.297748
0.285863
0.281965
0.271889
0.269774
0.258566
0.247231
0.238336
0.236646
0.229446
0.22225
0.218972
0.216466
0.216104
0.214763
0.212625
0.214604
0.215187
0.21537
0.215785
0.215745
0.215867
0.215254
0.215083
0.214235
0.21284
0.212404
0.211629
0.211305
0.209896
0.208231
0.20799
0.207672
0.207274
0.201392
0.180488
0.154953
0.150585
0.128469
0.110273
0.09841
0.0966195
0.0890283
0.0866735
0.0876901
0.0880616
0.0925885
0.106052
0.108914
0.130483
0.168127
0.17509
0.216198
0.251996
0.275605
0.280381
0.309312
0.336471
0.341448
0.356197
0.32916
0.3245
0.30582
0.273486
0.268147
0.224165
0.198233
0.193673
0.189487
0.188821
0.189296
0.181591
0.17825
0.159694
0.145627
0.145155
0.142946
0.164592
0.167521
0.192258
0.210452
0.213615
0.228655
0.234438
0.235123
0.224783
0.204553
0.20092
0.180592
0.170096
0.16965
0.170095
0.176647
0.1757
0.17381
0.154833
0.13358
0.120586
0.118002
0.111298
0.109671
0.109867
0.114072
0.118897
0.119113
0.120323
0.119323
0.115554
0.115243
0.116946
0.125058
0.126114
0.131752
)
;
    }
    procBoundary8to7
    {
        type            processor;
        value           nonuniform List<scalar> 
84
(
1.41048
1.47111
1.48099
1.54312
1.55332
1.61821
1.68425
1.69568
1.76278
1.77501
1.84359
1.85636
1.92576
1.93898
2.00854
2.02201
2.09187
2.16063
2.17416
2.24139
2.25517
2.32087
2.33482
2.39921
2.46184
2.47527
2.53471
2.54788
2.60108
2.6438
2.65204
2.67343
2.6748
2.66316
2.61617
2.59987
2.51203
2.39228
2.36004
2.20906
2.03553
1.98918
1.79246
1.73971
1.54066
1.33885
1.28752
1.10215
0.928403
0.77609
0.738815
0.610181
0.50252
0.477532
0.394262
0.328164
0.278292
0.26737
0.233458
0.209268
0.192352
0.188845
0.178073
0.170736
0.165966
0.163144
0.161968
0.16248
0.162908
0.166129
0.172555
0.183574
0.200715
0.225503
0.259695
0.304382
0.356715
0.408397
0.449597
0.474517
0.486875
0.479587
0.465093
0.43763
)
;
    }
    procBoundary8to9
    {
        type            processor;
        value           nonuniform List<scalar> 
150
(
1.40826
1.40752
1.41632
1.42884
1.4392
1.43894
1.4462
1.45497
1.46381
1.4691
1.46774
1.47016
1.47365
1.47436
1.47218
1.46934
1.46593
1.46459
1.46098
1.45831
1.45318
1.45043
1.44593
1.44022
1.43695
1.42906
1.42167
1.41049
1.40578
1.39074
1.37381
1.35649
1.33789
1.33221
1.31249
1.29528
1.27967
1.26646
1.26197
1.25038
1.24553
1.24218
1.24031
1.23852
1.23787
1.23934
1.24332
1.24621
1.24528
1.24675
1.24887
1.2551
1.25685
1.25592
1.25402
1.24954
1.24125
1.2385
1.22584
1.21255
1.19835
1.19502
1.17752
1.1588
1.14147
1.13719
1.12034
1.10792
1.10598
1.09794
1.10036
1.1
1.09723
1.09723
1.08956
1.07905
1.06105
1.0598
1.03473
1.033
1.00169
0.999543
0.963156
0.960672
0.920544
0.917848
0.917848
0.87596
0.87596
0.880567
0.918964
0.968748
0.980262
1.01636
1.00569
1.00275
0.943428
0.864181
0.849673
0.764985
0.699961
0.688714
0.63603
0.600689
0.594297
0.566682
0.550308
0.546898
0.537084
0.536413
0.531595
0.52839
0.528898
0.532358
0.540085
0.541055
0.540533
0.529508
0.527599
0.509862
0.499235
0.497384
0.494476
0.488551
0.487341
0.480669
0.475216
0.468933
0.467637
0.458094
0.445675
0.443753
0.432119
0.421976
0.414921
0.413606
0.405385
0.396205
0.394456
0.381616
0.374305
0.37467
0.377008
0.384719
0.387779
0.387718
0.380875
0.367594
0.365627
0.355855
)
;
    }
}


// ************************************************************************* //
