/*--------------------------------*- C++ -*----------------------------------*\
| =========                 |                                                 |
| \\      /  F ield         | OpenFOAM: The Open Source CFD Toolbox           |
|  \\    /   O peration     | Version:  v2012                                 |
|   \\  /    A nd           | Website:  www.openfoam.com                      |
|    \\/     M anipulation  |                                                 |
\*---------------------------------------------------------------------------*/
FoamFile
{
    version     2.0;
    format      ascii;
    class       volScalarField;
    location    "1e-06";
    object      omega;
}
// * * * * * * * * * * * * * * * * * * * * * * * * * * * * * * * * * * * * * //

dimensions      [0 0 -1 0 0 0 0];


internalField   nonuniform List<scalar> 
10098
(
573.855
573.348
573.549
573.224
570.26
569.029
568.06
568.083
565.16
561.492
560.517
558.596
556.463
550.222
544.834
543.832
540.108
534.164
526.75
524.872
519.228
513.931
505.013
496.739
494.942
487.851
479.681
469.471
466.989
458.779
450.856
442.086
434.548
433.073
427.176
421.952
417.517
414.452
413.894
411.566
410.044
409.247
408.663
408.609
407.998
407.175
406.611
406.31
406.31
405.737
404.879
404.518
404.528
404.6
405.078
406.234
408.383
408.859
411.428
415.316
419.961
420.878
426.295
433.506
441.126
442.727
452.224
462.715
464.447
586.633
585.833
584.876
584.403
583.69
582.892
581.471
579.909
578.656
576.383
575.25
572.015
568.456
564.426
559.468
557.745
551.942
546.452
540.283
538.419
531.645
524.371
517.099
509.133
506.922
498.04
488.836
479.285
476.742
467.117
456.952
447.751
439.393
437.588
430.257
423.626
418.671
414.802
414.042
411.119
409.22
407.941
406.967
406.82
406.123
405.455
404.795
404.252
404.181
403.774
403.305
402.935
402.983
403.089
403.857
405.127
407.154
407.633
410.348
414.171
418.568
419.471
424.986
431.807
439.308
440.97
450.787
461.547
463.424
587.447
586.968
587.69
587.916
585.006
583.688
583.211
583.975
581.116
577.362
576.34
574.699
572.793
565.966
560.182
559.158
555.472
549.183
541.257
539.236
533.488
528.269
518.675
509.797
507.867
500.424
491.629
480.14
477.274
468.06
459.163
448.803
439.72
437.91
430.826
424.578
418.85
414.853
414.099
411.143
409.163
407.84
406.898
406.755
405.965
405.109
404.494
404.136
404.115
403.624
402.972
402.762
402.929
403.025
403.673
404.954
407.104
407.577
410.183
414.001
418.513
419.401
424.613
431.663
439.248
440.817
450.358
461.482
463.357
602.163
601.347
600.721
600.736
600.401
599.607
598.6
597.53
596.623
594.512
593.318
590.179
586.59
582.292
576.963
575.092
568.975
563.114
556.554
554.557
547.521
540.052
532.457
524.078
521.703
512.334
502.469
491.971
489.106
478.377
466.906
456.222
446.339
444.158
435.367
427.371
421.256
416.406
415.401
411.629
409.152
407.412
406.074
405.828
404.864
404.022
403.302
402.75
402.669
402.282
401.893
401.689
401.889
402.007
402.838
404.168
406.174
406.64
409.278
412.931
417.091
417.937
423.139
429.637
436.952
438.582
448.354
459.363
461.334
603.072
602.649
603.98
604.833
601.9
600.493
600.608
602.381
599.476
595.618
594.566
593.314
591.767
584.068
577.748
576.726
573.102
566.258
557.64
555.463
549.622
544.671
534.257
524.812
522.785
515.138
505.817
492.988
489.727
479.544
469.764
457.593
446.767
444.583
436.179
428.799
421.561
416.506
415.54
411.869
409.343
407.417
406.053
405.808
404.784
403.835
403.12
402.674
402.626
402.18
401.677
401.575
401.853
401.964
402.712
404.04
406.133
406.594
409.128
412.753
415.481
417.855
422.686
429.461
436.884
438.385
447.757
459.265
461.23
472.757
619.82
618.985
618.681
619.189
619.277
618.492
617.987
617.458
617.058
615.17
613.934
610.997
607.347
602.745
596.923
594.899
588.329
581.941
574.807
572.64
565.273
557.454
549.685
540.945
538.438
528.725
518.291
506.903
503.718
491.949
479.167
466.926
455.339
452.737
442.31
432.724
425.28
419.304
418.021
413.289
410.13
407.847
406.069
405.707
404.411
403.332
402.493
401.88
401.783
401.372
401.018
400.923
401.215
401.337
402.167
403.476
405.389
405.824
408.285
411.65
415.416
416.226
420.968
427.03
434.043
435.609
445.084
455.962
457.949
470.115
638.006
636.809
634.397
634.958
637.83
637.962
636.74
633.696
635.977
636.389
635.142
630.25
625.112
623.163
618.061
614.983
604.773
599.072
593.382
591.365
582.114
571.668
566.04
558.245
555.358
543.323
532.181
522.3
519.481
506.052
489.912
477.802
465.653
462.67
449.833
438.071
430.131
423.215
421.555
415.455
411.64
408.972
406.789
406.31
404.62
403.292
402.282
401.543
401.407
400.949
400.677
400.54
400.821
400.937
401.765
402.996
404.669
405.064
407.398
410.415
413.597
414.313
419
424.179
430.585
432.247
441.687
451.284
453.223
466.126
639.236
638.391
638.42
639.366
639.794
639.005
639.154
639.308
639.524
637.887
636.656
634.192
630.611
625.608
619.161
617.021
609.99
602.883
594.843
592.438
584.635
576.306
568.316
559.216
556.63
546.81
535.97
523.736
520.233
507.609
493.675
479.837
466.369
463.306
451.127
439.751
430.737
423.447
421.861
416.076
412.13
409.187
406.869
406.374
404.686
403.318
402.286
401.538
401.407
400.929
400.576
400.505
400.808
400.921
401.698
402.905
404.633
405.024
407.227
410.19
413.512
414.21
418.38
423.912
430.475
431.944
440.766
451.085
453.008
464.725
658.829
657.549
655.401
656.406
659.429
659.61
659.01
657.378
659.756
660.673
659.468
655.15
650.666
648.066
642.537
639.223
628.67
621.884
615.162
612.863
602.789
592.295
585.604
577.474
574.507
562.456
551.129
540.528
537.498
523.32
506.404
492.527
478.641
475.174
460.332
446.681
436.926
428.595
426.568
419.18
414.484
411.122
408.369
407.742
405.555
403.796
402.56
401.682
401.515
400.915
400.519
400.4
400.644
400.739
401.432
402.492
403.917
404.257
406.252
408.786
411.396
412.016
416.071
420.636
426.357
427.914
436.425
445.022
446.852
459.212
660.23
659.381
659.73
661
661.611
660.787
661.723
662.752
663.661
662.359
661.206
659.574
656.36
650.9
643.821
641.652
634.267
626.245
616.865
614.13
605.693
596.7
588.129
578.548
575.94
566.22
555.17
542.165
538.367
525.161
510.376
494.989
479.532
475.982
461.998
448.651
437.732
428.902
426.992
420.04
415.193
411.466
408.507
407.856
405.705
403.973
402.669
401.713
401.533
400.932
400.513
400.4
400.639
400.731
401.384
402.402
403.874
404.213
406.049
408.511
411.297
411.89
415.373
420.311
426.227
427.526
435.238
444.763
446.571
457.448
681.027
679.682
677.848
679.126
682.053
682.233
682.366
682.386
684.85
686.337
685.26
682.019
678.615
675.469
669.654
666.21
655.584
647.41
639.22
636.537
625.383
614.544
606.357
597.633
594.592
582.684
571.316
560.057
556.845
542.266
525.091
509.519
493.902
489.943
473.089
457.396
445.408
435.376
432.939
424.134
418.431
414.215
410.77
409.97
407.205
404.967
403.393
402.281
402.061
401.26
400.7
400.494
400.619
400.678
401.173
401.976
403.072
403.345
404.913
406.869
408.851
409.36
412.678
416.515
421.3
422.674
429.862
437.413
439.114
450.574
682.545
681.713
682.358
683.846
684.379
683.499
685.29
687.466
688.994
688.141
687.162
686.797
684.495
678.663
671.094
669.046
661.567
652.354
641.158
637.999
628.684
618.923
609.111
598.775
596.159
586.604
575.515
561.844
557.798
544.352
529.201
512.407
494.966
490.932
475.177
459.768
446.44
435.761
433.499
425.244
419.377
414.699
410.971
410.14
407.447
405.283
403.609
402.349
402.099
401.315
400.767
400.524
400.62
400.678
401.131
401.875
403.022
403.292
404.667
406.536
408.736
409.209
411.907
416.121
421.151
422.182
428.402
437.103
438.773
448.563
704.123
702.731
701.212
702.55
705.134
705.248
706.144
707.84
710.457
712.548
711.698
710.07
708.225
704.938
699.075
695.679
685.326
675.576
665.536
662.381
649.978
638.382
628.291
618.567
615.406
603.589
592.167
580.353
576.99
562.417
545.541
528.567
511.357
506.937
488.254
470.41
455.787
443.703
440.795
430.395
423.521
418.285
414.015
413.009
409.581
406.797
404.767
403.315
403.018
401.95
401.169
400.772
400.69
400.7
400.927
401.388
402.081
402.272
403.325
404.626
405.938
406.324
408.797
411.704
415.336
416.445
422.097
428.739
430.303
440.618
705.722
704.929
705.828
707.452
707.536
706.573
709.18
712.79
714.698
714.395
713.699
715.018
714.446
708.411
700.634
698.874
691.755
681.123
667.703
664.056
653.695
643.199
631.278
619.765
617.114
607.619
596.547
582.235
578.012
564.697
549.887
531.839
512.583
508.113
490.786
473.458
457.084
444.172
441.517
431.789
424.777
418.926
414.283
413.245
409.926
407.263
405.1
403.42
403.08
402.043
401.3
400.827
400.695
400.705
400.882
401.264
402.02
402.21
403.027
404.224
405.805
406.146
407.914
411.223
415.166
415.838
420.375
428.388
429.91
438.378
727.614
726.19
724.825
725.944
727.995
727.971
729.531
732.586
735.493
738.144
737.616
737.986
738.093
735.223
729.657
726.552
716.921
705.875
693.891
690.222
676.557
663.646
651.409
640.182
636.849
624.833
613.129
600.794
597.311
583.061
566.895
549.01
530.517
525.733
505.662
485.678
468.231
453.75
450.31
438.064
429.794
423.386
418.134
416.89
412.709
409.287
406.689
404.775
404.374
402.962
401.884
401.196
400.818
400.764
400.646
400.679
400.903
401.001
401.452
402.024
402.634
402.88
404.358
406.106
408.499
409.278
413.392
419.304
420.725
429.739
729.222
728.47
729.542
731.16
730.351
729.288
732.524
737.715
739.611
739.902
739.577
742.814
744.779
738.701
731.209
729.895
723.95
711.992
696.212
692.081
680.663
669.7
654.608
641.402
638.672
629
617.792
602.664
598.356
585.407
571.635
552.491
531.832
527.042
508.571
489.843
469.791
454.295
451.213
439.828
431.521
424.193
418.468
417.198
413.165
409.962
407.158
404.919
404.461
403.095
402.091
401.273
400.825
400.772
400.588
400.523
400.83
400.927
401.09
401.545
402.486
402.675
403.261
405.537
408.315
408.566
411.399
418.925
420.294
427.146
751.161
749.684
748.055
748.582
749.949
749.75
751.671
755.32
758.693
761.794
761.641
763.969
765.975
764.187
759.494
756.979
748.733
737.293
723.781
719.65
704.947
689.855
675.662
662.386
658.803
646.054
633.587
620.591
616.996
603.146
587.717
569.676
550.492
545.52
524.765
502.859
482.803
465.689
461.687
447.326
437.354
429.616
423.21
421.69
416.652
412.458
409.189
406.687
406.153
404.307
402.822
401.755
400.993
400.859
400.304
399.824
399.52
399.508
399.265
399.037
398.903
398.985
399.269
399.72
400.936
401.343
404.036
409.371
410.642
418.288
428.344
772.202
770.137
765.455
765.099
767.692
768.265
768.799
770.165
775.229
780.194
780.342
781.895
783.959
785.956
784.138
781.164
771.161
761.689
750.544
746.851
729.26
710.49
696.639
682.849
678.494
662.161
648.462
636.605
633.725
619.061
601.773
585.704
568.319
563.542
541.159
517.136
496.957
478.462
473.564
455.811
444.279
435.822
428.676
426.944
420.726
415.377
411.61
408.771
408.171
405.731
403.676
402.283
401.127
400.899
399.933
398.984
397.97
397.831
397.203
396.234
394.875
394.829
394.855
393.379
393.045
393.686
396.36
399.58
400.737
409.373
416.549
418.45
431.943
448.535
464.061
468.465
478.126
469.235
467.399
436.491
393.889
385.91
334.389
293.451
286.294
253.15
235.679
232.531
224.012
223.664
223.587
228.232
229.079
234.427
236.032
236.108
236.847
235.897
235.951
236.286
239.926
240.788
246.298
248.641
249.041
246.528
234.084
231.773
217.888
205.664
197.693
196.264
190.068
184.685
184.011
180.753
177.875
176.3
176.152
175.691
177.073
177.543
181.234
186.027
186.841
190.753
189.499
181.548
179.986
167.376
154.594
153.025
145.484
773.921
772.359
770.038
769.559
769.831
769.399
771.285
774.785
778.368
781.567
781.774
785.596
789.038
788.694
785.518
783.899
777.93
767.321
753.086
748.729
733.651
716.764
700.114
684.223
680.339
666.24
652.377
638.275
634.564
621.018
606.264
588.818
569.717
564.798
544.339
521.454
499.033
479.295
474.79
458.249
446.34
436.973
429.205
427.376
421.393
416.326
412.259
409.006
408.301
405.935
403.956
402.39
401.139
400.908
399.842
398.768
397.867
397.735
396.719
395.619
394.673
394.56
393.458
392.63
392.82
392.84
394.246
399.139
400.258
406.512
415.687
418.086
429.785
447.026
463.778
467.339
477.172
469.256
467.46
437.473
394.164
386.431
335.592
293.643
286.59
253.536
235.743
232.603
224.027
223.656
223.527
228.142
229.048
234.048
235.936
236.058
236.043
235.835
235.864
235.734
239.876
240.6
245.983
248.585
248.943
245.897
234.058
231.78
217.792
205.613
197.698
196.222
189.654
184.639
183.971
180.31
177.739
176.273
176.008
175.153
177.004
177.461
180.446
185.879
186.788
190.542
189.158
181.536
179.968
167.153
154.581
153.032
145.411
793.952
791.662
786.43
784.757
785.176
785.296
785.54
787.687
791.228
795.443
795.821
798.879
802.829
804.736
804.338
802.646
797.012
788.326
776.891
773.219
756.354
738.214
720.156
703.493
698.728
680.998
665.428
651.44
648.261
633.834
618.528
602.347
585.46
580.931
559.902
536.753
513.977
493.326
487.914
468.163
454.629
444.168
435.548
433.462
426.16
419.956
415.17
411.49
410.701
407.632
405.027
403.004
401.288
400.945
399.396
397.785
396.117
395.85
394.391
392.497
390.222
389.973
388.405
385.893
384.66
384.972
386.336
389.367
390.387
397.175
403.91
405.667
417.384
433.378
450.617
455.312
469.738
466.798
466.205
441.284
400.889
393.357
341.767
298.869
291.381
256.225
237.32
233.901
224.32
223.217
222.984
226.712
227.43
231.88
233.322
233.393
233.694
232.784
232.784
232.675
236.269
237.08
242.566
245.154
245.593
243.522
232.368
230.197
216.905
204.673
196.369
194.866
187.993
182.315
181.609
178.154
175.349
173.648
173.434
172.554
173.831
174.273
177.666
182.662
183.526
187.56
186.77
179.724
178.306
166.32
153.769
152.229
144.796
795.664
793.938
790.436
788.484
787.063
786.343
787.651
790.566
793.534
796.449
796.906
801.336
805.592
806.61
805.347
804.692
801.435
792.743
779.124
774.977
760.415
743.188
723.507
704.82
700.583
684.473
668.515
652.807
649.016
635.426
621.38
604.869
586.692
582.109
562.89
540.602
516.229
494.249
489.37
470.882
457.005
445.559
436.18
434.012
426.987
421.004
415.963
411.781
410.873
407.89
405.33
403.131
401.299
400.955
399.283
397.525
395.992
395.731
393.837
391.786
389.986
389.651
386.957
385.06
384.42
384.04
384.222
388.904
389.873
394.612
403.008
405.279
415.089
431.662
450.273
453.852
468.252
466.728
466.02
441.89
401.146
393.857
343.063
299.085
291.739
256.733
237.396
234.013
224.369
223.213
222.928
226.61
227.396
231.486
233.23
233.343
233.107
232.724
232.698
232.115
236.217
236.872
242.226
245.094
245.481
242.865
232.333
230.197
216.774
204.608
196.37
194.808
187.519
182.267
181.567
177.72
175.217
173.621
173.289
172.028
173.76
174.185
176.901
182.502
183.468
187.319
186.395
179.706
178.274
166.088
153.758
152.237
144.713
814.603
812.018
805.463
801.734
799.889
799.484
798.83
800.375
802.412
805.532
806.011
809.491
813.938
816.129
816.977
816.434
814.355
807.568
797.136
793.876
778.858
761.938
740.834
721.593
716.5
696.955
678.787
662.58
659.091
644.53
630.383
614.808
599.034
594.975
576.193
554.815
530.965
508.901
503.209
481.916
466.29
453.758
443.428
440.937
432.453
425.229
419.327
414.662
413.645
409.851
406.563
403.811
401.435
400.96
398.741
396.387
394.019
393.613
391.238
388.342
385.115
384.645
381.494
378.039
376.104
376.063
376.345
379.31
380.208
385.443
391.589
393.19
402.764
417.341
435.386
439.987
458.265
461.419
461.992
443.637
406.67
399.795
349.177
304.684
296.954
259.891
239.39
235.692
224.881
222.857
222.434
225.125
225.75
229.43
230.92
230.998
231.067
230.005
229.934
229.192
232.612
233.333
238.753
241.616
242.093
240.462
230.438
228.404
215.688
203.455
194.815
193.229
185.735
179.983
179.269
175.704
173.035
171.218
170.936
169.601
170.68
171.074
174.091
179.251
180.168
184.293
183.915
177.73
176.447
165.133
152.856
151.346
144.008
816.224
814.269
809.232
805.317
801.467
800.397
800.49
802.345
803.897
806.122
806.663
810.725
814.976
817.002
817.495
817.497
816.423
810.181
798.641
795.16
781.87
765.565
743.586
722.694
718.136
699.763
681.226
663.545
659.704
645.601
631.996
616.492
599.928
595.901
578.589
558.429
533.142
509.819
504.785
485.016
469.406
455.386
444.138
441.61
433.434
426.586
420.327
415.002
413.861
410.164
406.966
403.957
401.446
400.971
398.598
396.07
393.879
393.478
390.597
387.526
384.856
384.281
379.819
377.162
375.859
375.082
374.092
378.849
379.682
382.804
390.707
392.801
400.461
415.533
435.009
438.261
456.265
461.255
461.528
443.764
406.885
400.219
350.498
304.913
297.36
260.516
239.478
235.848
224.967
222.857
222.384
225.019
225.716
229.049
230.836
230.952
230.557
229.952
229.854
228.653
232.561
233.112
238.393
241.553
241.966
239.587
230.393
228.397
215.516
203.375
194.815
193.157
185.206
179.939
179.226
175.29
172.914
171.194
170.797
169.1
170.61
170.985
173.299
179.082
180.103
184.026
183.507
177.704
176.399
164.795
152.845
151.353
143.914
834.455
831.492
822.853
816.513
812.293
811.294
809.086
808.715
809.275
811.013
811.427
814.223
817.985
820.34
821.888
821.994
821.762
817.1
808.653
806.118
793.378
777.844
755.895
735.267
730.07
708.888
688.061
669.739
665.993
650.79
636.826
622.179
607.893
604.418
588.207
569.115
546.285
524.046
518.406
496.374
478.95
464.5
452.303
449.373
439.597
431.137
424.081
418.296
417.015
412.4
408.263
404.704
401.576
400.95
397.968
394.793
391.691
391.131
387.759
383.798
379.638
378.933
374.328
369.982
367.526
367.116
366.605
369.65
370.448
374.599
380.056
381.487
388.763
401.17
418.967
423.063
443.965
453.125
454.72
443.232
410.884
404.83
356.247
310.709
302.85
264.092
241.877
237.9
225.705
222.606
221.957
223.571
224.132
227.195
228.9
228.998
229.068
227.668
227.507
225.966
229.02
229.607
234.865
238.004
238.511
237.315
228.285
226.385
214.219
202.018
193.096
191.425
183.452
177.776
177.064
173.457
170.968
169.052
168.703
166.906
167.682
168.01
170.566
175.803
176.772
180.945
180.92
175.55
174.39
163.781
151.828
150.352
143.106
851.766
847.953
835.788
827.275
821.677
820.578
815.946
813.151
812.347
812.713
812.889
814.463
817.008
818.916
820.016
820.523
820.551
817.125
810.056
808.22
797.103
781.508
761.476
741.133
736.117
713.848
691.683
672.09
668.224
652.217
637.785
624.03
611.113
608.226
593.781
576.412
556.45
536.04
530.41
507.298
489.188
473.944
460.877
457.673
446.195
436.189
428.234
421.814
420.428
414.785
409.702
405.455
401.625
400.841
397.216
393.343
389.276
388.54
384.701
379.823
374.178
373.35
368.598
362.828
359.318
359.305
359.232
361.078
361.854
366.962
370.569
371.359
378.105
387.581
402.617
407.375
430.051
442.356
445.362
440.577
413.033
407.818
361.451
316.411
308.357
267.95
244.598
240.264
226.644
222.466
221.614
222.242
222.691
225.572
227.373
227.472
227.952
225.888
225.65
223.579
225.63
226.209
231.342
234.385
234.978
234.63
225.975
224.159
212.733
200.501
191.256
189.593
181.691
175.751
175.048
171.793
169.275
167.195
166.881
164.942
164.972
165.23
167.901
172.533
173.425
177.808
178.256
173.223
172.195
162.509
150.693
149.225
142.214
853.545
850.196
839.241
830.122
823.026
821.351
817.096
814.259
812.809
812.733
812.909
814.182
816.398
818.269
819.686
819.865
819.595
816.184
809.768
808.025
797.037
782.129
761.779
741.454
736.488
714.635
692.143
672.177
668.325
652.165
637.761
623.967
611.256
608.372
594.504
578.081
557.838
536.889
531.701
510.195
491.954
475.811
461.821
458.476
447.397
437.671
429.346
422.267
420.694
415.178
410.124
405.616
401.637
400.846
397.023
392.957
389.091
388.372
383.946
378.89
373.867
372.926
366.922
361.866
359.063
358.291
357.243
360.629
361.36
364.804
369.792
371.035
376.119
385.799
402.16
405.387
427.274
442.003
444.395
439.759
413.165
408.056
362.561
316.673
308.816
268.709
244.718
240.483
226.783
222.474
221.576
222.142
222.661
225.271
227.317
227.444
227.669
225.856
225.602
223.13
225.579
225.98
230.936
234.313
234.837
233.874
225.907
224.141
212.489
200.371
191.255
189.507
181.203
175.707
175.008
171.439
169.169
167.178
166.771
164.532
164.905
165.146
167.126
172.341
173.357
177.514
177.786
173.183
172.133
162.138
150.658
149.225
142.078
870.632
866.354
852.246
840.756
831.926
830.008
823.122
817.913
814.354
812.366
812.149
811.782
812.395
812.73
812.68
813.128
812.452
808.99
802.48
801.099
791.497
777.818
758.176
738.544
734.176
713.059
690.534
669.67
665.669
649.166
634.763
621.357
609.554
607.151
595.169
581.268
563.595
545.293
540.442
519.498
501.468
484.892
470.443
466.849
454.247
443.182
433.738
425.979
424.277
417.686
411.689
406.357
401.625
400.659
396.141
391.336
386.484
385.59
380.664
374.722
368.291
367.248
360.995
354.858
351.188
350.844
350.323
352.982
353.75
358.02
362.01
362.688
367.292
373.951
386.632
390.282
412.318
428.961
432.672
434.614
413.219
409.12
366.832
322.064
314.124
272.739
247.721
243.12
227.932
222.506
221.376
221.038
221.469
223.985
226.28
226.423
226.98
224.665
224.326
221.167
222.439
222.792
227.461
230.653
231.254
231.043
223.406
221.718
210.802
198.679
189.328
187.611
179.466
173.811
173.138
169.969
167.753
165.646
165.276
162.87
162.461
162.617
164.512
169.109
170.035
174.35
175.038
170.701
169.778
160.649
149.38
147.963
141.081
872.394
868.738
855.791
843.944
833.308
830.873
824.267
818.877
814.592
812.227
811.993
810.92
810.62
811.42
812.006
811.709
809.436
805.986
801.183
800.108
789.378
774.088
756.46
738.027
733.407
711.409
688.75
669.018
665.463
648.327
632.943
620.155
609.222
606.865
594.736
580.883
564.18
545.816
541.32
521.578
503.864
486.652
471.353
467.728
455.519
444.768
434.978
426.457
424.596
418.112
412.136
406.517
401.627
400.659
395.897
390.875
386.275
385.395
379.829
373.699
367.962
366.787
359.267
353.892
350.931
349.828
348.435
352.572
353.285
356.319
361.38
362.415
365.715
372.44
386.217
388.352
409.299
428.516
431.383
433.089
413.26
409.161
367.737
322.319
314.588
273.581
247.85
243.388
228.116
222.52
221.361
220.959
221.442
223.748
226.242
226.403
226.894
224.646
224.296
220.808
222.392
222.563
227.046
230.575
231.094
230.083
223.326
221.69
210.504
198.534
189.324
187.51
178.959
173.771
173.097
169.65
167.665
165.633
165.18
162.523
162.401
162.537
163.781
168.913
169.962
174.025
174.53
170.651
169.695
160.157
149.343
147.961
140.929
889.203
884.624
868.62
854.23
842.427
839.674
830.262
822.018
815.49
810.713
809.929
806.751
804.723
802.699
800.997
800.869
798.236
793.326
786.627
785.483
775.602
762.791
743.463
725.36
721.532
701.646
680.362
660.221
656.657
640.145
626.011
613.013
602.663
600.741
590.614
579.553
564.946
549.562
545.618
527.503
510.658
494.156
479.11
475.342
462.038
449.928
439.208
430.152
428.143
420.585
413.553
407.157
401.484
400.327
394.859
389.089
383.456
382.395
376.38
369.415
362.313
361.059
353.629
347.088
343.488
342.839
342.416
346.051
346.871
351.26
355.703
356.299
359.374
363.251
372.785
375.115
394.641
414.047
417.998
425.586
411.02
408.069
370.788
327.167
319.478
277.626
251.045
246.225
229.453
222.753
221.344
220.138
220.559
222.844
225.721
225.911
226.749
224.076
223.638
219.342
219.589
219.672
223.668
226.897
227.475
227.433
220.624
219.062
208.604
196.663
187.311
185.548
177.293
171.977
171.345
168.367
166.521
164.431
164.022
161.182
160.24
160.279
161.363
165.75
166.698
170.843
171.695
168.019
167.186
158.66
147.914
146.557
139.823
903.834
898.908
880.726
864.697
851.196
848.247
836.036
825.113
815.83
808.073
806.637
801.083
796.383
791.52
786.875
787.048
783.489
776.675
767.232
765.504
756.359
742.559
723.633
704.471
701.684
684.564
664.652
644.831
641.025
626.619
613.943
601.68
591.6
590.119
582.547
573.346
561.325
548.361
545.391
529.737
514.539
499.239
484.799
481.215
467.448
454.496
443.109
433.406
431.308
422.753
414.772
407.574
401.073
399.745
393.605
387.079
380.415
379.173
372.765
364.996
356.656
355.337
348.011
340.599
336.59
336.395
337.011
340.831
341.805
347.706
352.28
352.676
355.488
357
362.474
364.544
381.38
399.548
404.172
416.448
406.492
404.813
372.604
331.179
323.707
281.549
254.261
249.133
230.919
223.164
221.504
219.604
219.996
222.278
225.689
225.933
227.082
224.13
223.591
218.349
217.22
217.166
220.475
223.247
223.856
224.387
217.737
216.233
206.524
194.664
185.211
183.522
175.608
170.285
169.703
167.238
165.633
163.555
163.175
160.113
158.382
158.309
159.133
162.726
163.541
167.672
168.81
165.249
164.528
156.894
146.357
145.014
138.635
905.487
900.954
883.934
867.46
852.656
849.144
837.209
825.941
815.837
807.716
806.24
799.493
793.876
789.252
785.65
784.585
779.035
771.929
764.54
763.424
751.745
736.876
719.024
702.456
698.753
679.116
659.427
642.17
639.706
623.825
610.093
598.464
590.295
588.898
580.263
571.281
560.325
548.228
545.086
529.885
515.178
500.023
485.405
481.752
468.359
455.707
444.053
433.835
431.581
423.113
415.098
407.64
401.047
399.703
393.261
386.524
380.153
378.935
371.838
363.917
356.3
354.844
346.381
339.643
336.352
335.471
335.599
340.539
341.487
346.855
352.069
352.589
354.984
356.318
362.195
363.288
378.851
399.02
402.69
414.094
406.364
404.464
372.913
331.417
324.107
282.361
254.419
249.438
231.151
223.196
221.533
219.567
219.979
222.188
225.699
225.939
227.251
224.148
223.617
218.195
217.186
216.978
220.063
223.163
223.683
223.51
217.627
216.189
206.141
194.463
185.205
183.405
175.121
170.242
169.662
166.982
165.575
163.553
163.127
159.899
158.334
158.245
158.482
162.522
163.467
167.327
168.247
165.183
164.426
156.376
146.287
145.001
138.436
915.845
911.271
893.668
876.234
859.924
856.232
841.846
828.245
814.859
803.363
801.141
791.632
783.051
775.344
768.6
767.874
761.012
752.185
741.721
739.888
728.519
712.477
694.279
675.871
672.962
655.347
636.847
619.837
617.025
604.017
592.329
582.153
574.439
573.564
567.803
561.101
552.137
542.173
539.995
527.654
515.099
501.401
487.98
484.627
471.566
458.951
446.831
436.192
433.863
424.646
415.923
407.659
400.292
398.785
391.723
384.262
376.911
375.522
368.053
359.428
350.7
349.214
340.785
333.583
330.173
329.78
331.14
336.92
338.11
345.12
351.313
351.774
354.134
353.499
355.411
356.122
368.02
385.584
389.6
403.994
399.886
399.153
373.048
334.36
327.411
285.912
257.545
252.293
232.696
223.797
221.886
219.337
219.748
222.022
226.189
226.499
228.175
224.875
224.243
217.818
215.368
214.994
217.141
219.61
220.133
220.38
214.571
213.185
203.88
192.325
183.047
181.338
173.446
168.669
168.155
166.043
164.969
163.022
162.634
159.18
156.817
156.609
156.44
159.696
160.491
164.225
165.332
162.297
161.644
154.409
144.583
143.321
137.151
916.717
912.527
895.494
878.029
860.909
857.025
842.6
828.146
814.22
802.668
800.434
789.143
778.739
772.392
767.055
764.774
754.905
746.07
738.6
737.429
723.033
704.355
688.704
673.358
669.299
647.951
628.669
616.081
615.117
599.91
585.44
577.29
572.576
571.763
564.309
556.599
550.266
541.613
539.018
526.164
513.94
501.256
488.121
484.872
471.946
459.405
447.367
436.459
434.108
424.873
415.987
407.606
400.219
398.706
391.254
383.577
376.617
375.255
367.035
358.26
345.126
348.69
339.092
332.678
329.952
328.94
330.014
336.732
337.896
345.129
351.38
351.797
354.345
353.352
355.248
355.342
365.964
385.095
388.157
401.329
399.649
398.531
372.854
334.55
327.723
286.687
257.699
252.615
232.963
223.832
221.952
219.335
219.738
222.027
226.221
226.519
228.615
224.912
224.298
217.83
215.347
214.849
216.759
219.525
219.946
219.233
214.447
213.129
203.438
192.11
183.035
181.207
172.928
168.631
168.115
165.837
164.931
163.022
162.612
159.06
156.782
156.554
155.882
159.503
160.415
163.86
164.739
162.22
161.516
153.694
144.509
143.304
136.934
919.579
915.611
899.039
881.381
863.65
859.724
843.41
827.293
809.807
794.703
791.709
777.918
765.772
754.881
746.519
744.696
735.449
724.505
713.426
711.575
698.001
681.535
662.123
644.25
640.782
621.793
603.626
588.538
586.878
574.554
564.626
556.335
551.828
551.662
547.707
544.07
537.917
531.161
529.53
519.879
509.934
498.543
486.955
484.077
472.159
460.253
448.251
437.384
435.003
425.385
416.051
407.036
398.994
397.328
389.406
381.102
373.141
371.614
363.174
353.783
344.754
343.128
334.06
327.06
324.558
324.07
326.906
334.901
336.4
345.569
353.38
353.829
356.454
353.756
351.742
351.342
357.815
373.218
376.421
391.161
391.752
391.611
371.199
336.211
329.891
289.672
260.596
255.293
234.521
224.589
222.471
219.382
219.811
222.246
227.239
227.622
229.975
226.355
225.644
218.128
214.161
213.468
214.161
216.117
216.507
216.466
211.242
209.97
201.011
189.842
180.832
179.11
171.373
167.197
166.764
165.124
164.627
162.859
162.494
158.741
155.651
155.297
154.193
156.898
157.645
160.845
161.812
159.235
158.628
151.838
142.657
141.489
135.55
913.298
910.17
894.831
877.667
859.455
855.302
838.207
819.957
800.167
781.319
777.8
761.989
746.72
733.227
721.849
720.976
711.441
699.79
686.668
684.247
672.025
654.955
635.361
615.245
612.271
594.428
575.512
558.979
556.043
546.062
537.793
531.378
527.221
527.619
527.596
526.084
522.374
517.151
516.697
510.103
501.965
492.5
482.344
479.957
469.594
458.618
447.296
436.648
434.304
424.76
415.23
405.832
397.172
395.42
387.139
378.265
369.427
367.753
359.111
349.162
339.258
337.624
328.869
321.889
319.979
320.007
324.766
334.906
336.808
348.178
357.878
358.604
360.963
356.827
351.538
350.28
352.093
363.357
366.327
381.146
383.038
383.721
368.124
336.437
330.804
292.077
263.091
257.677
236.026
225.419
223.097
219.661
220.153
222.785
228.755
229.265
232.054
228.526
227.703
219.007
213.557
212.611
211.914
212.905
213.224
213.224
207.943
206.695
198.464
187.514
178.603
177.009
169.805
165.933
165.593
164.621
164.63
163.089
162.743
158.775
154.948
154.451
152.725
154.494
155.055
157.928
158.907
156.189
155.661
149.563
140.704
139.56
134.104
912.06
908.568
892.431
875.21
857.969
854.57
836.376
816.895
796.843
779.242
775.627
757.211
740.69
728.516
719.451
716.382
704.33
692.803
682.854
681.239
666.089
648.059
629.746
612.539
608.396
587.256
567.862
554.246
553.509
540.541
530.091
524.735
524.214
524.749
522.361
520.671
519.112
515.924
514.634
506.991
499.258
490.828
481.632
479.371
468.798
457.797
446.725
436.453
434.252
424.558
414.862
405.464
396.996
395.209
386.486
377.456
369.062
367.423
358.036
347.98
338.855
337.072
327.407
321.06
319.808
319.377
324.387
334.977
336.886
349.329
358.585
358.904
362.408
357.657
351.592
350.418
351.175
362.964
365.184
378.634
382.691
382.846
367.142
336.536
330.883
292.579
263.249
257.958
236.29
225.471
223.2
219.706
220.152
222.951
228.856
229.32
232.768
228.62
227.845
219.321
213.564
212.56
211.598
212.823
213.039
212.275
207.79
206.623
197.944
187.247
178.589
176.862
169.358
165.897
165.557
164.527
164.651
163.104
162.798
158.858
154.942
154.432
152.332
154.306
154.988
157.558
158.289
156.098
155.513
148.893
140.595
139.528
133.838
897.079
894.307
879.948
863.555
845.554
841.64
823.407
803.379
780.556
759.353
755.287
735.562
717.261
701.689
689.918
688.036
677.177
665.7
654.188
652.263
639.481
622.916
604.009
584.907
581.245
561.266
541.218
524.661
522.317
510.573
501.597
496.887
496.018
497.131
498.788
500.721
500.475
498.824
498.779
494.495
488.868
481.776
473.935
472.104
463.372
453.894
443.657
433.862
431.716
422.512
413.118
403.423
394.514
392.664
383.781
374.31
365.097
363.32
353.836
343.321
333.369
331.618
322.428
316.356
316.133
316.281
323.656
337.153
339.555
354.241
366.046
366.69
369.834
363.882
354.739
352.655
348.606
355.495
357.24
369.522
373.717
374.521
362.797
335.374
330.439
294.112
265.251
259.916
237.649
226.358
223.906
220.218
220.762
223.887
230.973
231.585
235.506
231.612
230.72
220.88
213.507
212.206
209.72
209.857
209.977
209.292
204.436
203.284
195.293
184.851
176.374
174.79
167.905
164.833
164.604
164.306
165.033
163.782
163.499
159.36
154.725
154.057
151.149
152.091
152.58
154.764
155.445
153.033
152.519
146.653
138.542
137.507
132.324
876.594
874.819
862.6
846.611
827.843
823.089
805.341
784.198
759.456
734.367
729.98
709.62
689.113
670.415
655.724
655.589
646.815
635.629
623.365
621.309
611.981
597.819
578.51
557.976
554.929
536.511
515.571
495.734
491.698
480.423
472.721
467.066
465.329
466.776
472.765
477.865
479.511
479.45
480.763
480.243
476.412
470.766
464.108
462.702
455.999
448.094
438.951
429.7
427.604
419.209
410.265
400.585
391.289
389.458
380.622
370.812
360.817
358.932
349.469
338.534
327.838
326.152
317.715
312.09
313.421
314.142
324.417
341.557
344.532
361.497
376.141
377.364
379.555
372.597
361.059
357.693
348.514
350.44
351.391
361.338
364.905
366.138
357.622
332.993
328.815
294.889
266.648
261.405
238.839
227.218
224.646
220.937
221.63
225.189
233.673
234.486
238.714
235.409
234.381
223.051
213.997
212.322
208.212
207.179
207.169
206.337
201.09
199.93
192.582
182.441
174.196
172.766
166.579
163.994
163.892
164.348
165.779
164.917
164.623
160.273
155.013
154.17
150.343
150.124
150.403
152.112
152.681
149.997
149.534
144.36
136.451
135.438
130.799
873.847
871.235
857.403
841.542
824.3
820.937
801.111
778.595
753.739
730.854
726.207
702.313
680.739
663.718
652.273
649.149
637.607
627.125
618.644
617.558
605.328
590.676
572.892
555.263
551.077
529.685
508.395
490.978
489.075
474.588
464.117
459.331
461.363
463.036
465.958
471.099
475.118
477.636
477.863
475.953
472.717
468.126
462.734
461.483
454.269
446.266
437.471
428.976
427.2
418.475
409.357
399.806
390.962
389.059
379.698
369.798
360.362
358.513
348.262
337.263
327.397
325.547
316.256
311.363
313.311
313.803
324.846
342.01
345.032
364.06
377.649
378.017
382.324
374.493
361.388
358.84
348.804
350.233
350.76
359.321
364.518
365.189
356.182
332.984
328.623
295.005
266.79
261.586
239.044
227.283
224.761
221.031
221.638
225.553
233.871
234.591
239.865
235.582
234.636
223.707
214.037
212.365
207.997
207.109
207.002
205.45
200.918
199.847
192.005
182.137
174.178
172.612
166.188
163.97
163.863
164.396
165.884
164.953
164.781
160.596
155.051
154.204
150.124
149.959
150.345
151.759
152.074
149.896
149.373
143.653
136.313
135.393
130.504
850.022
848.384
836.69
821.461
803.637
799.268
779.907
756.041
729.53
702.815
697.579
672.424
647.755
628.366
613.934
612.432
601.974
593.193
584.827
583.797
575.557
562.892
546.558
528.038
524.532
504.363
482.303
462.471
458.884
444.526
432.949
428.157
428.697
430.602
437.014
444.687
451.589
455.893
457.616
459.309
458.077
455.116
450.906
450.052
444.918
438.516
431.013
423.186
421.439
413.746
405.276
395.98
386.943
385.079
375.898
365.782
355.709
353.757
343.546
332.226
321.779
320.021
311.396
307.677
311.812
312.981
327.525
349.202
352.879
374.618
390.755
391.695
394.767
385.814
370.524
366.633
351.524
347.783
347.414
352.652
356.291
357.219
350.462
329.594
325.94
294.845
267.542
262.498
239.954
228.108
225.499
221.979
222.787
227.344
237.279
238.218
244.206
240.267
239.179
226.665
215.227
213.132
206.986
204.812
204.552
202.559
197.653
196.558
189.281
179.737
172.079
170.683
164.969
163.391
163.426
164.782
167.071
166.587
166.403
162.017
155.888
154.862
149.709
148.361
148.518
149.354
149.47
146.957
146.478
141.242
134.225
133.334
129.009
823.149
822.817
814.745
800.437
780.899
775.607
757.026
733.839
703.841
672.338
666.718
641.156
615.005
589.82
571.572
572.138
565.57
556.552
547.361
546.37
543.346
535.395
518.355
499.011
496.516
479.158
456.963
433.532
428.38
414.375
404.84
396.792
394.753
396.544
406.655
418.284
425.471
431.428
434.763
441.366
442.292
440.219
437.021
436.581
433.831
429.727
423.244
415.893
414.163
407.773
400.483
391.297
382.043
380.305
371.628
361.392
350.554
348.537
338.607
326.992
315.965
314.357
307.131
304.662
311.834
313.629
332.201
359.323
363.687
386.723
406.304
407.942
408.802
398.749
381.752
376.416
356.422
347.879
346.341
347.556
349.029
349.933
344.603
325.489
322.499
294.001
267.649
262.881
240.621
228.846
226.229
223.161
224.232
229.573
241.363
242.578
248.52
245.766
244.526
230.283
217.183
214.6
206.503
202.983
202.52
200.182
194.572
193.432
186.624
177.411
170.101
168.877
163.992
163.099
163.295
165.466
168.668
168.711
168.479
163.838
157.247
156.038
149.739
147.18
147.11
147.227
147.067
144.2
143.738
139.173
132.225
131.365
127.603
819.368
817.976
807.799
793.767
776.39
772.707
751.672
726.601
696.813
668.055
661.989
632.005
604.054
581.368
567.091
563.828
553.112
545.434
541.144
541.409
534.811
526.317
511.524
495.76
491.936
471.326
448.901
428.413
425.459
408.17
395.067
388.316
390.129
392.21
398.315
409.326
419.66
428.837
430.823
435.439
437.123
436.474
434.926
434.723
431.145
426.701
420.774
414.604
413.384
406.447
398.821
390
381.511
379.656
370.291
360.025
349.959
347.978
337.121
325.491
315.461
313.664
305.558
304.149
311.837
313.811
333.946
360.342
364.814
391.391
408.646
408.976
412.781
401.432
382.348
378.421
357.891
347.936
346.364
346.33
348.693
349.108
342.99
325.393
322.1
293.741
267.76
262.924
240.726
228.919
226.338
223.317
224.248
230.209
241.69
242.746
250.345
246.03
244.913
231.358
217.278
214.814
206.464
202.941
202.402
199.346
194.402
193.351
186.043
177.099
170.084
168.731
163.67
163.096
163.282
165.706
168.885
168.772
168.761
164.434
157.34
156.138
149.781
147.085
147.079
146.939
146.532
144.103
143.585
138.419
132.081
131.316
127.325
789.169
789.103
781.778
768.798
751.354
746.726
726.362
699.586
668.269
635.299
628.606
596.73
564.481
539.041
520.873
519.276
508.727
502.707
498.994
499.384
497.559
491.097
479.644
464.06
461.365
442.873
420.471
398.742
394.365
377.661
363.204
356.026
355.427
357.319
365.375
376.869
390.01
400.697
404.409
413.093
417.167
418.765
418.59
418.825
417.647
414.911
410.736
405.536
404.363
398.924
392.207
384.102
375.634
373.922
365.044
354.763
344.18
342.143
331.476
319.694
309.451
307.862
301.069
302.176
313.783
316.544
341.714
373.736
378.886
407.863
426.444
427.32
428.485
415.308
394.696
389.391
364.729
350.361
347.659
343.208
342.883
343.121
337.38
320.984
318.234
292.203
267.301
262.759
241.067
229.595
227.039
224.765
226.023
233.044
246.518
247.851
256.25
252.304
251.033
235.757
220.009
217.045
206.643
201.701
200.935
197.089
191.651
190.541
183.577
174.939
168.313
167.129
162.857
163.129
163.486
166.805
170.95
171.382
171.323
166.774
159.209
157.827
150.295
146.389
146.154
145.228
144.457
141.649
141.14
136.264
130.26
129.53
126.081
784.85
783.604
773.714
760.604
746.23
743.784
720.508
690.935
660.269
630.449
623.669
586.792
551.85
529.701
515.879
510.173
494.524
489.387
492.042
493.71
487.77
479.193
471.672
460.373
456.304
434.33
411.499
393.508
391.535
371.524
353.852
347.46
350.917
352.844
356.794
366.222
383.384
397.875
399.728
405.811
410.118
414.159
416.139
416.6
414.39
410.809
407.335
403.908
403.418
397.247
389.818
382.416
374.948
373.145
363.379
353.06
343.485
341.519
329.781
318.002
308.92
307.144
299.793
301.945
313.976
317.216
344.897
375.022
380.339
413.622
428.937
428.454
432.609
417.998
395.227
391.478
366.633
350.528
348.032
342.654
342.627
342.454
335.876
320.847
317.756
291.786
267.363
262.729
241.142
229.654
227.163
224.973
226.051
233.864
246.866
248.045
258.267
252.575
251.45
237.054
220.122
217.359
206.741
201.682
200.859
196.458
191.512
190.469
183.052
174.672
168.297
166.999
162.668
163.144
163.489
167.174
171.2
171.446
171.656
167.529
159.324
157.958
150.572
146.353
146.144
145.003
144.011
141.568
140.997
135.625
130.147
129.488
125.853
751.273
751.544
746.509
735.567
719.062
715.387
693.353
665.574
630.712
595.709
588.068
550.559
514.462
485.178
466.7
462.706
450.675
445.229
445.899
447.665
447.162
445.645
436.884
425.814
423.042
405.382
384.292
363.607
360.256
341.741
326.294
317.309
316.99
318.616
324.148
336.541
351.309
366.273
369.925
381.358
389.15
393.768
397.074
398.1
398.67
398.193
395.861
392.864
392.452
388.042
382.686
375.33
367.885
366.242
357.358
347.152
336.868
334.859
323.636
311.862
302.736
301.246
296.048
301.395
318.174
322.375
354.881
391.373
397.283
430.449
447.984
447.847
448.327
431.562
407.463
402.354
374.144
354.606
351.117
341.521
338.454
338.011
331.143
316.508
313.838
289.801
266.452
262.112
241.191
230.288
227.847
226.71
228.156
237.208
252.36
253.799
264.003
259.437
258.162
241.933
223.502
220.251
207.568
201.063
200.001
194.95
189.171
188.06
180.888
172.736
166.765
165.634
162.144
163.507
164.03
168.623
173.694
174.475
174.637
170.198
161.613
160.074
151.436
146.112
145.682
143.728
142.336
139.466
138.9
133.997
128.569
127.947
124.82
714.659
716.563
715.244
705.875
689.654
684.997
664.151
634.79
598.677
559.365
551.169
512.246
471.995
440.05
417.169
414.778
402.282
398.059
398.499
400.067
404.209
404.081
399.503
389.146
387.853
373.74
354.17
333.838
329.518
313.054
297.685
288.582
285.575
286.653
292.564
302.998
318.366
332.924
338.039
353.073
363.021
370.41
375.418
377.04
380.714
382.344
382.02
380.064
379.655
377.188
373.065
366.808
359.506
358.093
350.081
340.058
329.326
327.311
316.64
305.12
296.498
295.418
292.796
302.4
324.864
329.854
367.974
409.911
416.266
449.92
467.087
467.206
463.574
444.259
418.759
412.523
381.751
359.579
355.243
341.729
335.82
334.964
327.077
312.492
310.097
287.61
265.214
261.197
241.067
230.89
228.565
228.736
230.607
241.034
258.349
260.07
270.826
266.646
265.216
247.191
227.357
223.616
208.908
201.024
199.702
193.677
187.256
186.065
178.984
171.043
165.482
164.501
161.824
164.18
164.893
170.387
176.503
177.833
177.92
173.171
164.194
162.491
152.656
146.237
145.615
142.812
140.962
137.711
137.129
132.402
127.261
126.677
123.996
709.606
710.001
705.455
696.016
683.732
681.587
657.412
624.83
589.745
554.234
545.921
501.702
459.167
430.819
412.334
405.734
388.095
384.559
391.272
394.137
393.489
390.9
390.473
385.08
382.166
364.216
344.653
328.779
326.817
307.467
289.541
281.429
281.857
282.968
284.923
293.038
311.498
329.788
332.747
344.116
354.046
364.408
372.246
374.122
376.418
376.869
377.452
377.842
378.328
374.805
369.572
364.366
358.552
356.992
347.725
337.709
328.435
326.5
314.498
303.147
295.984
294.706
292.029
302.811
325.295
331.443
372.849
411.506
418.089
456.409
469.539
468.322
467.366
446.553
419.218
414.285
383.629
359.86
355.923
342.029
335.734
334.697
326.079
312.377
309.682
287.076
265.246
261.078
241.061
230.944
228.692
229.01
230.64
242.109
258.75
260.291
273.145
266.932
265.661
248.657
227.5
224.031
209.191
201.048
199.712
193.38
187.173
186.026
178.599
170.848
165.475
164.414
161.793
164.219
164.915
170.938
176.815
177.905
178.314
174.079
164.333
162.652
153.122
146.277
145.636
142.708
140.686
137.661
137.036
131.945
127.191
126.652
123.861
669.846
672.063
673.22
666.552
652.137
648.827
626.357
596.304
557.152
517.173
508.237
464.767
422.538
388.875
366.74
361.762
347.184
342.895
346.242
348.609
351.916
354.991
352.791
347.47
346.004
333.294
316.848
300.062
297.289
281.074
266.581
257.292
254.78
255.42
257.719
266.263
280.292
296.393
300.551
315.685
328.357
338.691
347.714
350.269
355.93
360.362
362.381
363.181
363.672
362.181
359.48
354.334
348.61
347.299
339.339
329.683
319.79
317.882
306.873
296.131
289.937
289.195
289.981
306.035
334.678
341.779
387.677
432.062
438.913
474.846
488.214
487.047
481.456
458.144
429.563
423.547
390.826
365.367
360.752
343.545
334.62
333.176
323.185
308.956
306.425
284.881
263.848
259.96
240.794
231.616
229.502
231.412
233.483
246.447
265.278
267.056
279.565
274.412
272.982
254.107
231.721
227.789
211.046
201.582
199.993
192.724
185.727
184.491
177.06
169.44
164.472
163.55
161.742
165.214
166.101
173.02
179.975
181.564
181.906
177.237
167.132
165.288
154.488
146.719
145.899
142.166
139.69
136.271
135.629
130.82
126.189
125.688
123.31
627.696
631.594
636.924
632.185
618.193
613.888
593.075
561.957
522.432
479.597
470.545
427.873
384.494
350.931
327.017
323.48
309.324
305.06
306.453
307.988
313.282
315.693
316.199
311.059
310.838
301.94
288.094
273.273
270.099
257.331
244.6
236.461
232.486
232.698
234.734
240.389
252.439
265.592
270.227
286.326
299.396
311.48
321.524
324.541
333.419
340.244
344.875
346.982
347.464
348.227
346.834
342.937
337.36
336.334
329.568
320.353
310.225
308.39
298.491
288.804
284.42
284.358
289.332
311.514
346.921
354.667
405.526
453.959
460.872
494.897
505.829
504.634
494.597
468.875
439.032
432.135
397.758
371.065
365.914
345.93
334.747
332.856
321.166
306.256
303.758
282.856
262.456
258.817
240.549
232.455
230.507
234.229
236.785
251.292
272.238
274.26
287.06
282.024
280.425
259.728
236.181
231.807
213.286
202.627
200.783
192.432
184.738
183.412
175.847
168.34
163.772
162.972
161.952
166.536
167.619
175.409
183.405
185.478
185.725
180.592
170.046
168.04
156.065
147.39
146.423
141.918
138.981
135.228
134.557
129.837
125.508
125.051
123.026
583.582
588.916
600.192
597.537
581.8
576.401
557.798
529.284
487.19
441.719
433.09
393.557
353.309
317.881
293.706
291.566
280.999
274.972
273.31
273.918
280.261
285.537
283.316
277.927
278.574
274.371
263.572
249.477
246.217
236.904
228.311
219.851
214.929
214.84
216.782
222.318
229.318
239.128
243.533
260.618
273.81
284.707
294.857
297.96
309.85
320.525
326.505
329.346
329.761
333.104
334.533
330.743
325.136
324.378
319.293
310.562
299.983
298.251
290.003
281.751
279.884
280.626
290.624
319.52
362.079
370.112
424.188
476.666
483.443
512.274
522.11
520.805
506.652
479.026
447.946
440.332
404.429
376.817
371.258
348.937
335.906
333.572
320.079
304.395
301.811
281.193
261.274
257.818
240.457
233.606
231.831
237.548
240.618
256.585
279.597
281.851
293.618
289.663
287.893
265.359
240.787
236.017
215.864
204.127
202.039
192.583
184.211
182.795
174.987
167.578
163.42
162.717
162.45
168.203
169.487
178.038
187.097
189.604
189.749
183.998
172.996
170.828
157.612
148.23
147.142
141.931
138.543
134.525
133.819
129.264
125.158
124.757
123.034
577.486
581.234
588.111
585.855
574.571
572.101
549.491
517.875
477.318
436.842
427.718
383.733
342.758
311.657
291.064
286.085
271.889
266.839
268.831
270.397
272.667
275.23
276.116
274.642
273.944
266.063
255.891
245.791
244.247
233.172
222.829
215.906
213.093
213.087
212.693
216.311
225.077
236.849
239.831
252.576
265.329
278.378
291.161
294.761
304.52
313.445
320.619
326.405
328.074
329.98
330.04
327.472
323.862
322.898
316.032
307.458
298.867
297.229
287.397
279.765
279.573
280.188
291.118
321.273
362.662
373.059
430.891
478.438
485.448
518.906
524.072
521.668
509.729
480.907
448.418
441.771
406.037
377.153
372
349.854
336.007
333.736
319.909
304.388
301.673
280.849
261.316
257.723
240.465
233.667
232.05
237.959
240.665
258.039
280.081
282.097
296.397
289.958
288.344
266.871
240.956
236.47
216.315
204.204
202.148
192.675
184.206
182.806
174.845
167.507
163.433
162.703
162.652
168.277
169.529
178.843
187.498
189.683
190.202
185.006
173.144
170.996
158.171
148.318
147.181
141.953
138.476
134.519
133.799
129.062
125.153
124.757
123.07
531.456
536.522
546.968
546.477
534.881
531.359
510.888
479.952
440.074
399.234
390.647
350.6
312.21
283.966
264.361
260.795
248.257
243.385
243.302
244.07
246.498
247.41
249.069
247.075
247.1
242.182
234.545
226.491
224.822
217.165
209.034
203.851
200.69
200.496
199.988
201.4
207.776
215.947
218.704
230.074
241.219
253.61
265.591
269.172
280.785
291.404
300.67
307.473
309.137
313.577
315.609
314.27
310.893
310.225
304.796
296.874
288.263
286.768
278.649
273.236
276.653
278.252
294.817
332.478
380.558
391.308
452.229
501.415
507.996
536.85
538.752
536.297
521.01
490.79
457.277
449.872
412.58
383.025
377.472
353.501
338.114
335.465
319.875
303.465
300.65
279.786
260.564
257.105
240.722
235.3
233.864
241.91
245.116
263.975
287.86
290.05
304.241
297.583
295.785
272.518
245.653
240.783
219.183
206.112
203.831
193.236
184.158
182.67
174.436
167.154
163.472
162.833
163.509
170.324
171.767
181.864
191.483
194.003
194.405
188.514
176.063
173.747
159.785
149.262
148.029
142.21
138.331
134.153
133.41
128.743
125.17
124.83
123.441
484.104
490.074
504.075
504.539
492.085
487.433
469.617
440.714
402.037
361.987
354.441
319.903
286.498
260.429
242.605
240.269
230.411
225.263
223.556
223.743
226.066
227.626
227.476
225.154
225.556
223.309
217.992
211.673
210.155
205.435
200.287
195.94
192.804
192.456
191.605
192.118
195.115
200.083
202.345
212.217
221.594
231.89
242.406
245.602
258.207
270.491
280.658
287.989
289.488
296.331
300.722
300.339
297.217
296.869
293.167
285.981
277.478
276.184
270.27
267.739
275.798
278.489
301.422
346.562
401.13
411.832
474.296
524.046
529.968
552.192
551.876
549.427
531.622
500.68
466.212
458.118
419.193
389.048
383.153
357.703
341.046
338.027
320.65
303.429
300.457
279.35
260.397
257.002
241.479
237.573
236.285
246.522
250.239
270.399
295.949
298.284
311.373
305.076
303.093
278.106
250.37
245.158
222.268
208.338
205.848
194.188
184.545
182.977
174.416
167.203
163.928
163.361
164.734
172.758
174.389
185.15
195.704
198.469
198.739
192.012
178.88
176.395
161.31
150.257
148.953
142.644
138.395
134.082
133.323
128.792
125.541
125.267
124.126
477.844
481.857
490.305
490.412
483.624
482.574
459.952
427.476
391.507
357.291
349.426
311.493
278.642
256.185
240.947
236.877
225.362
220.722
221.093
221.78
221.753
221.851
223.164
223.208
222.751
218.352
213.567
209.694
209.116
203.626
198.163
194.536
192.184
191.851
190.097
189.772
193.055
198.889
200.288
207.329
215.894
227.178
239.495
242.974
253.466
263.697
274.532
284.919
287.695
292.865
295.544
296.63
295.843
295.256
289.566
282.584
276.36
275.155
267.843
266.397
275.848
278.534
304.18
349.421
401.972
415.662
481.899
525.647
531.838
557.29
553.355
550.097
534.3
502.553
466.641
459.595
420.829
389.371
383.932
358.992
341.216
338.385
321.003
303.485
300.507
279.352
260.462
257.036
241.684
237.648
236.714
247.07
250.307
272.139
296.428
298.539
314.046
305.339
303.504
279.571
250.537
245.61
222.787
208.434
205.998
194.596
184.591
183.016
174.463
167.244
163.955
163.41
165.229
172.854
174.455
186.132
196.125
198.546
199.204
193.014
179.016
176.549
161.818
150.357
149.001
142.719
138.436
134.098
133.336
128.862
125.59
125.288
124.295
429.427
434.209
445.341
446.787
437.677
435.515
415.987
388.287
353.705
321.803
315.106
284.002
256.748
237.218
224.164
221.345
212.364
208.254
207.321
207.517
207.518
207.382
207.987
207.593
207.576
205.519
202.99
200.826
200.305
197.592
194.115
191.728
189.217
188.724
186.548
184.698
185.463
188.059
189.041
194.167
200.919
209.738
219.878
222.918
233.441
244.539
255.626
265.616
268.199
275.231
280.441
282.012
281.489
281.24
277.381
271.405
265.553
264.659
260.205
262.726
277.785
281.739
313.68
366.953
424.871
438.522
504.674
547.439
552.725
570.976
564.879
561.747
544.429
512.764
476.136
468.408
427.842
395.873
390.103
363.987
345.097
341.92
322.791
304.401
301.273
279.769
261.056
257.679
243.189
240.712
239.95
252.465
256.157
279.165
304.828
307.013
321.361
312.648
310.625
285.035
255.249
249.997
226.054
210.956
208.332
195.79
185.407
183.763
174.92
167.76
164.858
164.383
166.832
175.682
177.453
189.776
200.616
203.139
203.653
196.455
181.683
179.039
163.206
151.354
149.951
143.305
138.725
134.31
133.542
129.167
126.334
126.09
125.336
381.389
386.434
398.147
399.291
390.234
387.059
371.154
345.699
317.026
289.11
283.862
259.495
237.251
222.176
211.852
210.116
203.428
200.142
198.719
198.583
198.365
197.427
198.276
198.112
198.348
198.11
197.673
197.7
197.483
196.851
194.96
193.293
190.68
189.97
186.798
183.323
181.797
181.586
181.947
184.574
188.836
195.666
203.648
206.139
216.058
226.552
237.64
247.232
249.465
257.827
264.058
266.976
266.745
266.814
264.683
259.864
255.065
254.607
253.64
261.131
282.925
288.193
327.14
387.385
449.96
463.135
528.39
567.834
572.004
583.072
574.887
571.99
554.155
523.321
486.372
478.016
435.625
403.088
396.963
369.8
349.929
346.383
325.492
306.264
302.926
280.955
262.495
259.112
245.484
244.656
244.004
258.59
262.738
286.669
313.412
315.634
328.966
319.662
317.455
290.387
259.928
254.389
229.488
213.753
210.96
197.435
186.607
184.907
175.765
168.704
166.207
165.784
168.858
178.871
180.811
193.708
205.312
207.82
208.164
199.836
184.164
181.342
164.504
152.337
150.909
144.003
139.189
134.773
134.008
129.811
127.403
127.227
126.667
335.554
340.408
353.234
354.275
343.742
339.758
328.097
309.171
284.112
260.502
256.686
239.237
223.141
211.49
204.267
203.318
199.113
196.531
195.103
194.844
194.312
193.917
194.268
195.011
195.335
196.657
198.395
200.736
201.094
201.865
200.902
199.618
196.862
195.854
190.875
185.65
181.799
179.136
178.78
178.881
180.984
185.082
190.785
192.67
201.452
211.874
221.804
230.296
232.088
241.195
249.137
252.051
251.954
252.298
252.116
248.617
245.428
245.561
248.901
262.261
291.785
298.367
343.375
410.607
476.863
489.205
551.19
586.139
589.059
592.236
583.375
580.803
563.392
534.218
497.57
488.699
444.479
411.283
404.725
376.413
355.741
351.817
329.153
309.154
305.548
282.957
264.848
261.419
248.629
249.49
248.894
265.433
270.007
294.557
322.077
324.287
335.519
326.269
323.889
295.564
264.583
258.813
233.133
216.834
213.885
199.302
188.176
186.429
176.985
170.072
167.99
167.607
171.194
182.396
184.499
197.88
210.203
212.553
212.71
203.081
186.431
183.429
165.632
153.303
151.867
144.809
139.829
135.486
134.728
130.655
128.768
128.666
128.278
330.004
333.001
338.975
339.226
335.364
335.055
318.776
296.69
275.712
257.352
253.29
233.961
218.953
209.973
203.919
202.542
198.399
196.246
194.991
194.749
194.031
193.512
194.125
195.047
195.378
197.276
199.882
201.869
201.669
203.539
204.162
202.264
197.894
196.831
192.601
187.188
182.21
179.087
178.665
177.69
178.932
183.037
189.328
191.368
198.643
207.003
217.1
227.851
230.698
238.126
243.745
248.224
250.581
250.682
248.232
245.136
244.549
244.745
247.775
263.123
292.593
299.483
349.959
414.921
477.795
493.802
559.146
587.237
590.365
595.205
584.266
581.206
565.703
536.24
498.087
490.625
446.779
411.682
405.75
378.399
356.017
352.463
330.344
309.314
305.891
283.557
264.978
261.739
249.253
249.595
249.687
266.173
270.106
296.633
322.545
324.538
338.167
326.485
324.226
296.89
264.75
259.242
233.72
216.95
214.079
200.1
188.274
186.498
177.285
170.266
168.038
167.741
172.086
182.518
184.584
199.112
210.658
212.629
213.17
203.989
186.546
183.553
166.004
153.395
151.912
144.923
139.998
135.526
134.779
131.03
128.871
128.707
128.604
289.335
292.166
298.256
298.701
293.828
292.772
281.212
265.18
248.758
234.739
231.96
219.385
209.878
204.977
201.7
201.131
198.886
197.829
196.801
196.463
195.859
194.976
196.805
198.846
199.444
203.143
207.901
212.626
212.802
216.182
216.652
215.356
210.047
208.49
201.932
193.37
186.49
180.757
179.711
176.22
175.202
176.885
180.521
181.863
187.562
194.804
203.722
212.903
215.286
222.962
229.602
233.923
236.226
236.593
235.934
234.693
236.701
237.701
246.103
268.455
305.926
314.189
370.206
441.256
506.023
521.1
581.351
602.681
604.352
601.984
591.122
588.547
574.244
547.14
510.175
502.369
456.967
421.06
414.639
386.053
362.893
358.991
335.262
313.364
309.687
286.621
268.338
265.075
253.432
255.3
255.468
273.763
278.037
304.955
331.231
333.14
344.814
332.61
330.183
301.834
269.461
263.762
237.67
220.357
217.333
202.283
190.231
188.407
178.932
172.084
170.248
169.991
174.776
186.382
188.599
203.637
215.784
217.406
217.734
207.066
188.557
185.387
166.954
154.341
152.873
145.856
140.866
136.507
135.775
132.115
130.529
130.433
130.517
255.17
257.609
262.921
262.938
258.776
257.383
249.81
237.818
227.353
218.25
216.786
210.4
205.998
205.276
204.816
204.729
204.121
203.977
203.51
203.183
202.538
201.984
205.037
209.024
209.846
215.475
222.958
230.767
231.661
236.173
237.097
235.021
228.485
226.284
216.313
204.466
194.689
186.296
184.467
178.186
174.955
174.468
175.703
176.328
179.959
185.084
192.443
200.006
201.885
209.273
215.755
220.341
222.632
223.196
224.35
225.652
231.515
233.505
247.884
277.969
323.89
333.396
394.857
469.955
535.207
548.95
602.472
614.85
615.023
606.7
596.438
594.368
581.671
556.989
521.835
513.885
467.704
431.304
424.413
394.547
370.735
366.479
341.214
318.564
314.599
290.658
272.762
269.432
258.635
261.958
262.119
282.007
286.584
313.57
339.801
341.585
351.432
338.149
335.564
306.552
274.274
268.458
241.935
224.086
220.904
205.006
192.578
190.71
180.934
174.297
172.879
172.654
177.871
190.586
192.951
208.453
221.106
222.203
222.285
209.976
190.28
186.935
167.797
155.291
153.861
146.925
141.938
137.76
137.047
133.565
132.46
132.436
132.685
227.562
229.622
234.641
234.697
230.679
229.115
225.09
218.415
212.657
208.937
208.699
207.854
208.578
211.575
214.099
214.14
214.682
215.383
215.83
215.605
214.591
214.834
219.313
226.146
227.167
234.633
245.319
257.068
259.072
264.298
264.787
262
254.211
251.233
236.55
220.566
207.409
196.117
193.306
183.706
178.394
175.811
174.979
174.985
176.338
179.483
184.495
190.021
191.272
197.696
203.865
208.094
210.547
211.366
214.679
219.32
230.1
233.238
253.942
292.192
346.743
357.311
422.41
500.695
564.699
576.778
620.672
623.454
622.229
609.417
600.206
598.538
587.443
564.81
531.684
523.947
478.221
441.979
434.783
403.719
379.457
374.866
348.14
324.89
320.621
295.736
278.312
274.878
264.936
269.653
269.731
290.863
295.686
322.376
348.164
349.775
357.065
342.981
340.249
310.914
279.16
273.319
246.49
228.118
224.779
208.018
195.324
193.413
183.298
176.898
175.934
175.743
181.338
195.156
197.662
213.543
226.633
226.995
226.8
212.658
191.703
188.195
168.537
156.265
154.896
148.148
143.227
139.29
138.6
135.248
134.667
134.717
135.115
224.714
225.677
226.4
225.87
226.341
226.732
220.472
212.873
209.961
208.438
208.148
208.409
211.46
213.685
215.215
216.539
220.309
220.416
217.986
217.264
218.504
221.731
223.549
228.109
230.101
242.599
255.63
262.018
261.526
270.637
277.916
270.96
257.438
254.354
242.969
228.665
210.427
197.018
194.922
186.478
180.735
176.682
175.143
175.118
176.128
178.43
182.746
188.851
190.591
195.859
199.872
205.254
209.589
210.215
212.167
218.036
230.21
233.297
256.645
297.258
348.473
359.759
433.909
505.912
565.672
581.409
626.385
623.776
622.618
610.011
600.546
598.7
588.602
565.899
532.038
525.362
480.626
442.426
436.028
406.346
379.809
375.75
350.217
325.145
321.267
297.068
278.505
275.526
266.068
269.791
270.913
291.728
295.811
324.608
348.548
349.995
359.338
343.123
340.462
311.953
279.322
273.769
247.184
228.249
225.008
209.405
195.471
193.509
183.82
177.214
175.999
175.955
182.716
195.297
197.768
215.027
227.096
227.066
227.224
213.365
191.796
188.277
168.792
156.362
154.942
148.312
143.535
139.348
138.687
136.035
134.809
134.773
135.568
204.444
205.223
206.384
206.627
206.852
207.015
204.973
203.211
204.944
208.092
208.917
214.684
221.926
228.642
232.738
234.542
238.868
240.235
238.39
237.566
238.798
241.039
246.623
254.011
256.499
271.308
287.135
298.189
298.429
308.551
313.24
307.265
291.841
287.774
271.529
250.524
229.575
212.272
209.166
196.992
188.674
182.878
179.151
178.514
177.541
177.848
180.003
183.472
184.436
188.402
192.147
196.59
200.939
201.899
206.746
216.677
234.142
238.478
269.113
318.019
376.674
388.904
464.393
538.669
594.629
608.39
639.928
628.756
626.368
610.833
602.701
601.195
592.044
570.939
539.571
533.06
490.205
453.237
446.738
416.188
389.387
385.062
358.277
332.591
328.459
303.471
285.223
282.167
273.609
278.476
279.569
301.183
305.404
333.574
356.681
357.896
364.325
347.109
344.281
315.528
284.086
278.615
251.955
232.569
229.189
212.588
198.638
196.628
186.631
180.239
179.473
179.475
186.594
200.267
202.859
220.513
232.891
231.87
231.707
215.744
192.961
189.297
169.437
157.37
156.033
149.711
145.099
141.163
140.533
137.913
137.317
137.343
138.304
191.781
192.277
193.329
194.23
195.928
196.3
198.068
200.583
207.917
216.241
218.127
229.065
240.613
252.692
259.902
261.903
266.643
269.007
267.895
267.005
267.696
268.551
278.221
288.816
291.618
308.324
326.879
342.031
343.233
353.716
356.682
350.278
333.166
328.219
306.699
279.346
254.805
233.326
228.932
212.378
201.162
193.585
187.794
186.553
183.41
181.315
181.464
182.729
183.067
185.433
187.947
192.113
196.897
198.133
205.683
220.136
243.99
249.67
287.518
344.449
409.823
422.68
498.652
572.39
622.152
633.441
649.658
630.469
627.182
610.446
603.389
602.072
593.474
573.687
544.836
538.674
498.741
463.787
457.386
426.406
399.608
395.052
367.145
341.018
336.627
310.94
293.077
289.905
282.129
288.023
289.027
311.032
315.344
342.575
364.506
365.449
369.178
350.113
347.088
318.095
288.371
283.12
256.755
237.107
233.617
216.247
202.21
200.16
189.835
183.649
183.35
183.394
190.909
205.637
208.348
226.356
238.911
236.674
236.147
217.904
193.953
190.164
170.086
158.432
157.194
151.262
146.888
143.252
142.655
140.143
140.109
140.201
141.313
186.594
186.871
187.975
189.833
193.535
194.407
199.549
206.37
219.292
233.755
236.801
253.173
270.454
287.738
298.584
300.403
305.865
308.329
307.897
307.029
306.354
307.901
318.669
332.329
335.112
353.012
374.116
392.581
394.855
405.126
407.486
398.97
380.255
374.508
347.542
315.636
286.065
260.652
254.78
233.465
219.354
209.565
201.701
199.855
194.209
189.649
187.523
186.792
186.633
187.178
188.319
192.262
197.977
199.494
209.731
229.311
260.532
267.638
312.396
376.67
447.643
460.778
535.945
606.398
647.029
655.365
654.82
629.333
625.508
609.011
602.64
601.361
592.905
574.418
548.203
542.537
506.212
473.846
467.708
436.849
410.301
405.567
376.701
350.306
345.673
319.427
302.037
298.734
291.568
298.267
299.121
321.143
325.494
351.538
371.978
372.603
373.516
352.132
348.869
319.458
291.863
286.979
261.44
241.802
238.252
220.416
206.178
204.094
193.438
187.443
187.611
187.694
195.651
211.431
214.262
232.592
245.163
241.491
240.561
219.898
194.864
190.968
170.786
159.566
158.438
152.954
148.899
145.606
145.047
142.766
143.181
143.342
144.608
187.864
187.982
189.331
192.596
198.89
200.584
209.13
221.135
240.13
262.297
266.708
288.648
312.48
334.666
349.255
350.35
355.558
357.737
358.021
357.216
354.221
356.315
367.184
383.64
386.222
404.284
427.474
449.084
452.455
461.94
462.592
452.423
432.272
425.744
393.215
356.54
323.059
294.353
287.099
260.86
243.982
231.85
221.889
219.387
210.717
203.222
198.551
195.898
195.334
193.766
193.517
197.276
204.595
206.464
219.587
245.011
284.477
293.046
343.935
414.465
489.637
502.692
574.721
639.844
667.902
672.781
655.352
625.853
621.87
606.805
600.49
599.102
590.385
573.276
549.956
544.93
512.631
483.216
477.47
447.36
421.308
416.454
386.812
360.334
355.496
328.85
312.03
308.603
301.829
309.041
309.698
331.401
335.735
360.408
379.08
379.346
377.029
353.344
349.81
319.74
294.394
289.977
265.892
246.601
243.054
224.88
210.527
208.415
197.438
191.617
192.249
192.372
200.784
217.695
220.652
239.274
251.69
246.341
244.97
221.802
195.787
191.801
171.575
160.802
159.787
154.79
151.133
148.222
147.706
145.636
146.532
146.769
148.214
195.256
195.246
196.857
201.994
212.203
215.137
227.689
244.831
272.18
303.506
309.394
336.023
364.358
392.565
410.48
410.494
413.085
415.606
416.965
416.187
410.15
409.2
422.975
442.008
444.309
461.316
485.502
510.646
514.978
523.211
519.803
509.869
488.781
481.618
443.837
401.274
366.247
334.789
326.266
294.731
274.965
261.325
249.479
246.294
234.063
222.452
215.201
210.725
209.806
205.765
203.474
207.859
217.713
220.054
236.235
268.126
316.465
326.424
382.07
457.376
535.111
547.734
613.874
671.5
683.457
684.418
651.814
620.674
616.864
604.075
597.103
595.465
586.081
570.369
550.311
546.08
518.03
491.767
486.515
457.785
432.483
427.574
397.358
370.985
365.984
339.098
322.907
319.374
312.749
320.159
320.591
341.705
345.973
369.171
385.845
385.731
380.089
354.076
350.255
319.289
296.012
292.029
270.019
251.456
247.983
229.464
215.238
213.105
201.828
196.167
197.268
197.434
206.299
224.497
227.589
246.493
258.564
251.286
249.425
223.705
196.821
192.757
172.497
162.183
161.284
156.782
153.591
151.1
150.63
148.654
150.176
150.496
152.168
209.78
209.641
211.32
218.845
235.245
239.985
257.46
278.699
316.859
357.697
364.774
394.411
424.129
459.917
480.681
479.591
477.478
481.229
484.163
483.436
473.909
467.087
485.895
507.011
508.892
523.505
547.401
576.435
581.567
588.243
579.004
571.127
550.08
542.537
500.342
450.836
416.409
382.462
372.553
335.078
311.979
298.253
284.907
281.184
265.212
248.193
238.747
232.834
231.602
224.672
219.093
225.511
238.935
241.851
260.933
299.521
356.793
367.926
426.492
504.772
583.214
595.073
652.839
699.66
692.495
689.262
644.925
614.486
611.122
601.086
592.792
590.803
580.337
565.865
549.409
546.118
522.457
499.436
494.746
467.968
443.653
438.771
408.225
382.105
376.997
350.014
334.42
330.81
324.09
331.41
331.614
351.984
356.146
377.851
392.36
391.864
382.956
354.656
350.543
318.515
296.857
293.21
273.768
256.308
252.979
234.154
220.275
218.129
206.596
201.091
202.686
202.905
212.253
231.938
235.175
254.372
265.88
256.396
253.988
225.713
198.073
193.939
173.612
163.764
162.974
158.957
156.28
154.238
153.821
151.841
154.135
154.549
156.523
211.777
212.435
218.307
227.904
240.29
242.554
265.254
297.494
332.088
364.484
372.101
414.222
452.843
473.682
486.195
492.099
506.47
504.626
493.12
490.094
490.493
496.14
500.801
512.616
517.451
546.012
572.877
586.361
586.226
600.218
606.597
588.737
556.407
548.472
515.864
475.513
426.38
385.981
378.905
351.129
329.328
307.711
289.258
284.921
272.433
261.31
248.562
236.336
233.415
228.698
228.093
231.18
240.939
244.242
270.505
311.633
360.45
371.178
441.014
518.91
586.066
599.167
669.447
703.57
692.563
689.35
641.363
614.188
610.733
599.797
592.334
590.654
578.768
565.023
549.457
546.064
523.346
499.714
495.552
470.635
444.028
439.751
411.155
382.456
377.942
352.471
334.705
331.907
325.774
331.556
333.025
352.836
356.271
379.907
392.631
392.037
384.377
354.71
350.592
318.296
296.915
293.269
274.246
256.441
253.226
236.471
220.487
218.261
207.515
201.594
202.77
203.207
214.619
232.143
235.328
256.652
266.45
256.501
254.398
226.286
198.176
194.017
174.1
163.884
163.013
159.198
156.849
154.323
153.958
153.465
154.345
154.624
157.247
237.251
238.174
246.253
259.773
278.545
282.175
311.787
349.757
392.847
431.531
440.049
485.492
525.661
551.237
565.436
570.748
582.718
580.966
569.726
566.466
564.668
565.882
572.936
584.873
589.262
615.807
641.568
656.412
656.692
668.829
671.643
655.089
623.539
615.408
580.549
535.213
484.703
441.173
432.929
400.914
376.214
353.572
333.138
328.182
312.978
298.294
283.312
268.714
265.063
258.218
255.635
260.384
272.784
276.772
307.538
354.747
409.288
420.776
492.652
570.965
636.051
648.046
708.407
725.189
694.369
685.994
631.194
607.817
605.04
596.945
587.616
585.542
572.058
559.138
547.419
544.934
526.813
506.604
502.972
480.385
455.107
450.906
422.295
393.943
389.357
363.921
346.58
343.7
337.23
342.761
343.946
363.085
366.408
388.634
399.094
398.123
387.481
355.487
351.086
317.57
297.302
293.849
277.584
261.252
258.247
241.55
225.835
223.604
212.691
206.936
208.643
209.151
221.396
240.4
243.737
265.581
274.39
261.91
259.201
228.61
199.785
195.565
175.632
165.747
164.968
161.61
159.836
157.75
157.443
157.152
158.687
159.065
162.142
277.354
278.583
289.2
307.224
332.465
337.627
372.781
415.247
464.94
508.887
518.163
566.105
608.014
637.246
652.923
657.597
667.673
666.016
655.517
652.205
648.479
645.846
654.05
665.101
668.79
691.974
715.063
729.265
729.73
739.302
739.551
724.093
694.184
686.203
649.41
600.7
548.344
502.576
493.223
457.513
430.316
406.397
384.245
378.729
361.012
343.353
326.575
310.45
306.471
297.747
293.638
299.998
315.311
319.854
354.261
406.116
464.731
476.615
548.661
625.775
687.01
697.55
745.442
738.555
688.987
676.06
619.925
602.102
600.139
594.728
583.081
580.551
565.201
552.542
544.213
542.556
529.571
512.807
509.719
489.69
465.937
461.874
433.521
405.622
400.993
375.58
358.489
355.507
348.503
353.79
354.725
373.414
376.638
397.592
405.726
404.387
390.975
356.784
352.107
317.22
297.65
294.316
280.641
266
263.254
246.9
231.474
229.25
218.24
212.711
215.061
215.666
228.989
249.667
253.174
275.582
283.051
267.731
264.35
231.363
201.894
197.614
177.608
167.975
167.271
164.313
163.12
161.506
161.264
161.267
163.487
163.985
167.653
335.573
336.879
349.49
371.398
401.626
407.982
446.978
492.964
547.695
596.461
606.322
656.365
700.172
732.124
749.117
753.164
762.072
760.728
751.184
747.961
742.143
737.008
743.875
752.86
755.381
773.405
791.83
803.458
803.815
810.183
808.362
792.828
763.714
755.82
716.691
666.893
613.602
567.8
557.711
519.693
490.739
465.568
442.187
436.243
416.421
396.414
378.065
361.045
356.907
346.778
341.689
349.641
367.738
372.742
409.395
463.921
524.959
536.931
608.022
682.812
738.116
746.735
777.896
741.621
677.091
660.979
608.939
597.847
596.749
593.636
579.329
576.305
558.847
545.9
540.14
539.112
531.508
518.439
515.919
498.492
476.382
472.504
444.685
417.298
412.653
387.194
370.084
366.978
359.364
364.619
365.394
384.03
387.143
407.029
412.781
411.093
395.126
358.951
354.006
317.584
298.368
295.099
283.562
270.695
268.242
252.495
237.412
235.21
224.2
219.002
222.164
222.904
237.628
260.236
263.933
286.956
292.623
274.14
270.021
234.744
204.692
200.348
180.18
170.698
170.05
167.409
166.783
165.667
165.499
165.905
168.874
169.52
173.953
411.056
412.1
425.57
450.073
484.229
491.645
533.39
582.852
641.866
695.153
705.614
757.296
802.829
835.794
853.588
856.86
865.01
863.386
853.919
850.74
841.839
836.261
837.681
843.571
844.576
856.335
869.194
877.151
877.233
879.753
875.403
856.981
826.006
817.736
775.816
726.608
675.057
631.749
621.708
583.576
554.649
528.862
505.467
499.382
478.36
457.224
437.551
420.066
415.917
404.68
399.206
408.024
427.955
433.128
470.22
525.641
588.341
600.307
670.312
741.918
788.241
794.211
802.003
733.43
660.193
642.824
599.437
595.691
595.426
594.141
576.959
573.413
553.619
539.975
535.824
535.193
532.354
523.409
521.58
506.733
486.3
482.641
455.616
428.758
424.122
398.507
381.095
377.842
369.744
375.406
376.168
395.321
398.317
417.285
420.607
418.586
400.262
362.373
357.175
319.034
299.845
296.576
286.609
275.441
273.29
258.347
243.714
241.551
230.673
225.965
230.179
231.106
247.651
272.517
276.431
300.111
303.365
281.376
276.446
239.011
208.411
203.994
183.539
174.09
173.472
171.056
170.959
170.37
170.284
171.207
175.044
175.871
181.294
501.923
502.762
516.117
542.578
580.411
588.756
633.327
686.22
749.432
806.241
817.137
868.964
914.602
946.403
963.615
965.963
972.218
968.221
956.459
952.933
939.708
932.799
928.002
930.337
930.121
936.086
943.764
947.676
947.295
945.005
936.06
910.851
875.272
866.32
821.975
775.006
727.389
688.312
678.936
642.835
615.77
590.977
569.044
563.386
542.456
522.079
501.734
484.395
480.599
468.419
463.44
471.205
491.686
496.601
532.956
589.148
654.318
666.461
735.993
803.168
835.126
837.27
813.001
714.824
640.423
623.854
592.325
596.137
596.67
596.773
576.62
572.538
550.172
535.535
532.065
531.616
532.149
527.49
526.512
514.361
495.566
492.15
466.134
439.788
435.184
409.294
391.411
388.007
379.832
386.585
387.523
407.881
410.743
428.894
429.646
427.304
406.793
367.476
362.039
322.009
302.491
299.158
290.197
280.497
278.622
264.58
250.549
248.444
237.855
233.857
239.454
240.638
259.543
287.079
291.233
315.533
315.613
289.749
283.941
244.488
213.345
208.842
187.951
178.391
177.774
175.469
175.855
175.824
175.828
177.382
182.289
183.334
190.028
611.085
611.509
624.017
651.908
693.725
702.98
750.343
806.437
871.625
929.518
940.121
989.669
1032.59
1061.44
1075.91
1077.17
1078.82
1068.48
1051.35
1046.92
1028.58
1018.15
1009.46
1008.82
1007.84
1009.38
1012.49
1011.59
1010.33
1001.34
984.222
948.743
907.412
897.882
852.758
809.284
767.048
732.926
724.641
692.249
668.085
645.672
625.97
620.968
601.323
582.49
562.861
546.385
543.109
530.612
525.972
532.391
553.044
557.828
594.715
654.328
724.068
736.688
806.315
866.129
874.609
871.224
806.635
688.528
620.376
606.216
588.398
599.744
601.022
602.198
579.125
574.469
549.274
533.257
529.633
529.167
531.484
530.678
530.513
521.333
504.113
500.946
476.091
450.232
445.684
419.446
401.186
397.675
390.175
398.921
400.266
422.586
425.262
442.56
440.483
437.82
415.244
374.775
369.113
327.055
306.845
303.383
294.915
286.318
284.662
271.512
258.249
256.22
246.089
243.096
250.51
252.049
274.018
304.714
309.113
333.884
329.832
299.705
292.948
251.607
219.894
215.286
193.788
183.949
183.294
180.966
181.771
182.336
182.442
184.752
191.038
192.354
200.667
745.201
745.099
756.26
784.862
828.96
838.905
886.817
943.972
1007.22
1062.92
1072.69
1117.65
1155.5
1179.06
1187.47
1187.04
1179.74
1158.72
1134.08
1128.47
1105.34
1091.17
1081.07
1078.33
1076.96
1075.12
1073.4
1065.53
1062.55
1043.81
1014.43
968.187
922.363
912.688
868.918
829.4
793.398
764.341
757.435
729.646
708.849
689.242
671.696
667.305
649.25
631.964
613.724
598.454
595.602
583.711
579.468
586.4
609.322
614.707
656.328
724.099
800.491
813.745
882.657
928.335
900.262
889.448
782.14
658.565
602.659
591.834
588.529
607.251
609.227
611.34
585.5
580.225
551.928
533.897
529.251
528.577
531.395
533.322
533.735
527.709
512.001
509.087
485.485
460.111
455.648
429.14
410.972
407.468
401.773
413.623
415.652
440.682
443.074
459.277
453.93
450.93
426.335
384.959
379.085
334.932
313.667
310.015
301.575
293.623
292.116
279.758
267.393
265.448
255.94
254.337
264.156
266.174
292.157
326.613
331.25
356.162
346.734
311.881
304.102
260.992
228.631
223.892
201.596
191.268
190.525
188.02
189.145
190.347
190.565
193.807
201.939
203.582
213.977
907.513
906.825
916.291
943.857
985.598
995.047
1040.5
1094.96
1154.02
1204.99
1213.54
1252.34
1282.69
1297.28
1294.61
1291.47
1270.16
1236.38
1204.55
1197.91
1171.9
1155.06
1145.79
1141.28
1139.69
1134.2
1125.64
1107.22
1101.42
1070.11
1026.48
973.041
925.695
916.35
875.527
839.68
809.815
785.205
779.649
756.277
738.577
721.624
705.699
701.739
685.087
668.755
652.078
638.267
635.697
625.682
622.879
634.446
664.067
671.231
723.369
803.93
887.359
900.95
965.302
983.25
905.525
886.059
744.101
629.421
589.506
582.427
593.721
619.669
622.324
625.535
597.126
591.183
559.55
538.646
532.026
530.979
533.189
536.416
537.144
533.969
519.652
517.013
494.695
469.852
465.519
439.091
421.898
418.596
416.271
432.539
435.601
464.035
465.958
480.496
471.154
467.776
441.128
399.045
392.97
346.733
324.071
320.189
311.351
303.492
302.058
290.322
278.911
277.045
268.295
268.635
281.653
284.334
315.652
354.575
359.423
383.92
367.407
327.257
318.38
273.603
240.423
235.517
212.213
201.125
200.222
197.359
198.677
200.537
200.893
205.335
215.994
218.036
231.156
1087.57
1085.97
1093.85
1118.58
1156.39
1164.69
1207.29
1257.61
1312.34
1356.67
1363.74
1394.8
1414.25
1414.18
1394.58
1387.62
1349.25
1304.89
1268.87
1261.76
1235.68
1217.37
1209.86
1202.51
1200.39
1189.19
1170.1
1137.68
1128.35
1084.03
1028.53
973.46
927.522
918.772
881.456
848.367
823.563
802.079
797.541
777.385
761.74
746.993
732.098
728.365
712.978
697.088
682.501
670.943
668.691
662.408
663.413
685.057
726.709
736.794
804.779
900.571
988.095
1001.01
1051.21
1019.79
887.724
860.145
700.847
605.336
582.947
579.732
605.281
638.503
641.876
646.825
616.059
609.358
574.256
549.604
539.957
538.395
538.862
541.998
542.826
541.564
528.396
526.051
504.938
480.708
476.575
450.944
435.97
433.148
436.366
458.569
463.131
495.456
496.583
508.444
493.901
490.06
461.185
418.606
412.341
364.137
339.79
335.686
326.071
317.658
316.215
304.734
294.235
292.413
284.659
287.744
305.084
308.698
347.29
391.467
396.447
419.555
393.586
347.385
337.337
290.911
256.617
251.494
226.979
214.772
213.602
210.175
211.574
214.127
214.654
220.763
234.872
237.397
254.206
1267.1
1265.98
1276.69
1301.9
1337.06
1344.12
1387.83
1436.76
1487.09
1521.45
1526.72
1549.19
1552.92
1529.8
1489.34
1478.52
1425.69
1376.08
1338.77
1331.77
1308.11
1288.58
1280.77
1267.41
1264.16
1244.47
1211.09
1163.39
1150.71
1096.64
1035.05
982.744
939.378
931.253
897.171
865.755
843.954
823.933
820.051
802.099
787.512
774.138
759.784
756.176
742.384
727.684
716.077
707.588
705.91
705.708
715.026
751.106
808.552
822.314
911.069
1021.49
1103.18
1113.04
1131.37
1027.46
851.737
819.112
661.668
590.366
585.031
585.59
625.171
665.665
669.896
678.686
645.179
637.576
599.252
569.937
555.997
553.831
551.602
553.182
553.958
553.3
540.811
538.775
518.778
495.002
491.16
467.373
456.032
454.042
465.643
495.5
502.236
538.641
538.462
546.333
524.376
519.958
489.153
445.563
439.143
389.397
362.963
358.68
348.055
338.36
336.793
325.425
315.096
313.347
307.14
313.887
337.113
342.012
391.536
441.014
446.015
466.681
427.488
374.255
362.932
314.97
278.845
273.465
248.018
233.737
232.217
227.986
229.46
232.695
233.45
242.532
260.624
263.84
285.742
1440.33
1441.76
1465.87
1499.42
1528.29
1533.5
1583.81
1642.07
1681.04
1699.31
1702.52
1716.73
1702.02
1645.53
1585.02
1572.19
1515.96
1464.34
1424.51
1417.55
1397.64
1380.69
1362.83
1339
1334.17
1305.27
1257.06
1195.02
1180.22
1121.94
1063.14
1012.32
969.821
962.072
931.067
902.886
878.863
858.651
855.35
840.861
827.931
813.114
798.595
795.124
783.935
774.39
765.477
758.972
758
766.354
792.633
841.621
914.914
932.764
1047.05
1167.07
1224.01
1226.81
1190.52
1006.95
810.945
777.841
636.335
587.775
597.13
600.988
654.915
701.61
707
725.034
686.198
677.648
637.049
602.032
582.9
580.178
574.723
573.077
573.694
572.563
559.86
558.197
539.694
515.506
512.052
491.21
484.625
483.928
506.962
545.833
555.698
595.627
593.627
596.273
563.642
558.571
528.636
480.68
474.136
423.709
394.685
390.325
378.838
367.212
365.446
356.147
342.909
341.284
337.523
348.669
379.439
386.119
452.649
505.005
509.996
527.518
470
408.856
396.104
347.001
307.837
302.186
277.282
258.856
256.934
251.798
253.526
257.27
258.368
273.735
294.599
298.779
327.642
1815.75
1818.75
1838.29
1880.12
1945.73
1956.81
2004.29
2032.21
2078.46
2083.83
2079.97
2041.33
1964.63
1891
1815.73
1798.48
1724.84
1683.72
1654.17
1647.61
1618.18
1579.46
1556.15
1514.55
1504.33
1445.34
1375.99
1312.37
1298.03
1238.37
1174.59
1133.25
1095.14
1087.45
1053.15
1017.06
1001.57
983.367
979.614
960.355
946.445
941.03
931.614
929.047
920.188
907.064
910.846
922.83
926.104
949.389
984.559
1078.79
1193.62
1217.26
1343.58
1450.91
1433.88
1413.29
1229.03
959.777
772.805
745.489
641.232
620.952
649.818
656.858
725.887
796.16
804.365
829.56
803.193
794.193
744.316
701.36
674.878
669.513
655.378
648.476
647.563
637.465
627.769
626.207
606.991
584.966
581.398
565.661
576.883
578.6
631.269
694.856
708.824
754.822
748.988
724.715
670.66
664.134
617.065
575.897
568.97
512.192
484.917
480.13
468.111
454.518
452.16
431.885
425.423
424.168
423.171
448.873
502.336
513.214
602.179
680.48
684.528
674.658
581.479
502.305
485.848
427.692
387.234
380.987
347.578
329.539
327.145
319.078
319.918
328.628
330.603
348.54
392.806
400.07
445.059
2371.34
2377.33
2404.78
2453.71
2536.29
2546.94
2593.82
2584.06
2627.59
2591.39
2577.98
2487.68
2353.4
2274.85
2193.06
2175.62
2090.48
2052.56
2016.98
2008.07
1966.53
1890.82
1865.79
1802.45
1788.22
1708.14
1625.27
1562.84
1547.99
1487.16
1410.56
1377.8
1337.79
1329.51
1292.41
1242.48
1239.44
1222.37
1219.23
1199.92
1185.13
1190.32
1185.53
1183.92
1180.55
1166.09
1187.09
1216.14
1222.86
1265.3
1311.8
1449.95
1588.44
1614.94
1738.39
1777.64
1613.72
1568.09
1271.79
996.012
835.648
812.7
723.243
716.1
750.692
759.172
839.312
930.837
942.99
992.459
988.653
978.944
925.266
870.68
837.657
831.395
811.443
796.821
794.833
767.522
758.545
757.509
742.068
718.164
714.702
709.867
746.984
753.526
853.676
945.509
967.149
1011.4
997.165
930.831
838.801
829.48
760.122
720.463
712.777
649.037
624.466
620.386
616.391
603.299
601.092
569.663
567.418
566.515
572.651
622.192
711.414
730.003
858.498
950.242
950.978
898.444
752.584
648.04
627.24
556.999
509.795
502.721
464.214
443.979
440.728
430.912
433.427
449.474
453.312
482.041
560.383
572.315
646.451
3260.16
3270.81
3336.68
3411.8
3441.46
3443.7
3489.58
3541.16
3459.43
3352.71
3329.18
3205.24
3084.99
2929.9
2827.02
2811.57
2749.35
2671.91
2603.76
2589.97
2539.81
2488.51
2395.47
2305.28
2289.02
2206.03
2119.46
2023.73
2003.85
1939.07
1893.89
1820.75
1768.12
1758.83
1725.51
1715.53
1670.17
1652.77
1652.73
1654.4
1662.16
1645.88
1642.02
1641.16
1649.08
1674.55
1689.32
1719.81
1727.41
1791.28
1906.19
2020.25
2150.71
2174.87
2269.07
2179.82
1863.86
1801.62
1464.27
1201.69
1045.49
1023.78
945.427
918.698
941.793
950.673
1035.16
1132.3
1148.62
1252.49
1282.8
1273.41
1232.46
1152.07
1109.27
1104.21
1088.17
1069.93
1069.71
1013.72
994.213
993.943
1007.93
974.383
971.62
985.874
1061.85
1078.03
1253.41
1375.95
1411.09
1435.46
1406.14
1275.26
1118.93
1104.37
1036.65
952.481
942.937
863.579
841.144
838.876
862.584
862.857
863.568
857.376
821.346
821.01
845.106
938.073
1080.84
1112.53
1310.64
1377.6
1370.81
1252.04
1033.48
890.782
864.593
773.75
707.714
699.096
662.666
637.727
633.019
624.225
636.437
667.063
675.011
765.824
862.235
880.206
997.381
9658.77
9621.78
9602.44
9583.04
9552.01
9506.21
9441.31
9304.89
9121.81
8878
8794.15
8532.13
8258.36
8046.28
7862.32
7794.22
7631.86
7508.96
7405.93
7355.34
7254.32
7072.42
6987.43
6826.2
6763.2
6586.7
6406.94
6257.03
6199.97
6071.35
5942.24
5864.6
5797.22
5758.21
5706.31
5644.02
5635.46
5608.45
5576.13
5547.94
5519.89
5498.45
5467.63
5442.23
5410.16
5372.27
5346.34
5319.14
5300.84
5269.31
5234.51
5217.27
5198.98
5179.56
5091.96
4809.88
4448.41
4373.33
4032.62
3730.23
3517.37
3475.13
3328.55
3274.85
3282.88
3278.91
3349.04
3567.09
3601.77
3922.61
4429.34
4504.69
4985.53
5363.34
5590.93
5622.71
5886.87
6120.88
6148.3
6261.25
6003.4
5944.32
5755.63
5429.74
5361.91
4892.34
4590.51
4525.38
4464.35
4444.33
4437.66
4335.43
4284.06
4046.35
3855.67
3839.06
3799.8
4062.97
4087.55
4364.22
4552.03
4573.62
4718.05
4764.26
4758.58
4641.32
4417.6
4367.06
4131.4
4000.26
3984.69
3979.5
4044.2
4023.05
3991.25
3759.58
3486.03
3305.83
3262.35
3161.53
3130.69
3125.47
3175.81
3233.17
3227.92
3235.89
3214.52
3156.09
3144.03
3159
3257.24
3262.69
3325.74
)
;

boundaryField
{
    inlet
    {
        type            turbulentMixingLengthFrequencyInlet;
        mixingLength    0.0044;
        phi             phi;
        k               k;
        value           nonuniform List<scalar> 0();
    }
    outlet
    {
        type            zeroGradient;
    }
    front
    {
        type            empty;
    }
    back
    {
        type            empty;
    }
    hub
    {
        type            fixedValue;
        value           nonuniform List<scalar> 0();
    }
    tip
    {
        type            omegaWallFunction;
        blending        binomial2;
        n               2;
        beta1           0.075;
        value           nonuniform List<scalar> 
133
(
9658.77
9621.78
9602.44
9583.04
9552.01
9506.21
9441.31
9304.89
9121.81
8878
8794.15
8532.13
8258.36
8046.28
7862.32
7794.22
7631.86
7508.96
7405.93
7355.34
7254.32
7072.42
6987.43
6826.2
6763.2
6586.7
6406.94
6257.03
6199.97
6071.35
5942.24
5864.6
5797.22
5758.21
5706.31
5644.02
5635.46
5608.45
5576.13
5547.94
5519.89
5498.45
5467.63
5442.23
5410.16
5372.27
5346.34
5319.14
5300.84
5269.31
5234.51
5217.27
5198.98
5179.56
5091.96
4809.88
4448.41
4373.33
4032.62
3730.23
3517.37
3475.13
3328.55
3274.85
3282.88
3278.91
3349.04
3567.09
3601.77
3922.61
4429.34
4504.69
4985.53
5363.34
5590.93
5622.71
5886.87
6120.88
6148.3
6261.25
6003.4
5944.32
5755.63
5429.74
5361.91
4892.34
4590.51
4525.38
4464.35
4444.33
4437.66
4335.43
4284.06
4046.35
3855.67
3839.06
3799.8
4062.97
4087.55
4364.22
4552.03
4573.62
4718.05
4764.26
4758.58
4641.32
4417.6
4367.06
4131.4
4000.26
3984.69
3979.5
4044.2
4023.05
3991.25
3759.58
3486.03
3305.83
3262.35
3161.53
3130.69
3125.47
3175.81
3233.17
3227.92
3235.89
3214.52
3156.09
3144.03
3159
3257.24
3262.69
3325.74
)
;
    }
    procBoundary8to7
    {
        type            processor;
        value           nonuniform List<scalar> 
84
(
577.052
588.706
590.613
604.078
606.294
621.699
638.438
641.306
659.478
662.715
682.126
685.659
705.933
709.706
730.443
734.373
755.36
776.005
779.981
800.088
804.084
823.48
827.496
846.342
864.712
868.649
886.549
890.556
907.289
921.602
924.506
933.632
934.883
935.908
928.756
925.94
910.422
889.574
884.165
859.386
831.715
824.401
792.411
783.633
748.677
709.699
699.081
657.804
613.644
568.809
556.949
510.969
464.841
452.762
407.442
363.101
321.916
311.618
276.217
246.325
222.152
216.687
199.975
189.785
185.867
187.465
194.461
207.855
212.515
237.494
276.752
333.995
408.692
499.345
608.978
744.045
907.781
1089.78
1271.56
1446.53
1798.61
2340.27
3237.1
9687.54
)
;
    }
    procBoundary8to9
    {
        type            processor;
        value           nonuniform List<scalar> 
150
(
573.173
572.409
571.198
570.27
569.164
568.356
566.616
564.658
563.115
560.669
559.607
556.363
552.812
548.935
544.22
542.649
537.109
531.848
525.918
524.172
517.671
510.579
503.698
496.178
494.16
485.899
477.418
468.797
466.562
458.06
449.187
441.336
434.323
432.855
426.833
421.399
417.462
414.452
413.918
411.75
410.343
409.451
408.78
408.718
408.235
407.691
407.039
406.468
406.403
405.941
405.351
404.758
404.604
404.69
405.338
406.472
408.449
408.928
411.627
415.499
420.018
420.947
426.625
433.625
441.177
442.844
452.515
462.752
464.484
474.956
474.89
474.648
473.435
473.435
484.174
481.835
477.335
477.031
470.554
470.124
461.932
461.388
451.802
451.157
440.494
439.771
439.771
430.83
430.83
443.978
461.03
475.12
478.328
482.886
468.905
465.973
430.945
386.36
378.389
328.433
288.747
282.046
250.966
234.533
231.624
223.943
224.191
224.187
229.566
230.619
236.626
238.889
239.034
239.261
239.182
239.246
239.393
243.499
244.264
249.693
252.07
252.396
248.715
235.608
233.19
218.621
206.415
198.783
197.381
191.491
186.955
186.347
183.007
180.445
179.115
178.913
178.408
180.289
180.762
183.931
189.219
190.078
193.719
191.82
183.234
181.525
168.063
155.347
153.77
146.042
)
;
    }
}


// ************************************************************************* //
