/*--------------------------------*- C++ -*----------------------------------*\
| =========                 |                                                 |
| \\      /  F ield         | OpenFOAM: The Open Source CFD Toolbox           |
|  \\    /   O peration     | Version:  v2012                                 |
|   \\  /    A nd           | Website:  www.openfoam.com                      |
|    \\/     M anipulation  |                                                 |
\*---------------------------------------------------------------------------*/
FoamFile
{
    version     2.0;
    format      ascii;
    class       volScalarField;
    location    "1e-06";
    object      k;
}
// * * * * * * * * * * * * * * * * * * * * * * * * * * * * * * * * * * * * * //

dimensions      [0 2 -2 0 0 0 0];


internalField   nonuniform List<scalar> 
10262
(
3.40234
2.47084
2.08966
1.27661
1.06764
1.03003
1.02757
0.970041
0.925045
0.91834
0.925259
0.88813
0.862177
0.85392
0.856336
0.837857
0.813049
0.810737
0.814768
0.801485
0.778039
0.776421
0.781214
0.771977
0.750148
0.746885
0.751868
0.745608
0.72458
0.719154
0.722936
0.718643
0.697692
0.689672
0.69149
0.688603
0.667875
0.655542
0.655437
0.652866
0.629234
0.615433
0.607978
0.604914
0.580451
0.555886
0.545725
0.540256
0.505404
0.482207
0.448858
0.440689
0.409672
0.343586
0.308935
0.290636
0.222383
0.240959
0.28721
0.302188
0.354286
0.437014
0.488705
0.497296
0.518877
0.530691
0.56019
0.566307
0.60341
0.658768
0.718669
0.721991
2.51127
1.74246
1.64336
1.10831
0.983
0.929075
0.920127
0.892095
0.866394
0.840817
0.834133
0.819935
0.811432
0.788176
0.773176
0.774272
0.768615
0.7525
0.73974
0.740398
0.735662
0.723829
0.712724
0.712942
0.708686
0.699034
0.688796
0.688501
0.684162
0.675503
0.664843
0.663941
0.658943
0.650247
0.638516
0.637055
0.631476
0.620625
0.608171
0.606005
0.596673
0.58543
0.567459
0.564553
0.553497
0.533208
0.514851
0.510547
0.487476
0.467818
0.429778
0.424485
0.403174
0.344563
0.310883
0.300858
0.233446
0.241329
0.272574
0.280205
0.336797
0.41101
0.445736
0.450932
0.483135
0.49772
0.513182
0.516902
0.559412
0.604445
0.639774
0.64615
1.39452
1.18163
1.14732
0.928145
0.853153
0.817222
0.810041
0.791237
0.772503
0.753528
0.74867
0.737187
0.731415
0.711911
0.701231
0.700636
0.696045
0.682694
0.673656
0.673137
0.66816
0.658967
0.65108
0.650522
0.645849
0.63829
0.630977
0.630244
0.625592
0.618603
0.61104
0.610026
0.604969
0.597756
0.589483
0.588131
0.582395
0.573825
0.564533
0.562739
0.554791
0.544872
0.53248
0.529838
0.519736
0.504769
0.489741
0.486385
0.468724
0.450351
0.423995
0.419604
0.39781
0.357043
0.32349
0.315437
0.268256
0.241716
0.260895
0.266092
0.31817
0.371943
0.401468
0.406342
0.432757
0.45287
0.468805
0.514893
0.497054
0.528737
0.554516
0.559805
1.34867
1.15884
1.12823
0.920416
0.847313
0.81194
0.807188
0.787271
0.767526
0.750163
0.746596
0.734139
0.72015
0.709851
0.698986
0.698574
0.688647
0.68081
0.671736
0.671347
0.665105
0.657218
0.649376
0.648919
0.643623
0.636673
0.629426
0.6288
0.623745
0.617103
0.609633
0.608767
0.603362
0.596422
0.588208
0.587066
0.581058
0.572629
0.563429
0.562029
0.553519
0.544231
0.531347
0.52936
0.519095
0.503823
0.489147
0.486009
0.468202
0.450133
0.423892
0.419525
0.397796
0.357558
0.32392
0.316365
0.269647
0.258652
0.261127
0.265909
0.317846
0.371195
0.399723
0.404878
0.431317
0.450629
0.468226
0.474463
0.493979
0.525266
0.552632
0.556733
0.86094
0.867455
0.864637
0.800187
0.766922
0.748844
0.745918
0.733744
0.720884
0.709405
0.706896
0.697136
0.687942
0.677998
0.669972
0.668774
0.661297
0.65375
0.646913
0.645927
0.64016
0.63351
0.627534
0.626667
0.621509
0.615658
0.6101
0.60924
0.604259
0.598588
0.59285
0.5919
0.586712
0.580669
0.574415
0.573309
0.567458
0.560418
0.553084
0.551709
0.544363
0.53576
0.526253
0.524429
0.514712
0.502786
0.490083
0.487586
0.473598
0.45638
0.437496
0.433685
0.411894
0.382988
0.349107
0.343031
0.310638
0.287561
0.272282
0.275328
0.32123
0.360361
0.385144
0.389457
0.412282
0.434017
0.451655
0.454416
0.466583
0.487931
0.508715
0.512354
0.575997
0.66344
0.674936
0.692956
0.694458
0.692401
0.69099
0.688576
0.683221
0.676133
0.673758
0.667965
0.664138
0.653075
0.647387
0.645837
0.641993
0.633593
0.628383
0.627175
0.622652
0.616596
0.611818
0.61082
0.606445
0.601251
0.596733
0.595797
0.591462
0.58647
0.581783
0.580809
0.576353
0.571022
0.566014
0.564879
0.559805
0.5539
0.547766
0.546411
0.540638
0.532758
0.525643
0.523685
0.515377
0.50597
0.494778
0.492768
0.481837
0.465677
0.45202
0.448685
0.427792
0.406302
0.373729
0.368426
0.346233
0.289397
0.296893
0.298496
0.333906
0.360257
0.380493
0.384081
0.402599
0.423694
0.441177
0.44371
0.450566
0.463887
0.477944
0.481078
0.563141
0.654123
0.666704
0.687316
0.689934
0.688732
0.688821
0.685965
0.679995
0.673562
0.672792
0.665814
0.658348
0.652225
0.646022
0.644918
0.638174
0.632877
0.627384
0.626471
0.621188
0.615939
0.611039
0.61026
0.605493
0.600707
0.596086
0.595356
0.590766
0.586029
0.581244
0.580517
0.575804
0.570759
0.56554
0.564743
0.559485
0.553747
0.547402
0.546627
0.540206
0.532913
0.525251
0.523946
0.51531
0.506096
0.494875
0.492884
0.482199
0.466333
0.452571
0.449251
0.428627
0.407441
0.374765
0.369854
0.348057
0.325396
0.298631
0.299949
0.335106
0.360868
0.38012
0.383885
0.402332
0.422838
0.440684
0.442931
0.449136
0.462437
0.476828
0.479082
0.400927
0.509162
0.526876
0.589893
0.620607
0.635571
0.636896
0.644206
0.646397
0.644938
0.643758
0.64138
0.639165
0.632538
0.628609
0.627207
0.623961
0.618051
0.61409
0.612955
0.609145
0.604343
0.600494
0.599551
0.595771
0.591468
0.587741
0.586863
0.583072
0.578845
0.574959
0.574066
0.570207
0.565644
0.561544
0.560509
0.556094
0.551172
0.546018
0.544802
0.540041
0.533205
0.527462
0.525884
0.518558
0.511219
0.501413
0.499797
0.491418
0.476889
0.466886
0.464008
0.444862
0.429185
0.39852
0.394187
0.380076
0.361718
0.330163
0.330389
0.35505
0.37008
0.384683
0.387434
0.401241
0.419114
0.436476
0.438374
0.442194
0.449757
0.458749
0.460629
0.393914
0.502938
0.521052
0.584897
0.616173
0.632257
0.634741
0.641807
0.64306
0.642653
0.642814
0.639323
0.633122
0.631577
0.627271
0.626282
0.620421
0.617407
0.613149
0.61233
0.607774
0.603769
0.599787
0.599089
0.594917
0.591023
0.587167
0.586524
0.582476
0.578506
0.574484
0.573871
0.56975
0.565486
0.561112
0.56046
0.555855
0.551121
0.545664
0.545049
0.539689
0.533357
0.527233
0.526141
0.518614
0.511445
0.501603
0.500001
0.491843
0.477614
0.467452
0.464586
0.44577
0.430303
0.399557
0.395592
0.381785
0.364876
0.332203
0.332207
0.356849
0.37127
0.384815
0.387727
0.401502
0.41861
0.434097
0.43773
0.441485
0.448847
0.457919
0.45944
0.29807
0.391526
0.409264
0.488869
0.540546
0.571834
0.576258
0.593996
0.604933
0.61002
0.610624
0.611958
0.612427
0.610208
0.608362
0.607714
0.605225
0.602023
0.59926
0.598552
0.595471
0.592088
0.589158
0.588499
0.585292
0.581996
0.57899
0.57836
0.575062
0.571669
0.568478
0.567846
0.564454
0.560735
0.557315
0.556628
0.552699
0.54867
0.544344
0.543556
0.539294
0.533758
0.529088
0.528034
0.521591
0.515972
0.50769
0.506423
0.500143
0.487577
0.480486
0.478071
0.461195
0.450199
0.422464
0.419348
0.411501
0.401189
0.368321
0.367248
0.382102
0.387154
0.395763
0.397623
0.406333
0.419436
0.434441
0.437099
0.439498
0.44269
0.447471
0.448394
0.244646
0.31053
0.324358
0.399746
0.461113
0.502537
0.509007
0.537129
0.559659
0.569286
0.570594
0.577526
0.58824
0.582822
0.584041
0.583319
0.587251
0.581638
0.580678
0.579932
0.579775
0.576059
0.574279
0.573608
0.572129
0.569051
0.566911
0.566254
0.564237
0.561276
0.558846
0.558177
0.555935
0.552764
0.550147
0.54936
0.546606
0.543386
0.539903
0.53899
0.536072
0.531496
0.527935
0.526899
0.521843
0.517604
0.510838
0.509875
0.505207
0.494557
0.48993
0.487975
0.473461
0.465928
0.442059
0.439313
0.436336
0.404475
0.403918
0.402232
0.408117
0.405537
0.409568
0.410567
0.413913
0.422743
0.436257
0.438356
0.439857
0.440269
0.441895
0.44236
0.242073
0.307105
0.321064
0.395664
0.456311
0.499089
0.505964
0.534133
0.554634
0.566543
0.568807
0.575452
0.580422
0.581657
0.582088
0.582317
0.582073
0.580708
0.579254
0.579059
0.577291
0.575199
0.573184
0.572897
0.570604
0.568317
0.566004
0.565686
0.563152
0.560652
0.558077
0.557784
0.555078
0.552326
0.549446
0.549146
0.546035
0.542978
0.539302
0.538951
0.535627
0.531209
0.527594
0.526866
0.521678
0.517556
0.510847
0.509899
0.505399
0.495026
0.490294
0.488359
0.474239
0.466848
0.44301
0.440667
0.437772
0.441401
0.406643
0.404543
0.411063
0.407571
0.410541
0.411638
0.415172
0.423158
0.43651
0.438432
0.440178
0.440197
0.44162
0.441998
0.216811
0.256212
0.265496
0.324579
0.3834
0.428813
0.436746
0.472015
0.503953
0.519964
0.522843
0.535495
0.552575
0.550329
0.55455
0.554524
0.561997
0.55788
0.558804
0.558346
0.56016
0.557555
0.556995
0.556521
0.556385
0.554139
0.552892
0.552392
0.551391
0.54919
0.547533
0.547008
0.545638
0.543243
0.541352
0.540713
0.538842
0.536464
0.533804
0.533067
0.530998
0.527597
0.524919
0.524186
0.520305
0.517377
0.512099
0.51142
0.508277
0.499858
0.497118
0.495626
0.483948
0.479784
0.459866
0.457796
0.458773
0.472898
0.440182
0.437833
0.436551
0.427316
0.426744
0.426978
0.425565
0.429871
0.441029
0.442823
0.443347
0.441773
0.441144
0.441215
0.215366
0.253895
0.263168
0.321053
0.378629
0.42534
0.433364
0.468713
0.497652
0.516941
0.520468
0.533061
0.543232
0.548608
0.552344
0.553077
0.555733
0.556621
0.557056
0.557174
0.557041
0.55641
0.555633
0.555567
0.5544
0.553148
0.551759
0.551614
0.549958
0.548325
0.546566
0.546428
0.544497
0.542566
0.540472
0.540334
0.538029
0.535785
0.533052
0.532843
0.530429
0.527059
0.524513
0.523983
0.520011
0.517154
0.512029
0.511364
0.508343
0.50018
0.497403
0.495932
0.48464
0.480623
0.460782
0.459111
0.460106
0.475729
0.442799
0.440116
0.439751
0.429639
0.428045
0.428348
0.427334
0.430699
0.441513
0.443205
0.444139
0.442023
0.441176
0.44122
0.203874
0.224094
0.22945
0.268733
0.316582
0.358263
0.365967
0.403179
0.441259
0.461846
0.466115
0.484537
0.509682
0.509923
0.517798
0.518675
0.531323
0.528315
0.53156
0.531527
0.536097
0.534595
0.535531
0.535307
0.536941
0.53558
0.535388
0.535074
0.535366
0.533957
0.533133
0.532773
0.532459
0.530872
0.529696
0.529227
0.528313
0.526839
0.524936
0.524422
0.523286
0.521022
0.519202
0.518739
0.51611
0.51443
0.510584
0.510177
0.508458
0.502318
0.501198
0.500166
0.491441
0.490281
0.474711
0.473235
0.476847
0.498847
0.472059
0.469872
0.463171
0.449237
0.445117
0.444708
0.439134
0.439589
0.44813
0.449572
0.448896
0.445915
0.443722
0.443531
0.203016
0.222654
0.227913
0.266091
0.312461
0.355234
0.362902
0.399978
0.434062
0.458816
0.463455
0.481923
0.498475
0.507787
0.515447
0.516836
0.523686
0.526757
0.52959
0.530112
0.53223
0.533179
0.533926
0.534142
0.534441
0.534331
0.534046
0.534109
0.533545
0.532833
0.53198
0.532023
0.53101
0.529922
0.528647
0.528685
0.527263
0.525875
0.524067
0.524004
0.522504
0.520225
0.518677
0.518344
0.515606
0.513931
0.510367
0.509972
0.5083
0.502363
0.501305
0.500292
0.491892
0.490856
0.475421
0.474354
0.477893
0.500283
0.474221
0.471634
0.466122
0.451511
0.446457
0.4461
0.441174
0.440689
0.448778
0.449657
0.450035
0.446409
0.443992
0.443812
0.197956
0.207005
0.209666
0.232115
0.265786
0.298535
0.30485
0.338468
0.377259
0.3987
0.403604
0.426052
0.459765
0.460863
0.472572
0.47456
0.494239
0.491496
0.497396
0.498035
0.506536
0.505937
0.508686
0.508804
0.512849
0.512435
0.513485
0.513419
0.515389
0.514869
0.514955
0.514798
0.515753
0.51511
0.514638
0.514365
0.51456
0.514062
0.512879
0.512599
0.512521
0.511453
0.510354
0.510147
0.508871
0.508441
0.505878
0.505734
0.505427
0.501576
0.501829
0.501252
0.495526
0.496994
0.486016
0.485099
0.490185
0.501984
0.496221
0.494629
0.485339
0.469183
0.462788
0.461873
0.453079
0.450652
0.456381
0.450055
0.455579
0.451678
0.448439
0.448042
0.197618
0.20645
0.209052
0.23089
0.263287
0.296993
0.303292
0.336537
0.370651
0.39691
0.402001
0.424228
0.446436
0.459355
0.471134
0.473187
0.485049
0.490265
0.496147
0.496951
0.502174
0.504806
0.507624
0.507932
0.510211
0.511354
0.512586
0.512687
0.5135
0.51378
0.514153
0.514164
0.514257
0.51398
0.513848
0.513795
0.513323
0.512835
0.512142
0.512057
0.511484
0.510318
0.509719
0.50955
0.508037
0.507503
0.505372
0.505236
0.50483
0.50106
0.501489
0.500917
0.495355
0.497058
0.485985
0.485456
0.490815
0.515828
0.497064
0.495244
0.487044
0.470496
0.463217
0.462384
0.454586
0.451317
0.45679
0.457815
0.456577
0.451904
0.448439
0.448108
0.197404
0.206116
0.208688
0.230084
0.261187
0.29599
0.302323
0.335224
0.364275
0.395678
0.400881
0.423032
0.434057
0.458368
0.470106
0.47195
0.475934
0.489296
0.495257
0.495964
0.497993
0.503906
0.506807
0.507154
0.507928
0.510515
0.511877
0.512058
0.51198
0.512999
0.513553
0.513693
0.51317
0.51324
0.513381
0.513485
0.512621
0.51214
0.511822
0.511896
0.510985
0.509699
0.509624
0.50949
0.507738
0.507066
0.505433
0.50531
0.50477
0.501044
0.501716
0.501159
0.49576
0.497506
0.486569
0.486036
0.491666
0.516995
0.497885
0.495843
0.488871
0.472327
0.464021
0.463205
0.456393
0.452511
0.457386
0.458432
0.45789
0.45257
0.448812
0.44853
0.195118
0.198503
0.199616
0.210465
0.230268
0.253582
0.258142
0.284169
0.314183
0.337403
0.342012
0.364937
0.390169
0.404664
0.41927
0.422318
0.439707
0.446335
0.455037
0.45638
0.46596
0.46983
0.474812
0.475356
0.480621
0.482892
0.485758
0.485963
0.488932
0.490241
0.491828
0.491882
0.493658
0.494374
0.495202
0.49517
0.496157
0.496699
0.496849
0.496819
0.49753
0.497573
0.497763
0.4978
0.497656
0.498333
0.497483
0.497608
0.498531
0.496911
0.498644
0.498517
0.495795
0.499729
0.493275
0.492957
0.49988
0.523026
0.511298
0.510189
0.502005
0.486007
0.477918
0.476721
0.46705
0.462244
0.46543
0.466133
0.463533
0.458216
0.453976
0.453465
0.194851
0.198014
0.199069
0.209389
0.227953
0.251808
0.2564
0.281894
0.307224
0.335031
0.339704
0.362446
0.378746
0.402301
0.416982
0.419951
0.429463
0.443974
0.452931
0.454316
0.459613
0.467696
0.472882
0.473638
0.4766
0.480936
0.484037
0.484518
0.486041
0.488401
0.490309
0.490689
0.491402
0.492605
0.493882
0.494201
0.494402
0.494973
0.495753
0.496012
0.496095
0.495968
0.496966
0.497058
0.49652
0.496983
0.49693
0.497071
0.497729
0.496095
0.498357
0.49825
0.495588
0.4995
0.493502
0.493536
0.500278
0.523395
0.512135
0.51053
0.503351
0.487561
0.478701
0.477553
0.46882
0.463485
0.466031
0.466711
0.464806
0.458911
0.454361
0.453885
0.193763
0.194447
0.194777
0.199158
0.209532
0.223475
0.226268
0.244266
0.268035
0.285346
0.288963
0.309173
0.335652
0.347484
0.362499
0.366455
0.388948
0.394698
0.405387
0.407676
0.422379
0.426417
0.433354
0.434576
0.443675
0.446771
0.451157
0.451844
0.457629
0.460006
0.462683
0.4631
0.467014
0.468929
0.470516
0.470796
0.473549
0.475343
0.476147
0.47637
0.47863
0.480122
0.480852
0.481126
0.482685
0.484795
0.484925
0.485315
0.48784
0.488511
0.491244
0.491551
0.491794
0.497752
0.495677
0.495995
0.504384
0.52391
0.516712
0.51582
0.509508
0.495966
0.488194
0.486772
0.476638
0.471534
0.472857
0.473111
0.469424
0.463813
0.459024
0.458222
0.19361
0.194166
0.19446
0.198523
0.208051
0.222186
0.225028
0.242498
0.262393
0.283409
0.287032
0.30696
0.325035
0.345117
0.360397
0.364091
0.378393
0.39222
0.403266
0.405493
0.414953
0.42399
0.431297
0.432644
0.438654
0.44437
0.449246
0.450148
0.453948
0.457646
0.460949
0.461666
0.464133
0.466599
0.468992
0.4696
0.471285
0.473079
0.474847
0.47533
0.476736
0.47796
0.479861
0.480202
0.481119
0.482888
0.484178
0.484593
0.486619
0.487139
0.490748
0.491081
0.491157
0.497001
0.495648
0.496283
0.504337
0.523631
0.516985
0.515604
0.509858
0.496714
0.48856
0.487188
0.477774
0.472458
0.473259
0.473508
0.470308
0.464324
0.459277
0.45853
0.193077
0.192514
0.192467
0.193574
0.198127
0.205192
0.206652
0.217551
0.23454
0.245625
0.248147
0.263855
0.290118
0.295938
0.309131
0.313222
0.339472
0.341469
0.352291
0.355267
0.374711
0.377398
0.385354
0.387277
0.400802
0.403889
0.40931
0.410569
0.419998
0.423128
0.426544
0.42738
0.434267
0.437385
0.439381
0.43998
0.445253
0.448492
0.449536
0.450046
0.45448
0.457686
0.458516
0.459048
0.462833
0.466665
0.467294
0.467952
0.472535
0.475667
0.47893
0.479656
0.483143
0.491114
0.492707
0.493684
0.504127
0.51962
0.513868
0.512884
0.509049
0.498796
0.491851
0.490282
0.481505
0.477309
0.477198
0.476937
0.472818
0.467148
0.461873
0.460688
0.193018
0.192413
0.192353
0.193321
0.19743
0.204635
0.206119
0.21667
0.230723
0.244638
0.247214
0.262578
0.278733
0.2945
0.308024
0.311766
0.327542
0.33979
0.351082
0.35384
0.367005
0.375492
0.384115
0.385933
0.395458
0.401758
0.4081
0.409337
0.416027
0.420791
0.425389
0.426293
0.431125
0.434864
0.438292
0.439017
0.442683
0.445867
0.448507
0.449144
0.452272
0.455075
0.457579
0.458181
0.46092
0.464235
0.466466
0.467168
0.470893
0.47369
0.478221
0.478979
0.48193
0.489783
0.492262
0.493547
0.503618
0.518625
0.513656
0.512419
0.508257
0.498502
0.491628
0.490094
0.481619
0.477511
0.477133
0.476867
0.472961
0.467159
0.461738
0.460591
0.19298
0.192358
0.192291
0.193158
0.196858
0.2043
0.205798
0.216028
0.227224
0.243913
0.246599
0.261619
0.271983
0.293481
0.307255
0.3106
0.318859
0.338366
0.350192
0.352589
0.359385
0.373769
0.383129
0.384726
0.390071
0.399794
0.407096
0.408227
0.412116
0.418599
0.424421
0.425321
0.428098
0.432495
0.43742
0.438208
0.440276
0.443413
0.447762
0.448489
0.450266
0.452603
0.457018
0.457673
0.459236
0.461942
0.466045
0.466803
0.469517
0.471883
0.477963
0.478779
0.481065
0.488611
0.492304
0.493571
0.503271
0.517885
0.513534
0.512097
0.507631
0.498378
0.491687
0.490159
0.481775
0.477951
0.477309
0.477019
0.473068
0.467371
0.461805
0.460672
0.192719
0.19161
0.191387
0.19087
0.192054
0.195026
0.19568
0.201176
0.210017
0.217952
0.21948
0.230152
0.244088
0.253834
0.26437
0.26774
0.28386
0.292057
0.301878
0.304791
0.320252
0.326537
0.334771
0.337045
0.349763
0.355308
0.3618
0.363471
0.373478
0.378583
0.383443
0.384702
0.392617
0.397371
0.400935
0.401934
0.408406
0.413052
0.41572
0.416582
0.422263
0.426871
0.429302
0.430168
0.435426
0.440607
0.443137
0.444141
0.450214
0.455478
0.46046
0.46166
0.467909
0.477832
0.483435
0.485122
0.497913
0.50918
0.503424
0.501962
0.499539
0.493016
0.487326
0.485589
0.479691
0.477642
0.476287
0.475375
0.471591
0.466147
0.460343
0.45861
0.192678
0.19154
0.191307
0.190689
0.19158
0.194556
0.195198
0.20038
0.20737
0.216873
0.218472
0.228761
0.23839
0.252215
0.26301
0.265953
0.276327
0.289873
0.30026
0.302802
0.312541
0.323888
0.332931
0.335021
0.343302
0.352222
0.359853
0.361496
0.368162
0.375094
0.381493
0.382858
0.388143
0.393622
0.399082
0.400255
0.404602
0.409173
0.414011
0.41505
0.418928
0.422987
0.427873
0.428832
0.43249
0.436967
0.44191
0.442991
0.447668
0.452419
0.459454
0.460727
0.465951
0.475558
0.482833
0.484739
0.496575
0.507367
0.502816
0.500882
0.497558
0.491645
0.486769
0.484996
0.478595
0.477201
0.475998
0.474983
0.470573
0.465628
0.459978
0.458146
0.192552
0.191232
0.190932
0.189685
0.189304
0.189886
0.190058
0.192304
0.197238
0.200765
0.201486
0.207987
0.220157
0.223507
0.230638
0.233396
0.249975
0.252159
0.259599
0.262261
0.278709
0.281455
0.288142
0.290427
0.305192
0.308811
0.314167
0.316054
0.328864
0.333345
0.337215
0.338722
0.349771
0.354971
0.357519
0.358756
0.36846
0.37436
0.375952
0.377055
0.385905
0.392396
0.39368
0.394772
0.403327
0.41067
0.412442
0.413688
0.422997
0.431016
0.435524
0.437111
0.447422
0.459775
0.467339
0.469695
0.485844
0.493962
0.485967
0.483786
0.483303
0.479481
0.474047
0.472153
0.47037
0.470657
0.467957
0.466307
0.463818
0.45876
0.452251
0.449984
0.192538
0.191209
0.190906
0.18962
0.189098
0.189703
0.189874
0.191961
0.195694
0.200263
0.201046
0.207263
0.213894
0.222597
0.229974
0.232389
0.241638
0.250799
0.258749
0.261087
0.271854
0.279574
0.287106
0.289162
0.299376
0.306317
0.312979
0.31474
0.323828
0.330192
0.335922
0.337415
0.345317
0.351242
0.356172
0.357474
0.364467
0.370202
0.374578
0.375789
0.382258
0.388025
0.392358
0.393572
0.39997
0.406381
0.411168
0.41254
0.419923
0.427177
0.434335
0.436029
0.444764
0.456732
0.466429
0.469047
0.48392
0.491333
0.485185
0.482748
0.480453
0.47712
0.473217
0.471164
0.468225
0.469305
0.467355
0.46543
0.461841
0.457529
0.451644
0.449018
0.19253
0.191201
0.190897
0.189583
0.188939
0.189597
0.189772
0.19172
0.194439
0.199914
0.200771
0.206712
0.211458
0.221883
0.229514
0.231586
0.237264
0.249614
0.25813
0.260107
0.265971
0.277819
0.286307
0.288063
0.293728
0.30389
0.312024
0.313577
0.31875
0.327047
0.334843
0.336257
0.340782
0.347459
0.355035
0.356355
0.360379
0.365953
0.373439
0.37472
0.378533
0.38354
0.391318
0.392632
0.396564
0.401995
0.410196
0.411708
0.416842
0.423291
0.433507
0.435343
0.442205
0.453636
0.465848
0.468473
0.481885
0.4888
0.484398
0.481786
0.477494
0.474745
0.472515
0.470451
0.465715
0.467869
0.466879
0.46478
0.459121
0.456164
0.451118
0.448243
0.19248
0.19111
0.190782
0.189213
0.187989
0.187396
0.187318
0.187678
0.189261
0.190866
0.191145
0.194352
0.199425
0.203004
0.207346
0.209109
0.217556
0.221757
0.22704
0.229057
0.239642
0.243673
0.248993
0.250916
0.261756
0.26615
0.270959
0.272691
0.283127
0.288087
0.292036
0.293538
0.303412
0.309
0.312139
0.313492
0.322919
0.329192
0.331783
0.333061
0.342279
0.349342
0.351926
0.353251
0.362786
0.370961
0.374433
0.37598
0.386698
0.396352
0.402651
0.404693
0.417563
0.431837
0.442758
0.445831
0.464599
0.469739
0.460643
0.457534
0.457027
0.455689
0.451405
0.449022
0.450221
0.453501
0.449973
0.44721
0.445351
0.44189
0.435244
0.432131
0.192474
0.191104
0.190775
0.18919
0.187897
0.187304
0.187225
0.187487
0.188464
0.190559
0.19088
0.193879
0.196662
0.202359
0.206877
0.208371
0.213105
0.22065
0.226399
0.228094
0.234612
0.241976
0.248155
0.249786
0.256711
0.263735
0.269934
0.271445
0.278259
0.284841
0.290832
0.292227
0.298727
0.30494
0.310788
0.312138
0.318388
0.324421
0.330297
0.331662
0.33787
0.344118
0.350389
0.351863
0.358502
0.365647
0.372849
0.374582
0.382582
0.391372
0.401086
0.403298
0.413774
0.427615
0.441452
0.444789
0.461519
0.465839
0.459444
0.456107
0.453053
0.451977
0.45014
0.447549
0.446665
0.450721
0.448929
0.44569
0.441902
0.439368
0.434251
0.430454
0.192472
0.191105
0.190776
0.189181
0.187834
0.187256
0.187178
0.187357
0.187827
0.190351
0.190722
0.193529
0.195179
0.201856
0.206543
0.20778
0.210032
0.219702
0.225924
0.227292
0.23005
0.240429
0.247508
0.248825
0.25186
0.261451
0.269115
0.270368
0.273496
0.281721
0.289841
0.291069
0.294105
0.300964
0.309659
0.310948
0.313887
0.319664
0.329043
0.330465
0.33346
0.338792
0.349101
0.350707
0.3542
0.360113
0.371531
0.373458
0.378438
0.386102
0.399854
0.402267
0.410003
0.423025
0.440327
0.443777
0.458128
0.461974
0.458164
0.454796
0.448614
0.448267
0.448882
0.446387
0.442202
0.447767
0.447903
0.444455
0.436754
0.436651
0.433248
0.429056
0.192462
0.19112
0.190789
0.189116
0.187523
0.186338
0.18613
0.185492
0.185365
0.185657
0.185676
0.186805
0.188358
0.190652
0.192856
0.193792
0.197353
0.201062
0.204341
0.205636
0.211479
0.215404
0.219195
0.220608
0.227632
0.231872
0.235745
0.237135
0.244595
0.249219
0.252853
0.254171
0.261796
0.266968
0.270351
0.271595
0.279396
0.285165
0.288495
0.289715
0.297927
0.304583
0.30831
0.309683
0.318827
0.326883
0.331968
0.333683
0.344655
0.355042
0.363189
0.365589
0.379913
0.395485
0.409579
0.413285
0.433894
0.436821
0.427676
0.423633
0.42283
0.423115
0.420245
0.417222
0.420127
0.425557
0.422056
0.418143
0.416554
0.415056
0.409119
0.40512
0.192462
0.191126
0.190795
0.189118
0.187497
0.186289
0.186077
0.185373
0.184979
0.185422
0.185463
0.186444
0.187315
0.190103
0.192376
0.193135
0.195298
0.200058
0.203651
0.204692
0.208152
0.21378
0.218271
0.219417
0.223617
0.229479
0.23458
0.235737
0.24027
0.245978
0.251453
0.252611
0.257309
0.262894
0.268747
0.269926
0.274762
0.280284
0.286691
0.28798
0.293136
0.29907
0.306372
0.307903
0.313872
0.32101
0.32987
0.331815
0.339612
0.349187
0.361044
0.36369
0.374997
0.390103
0.407562
0.411464
0.429218
0.431629
0.425664
0.421259
0.417643
0.418187
0.418187
0.414956
0.415107
0.421173
0.420175
0.415624
0.41164
0.41098
0.407342
0.40239
0.19247
0.191191
0.190868
0.189192
0.187471
0.186023
0.185752
0.184629
0.183847
0.183172
0.183024
0.183028
0.183997
0.183954
0.184639
0.18516
0.18827
0.18866
0.190112
0.190966
0.196002
0.196931
0.198769
0.199835
0.206261
0.207976
0.209791
0.21093
0.218264
0.220936
0.222378
0.223479
0.231457
0.235273
0.236237
0.237261
0.245788
0.25081
0.251438
0.252405
0.261751
0.268245
0.268949
0.26998
0.280744
0.289134
0.290992
0.292378
0.305661
0.317074
0.322
0.324221
0.342018
0.358859
0.370763
0.374683
0.399309
0.402308
0.389602
0.385243
0.387658
0.389363
0.383682
0.380824
0.387689
0.393682
0.387419
0.383807
0.385739
0.384487
0.376811
0.37362
0.192472
0.191195
0.190873
0.189201
0.187479
0.186012
0.185739
0.184592
0.18364
0.18308
0.182945
0.182873
0.182825
0.1837
0.184433
0.184841
0.185949
0.188126
0.189775
0.190467
0.193193
0.195956
0.198277
0.199154
0.203111
0.206379
0.209115
0.210079
0.214854
0.218562
0.221495
0.22248
0.227837
0.232045
0.235134
0.236125
0.241942
0.246671
0.250101
0.25115
0.257631
0.263209
0.267372
0.268577
0.276239
0.283274
0.28913
0.290771
0.300697
0.310668
0.319871
0.322372
0.336634
0.352431
0.3686
0.3728
0.393807
0.395522
0.387701
0.382881
0.382036
0.383235
0.381811
0.378326
0.381901
0.388253
0.385681
0.380962
0.37979
0.379784
0.375251
0.370568
0.192474
0.1912
0.190879
0.189215
0.187496
0.186013
0.18574
0.184573
0.183526
0.183024
0.182906
0.182759
0.182537
0.183504
0.184304
0.184589
0.185199
0.187657
0.189534
0.19005
0.191486
0.195038
0.19789
0.198566
0.200659
0.204822
0.208558
0.209323
0.211883
0.216239
0.220737
0.221572
0.224492
0.228913
0.234152
0.23509
0.238287
0.242783
0.24888
0.249995
0.253671
0.258673
0.265885
0.267271
0.271913
0.278187
0.287373
0.289283
0.29595
0.305162
0.317902
0.320705
0.331567
0.346726
0.366423
0.370773
0.388294
0.389831
0.385452
0.380549
0.376336
0.377983
0.379703
0.375993
0.376287
0.383275
0.383666
0.378273
0.374298
0.375203
0.373425
0.367621
0.19249
0.191283
0.190973
0.189345
0.18761
0.186067
0.185772
0.184413
0.183148
0.182112
0.181894
0.181223
0.180857
0.180432
0.18028
0.180438
0.181229
0.18137
0.181805
0.182202
0.184254
0.184925
0.185788
0.186364
0.189583
0.190861
0.19193
0.192631
0.196846
0.198842
0.199925
0.20068
0.205746
0.208591
0.209613
0.210367
0.216233
0.220002
0.2211
0.221862
0.228689
0.233616
0.235115
0.23597
0.244191
0.250739
0.253555
0.254727
0.265478
0.275137
0.281018
0.283066
0.298882
0.314183
0.32737
0.331241
0.354504
0.357022
0.346645
0.342167
0.344071
0.346632
0.34263
0.339562
0.345743
0.352416
0.347526
0.343648
0.345199
0.345927
0.339689
0.336197
0.192493
0.191288
0.190978
0.189359
0.187637
0.186072
0.185775
0.184409
0.183091
0.182076
0.181862
0.181151
0.180352
0.180296
0.180169
0.180258
0.18012
0.181042
0.181598
0.181887
0.182722
0.184273
0.185454
0.185901
0.18761
0.189721
0.191447
0.19201
0.194464
0.197053
0.199255
0.199898
0.202988
0.206032
0.208719
0.209436
0.213113
0.216634
0.219954
0.220781
0.225191
0.229449
0.233686
0.234703
0.240242
0.245797
0.251796
0.253213
0.260889
0.269387
0.278856
0.281188
0.293465
0.307796
0.324897
0.329045
0.348275
0.349545
0.344318
0.339497
0.338308
0.33997
0.340387
0.336781
0.339865
0.346224
0.345389
0.340453
0.339398
0.340386
0.337782
0.332788
0.192494
0.191292
0.190983
0.189375
0.187666
0.186081
0.185783
0.184416
0.183082
0.182058
0.181851
0.181103
0.18029
0.180195
0.180104
0.18012
0.179821
0.180766
0.181459
0.181634
0.181831
0.18369
0.185205
0.185513
0.186159
0.188671
0.19105
0.191473
0.192517
0.195395
0.19867
0.199208
0.200599
0.203691
0.207913
0.208595
0.210325
0.213623
0.218894
0.219776
0.222009
0.225818
0.232347
0.23352
0.236633
0.241607
0.250152
0.251806
0.25673
0.264559
0.27687
0.279483
0.288603
0.302222
0.322445
0.32675
0.342297
0.343617
0.341651
0.336992
0.332212
0.334571
0.337894
0.334212
0.333764
0.340908
0.342932
0.337479
0.333233
0.335473
0.335552
0.329531
0.192511
0.191369
0.191073
0.189512
0.187825
0.186268
0.185968
0.184527
0.183077
0.181841
0.181591
0.180573
0.179606
0.178856
0.178249
0.178191
0.177844
0.177622
0.177463
0.177563
0.17796
0.178211
0.178453
0.178686
0.179841
0.180575
0.181144
0.181481
0.183368
0.184632
0.18546
0.18587
0.188467
0.19033
0.191416
0.191887
0.195228
0.197775
0.199249
0.199799
0.204034
0.207489
0.209648
0.210349
0.215856
0.220648
0.224168
0.225169
0.232755
0.240205
0.246611
0.248394
0.260581
0.273228
0.286812
0.290355
0.309585
0.311473
0.304949
0.300936
0.301731
0.304318
0.302813
0.299967
0.30435
0.310576
0.308064
0.304284
0.304765
0.306681
0.302829
0.299319
0.192513
0.191374
0.191078
0.189527
0.187858
0.186279
0.185977
0.184542
0.183096
0.181835
0.181585
0.180553
0.17947
0.178797
0.1782
0.178106
0.177458
0.177448
0.177355
0.177391
0.177275
0.177829
0.17826
0.178409
0.178805
0.179862
0.180835
0.181084
0.181968
0.18346
0.184998
0.18534
0.186693
0.188592
0.190765
0.191214
0.193069
0.195418
0.198361
0.198959
0.201459
0.204499
0.208486
0.209316
0.212817
0.21706
0.222691
0.223896
0.229134
0.235908
0.244704
0.246734
0.256034
0.268038
0.284398
0.288152
0.303801
0.304797
0.302432
0.298342
0.29648
0.298309
0.300421
0.29726
0.299136
0.304741
0.305416
0.301115
0.299768
0.30122
0.300707
0.295943
0.192513
0.191377
0.191081
0.18954
0.187891
0.186291
0.185987
0.184559
0.183138
0.181839
0.181588
0.180544
0.179462
0.178759
0.178172
0.178045
0.177265
0.17731
0.177283
0.177257
0.176753
0.177507
0.178118
0.178184
0.177942
0.179249
0.180591
0.180751
0.180759
0.182433
0.184612
0.184886
0.185132
0.187043
0.190197
0.19062
0.191132
0.193268
0.197575
0.198209
0.199114
0.201698
0.20745
0.208389
0.21001
0.213594
0.221379
0.222756
0.225757
0.231658
0.243032
0.245281
0.25173
0.262678
0.28212
0.286027
0.297808
0.298905
0.299743
0.296137
0.290138
0.293004
0.297901
0.294949
0.292368
0.299411
0.27526
0.298148
0.292381
0.296411
0.298352
0.292965
0.192528
0.191438
0.191152
0.189659
0.188044
0.186507
0.18621
0.184769
0.183285
0.181941
0.181676
0.180506
0.179303
0.178327
0.177473
0.177308
0.176455
0.175921
0.175415
0.175353
0.174945
0.174803
0.174649
0.174681
0.174733
0.174972
0.175168
0.175282
0.175793
0.176419
0.176973
0.177162
0.178143
0.179183
0.180153
0.180421
0.18193
0.18346
0.184977
0.185351
0.187546
0.189776
0.192144
0.192699
0.195928
0.199336
0.203105
0.203969
0.208841
0.214372
0.220676
0.222191
0.230673
0.240564
0.25339
0.256423
0.270755
0.271909
0.26926
0.266085
0.265838
0.267771
0.26867
0.266268
0.268758
0.273614
0.273284
0.270182
0.269735
0.271689
0.270614
0.267344
0.192529
0.191442
0.191157
0.189673
0.188076
0.186525
0.186226
0.184795
0.183334
0.181956
0.181687
0.180515
0.179324
0.178311
0.177451
0.177274
0.176395
0.175834
0.175348
0.175255
0.17469
0.174585
0.174516
0.174502
0.17424
0.174551
0.174945
0.175007
0.175042
0.175711
0.176631
0.176776
0.177113
0.178117
0.179655
0.179905
0.180593
0.181984
0.184286
0.184686
0.185861
0.187854
0.191224
0.191861
0.193843
0.196951
0.201924
0.202926
0.206286
0.211431
0.219143
0.220838
0.227333
0.236805
0.251256
0.254404
0.266022
0.267134
0.266825
0.263807
0.261333
0.263424
0.266355
0.263909
0.264213
0.269095
0.271132
0.267378
0.2653
0.267404
0.268399
0.264361
0.192538
0.191485
0.191207
0.189765
0.188207
0.186723
0.186437
0.185017
0.183528
0.182173
0.181906
0.180674
0.179406
0.178286
0.177301
0.177091
0.176123
0.175288
0.174556
0.17443
0.173818
0.17327
0.17279
0.17274
0.172512
0.172259
0.172022
0.17204
0.172209
0.172279
0.172278
0.172358
0.172948
0.173391
0.173661
0.173801
0.174878
0.175789
0.176431
0.17665
0.178371
0.179947
0.18122
0.181575
0.184283
0.186974
0.189377
0.189985
0.194261
0.198763
0.20309
0.204201
0.21156
0.219695
0.229148
0.231494
0.244137
0.245695
0.242775
0.240456
0.241354
0.24345
0.243209
0.241531
0.244367
0.248447
0.24752
0.24528
0.245873
0.247822
0.246328
0.244316
0.192539
0.191487
0.191211
0.189775
0.188233
0.186738
0.18645
0.185043
0.18358
0.182194
0.181921
0.180695
0.179431
0.178294
0.177301
0.177089
0.17608
0.175258
0.174528
0.174389
0.173668
0.173161
0.172722
0.172647
0.172215
0.17202
0.171893
0.171882
0.17174
0.171848
0.172068
0.172121
0.172283
0.172707
0.173342
0.173472
0.173988
0.174795
0.175967
0.176205
0.17721
0.178591
0.180575
0.180992
0.182789
0.18521
0.188516
0.189235
0.192352
0.196498
0.201936
0.203193
0.208945
0.216666
0.227446
0.2299
0.240233
0.241348
0.24086
0.238542
0.237943
0.23954
0.241393
0.239547
0.240911
0.244466
0.24564
0.242946
0.24256
0.244065
0.244616
0.241866
0.192542
0.191514
0.191243
0.189842
0.188337
0.186906
0.186629
0.185246
0.18377
0.18244
0.182175
0.180926
0.179606
0.178452
0.177406
0.177168
0.176094
0.175137
0.174285
0.174116
0.173338
0.172584
0.171928
0.171823
0.171364
0.170834
0.170361
0.170313
0.170191
0.169919
0.16962
0.169622
0.169862
0.169911
0.169798
0.169851
0.170518
0.170987
0.171129
0.171245
0.172486
0.173563
0.174163
0.174386
0.176519
0.178617
0.180088
0.180515
0.184094
0.187747
0.190622
0.191426
0.197598
0.204254
0.210923
0.212687
0.223557
0.225397
0.22243
0.220839
0.222593
0.224642
0.223703
0.222642
0.225834
0.229038
0.227667
0.226311
0.227944
0.229389
0.227758
0.226657
0.192544
0.191515
0.191245
0.189849
0.188357
0.186915
0.186636
0.185265
0.183824
0.182456
0.182186
0.180947
0.179663
0.178466
0.177411
0.177179
0.176098
0.175137
0.174279
0.174108
0.173265
0.172544
0.171903
0.171787
0.171195
0.170716
0.170305
0.17024
0.169907
0.169678
0.169517
0.169504
0.169446
0.169491
0.169627
0.169675
0.16994
0.170328
0.170866
0.170996
0.171707
0.172595
0.173773
0.174039
0.17547
0.177263
0.179531
0.180041
0.182671
0.185884
0.189818
0.190736
0.195501
0.201595
0.209686
0.211576
0.220227
0.221435
0.221091
0.219414
0.219667
0.221145
0.222447
0.221167
0.222746
0.225631
0.226408
0.224588
0.22476
0.226285
0.226638
0.224844
0.192543
0.191516
0.191245
0.189854
0.188375
0.186923
0.186642
0.185282
0.183873
0.182471
0.182195
0.180968
0.179724
0.178483
0.177419
0.177192
0.176145
0.175142
0.174279
0.174105
0.173251
0.172514
0.171887
0.17176
0.171094
0.17062
0.170261
0.170181
0.169701
0.169477
0.169431
0.169403
0.16912
0.169142
0.169482
0.169522
0.169473
0.169792
0.170634
0.170774
0.171062
0.171828
0.173425
0.173727
0.174598
0.17621
0.179032
0.179607
0.181486
0.184433
0.189095
0.190102
0.193778
0.199478
0.208498
0.210468
0.217358
0.218673
0.219645
0.218185
0.216834
0.218645
0.221088
0.219848
0.219887
0.223083
0.22502
0.223052
0.221884
0.223921
0.225381
0.223181
0.192545
0.191531
0.191263
0.189898
0.188449
0.187055
0.186783
0.185451
0.184044
0.182705
0.18244
0.18121
0.17993
0.178715
0.177638
0.177394
0.17628
0.175242
0.174321
0.174128
0.173207
0.172362
0.171612
0.171466
0.170754
0.170108
0.169536
0.169434
0.168944
0.168506
0.168126
0.168069
0.16782
0.167615
0.167466
0.167457
0.167495
0.167588
0.167754
0.167812
0.168247
0.168777
0.169461
0.169629
0.170699
0.172015
0.173599
0.173964
0.176078
0.178547
0.181415
0.182091
0.185924
0.190655
0.196668
0.198091
0.205133
0.206478
0.206284
0.205122
0.20583
0.207345
0.208317
0.20748
0.209094
0.211576
0.212127
0.21094
0.211398
0.212934
0.213168
0.212026
0.192544
0.191531
0.191265
0.189902
0.188464
0.187064
0.186791
0.185469
0.184084
0.182724
0.182454
0.181236
0.179977
0.178739
0.177651
0.177416
0.176324
0.175262
0.174328
0.174138
0.173223
0.172361
0.171605
0.171455
0.170716
0.17006
0.169505
0.169395
0.168833
0.168385
0.16806
0.167992
0.167619
0.167391
0.167348
0.167334
0.167187
0.167233
0.167565
0.167629
0.167803
0.16826
0.169174
0.169365
0.170083
0.1713
0.173191
0.173602
0.175224
0.177542
0.180813
0.181556
0.184646
0.189167
0.195686
0.197166
0.20299
0.204303
0.205066
0.204017
0.203862
0.205368
0.20718
0.206321
0.207158
0.20955
0.210956
0.209593
0.209557
0.210987
0.212083
0.210589
0.192546
0.191538
0.191274
0.189928
0.188515
0.187162
0.186897
0.185604
0.18423
0.182929
0.182671
0.18146
0.180187
0.178985
0.177906
0.177656
0.176523
0.175459
0.174507
0.1743
0.173326
0.172416
0.171604
0.171438
0.170641
0.169893
0.169227
0.169099
0.168493
0.167919
0.167409
0.16732
0.166924
0.16655
0.166225
0.166177
0.166036
0.165923
0.165854
0.165862
0.166073
0.166348
0.166706
0.166808
0.167584
0.168557
0.169661
0.169923
0.171593
0.173495
0.175572
0.17607
0.179122
0.182816
0.187213
0.18828
0.193941
0.195371
0.195275
0.194522
0.195544
0.197052
0.197792
0.197279
0.198926
0.201056
0.201449
0.200703
0.201466
0.202849
0.202989
0.2023
0.192546
0.191538
0.191274
0.189931
0.188525
0.187167
0.186903
0.185619
0.184264
0.182945
0.182682
0.181484
0.180232
0.17901
0.177921
0.177681
0.17657
0.175485
0.174519
0.174318
0.173362
0.172435
0.171609
0.171445
0.170644
0.169885
0.169217
0.169088
0.168448
0.167864
0.167376
0.167282
0.166816
0.166425
0.166159
0.166108
0.16585
0.165705
0.165737
0.16575
0.165789
0.16601
0.166519
0.166637
0.167173
0.168066
0.169381
0.169678
0.170993
0.172771
0.175139
0.175688
0.178182
0.1817
0.18648
0.187592
0.19232
0.193607
0.194367
0.193661
0.194115
0.195448
0.196936
0.196378
0.1975
0.199424
0.200571
0.19966
0.200106
0.201272
0.202175
0.201191
0.192544
0.191539
0.191276
0.189945
0.188558
0.187236
0.186979
0.185719
0.184379
0.183114
0.182862
0.181677
0.180418
0.179241
0.178173
0.177923
0.17678
0.175717
0.174754
0.17454
0.173533
0.172596
0.171753
0.171574
0.170718
0.169914
0.169194
0.16905
0.168359
0.1677
0.167115
0.167004
0.166496
0.16601
0.165583
0.165509
0.165225
0.164969
0.164759
0.164735
0.164765
0.164859
0.165015
0.165073
0.16561
0.166327
0.167109
0.167301
0.168596
0.170064
0.171593
0.171965
0.174377
0.177271
0.180502
0.181303
0.185814
0.187256
0.18729
0.186833
0.188022
0.189457
0.19007
0.189782
0.191403
0.193219
0.19356
0.193115
0.194088
0.195292
0.195422
0.195034
0.192545
0.191539
0.191276
0.189947
0.188564
0.18724
0.186983
0.18573
0.184408
0.183127
0.182872
0.181697
0.180467
0.179264
0.178188
0.177947
0.176835
0.175745
0.17477
0.174564
0.173583
0.172625
0.171765
0.17159
0.170747
0.16993
0.169199
0.169055
0.168356
0.167687
0.167105
0.166992
0.166449
0.165951
0.16555
0.165474
0.165122
0.164842
0.164692
0.164671
0.164589
0.164638
0.164897
0.164966
0.165336
0.165985
0.166922
0.167138
0.16817
0.169525
0.171287
0.171698
0.173675
0.176398
0.179956
0.180801
0.184555
0.185819
0.186622
0.18618
0.186917
0.188144
0.189433
0.189095
0.190258
0.191889
0.192905
0.192321
0.192954
0.194016
0.194816
0.194192
0.192542
0.191536
0.191273
0.189951
0.188582
0.187285
0.187032
0.1858
0.184493
0.183258
0.183012
0.181855
0.180618
0.179468
0.178416
0.178166
0.177027
0.175977
0.175016
0.1748
0.173775
0.172831
0.171975
0.17179
0.170896
0.170064
0.169316
0.169161
0.16841
0.167701
0.167073
0.166948
0.166357
0.165798
0.165309
0.165218
0.164826
0.164472
0.164177
0.164131
0.164022
0.163981
0.164015
0.164044
0.164392
0.164917
0.165483
0.165624
0.166615
0.167754
0.168914
0.1692
0.171098
0.173379
0.175794
0.176398
0.179969
0.181369
0.18155
0.181301
0.182546
0.183878
0.184446
0.184311
0.185849
0.187401
0.18776
0.187522
0.188595
0.189654
0.189836
0.189646
0.192543
0.191536
0.191273
0.189951
0.188586
0.187287
0.187034
0.185808
0.184516
0.183268
0.183019
0.181871
0.180667
0.179487
0.178428
0.178188
0.17709
0.176005
0.175031
0.174822
0.173837
0.172864
0.17199
0.17181
0.170943
0.170093
0.169328
0.169174
0.168435
0.167715
0.167076
0.16695
0.166351
0.165781
0.165298
0.165205
0.164779
0.164407
0.164144
0.164098
0.163921
0.163846
0.163946
0.163982
0.164216
0.164684
0.16536
0.165518
0.166318
0.167356
0.168701
0.169016
0.170578
0.172705
0.175395
0.176039
0.178994
0.180226
0.181065
0.180817
0.181673
0.182826
0.183977
0.183798
0.184912
0.186338
0.187277
0.18693
0.18763
0.188641
0.189389
0.189018
0.192539
0.191532
0.191269
0.18995
0.188595
0.187312
0.187063
0.185855
0.184575
0.183366
0.183125
0.181994
0.180783
0.179657
0.178622
0.178378
0.177252
0.176217
0.175265
0.175049
0.174023
0.173082
0.172222
0.172034
0.171121
0.170276
0.169515
0.169353
0.168564
0.167827
0.167174
0.167039
0.166393
0.165786
0.165262
0.165158
0.164688
0.164265
0.16392
0.163859
0.163645
0.163508
0.163467
0.163475
0.163676
0.164056
0.164475
0.164581
0.165335
0.166225
0.167139
0.167363
0.168857
0.170676
0.172528
0.172991
0.175806
0.177133
0.177463
0.177353
0.17858
0.179806
0.180386
0.180355
0.181774
0.18312
0.183536
0.183435
0.184524
0.185479
0.185746
0.18568
0.192541
0.191531
0.191268
0.18995
0.188595
0.187314
0.187064
0.185858
0.184593
0.183372
0.183128
0.182004
0.180827
0.179671
0.178631
0.178394
0.177314
0.17624
0.175277
0.175068
0.174086
0.173112
0.172235
0.172052
0.171176
0.170309
0.169527
0.169369
0.168605
0.167854
0.167183
0.167049
0.166412
0.165796
0.165264
0.165159
0.164679
0.164244
0.163909
0.163847
0.163597
0.163436
0.163431
0.163443
0.163574
0.163909
0.164401
0.164519
0.165136
0.165945
0.166996
0.167242
0.168485
0.170172
0.172253
0.17275
0.175076
0.176264
0.177131
0.177018
0.177907
0.178996
0.180062
0.179995
0.181033
0.182304
0.183205
0.183016
0.183738
0.184707
0.185442
0.185231
0.192539
0.191531
0.191268
0.18995
0.188596
0.187315
0.187065
0.185862
0.184605
0.183378
0.183132
0.182014
0.180856
0.179685
0.178636
0.178409
0.177358
0.176263
0.175285
0.175086
0.17414
0.173142
0.172246
0.172071
0.171229
0.170344
0.169539
0.169386
0.168649
0.167886
0.167194
0.167061
0.166441
0.165816
0.165267
0.165164
0.164685
0.164241
0.163901
0.16384
0.163571
0.163397
0.163404
0.163419
0.163503
0.163812
0.16434
0.164463
0.164988
0.165747
0.166875
0.167131
0.168205
0.1698
0.172006
0.172509
0.174491
0.175699
0.176801
0.176732
0.177294
0.178453
0.179736
0.179674
0.180388
0.181729
0.182867
0.182638
0.183072
0.184164
0.185129
0.184809
0.192538
0.191526
0.191263
0.189947
0.188596
0.187326
0.187079
0.185889
0.184642
0.183444
0.183204
0.182103
0.18095
0.179815
0.178795
0.178562
0.177502
0.176443
0.175493
0.175286
0.174316
0.173347
0.172474
0.17229
0.171416
0.170542
0.169755
0.169593
0.168819
0.168051
0.167362
0.167223
0.166563
0.165919
0.165355
0.165243
0.164728
0.16425
0.163867
0.163795
0.163493
0.163273
0.163196
0.163192
0.163244
0.163482
0.163846
0.163935
0.164415
0.165056
0.165902
0.1661
0.167102
0.168465
0.170106
0.170498
0.172348
0.173481
0.174357
0.17434
0.175222
0.176254
0.177258
0.177266
0.178237
0.179389
0.180261
0.180182
0.180913
0.181838
0.182565
0.182465
0.192536
0.191526
0.191263
0.189945
0.188596
0.187327
0.18708
0.185891
0.18465
0.183449
0.183208
0.182111
0.180969
0.179828
0.178801
0.178576
0.177536
0.176466
0.175503
0.175305
0.174363
0.173378
0.172487
0.172311
0.171467
0.170581
0.16977
0.169614
0.168867
0.16809
0.167377
0.167241
0.166603
0.165952
0.165366
0.165256
0.164751
0.164268
0.163869
0.163798
0.163494
0.163266
0.163183
0.16318
0.163212
0.163433
0.163805
0.163896
0.164325
0.164934
0.165813
0.166016
0.166913
0.168216
0.169921
0.170314
0.17194
0.173079
0.174101
0.17411
0.17479
0.17586
0.177001
0.177011
0.177783
0.178967
0.179993
0.179885
0.180449
0.181432
0.182312
0.182135
0.192536
0.191522
0.191257
0.18994
0.188592
0.187329
0.187083
0.185903
0.18467
0.183491
0.183254
0.182172
0.181037
0.179925
0.178924
0.178695
0.177653
0.176613
0.175677
0.175473
0.174517
0.173559
0.172693
0.172511
0.171642
0.170772
0.169984
0.169822
0.169045
0.16827
0.167572
0.16743
0.166759
0.166097
0.165515
0.165398
0.16486
0.164354
0.16394
0.16386
0.163523
0.16326
0.163132
0.163118
0.163113
0.163279
0.16355
0.163618
0.163999
0.164517
0.165212
0.165375
0.166199
0.167324
0.168646
0.168962
0.17046
0.17153
0.17239
0.172436
0.173307
0.174287
0.175235
0.175295
0.17622
0.17728
0.178125
0.17812
0.17886
0.179741
0.180459
0.180435
0.192534
0.191522
0.191257
0.189938
0.188591
0.187329
0.187084
0.185904
0.184676
0.183495
0.183257
0.182177
0.18105
0.179935
0.178929
0.178706
0.177678
0.176631
0.175685
0.175489
0.174555
0.173586
0.172706
0.17253
0.171688
0.170807
0.169999
0.169841
0.169092
0.16831
0.167589
0.16745
0.166802
0.166137
0.165531
0.165415
0.164895
0.164386
0.163951
0.163871
0.163543
0.163275
0.163133
0.163119
0.163109
0.163263
0.16353
0.163599
0.163952
0.164449
0.165156
0.165321
0.166079
0.16716
0.168519
0.168834
0.170182
0.17125
0.172209
0.172271
0.173003
0.174004
0.175049
0.17511
0.175899
0.176976
0.17793
0.177904
0.178531
0.179444
0.180273
0.180191
0.192534
0.191517
0.191252
0.189933
0.188585
0.187325
0.18708
0.185907
0.184685
0.183518
0.183284
0.182215
0.181096
0.180003
0.179017
0.178792
0.177768
0.176745
0.175824
0.175624
0.174681
0.173736
0.172882
0.172701
0.171842
0.170978
0.170195
0.170033
0.16926
0.168485
0.167784
0.167642
0.166966
0.166297
0.165705
0.165585
0.165035
0.164512
0.164077
0.163993
0.163632
0.16334
0.163177
0.163155
0.16311
0.163222
0.163427
0.163482
0.163789
0.164219
0.164802
0.164941
0.165631
0.166582
0.167676
0.167937
0.169174
0.170176
0.171012
0.171099
0.171946
0.17288
0.173786
0.173882
0.174768
0.175757
0.17658
0.176628
0.177369
0.17821
0.178917
0.178945
0.192532
0.191517
0.191252
0.189931
0.188584
0.187325
0.187081
0.185906
0.184687
0.183521
0.183286
0.182219
0.181105
0.18001
0.17902
0.178801
0.177786
0.17676
0.175831
0.175636
0.174712
0.17376
0.172891
0.172717
0.171882
0.17101
0.170209
0.170052
0.169304
0.168524
0.167801
0.167661
0.16701
0.166339
0.165721
0.165604
0.165074
0.16455
0.164092
0.164008
0.163662
0.163369
0.163187
0.163163
0.163122
0.163226
0.163421
0.163475
0.163771
0.164186
0.164769
0.164907
0.16556
0.166476
0.16759
0.167848
0.168984
0.16998
0.170886
0.170983
0.171729
0.172677
0.173653
0.173748
0.174533
0.175535
0.176439
0.176469
0.177125
0.177992
0.178783
0.178764
0.192532
0.191513
0.191247
0.189926
0.188577
0.187319
0.187073
0.185903
0.184688
0.183531
0.183297
0.182239
0.181132
0.180054
0.179082
0.17886
0.177851
0.176844
0.175935
0.175738
0.174811
0.17388
0.173035
0.172857
0.172011
0.171155
0.170379
0.170218
0.169453
0.168682
0.167983
0.16784
0.167167
0.166496
0.165898
0.165777
0.165223
0.164691
0.164243
0.164156
0.163782
0.163471
0.163282
0.163254
0.16318
0.163253
0.163411
0.163456
0.163711
0.164078
0.164579
0.164699
0.165293
0.166113
0.16704
0.167262
0.168305
0.169241
0.170048
0.17016
0.17098
0.171874
0.172746
0.172866
0.17372
0.174652
0.175455
0.175537
0.176273
0.177075
0.17777
0.17783
0.192529
0.191513
0.191247
0.189925
0.188576
0.187319
0.187074
0.185902
0.184688
0.183532
0.183299
0.18224
0.181137
0.180059
0.179083
0.178865
0.177862
0.176855
0.17594
0.175748
0.174834
0.173898
0.173043
0.17287
0.172042
0.171183
0.17039
0.170234
0.16949
0.168717
0.167998
0.167859
0.167208
0.166536
0.165915
0.165796
0.165262
0.164731
0.16426
0.164173
0.163816
0.163506
0.163296
0.163266
0.163203
0.163271
0.163414
0.163458
0.163711
0.164067
0.164562
0.164679
0.165252
0.166044
0.166983
0.1672
0.168175
0.169101
0.169961
0.170079
0.170822
0.171726
0.172653
0.172769
0.173543
0.174487
0.175354
0.175419
0.176078
0.176908
0.177671
0.177687
0.19253
0.19151
0.191243
0.18992
0.188569
0.187311
0.187065
0.185896
0.184684
0.183533
0.1833
0.182248
0.181151
0.180085
0.179122
0.178903
0.177904
0.176913
0.176016
0.175821
0.174907
0.173988
0.173155
0.17298
0.172144
0.1713
0.170532
0.170373
0.169616
0.168853
0.168158
0.168016
0.167347
0.16668
0.166081
0.165959
0.165405
0.16487
0.164416
0.164326
0.163946
0.163622
0.163417
0.163384
0.16329
0.163334
0.163459
0.163497
0.163715
0.164033
0.164473
0.164578
0.165102
0.165822
0.166626
0.166818
0.167722
0.168594
0.16937
0.1695
0.170295
0.171155
0.171994
0.172131
0.172955
0.17384
0.174614
0.174715
0.175438
0.176199
0.176872
0.176947
0.192526
0.191508
0.19124
0.189916
0.188564
0.187303
0.187056
0.185887
0.184679
0.183529
0.183297
0.182249
0.181155
0.180097
0.179142
0.178925
0.177927
0.176952
0.176066
0.175873
0.174956
0.174057
0.173238
0.173062
0.172222
0.171396
0.170644
0.170485
0.169719
0.168969
0.168291
0.16815
0.167469
0.166808
0.166226
0.166106
0.165535
0.165001
0.164559
0.164472
0.16407
0.163741
0.163539
0.163505
0.163386
0.163412
0.163525
0.163558
0.163748
0.164038
0.164437
0.16453
0.165019
0.165678
0.166386
0.16655
0.167402
0.168237
0.168932
0.16906
0.169883
0.17073
0.171481
0.17162
0.172475
0.173329
0.174005
0.174118
0.174877
0.17561
0.176181
0.176284
0.192528
0.191508
0.191239
0.189915
0.188562
0.187302
0.187055
0.185886
0.184676
0.183528
0.183295
0.182249
0.181156
0.180099
0.179144
0.178927
0.177937
0.176957
0.176071
0.175877
0.174974
0.174068
0.173244
0.17307
0.172246
0.171413
0.170652
0.170495
0.169748
0.168993
0.168304
0.168163
0.167501
0.166838
0.166243
0.16612
0.165569
0.165035
0.164577
0.164487
0.164104
0.163773
0.163555
0.163519
0.163411
0.163435
0.163534
0.163567
0.163758
0.164041
0.164433
0.164529
0.164998
0.165643
0.166355
0.166526
0.167324
0.16814
0.168883
0.169023
0.169793
0.170622
0.171424
0.171568
0.172362
0.173199
0.173934
0.174041
0.174741
0.175459
0.176104
0.176184
0.192525
0.191506
0.191237
0.18991
0.188557
0.187295
0.187048
0.185878
0.184669
0.183521
0.183288
0.182243
0.181155
0.180103
0.179151
0.178936
0.177948
0.176979
0.1761
0.175908
0.175005
0.174113
0.1733
0.173127
0.172302
0.171482
0.170735
0.170578
0.169828
0.169083
0.168409
0.168268
0.167601
0.166945
0.166364
0.166244
0.165681
0.16515
0.164705
0.164616
0.164218
0.163885
0.16367
0.163634
0.163507
0.163516
0.163609
0.163638
0.163807
0.164069
0.164432
0.164519
0.164958
0.165553
0.166197
0.166348
0.167098
0.167873
0.168558
0.168691
0.169466
0.17027
0.171
0.171134
0.171931
0.172736
0.173394
0.173499
0.174207
0.174906
0.175472
0.175568
0.192526
0.191506
0.191236
0.18991
0.188556
0.187294
0.187047
0.185877
0.184666
0.18352
0.183287
0.182243
0.181154
0.180102
0.179153
0.178936
0.177952
0.176983
0.176103
0.175911
0.175016
0.17412
0.173305
0.173132
0.172318
0.171495
0.170742
0.170587
0.169849
0.169102
0.168419
0.168279
0.167626
0.166969
0.166376
0.166256
0.165709
0.165178
0.16472
0.16463
0.164246
0.163912
0.163686
0.163648
0.16353
0.163537
0.163619
0.163648
0.163819
0.164076
0.164432
0.164519
0.164948
0.165532
0.166174
0.166329
0.167048
0.16781
0.168522
0.168662
0.169399
0.170187
0.170945
0.171085
0.171836
0.172627
0.173323
0.173425
0.17409
0.174771
0.175395
0.175471
0.192524
0.191505
0.191234
0.189907
0.188551
0.187288
0.187039
0.185868
0.184659
0.183512
0.183278
0.182235
0.181148
0.180099
0.179152
0.178936
0.177956
0.176993
0.176117
0.175927
0.175034
0.174148
0.173341
0.173169
0.172355
0.171542
0.170801
0.170645
0.169907
0.169169
0.168499
0.16836
0.167703
0.167054
0.166474
0.166355
0.165802
0.165275
0.164827
0.164738
0.164345
0.164011
0.163786
0.163749
0.163616
0.163612
0.163689
0.163715
0.16387
0.16411
0.164443
0.164524
0.164927
0.165471
0.166062
0.166202
0.166877
0.167595
0.168254
0.168385
0.169103
0.169849
0.17054
0.170666
0.1714
0.172156
0.172792
0.172892
0.173551
0.174224
0.174788
0.174883
0.192524
0.191505
0.191234
0.189906
0.18855
0.187288
0.187039
0.185867
0.184657
0.183511
0.183278
0.182234
0.181146
0.180098
0.179153
0.178936
0.177956
0.176993
0.17612
0.175928
0.175039
0.174153
0.173344
0.173172
0.172365
0.171551
0.170806
0.170651
0.169922
0.169183
0.168507
0.168368
0.167722
0.167072
0.166485
0.166365
0.165824
0.165297
0.16484
0.16475
0.164368
0.164033
0.163799
0.163761
0.163636
0.163629
0.163699
0.163724
0.163881
0.164118
0.164444
0.164525
0.164922
0.165457
0.166045
0.166187
0.166841
0.167551
0.168224
0.16836
0.169043
0.169776
0.170485
0.170614
0.17131
0.172054
0.172721
0.172815
0.173444
0.174105
0.174716
0.17479
0.192524
0.191503
0.191232
0.189904
0.188546
0.187282
0.187032
0.18586
0.184649
0.183502
0.183268
0.182225
0.181139
0.180092
0.179147
0.178931
0.177955
0.176995
0.176124
0.175934
0.175048
0.174168
0.173364
0.173193
0.172389
0.171582
0.170845
0.17069
0.169963
0.169231
0.168565
0.168426
0.16778
0.167136
0.16656
0.166441
0.165898
0.165375
0.164927
0.164837
0.16445
0.164115
0.163884
0.163845
0.163709
0.163692
0.163757
0.163782
0.163925
0.164148
0.164456
0.164533
0.164907
0.165408
0.165955
0.166087
0.166699
0.167364
0.167983
0.168105
0.168756
0.16944
0.17009
0.17021
0.170882
0.171594
0.172215
0.172317
0.172937
0.173591
0.174161
0.174259
0.192523
0.191503
0.191232
0.189903
0.188545
0.187281
0.187032
0.185859
0.184648
0.183502
0.183268
0.182223
0.181137
0.18009
0.179147
0.178931
0.177953
0.176995
0.176124
0.175934
0.175049
0.17417
0.173366
0.173195
0.172394
0.171588
0.170849
0.170694
0.169971
0.169241
0.168571
0.168433
0.167793
0.167151
0.166568
0.166449
0.165914
0.165392
0.164937
0.164847
0.164468
0.164134
0.163895
0.163856
0.163725
0.163706
0.163766
0.163788
0.163934
0.164154
0.164457
0.164533
0.164904
0.165396
0.165941
0.166072
0.166671
0.167327
0.167955
0.16808
0.1687
0.169373
0.17004
0.170159
0.170802
0.171504
0.172154
0.172248
0.172847
0.173494
0.174101
0.174177
0.192523
0.191503
0.19123
0.1899
0.188542
0.187277
0.187026
0.185853
0.18464
0.183493
0.183258
0.182214
0.181128
0.180083
0.17914
0.178923
0.177948
0.176991
0.176124
0.175933
0.175051
0.174175
0.173376
0.173205
0.172407
0.171605
0.170873
0.170719
0.169998
0.169272
0.168611
0.168473
0.167835
0.167197
0.166624
0.166505
0.16597
0.165452
0.165005
0.164915
0.164533
0.164197
0.163962
0.163922
0.163782
0.163754
0.16381
0.163833
0.163966
0.164174
0.164462
0.164534
0.164884
0.16535
0.165859
0.165984
0.166545
0.167159
0.167733
0.167849
0.168441
0.169077
0.169695
0.169816
0.170441
0.171116
0.171724
0.171834
0.172426
0.173059
0.173627
0.173732
0.19252
0.191502
0.191231
0.1899
0.188542
0.187276
0.187027
0.185851
0.184639
0.183493
0.183259
0.182213
0.181127
0.180081
0.179138
0.178922
0.177946
0.176991
0.176122
0.175933
0.175051
0.174176
0.173376
0.173207
0.172409
0.171609
0.170875
0.170722
0.170004
0.16928
0.168615
0.168478
0.167844
0.167208
0.16663
0.166513
0.165982
0.165465
0.165013
0.164924
0.164546
0.164214
0.163971
0.16393
0.163795
0.163764
0.163817
0.163837
0.163973
0.164178
0.164463
0.164532
0.16488
0.165336
0.165847
0.165967
0.166518
0.167122
0.167709
0.167823
0.168391
0.169021
0.169659
0.169775
0.170377
0.171045
0.171681
0.171778
0.17235
0.172982
0.173584
0.17366
0.192521
0.191502
0.191228
0.189898
0.188538
0.187272
0.187021
0.185846
0.184632
0.183486
0.183249
0.182205
0.181118
0.180074
0.179131
0.178913
0.17794
0.176984
0.176119
0.175928
0.175048
0.174175
0.17338
0.173209
0.172414
0.171617
0.170889
0.170735
0.17002
0.169299
0.168643
0.168504
0.167873
0.16724
0.166672
0.166553
0.166023
0.165508
0.165065
0.164975
0.164596
0.164261
0.164023
0.163982
0.163837
0.163798
0.163848
0.163869
0.163992
0.164188
0.164456
0.164526
0.164854
0.165289
0.165766
0.165883
0.166403
0.166973
0.167513
0.167626
0.168184
0.168792
0.169385
0.169508
0.170108
0.17075
0.171337
0.17145
0.172025
0.17263
0.173185
0.173291
0.192517
0.191501
0.191227
0.189896
0.188537
0.187269
0.187018
0.185841
0.184629
0.18348
0.183243
0.182197
0.181113
0.180066
0.179121
0.178905
0.177932
0.176978
0.176111
0.175921
0.175043
0.174173
0.173378
0.173208
0.172414
0.171621
0.170895
0.170743
0.170027
0.169313
0.168659
0.168523
0.167891
0.167264
0.166699
0.166583
0.166053
0.165543
0.165103
0.165016
0.164633
0.164299
0.164061
0.16402
0.163868
0.163822
0.163867
0.163887
0.164002
0.164188
0.164443
0.164505
0.164823
0.165234
0.165684
0.165788
0.166294
0.166833
0.167335
0.167439
0.168
0.168591
0.16915
0.169264
0.169872
0.170493
0.17104
0.171147
0.171733
0.172319
0.172831
0.172939
0.192519
0.191501
0.191227
0.189896
0.188536
0.187269
0.187017
0.185841
0.184626
0.183479
0.183242
0.182197
0.18111
0.180065
0.179123
0.178904
0.17793
0.176977
0.176112
0.17592
0.175042
0.174172
0.173378
0.173207
0.172415
0.171622
0.170898
0.170743
0.170031
0.169315
0.168663
0.168524
0.167897
0.167269
0.166705
0.166586
0.166061
0.16555
0.16511
0.165019
0.164642
0.164307
0.164067
0.164024
0.163876
0.163826
0.16387
0.163889
0.164003
0.164186
0.164437
0.164503
0.164811
0.165219
0.165665
0.165777
0.166264
0.166797
0.167311
0.167423
0.16796
0.168546
0.169117
0.169239
0.169818
0.170434
0.170999
0.17111
0.171668
0.172247
0.172786
0.172887
0.192517
0.191501
0.191226
0.189894
0.188535
0.187266
0.187013
0.185836
0.184623
0.183474
0.183236
0.18219
0.181104
0.180059
0.179114
0.178896
0.177923
0.17697
0.176105
0.175914
0.175037
0.174168
0.173375
0.173204
0.172413
0.171622
0.170899
0.170745
0.170035
0.169323
0.168673
0.168536
0.167909
0.167286
0.166724
0.166606
0.166083
0.165576
0.165138
0.165049
0.164671
0.164337
0.164095
0.164052
0.163897
0.163841
0.163879
0.163897
0.164003
0.164176
0.164413
0.164475
0.164772
0.165155
0.165579
0.165682
0.16615
0.166654
0.16714
0.167243
0.167771
0.168337
0.168883
0.168996
0.169569
0.170167
0.170704
0.170811
0.171361
0.171926
0.172434
0.172539
0.192516
0.1915
0.191226
0.189894
0.188534
0.187266
0.187013
0.185836
0.184622
0.183473
0.183236
0.182189
0.181103
0.180058
0.179114
0.178895
0.177922
0.176969
0.176105
0.175913
0.175035
0.174167
0.173374
0.173203
0.172412
0.171622
0.1709
0.170746
0.170036
0.169325
0.168675
0.168537
0.167913
0.16729
0.166728
0.16661
0.166088
0.165582
0.165143
0.165053
0.164677
0.164343
0.164099
0.164055
0.163902
0.163844
0.163879
0.163897
0.164002
0.164172
0.164408
0.16447
0.16476
0.165139
0.165561
0.165666
0.166123
0.166623
0.167118
0.167225
0.167734
0.168296
0.168852
0.168966
0.169519
0.170113
0.170667
0.170769
0.171301
0.171863
0.172394
0.172483
0.192517
0.1915
0.191224
0.189892
0.188532
0.187264
0.187009
0.185832
0.184618
0.183469
0.18323
0.182184
0.181097
0.180052
0.179109
0.178889
0.177916
0.176963
0.176099
0.175906
0.175031
0.174162
0.173371
0.173199
0.17241
0.171621
0.1709
0.170745
0.170039
0.169329
0.168682
0.168543
0.167921
0.1673
0.166742
0.166624
0.166105
0.1656
0.165164
0.165074
0.164699
0.164364
0.164119
0.164074
0.163915
0.16385
0.163879
0.163895
0.163992
0.164153
0.164374
0.164434
0.164709
0.165069
0.165468
0.165568
0.166003
0.166479
0.166945
0.167048
0.167542
0.168083
0.16861
0.168722
0.169262
0.169837
0.17036
0.170467
0.170987
0.171531
0.172029
0.172131
0.192513
0.1915
0.191225
0.189892
0.188533
0.187264
0.187011
0.185831
0.184619
0.183469
0.183232
0.182184
0.181097
0.180052
0.179106
0.178888
0.177914
0.176963
0.176097
0.175906
0.175029
0.174162
0.173369
0.1732
0.172409
0.171622
0.1709
0.170747
0.170039
0.169331
0.168682
0.168546
0.167923
0.167305
0.166744
0.166629
0.166108
0.165606
0.165167
0.165079
0.164703
0.16437
0.164122
0.164078
0.163919
0.163851
0.163878
0.163894
0.163989
0.164147
0.164368
0.164424
0.164697
0.165049
0.165451
0.165546
0.165975
0.166444
0.166925
0.167022
0.167499
0.168036
0.16858
0.168684
0.169203
0.169775
0.170324
0.170413
0.170912
0.17146
0.171991
0.172061
0.192516
0.1915
0.191222
0.189891
0.18853
0.187262
0.187006
0.185829
0.184614
0.183466
0.183225
0.182179
0.181092
0.180047
0.179104
0.178883
0.17791
0.176958
0.176094
0.1759
0.175025
0.174158
0.173368
0.173195
0.172407
0.17162
0.170901
0.170745
0.17004
0.169333
0.168689
0.168549
0.167931
0.167312
0.166758
0.166639
0.166122
0.165619
0.165187
0.165095
0.16472
0.164385
0.164138
0.164091
0.163927
0.16385
0.16387
0.163883
0.163972
0.164121
0.164327
0.164383
0.164641
0.164979
0.165353
0.165449
0.165858
0.16631
0.166754
0.166855
0.167321
0.167835
0.168337
0.168447
0.168961
0.169507
0.170009
0.170111
0.17061
0.17113
0.171615
0.171711
0.192512
0.1915
0.191222
0.18989
0.18853
0.187261
0.187005
0.185826
0.184614
0.183463
0.183223
0.182175
0.18109
0.180044
0.179098
0.178879
0.177906
0.176954
0.176089
0.175896
0.175021
0.174155
0.173365
0.173193
0.172405
0.17162
0.1709
0.170746
0.17004
0.169337
0.168692
0.168555
0.167936
0.167321
0.166766
0.166649
0.166133
0.165634
0.1652
0.165111
0.164735
0.1644
0.164148
0.164102
0.163932
0.163848
0.163855
0.163867
0.163949
0.164089
0.164282
0.164333
0.164582
0.1649
0.165255
0.165342
0.165741
0.166169
0.166586
0.166673
0.167131
0.167621
0.168091
0.16819
0.168697
0.169222
0.169693
0.169787
0.170282
0.170787
0.171241
0.171336
0.192513
0.1915
0.191222
0.18989
0.18853
0.187261
0.187005
0.185826
0.184612
0.183463
0.183222
0.182175
0.181088
0.180043
0.1791
0.178878
0.177905
0.176954
0.17609
0.175896
0.17502
0.174155
0.173365
0.173192
0.172405
0.17162
0.170902
0.170746
0.170041
0.169337
0.168695
0.168555
0.167939
0.167323
0.16677
0.166651
0.166136
0.165637
0.165204
0.165113
0.164739
0.164403
0.164152
0.164104
0.163933
0.163846
0.163852
0.163864
0.163943
0.16408
0.164272
0.164324
0.164566
0.164881
0.165233
0.165324
0.165711
0.166136
0.166558
0.166653
0.167091
0.167574
0.168053
0.168155
0.16864
0.16916
0.169646
0.169739
0.170215
0.170715
0.17119
0.171276
0.192513
0.191501
0.191221
0.189889
0.188529
0.18726
0.187003
0.185825
0.18461
0.183461
0.183219
0.182172
0.181086
0.180041
0.179098
0.178875
0.177902
0.176951
0.176088
0.175893
0.175019
0.174153
0.173364
0.17319
0.172404
0.171619
0.170902
0.170746
0.170043
0.16934
0.168699
0.16856
0.167945
0.167331
0.16678
0.166661
0.166149
0.16565
0.165218
0.165127
0.164753
0.164415
0.164161
0.164113
0.163937
0.16384
0.163836
0.163846
0.163917
0.164044
0.164223
0.164272
0.164501
0.164797
0.16513
0.165216
0.165582
0.165981
0.166376
0.166463
0.166881
0.167342
0.167793
0.167892
0.168358
0.168858
0.169319
0.169414
0.169874
0.170362
0.17081
0.170907
0.192508
0.1915
0.191222
0.189889
0.18853
0.18726
0.187005
0.185824
0.184611
0.183461
0.183222
0.182172
0.181086
0.180041
0.179095
0.178875
0.177902
0.176951
0.176086
0.175893
0.175018
0.174153
0.173363
0.173191
0.172403
0.17162
0.170902
0.170748
0.170044
0.169343
0.168699
0.168563
0.167947
0.167335
0.166781
0.166665
0.166151
0.165655
0.165221
0.165132
0.164757
0.164421
0.164163
0.164116
0.163938
0.16384
0.163833
0.163842
0.163911
0.164035
0.164214
0.164261
0.164485
0.164775
0.165109
0.165191
0.165551
0.165944
0.16635
0.166432
0.166836
0.167291
0.167758
0.167846
0.168298
0.168795
0.169278
0.169357
0.169803
0.170292
0.170769
0.170837
0.192512
0.191501
0.19122
0.189889
0.188528
0.18726
0.187001
0.185823
0.184608
0.18346
0.183216
0.18217
0.181084
0.18004
0.179097
0.178873
0.177902
0.17695
0.176088
0.175891
0.175018
0.174152
0.173365
0.173189
0.172405
0.17162
0.170906
0.170748
0.170048
0.169346
0.168708
0.168567
0.167955
0.167343
0.166795
0.166675
0.166164
0.165666
0.165237
0.165144
0.16477
0.164431
0.164174
0.164123
0.163942
0.163834
0.163818
0.163825
0.163885
0.164
0.164164
0.16421
0.16442
0.164694
0.165003
0.165085
0.165423
0.165795
0.166167
0.166253
0.166643
0.167078
0.167508
0.167606
0.168046
0.168522
0.168965
0.169061
0.169501
0.169968
0.170406
0.1705
0.192507
0.191501
0.19122
0.189887
0.188529
0.18726
0.187001
0.185822
0.184609
0.183459
0.183217
0.182168
0.181084
0.180039
0.179093
0.178871
0.1779
0.17695
0.176085
0.17589
0.175017
0.174153
0.173364
0.17319
0.172404
0.171624
0.170908
0.170753
0.170051
0.169353
0.168714
0.168576
0.167963
0.167355
0.166805
0.166688
0.166176
0.165682
0.165251
0.165161
0.164784
0.164445
0.164182
0.164132
0.163944
0.16383
0.163801
0.163805
0.163858
0.163964
0.164114
0.164155
0.164357
0.164614
0.164903
0.164975
0.165303
0.165654
0.166004
0.166079
0.166463
0.166878
0.167284
0.167372
0.167808
0.168263
0.168681
0.192508
0.191501
0.19122
0.189887
0.188529
0.18726
0.187001
0.185822
0.184609
0.18346
0.183216
0.182168
0.181083
0.180039
0.179095
0.178871
0.1779
0.17695
0.176086
0.17589
0.175017
0.174153
0.173365
0.17319
0.172405
0.171625
0.170911
0.170753
0.170053
0.169355
0.168717
0.168577
0.167966
0.167358
0.16681
0.166691
0.166181
0.165686
0.165256
0.165163
0.164788
0.164448
0.164185
0.164134
0.163945
0.163828
0.163798
0.163802
0.163852
0.163955
0.164104
0.164146
0.164341
0.164594
0.164881
0.164957
0.165274
0.165622
0.165978
0.166059
0.166428
0.166838
0.16725
0.167341
0.16776
0.16821
0.192509
0.191501
0.191218
0.189887
0.188528
0.18726
0.186999
0.185821
0.184607
0.183459
0.183214
0.182167
0.181082
0.180039
0.179096
0.17887
0.177899
0.17695
0.176088
0.175889
0.175017
0.174154
0.173368
0.173191
0.172409
0.171628
0.170916
0.170757
0.17006
0.169362
0.168727
0.168585
0.167976
0.167369
0.166824
0.166703
0.166196
0.165701
0.165272
0.165179
0.164804
0.164461
0.164196
0.164142
0.163949
0.163822
0.163783
0.163784
0.163825
0.163918
0.164055
0.164095
0.164276
0.164514
0.164784
0.164855
0.165154
0.165486
0.165819
0.165898
0.166251
0.166644
0.167032
0.167122
0.167524
0.192503
0.1915
0.191221
0.189886
0.18853
0.18726
0.187002
0.185821
0.184609
0.183459
0.183219
0.182168
0.181083
0.180039
0.17909
0.178871
0.177899
0.17695
0.176084
0.175891
0.175017
0.174155
0.173366
0.173194
0.172409
0.171631
0.170915
0.170761
0.170062
0.169366
0.168726
0.168591
0.16798
0.167375
0.166825
0.166709
0.1662
0.165708
0.165274
0.165186
0.164809
0.164468
0.164197
0.164146
0.163952
0.163824
0.16378
0.163782
0.16382
0.163909
0.164047
0.164084
0.164261
0.164492
0.164765
0.164831
0.165125
0.165452
0.165798
0.165868
0.16621
0.166599
0.192509
0.191502
0.191218
0.189887
0.188528
0.187261
0.186998
0.18582
0.184607
0.18346
0.183213
0.182167
0.181081
0.180039
0.179097
0.17887
0.177899
0.176951
0.17609
0.17589
0.175019
0.174158
0.173373
0.173195
0.172415
0.171635
0.170925
0.170765
0.170071
0.169374
0.168741
0.168598
0.167992
0.167386
0.166844
0.166722
0.166217
0.165723
0.165296
0.165201
0.164826
0.164482
0.164214
0.164158
0.163959
0.163822
0.163771
0.163769
0.163796
0.163878
0.164001
0.164038
0.164202
0.164422
0.164671
0.164739
0.165017
0.165329
0.165644
0.16572
0.166052
0.166424
0.192505
0.191503
0.191218
0.189886
0.188529
0.187261
0.186998
0.18582
0.184608
0.18346
0.183213
0.182166
0.181082
0.18004
0.179096
0.17887
0.177901
0.176953
0.176092
0.175893
0.175022
0.174162
0.173377
0.1732
0.172419
0.171643
0.170932
0.170773
0.170078
0.169385
0.168752
0.168611
0.168004
0.167403
0.16686
0.166739
0.166234
0.165744
0.165315
0.165222
0.164845
0.164501
0.164228
0.164172
0.163968
0.163825
0.163762
0.163757
0.163775
0.163846
0.163958
0.163991
0.164145
0.164349
0.164582
0.164643
0.164909
0.165201
0.165497
0.165567
0.165887
0.16624
0.192502
0.191503
0.191219
0.189886
0.18853
0.187261
0.187
0.18582
0.184609
0.18346
0.183215
0.182167
0.181083
0.180041
0.179095
0.178871
0.177901
0.176954
0.176091
0.175894
0.175023
0.174164
0.173378
0.173202
0.172421
0.171645
0.170934
0.170776
0.170082
0.169389
0.168755
0.168615
0.168009
0.167408
0.166864
0.166745
0.166239
0.16575
0.165319
0.165227
0.16485
0.164507
0.164231
0.164176
0.163971
0.163827
0.16376
0.163756
0.16377
0.163839
0.163949
0.163982
0.164132
0.164331
0.164563
0.164625
0.164884
0.165173
0.165475
0.165544
0.165855
0.166204
0.192507
0.191504
0.191217
0.189887
0.188528
0.187263
0.186997
0.185821
0.184607
0.183462
0.183212
0.182167
0.181082
0.180043
0.179102
0.178872
0.177905
0.176957
0.176099
0.175896
0.175029
0.174169
0.173387
0.173207
0.172429
0.171652
0.170945
0.170784
0.170093
0.169399
0.168772
0.168627
0.168026
0.167423
0.166885
0.166761
0.16626
0.165768
0.165343
0.165246
0.164871
0.164524
0.16425
0.164191
0.163982
0.163828
0.163754
0.163746
0.163747
0.163807
0.163908
0.163939
0.164076
0.164263
0.164479
0.164539
0.16478
0.165055
0.165333
0.165404
0.165699
0.166034
0.1925
0.191504
0.191219
0.189886
0.188531
0.187264
0.187
0.185821
0.184611
0.183463
0.183217
0.182168
0.181086
0.180045
0.1791
0.178875
0.177907
0.176962
0.176099
0.175901
0.175031
0.174176
0.173391
0.173215
0.172435
0.171663
0.170953
0.170796
0.170102
0.169415
0.168784
0.168644
0.16804
0.167443
0.166902
0.166783
0.166279
0.165792
0.165363
0.165271
0.164892
0.164546
0.164265
0.164208
0.163992
0.163833
0.163747
0.163737
0.163729
0.16378
0.163869
0.163895
0.164026
0.164199
0.164398
0.16445
0.164684
0.16494
0.165203
0.165263
0.165554
0.16587
0.192502
0.191505
0.191218
0.189887
0.188531
0.187264
0.186999
0.185821
0.184611
0.183464
0.183215
0.182169
0.181087
0.180046
0.179104
0.178875
0.177908
0.176963
0.176103
0.175902
0.175034
0.174178
0.173395
0.173216
0.172438
0.171666
0.170959
0.170797
0.170107
0.169418
0.16879
0.168647
0.168045
0.167448
0.166909
0.166787
0.166285
0.165798
0.165369
0.165275
0.164898
0.164551
0.16427
0.164211
0.163995
0.163834
0.163746
0.163735
0.163724
0.163773
0.16386
0.163887
0.164013
0.164182
0.16438
0.164435
0.16466
0.164914
0.16518
0.165244
0.165523
0.165836
0.192505
0.191507
0.191217
0.189887
0.18853
0.187266
0.186998
0.185822
0.184611
0.183467
0.183215
0.182171
0.181088
0.180049
0.179109
0.178878
0.177912
0.176967
0.17611
0.175906
0.175041
0.174184
0.173405
0.173223
0.172448
0.171675
0.170971
0.170808
0.170121
0.169432
0.168807
0.168662
0.168064
0.167466
0.166931
0.166807
0.166308
0.16582
0.165395
0.165297
0.164921
0.164571
0.16429
0.164228
0.164009
0.163838
0.163743
0.163729
0.163705
0.163744
0.163823
0.163847
0.16396
0.164117
0.164302
0.164353
0.164563
0.164803
0.16505
0.165113
0.165377
0.165676
0.192495
0.191506
0.19122
0.189887
0.188534
0.187266
0.187003
0.185822
0.184615
0.183467
0.183223
0.182173
0.181092
0.180052
0.179104
0.178881
0.177915
0.176972
0.176109
0.175913
0.175045
0.174192
0.173407
0.173233
0.172454
0.171687
0.170979
0.170823
0.170131
0.169448
0.168819
0.168683
0.16808
0.167488
0.166948
0.166832
0.166329
0.165845
0.165415
0.165325
0.164943
0.164594
0.164306
0.164248
0.164021
0.163847
0.163739
0.163723
0.163691
0.16372
0.163786
0.163806
0.163916
0.164061
0.16423
0.164273
0.164478
0.164704
0.164936
0.164985
0.16525
0.165534
0.192503
0.191508
0.191217
0.189888
0.188532
0.187268
0.186999
0.185823
0.184613
0.183469
0.183217
0.182173
0.181092
0.180053
0.179113
0.178882
0.177917
0.176974
0.176117
0.175913
0.175048
0.174194
0.173414
0.173233
0.172459
0.171689
0.170986
0.170824
0.170137
0.169452
0.168828
0.168683
0.168087
0.167493
0.166958
0.166834
0.166337
0.16585
0.165424
0.165327
0.16495
0.164599
0.164313
0.16425
0.164025
0.163847
0.163739
0.163722
0.163686
0.163711
0.163778
0.163799
0.163902
0.164044
0.164212
0.16426
0.164454
0.164677
0.164911
0.16497
0.165218
0.165499
0.192503
0.191508
0.191218
0.189889
0.188533
0.187268
0.187
0.185824
0.184615
0.18347
0.183219
0.182175
0.181094
0.180056
0.179116
0.178885
0.177921
0.176978
0.176122
0.175919
0.175055
0.174201
0.173423
0.173241
0.172469
0.1717
0.170999
0.170836
0.170151
0.169467
0.168845
0.168701
0.168105
0.167513
0.166979
0.166857
0.16636
0.165875
0.165449
0.165352
0.164975
0.164622
0.164333
0.164269
0.16404
0.163855
0.163739
0.16372
0.163672
0.163685
0.163743
0.163763
0.163856
0.163987
0.164143
0.164188
0.164369
0.164579
0.164798
0.164854
0.165091
0.165358
0.192495
0.191506
0.191221
0.189888
0.188535
0.187267
0.187005
0.185825
0.184617
0.18347
0.183226
0.182176
0.181096
0.180056
0.17911
0.178887
0.177922
0.17698
0.176117
0.175922
0.175057
0.174204
0.17342
0.173246
0.172471
0.171704
0.170997
0.170842
0.170155
0.169473
0.168845
0.168709
0.168111
0.167521
0.166981
0.166866
0.166366
0.165884
0.165452
0.165362
0.164982
0.16463
0.164335
0.164277
0.164045
0.16386
0.163739
0.163721
0.163671
0.16368
0.163737
0.163754
0.163844
0.163972
0.164131
0.164171
0.164349
0.164556
0.164783
0.164832
0.165063
0.165328
0.192505
0.191508
0.191218
0.189889
0.188533
0.187269
0.187001
0.185826
0.184616
0.183472
0.183221
0.182177
0.181097
0.180059
0.179121
0.17889
0.177926
0.176984
0.176129
0.175926
0.175063
0.17421
0.173433
0.173252
0.172482
0.171713
0.171013
0.170852
0.17017
0.169486
0.168866
0.168722
0.16813
0.167538
0.167007
0.166884
0.166389
0.165904
0.16548
0.165382
0.165004
0.164649
0.164359
0.164294
0.164059
0.163867
0.163743
0.16372
0.16366
0.16366
0.163709
0.163726
0.163807
0.163926
0.16407
0.164111
0.164279
0.164476
0.164682
0.164736
0.164958
0.165212
0.192504
0.191507
0.191219
0.18989
0.188534
0.187269
0.187003
0.185827
0.184618
0.183473
0.183223
0.18218
0.1811
0.180062
0.179123
0.178894
0.17793
0.176988
0.176133
0.175932
0.175069
0.174217
0.17344
0.173261
0.172491
0.171724
0.171024
0.170865
0.170182
0.169501
0.168881
0.16874
0.168147
0.167558
0.167027
0.166906
0.166412
0.165928
0.165502
0.165406
0.165028
0.164672
0.164378
0.164314
0.164076
0.163879
0.163746
0.163722
0.163654
0.163643
0.163683
0.163698
0.163773
0.163882
0.164016
0.164054
0.16421
0.164395
0.164591
0.164641
0.164854
0.165097
0.192498
0.191505
0.191222
0.189889
0.188536
0.187268
0.187007
0.185827
0.18462
0.183473
0.183229
0.182181
0.181101
0.180062
0.179117
0.178896
0.177931
0.176989
0.176129
0.175935
0.175071
0.174219
0.173438
0.173266
0.172493
0.171728
0.171024
0.17087
0.170186
0.169507
0.168882
0.168747
0.168153
0.167566
0.167029
0.166915
0.166418
0.165936
0.165505
0.165415
0.165035
0.164681
0.164381
0.164321
0.164081
0.163884
0.163746
0.163724
0.163654
0.16364
0.163678
0.163692
0.163764
0.16387
0.164006
0.16404
0.164195
0.164378
0.164579
0.164623
0.164832
0.165072
0.192506
0.191507
0.19122
0.189891
0.188535
0.18727
0.187004
0.185829
0.184619
0.183475
0.183226
0.182183
0.181103
0.180065
0.179127
0.178899
0.177935
0.176994
0.17614
0.175939
0.175078
0.174226
0.17345
0.173272
0.172503
0.171737
0.171039
0.17088
0.170201
0.16952
0.168903
0.168762
0.168171
0.167583
0.167054
0.166933
0.16644
0.165956
0.165532
0.165436
0.165057
0.1647
0.164404
0.164339
0.164097
0.163893
0.163754
0.163728
0.16365
0.163627
0.163658
0.163672
0.163737
0.163836
0.163958
0.163994
0.16414
0.164315
0.164499
0.164547
0.164749
0.164979
0.192507
0.191506
0.191221
0.189891
0.188535
0.18727
0.187006
0.185831
0.18462
0.183476
0.183228
0.182186
0.181105
0.180068
0.17913
0.178903
0.17794
0.176998
0.176145
0.175946
0.175085
0.174233
0.173459
0.173282
0.172514
0.171748
0.171052
0.170894
0.170215
0.169535
0.16892
0.168779
0.16819
0.167602
0.167075
0.166955
0.166463
0.165979
0.165556
0.16546
0.165081
0.164722
0.164425
0.16436
0.164115
0.163907
0.163762
0.163734
0.163649
0.163617
0.163641
0.163652
0.16371
0.163802
0.163917
0.16395
0.164087
0.164253
0.164429
0.164474
0.164667
0.164888
0.192502
0.191505
0.191224
0.189892
0.188538
0.18727
0.187011
0.185832
0.184624
0.183478
0.183236
0.182189
0.181109
0.180071
0.179129
0.178908
0.177944
0.177004
0.176147
0.175954
0.17509
0.174241
0.173464
0.173293
0.172522
0.17176
0.171061
0.170909
0.170226
0.169551
0.168932
0.168799
0.168205
0.167622
0.167092
0.166979
0.166483
0.166003
0.165576
0.165487
0.165103
0.164746
0.164444
0.164383
0.164132
0.163923
0.16377
0.163742
0.163651
0.163612
0.163626
0.163634
0.163689
0.163774
0.163882
0.16391
0.164044
0.164201
0.164369
0.164408
0.1646
0.164813
0.192507
0.191506
0.191222
0.189892
0.188537
0.187271
0.187009
0.185833
0.184624
0.183479
0.183233
0.18219
0.18111
0.180072
0.179134
0.178909
0.177946
0.177006
0.176152
0.175955
0.175094
0.174244
0.173469
0.173295
0.172526
0.171763
0.171066
0.170911
0.170231
0.169556
0.16894
0.168801
0.168213
0.167628
0.167099
0.166982
0.166491
0.166009
0.165584
0.16549
0.16511
0.164752
0.164451
0.164386
0.164138
0.163926
0.163773
0.163745
0.163652
0.16361
0.163623
0.163631
0.163682
0.163766
0.163873
0.163903
0.164031
0.164187
0.164357
0.1644
0.164583
0.164794
0.192511
0.191507
0.191222
0.189894
0.188536
0.187272
0.18701
0.185835
0.184624
0.183481
0.183235
0.182193
0.181113
0.180076
0.17914
0.178914
0.177952
0.177012
0.17616
0.175962
0.175103
0.174252
0.17348
0.173304
0.172538
0.171774
0.171081
0.170924
0.170249
0.16957
0.168958
0.168819
0.168233
0.167646
0.167122
0.167004
0.166514
0.166031
0.165609
0.165514
0.165135
0.164774
0.164474
0.164408
0.164158
0.16394
0.163786
0.163755
0.163656
0.163605
0.163613
0.16362
0.163665
0.163742
0.163842
0.163871
0.163992
0.164141
0.164301
0.164343
0.164519
0.164724
0.192507
0.191506
0.191225
0.189894
0.188539
0.187273
0.187013
0.185837
0.184629
0.183484
0.183241
0.182197
0.181118
0.18008
0.179142
0.17892
0.177957
0.177018
0.176164
0.17597
0.175109
0.174261
0.173488
0.173316
0.172548
0.171787
0.171092
0.17094
0.170261
0.169588
0.168973
0.168839
0.168249
0.167668
0.167141
0.167027
0.166535
0.166056
0.165631
0.16554
0.165157
0.164799
0.164494
0.16443
0.164177
0.163959
0.163797
0.163766
0.163662
0.163606
0.163604
0.163609
0.16365
0.163722
0.163816
0.163842
0.163958
0.1641
0.164254
0.164291
0.164464
0.16466
0.192506
0.191506
0.191225
0.189895
0.18854
0.187273
0.187014
0.185838
0.18463
0.183484
0.183242
0.182198
0.181119
0.180082
0.179142
0.178922
0.177959
0.17702
0.176165
0.175972
0.175113
0.174264
0.173489
0.173319
0.172552
0.171792
0.171095
0.170943
0.170266
0.169593
0.168977
0.168843
0.168256
0.167675
0.167147
0.167033
0.166542
0.166064
0.165636
0.165546
0.165165
0.164806
0.164499
0.164436
0.164183
0.163964
0.1638
0.16377
0.163665
0.163607
0.163602
0.163607
0.163646
0.163716
0.16381
0.163835
0.163949
0.16409
0.164246
0.164283
0.164451
0.164645
0.192512
0.191507
0.191225
0.189896
0.188539
0.187275
0.187014
0.18584
0.184631
0.183488
0.183243
0.182202
0.181122
0.180087
0.179151
0.178927
0.177966
0.177027
0.176176
0.17598
0.175122
0.174273
0.173502
0.173329
0.172564
0.171804
0.171112
0.170957
0.170283
0.169608
0.168997
0.16886
0.168276
0.167693
0.16717
0.167054
0.166565
0.166084
0.165662
0.165568
0.165188
0.164826
0.164523
0.164456
0.164202
0.163978
0.163814
0.163781
0.16367
0.163606
0.163596
0.163601
0.163635
0.1637
0.163786
0.163811
0.163919
0.164054
0.1642
0.164238
0.164401
0.164589
0.192513
0.191507
0.191226
0.189897
0.188541
0.187276
0.187017
0.185843
0.184634
0.183491
0.183248
0.182207
0.181127
0.180092
0.179157
0.178934
0.177973
0.177034
0.176184
0.175989
0.175132
0.174283
0.173513
0.173341
0.172577
0.171817
0.171126
0.170972
0.170299
0.169625
0.169015
0.168879
0.168296
0.167713
0.167191
0.167076
0.166587
0.166107
0.165685
0.165592
0.165211
0.164848
0.164543
0.164477
0.16422
0.163994
0.163826
0.163792
0.163677
0.163606
0.16359
0.163592
0.163622
0.163682
0.163763
0.163786
0.163889
0.164017
0.164157
0.164193
0.16435
0.164531
0.19251
0.191507
0.191228
0.189898
0.188544
0.187278
0.187022
0.185846
0.184638
0.183494
0.183255
0.182212
0.181133
0.180097
0.17916
0.178941
0.17798
0.177042
0.17619
0.175999
0.175139
0.174294
0.173523
0.173354
0.172588
0.17183
0.171137
0.170988
0.170312
0.169641
0.16903
0.168899
0.168312
0.167733
0.167208
0.167097
0.166606
0.166128
0.165703
0.165614
0.16523
0.164869
0.164559
0.164496
0.164235
0.164008
0.163834
0.1638
0.16368
0.163605
0.16358
0.163581
0.163606
0.163661
0.163737
0.163758
0.163858
0.163979
0.164113
0.164146
0.1643
0.164475
0.192511
0.191507
0.191228
0.189899
0.188544
0.187279
0.187022
0.185847
0.184639
0.183495
0.183255
0.182213
0.181135
0.180099
0.179162
0.178943
0.177982
0.177044
0.176192
0.176001
0.175144
0.174297
0.173525
0.173357
0.172593
0.171835
0.171142
0.170992
0.170317
0.169647
0.169034
0.168903
0.168319
0.167739
0.167214
0.167102
0.166613
0.166135
0.165708
0.165618
0.165237
0.164874
0.164563
0.1645
0.16424
0.164011
0.163835
0.163802
0.163681
0.163603
0.163577
0.163578
0.1636
0.163654
0.16373
0.163751
0.163847
0.163967
0.164104
0.164136
0.164284
0.164458
0.192515
0.191507
0.191228
0.1899
0.188544
0.187281
0.187023
0.18585
0.184641
0.183499
0.183258
0.182218
0.18114
0.180105
0.179171
0.17895
0.177991
0.177053
0.176204
0.176011
0.175155
0.174307
0.173539
0.173368
0.172606
0.171847
0.171157
0.171005
0.170333
0.169661
0.169052
0.168918
0.168336
0.167754
0.167232
0.167118
0.16663
0.16615
0.165727
0.165634
0.165252
0.164887
0.164577
0.16451
0.164249
0.164016
0.163839
0.163804
0.163678
0.163594
0.163563
0.163561
0.163578
0.163628
0.163697
0.163718
0.16381
0.163925
0.164051
0.164083
0.164226
0.164394
0.192517
0.191508
0.19123
0.189902
0.188546
0.187283
0.187026
0.185854
0.184645
0.183504
0.183263
0.182224
0.181146
0.180112
0.179179
0.178958
0.177999
0.177061
0.176213
0.176021
0.175165
0.174318
0.17355
0.17338
0.172618
0.171859
0.17117
0.171018
0.170346
0.169673
0.169065
0.168932
0.168349
0.167767
0.167245
0.167131
0.166643
0.166161
0.165737
0.165644
0.165261
0.164894
0.164582
0.164515
0.164251
0.164014
0.163832
0.163796
0.163665
0.163575
0.163537
0.163533
0.163544
0.163589
0.163652
0.163672
0.16376
0.163868
0.163987
0.164017
0.164154
0.164315
0.192516
0.191508
0.191232
0.189903
0.188549
0.187286
0.187031
0.185858
0.184651
0.183508
0.18327
0.18223
0.181153
0.180119
0.179185
0.178967
0.178007
0.17707
0.176221
0.176031
0.175173
0.174328
0.173559
0.173391
0.172627
0.171869
0.171178
0.171029
0.170354
0.169683
0.169071
0.168941
0.168355
0.167775
0.167249
0.167137
0.166646
0.166165
0.165736
0.165646
0.165259
0.16489
0.164572
0.164507
0.164239
0.163999
0.163809
0.163772
0.163638
0.163541
0.163494
0.16349
0.163495
0.163533
0.163591
0.163608
0.163693
0.163794
0.163905
0.163932
0.164065
0.164218
0.192514
0.191508
0.191233
0.189904
0.18855
0.187286
0.187033
0.185859
0.184653
0.18351
0.183273
0.182232
0.181156
0.180121
0.179184
0.178969
0.17801
0.177073
0.17622
0.176034
0.175177
0.174331
0.173559
0.173394
0.17263
0.171872
0.171179
0.171032
0.170356
0.169685
0.169072
0.168944
0.168356
0.167776
0.167248
0.167139
0.166646
0.166164
0.165733
0.165646
0.165255
0.164885
0.164568
0.164505
0.164231
0.163989
0.163802
0.163767
0.163624
0.163524
0.163481
0.163478
0.163472
0.163508
0.163574
0.163591
0.163665
0.163763
0.163884
0.163909
0.164029
0.16418
0.192517
0.191509
0.191233
0.189906
0.188552
0.187289
0.187035
0.185863
0.184657
0.183515
0.183278
0.182239
0.181163
0.180128
0.179194
0.178977
0.178018
0.177081
0.176231
0.176042
0.175185
0.174338
0.173567
0.1734
0.172636
0.171876
0.171184
0.171035
0.170359
0.169685
0.169072
0.16894
0.168353
0.167769
0.167242
0.16713
0.166635
0.166149
0.165718
0.165627
0.165235
0.16486
0.164541
0.164474
0.164197
0.16395
0.163756
0.163719
0.163571
0.163465
0.163412
0.163406
0.163397
0.163427
0.163482
0.163499
0.163571
0.163662
0.163768
0.163793
0.163911
0.164054
0.19252
0.19151
0.191234
0.189908
0.188554
0.187292
0.187039
0.185868
0.184662
0.183521
0.183283
0.182246
0.181169
0.180135
0.179203
0.178985
0.178025
0.177086
0.176237
0.176047
0.17519
0.17434
0.173569
0.173401
0.172635
0.171872
0.171178
0.171028
0.170351
0.169673
0.169058
0.168925
0.168336
0.167747
0.167217
0.167103
0.166606
0.166115
0.16568
0.165587
0.165192
0.164812
0.164486
0.164417
0.164137
0.163883
0.163681
0.163641
0.163488
0.163374
0.163308
0.163301
0.163286
0.16331
0.163356
0.163371
0.16344
0.163523
0.163617
0.16364
0.163753
0.163888
0.192522
0.191511
0.191236
0.18991
0.188557
0.187296
0.187043
0.185873
0.184667
0.183527
0.18329
0.182253
0.181176
0.180141
0.179208
0.17899
0.17803
0.177088
0.176237
0.176047
0.175188
0.174334
0.17356
0.173392
0.172624
0.171855
0.171157
0.171007
0.170327
0.169644
0.169023
0.16889
0.168298
0.167703
0.167167
0.167053
0.166552
0.166054
0.165612
0.165518
0.165119
0.164732
0.164398
0.164327
0.164042
0.163779
0.163567
0.163526
0.163366
0.163241
0.163165
0.163154
0.163131
0.163147
0.163185
0.163198
0.163262
0.163336
0.163419
0.163439
0.163544
0.16367
0.192521
0.191512
0.191238
0.189912
0.18856
0.1873
0.187048
0.185879
0.184673
0.183533
0.183297
0.182259
0.181181
0.180144
0.179208
0.178991
0.178028
0.177083
0.176228
0.176038
0.175174
0.174316
0.173536
0.173368
0.172595
0.171821
0.171116
0.170966
0.17028
0.169591
0.168962
0.168829
0.168232
0.167631
0.167084
0.166969
0.166464
0.16596
0.165507
0.165413
0.165008
0.164614
0.164268
0.164196
0.163905
0.163633
0.163409
0.163365
0.163198
0.163062
0.162972
0.162958
0.162928
0.162931
0.162961
0.162972
0.163032
0.163096
0.163167
0.163183
0.163281
0.163397
0.192521
0.191513
0.19124
0.189915
0.188564
0.187305
0.187054
0.185885
0.184679
0.183538
0.183303
0.182262
0.181182
0.180141
0.1792
0.178984
0.178017
0.177066
0.176203
0.176014
0.175146
0.17428
0.17349
0.173323
0.172544
0.171762
0.171045
0.170896
0.170205
0.169508
0.168865
0.168733
0.168132
0.167523
0.166961
0.166847
0.166339
0.165827
0.165358
0.165263
0.164856
0.164453
0.16409
0.164017
0.163723
0.163441
0.163198
0.163152
0.162982
0.162835
0.162724
0.162707
0.162673
0.162666
0.162678
0.162687
0.162749
0.162804
0.162855
0.162868
0.162965
0.163072
0.192521
0.191514
0.191243
0.189918
0.188568
0.187309
0.18706
0.185889
0.184683
0.183539
0.183304
0.182259
0.181177
0.180128
0.17918
0.178965
0.177993
0.177031
0.176156
0.175969
0.175097
0.174217
0.173412
0.173246
0.172467
0.17167
0.170935
0.170787
0.170097
0.169386
0.168724
0.168594
0.167993
0.167373
0.166791
0.166678
0.166171
0.165649
0.165157
0.165062
0.164658
0.164246
0.163858
0.163784
0.163493
0.163203
0.162932
0.162883
0.162716
0.16256
0.162418
0.162396
0.162366
0.162349
0.162334
0.162339
0.162413
0.16246
0.162483
0.162491
0.1626
0.162699
0.192523
0.191514
0.191243
0.189919
0.18857
0.18731
0.18706
0.185891
0.184684
0.183539
0.183304
0.182258
0.181171
0.180124
0.179178
0.178959
0.177977
0.177018
0.176152
0.175958
0.175067
0.174193
0.173402
0.17323
0.172424
0.171632
0.170919
0.170765
0.170042
0.169333
0.1687
0.168565
0.167927
0.167306
0.166758
0.166642
0.166094
0.165568
0.165114
0.16502
0.164571
0.164151
0.163804
0.163734
0.163394
0.163093
0.162867
0.162824
0.162604
0.162435
0.162339
0.162325
0.162236
0.162208
0.162241
0.162253
0.16227
0.162309
0.162383
0.162394
0.162444
0.16254
0.192525
0.191516
0.191245
0.189923
0.188573
0.187313
0.187063
0.185892
0.184682
0.183531
0.183296
0.182244
0.181149
0.180091
0.179137
0.178914
0.177923
0.17695
0.176072
0.175875
0.174975
0.174084
0.173281
0.173105
0.172292
0.171484
0.170758
0.170602
0.169873
0.16915
0.168504
0.168365
0.167723
0.167089
0.166528
0.166409
0.165858
0.165321
0.164854
0.164757
0.164304
0.163874
0.163511
0.163438
0.163094
0.162784
0.162538
0.16249
0.162266
0.162086
0.161968
0.16195
0.161855
0.161814
0.161825
0.161835
0.161853
0.161886
0.161942
0.161951
0.162004
0.162092
0.192527
0.191518
0.191247
0.189926
0.188576
0.187314
0.187064
0.185889
0.184671
0.183511
0.183274
0.182212
0.181107
0.180032
0.179065
0.178838
0.177836
0.176842
0.175949
0.175749
0.174837
0.173927
0.17311
0.172931
0.172108
0.171283
0.170544
0.170385
0.169649
0.168912
0.168253
0.168113
0.167465
0.16682
0.166247
0.166126
0.16557
0.165024
0.164544
0.164445
0.163989
0.16355
0.163174
0.163097
0.162749
0.162429
0.162167
0.162117
0.161887
0.161694
0.161558
0.161536
0.161432
0.161376
0.161368
0.161374
0.161389
0.161417
0.161464
0.161472
0.161526
0.16161
0.192529
0.19152
0.19125
0.189929
0.188577
0.187309
0.187058
0.185875
0.184646
0.183471
0.183231
0.182154
0.181034
0.179936
0.178951
0.178721
0.177703
0.176685
0.175774
0.175571
0.174645
0.173715
0.172882
0.172701
0.171866
0.171027
0.170275
0.170114
0.16937
0.168623
0.167953
0.167812
0.167159
0.166507
0.165925
0.165803
0.165244
0.164692
0.164204
0.164104
0.163644
0.163199
0.162815
0.162736
0.162384
0.162055
0.161785
0.161731
0.161494
0.16129
0.161142
0.161115
0.161001
0.160929
0.160907
0.16091
0.160915
0.160938
0.160986
0.160995
0.161052
0.161138
0.192531
0.191522
0.191252
0.18993
0.188571
0.187293
0.187041
0.185843
0.184597
0.1834
0.183156
0.182057
0.180917
0.179791
0.178784
0.17855
0.177513
0.17647
0.17554
0.175334
0.174392
0.173445
0.172598
0.172415
0.17157
0.170721
0.169958
0.169798
0.169048
0.168297
0.167621
0.167481
0.166827
0.166173
0.165588
0.165467
0.164909
0.164357
0.163869
0.163768
0.16331
0.162863
0.16248
0.1624
0.162047
0.161713
0.161443
0.161386
0.161145
0.160931
0.16078
0.16075
0.160625
0.160538
0.16051
0.160508
0.1605
0.160517
0.160574
0.160587
0.160649
0.160747
0.192532
0.191522
0.191253
0.189925
0.188555
0.187259
0.187002
0.185784
0.184512
0.183285
0.183035
0.18191
0.180743
0.179587
0.178555
0.178317
0.177256
0.176195
0.175246
0.175039
0.174082
0.173126
0.172268
0.172086
0.171235
0.170386
0.16962
0.169461
0.168713
0.167968
0.167297
0.167158
0.166511
0.165868
0.165292
0.165172
0.164624
0.164082
0.163608
0.163508
0.163058
0.162619
0.16225
0.162171
0.161824
0.161492
0.161234
0.161178
0.160937
0.160719
0.160576
0.160545
0.160412
0.160315
0.160291
0.160285
0.160262
0.160278
0.160356
0.160372
0.160436
0.160554
0.192532
0.191519
0.191249
0.189909
0.188519
0.187194
0.186933
0.185684
0.184378
0.183113
0.182857
0.1817
0.1805
0.179318
0.178262
0.178022
0.176937
0.175867
0.174907
0.1747
0.173734
0.172784
0.171927
0.171748
0.170901
0.170069
0.169317
0.169162
0.168427
0.167708
0.16706
0.166926
0.166297
0.165684
0.16514
0.165025
0.164497
0.163984
0.163545
0.16345
0.16302
0.162605
0.162274
0.162198
0.161866
0.161551
0.161329
0.161274
0.16104
0.16083
0.160718
0.160686
0.160549
0.160452
0.16045
0.160441
0.160405
0.160436
0.160554
0.160576
0.160643
0.16079
0.19253
0.191509
0.191236
0.189875
0.188453
0.187087
0.186818
0.185529
0.184181
0.182874
0.18261
0.181423
0.18019
0.17899
0.177919
0.177679
0.176579
0.175519
0.174565
0.174362
0.173401
0.172484
0.171653
0.171482
0.170655
0.169875
0.169165
0.16902
0.168318
0.167658
0.167067
0.166943
0.166354
0.165803
0.165327
0.165223
0.164736
0.164282
0.16392
0.163833
0.163441
0.163077
0.162825
0.162755
0.162453
0.162178
0.162032
0.161981
0.161764
0.161581
0.161538
0.161506
0.161371
0.161289
0.161343
0.161332
0.161286
0.161354
0.161557
0.161591
0.161668
0.161861
0.192525
0.191484
0.191207
0.189812
0.188341
0.186922
0.186643
0.185306
0.183912
0.182569
0.182298
0.181089
0.17983
0.178639
0.177576
0.17734
0.17624
0.175238
0.174324
0.174133
0.173201
0.172376
0.171615
0.171461
0.170686
0.170019
0.169406
0.169279
0.168645
0.168108
0.167635
0.16753
0.167014
0.166584
0.166244
0.166156
0.165744
0.165401
0.165186
0.165113
0.164789
0.16452
0.164419
0.16436
0.164112
0.163912
0.163912
0.163868
0.163685
0.163557
0.163647
0.163618
0.163495
0.163449
0.163621
0.163607
0.163553
0.163697
0.164057
0.164112
0.164209
0.16449
0.192512
0.191437
0.191152
0.189704
0.188168
0.186689
0.186399
0.185015
0.18358
0.182227
0.181953
0.18075
0.179484
0.178373
0.177367
0.177149
0.176073
0.175238
0.174432
0.174271
0.173411
0.172801
0.172192
0.172073
0.171408
0.170982
0.170559
0.170469
0.169966
0.169675
0.169423
0.169351
0.168976
0.168776
0.168679
0.16862
0.168347
0.168209
0.168255
0.168204
0.168005
0.167904
0.16807
0.168027
0.16788
0.167805
0.168069
0.168033
0.167918
0.16788
0.168216
0.168187
0.168093
0.168112
0.168501
0.168482
0.16842
0.168692
0.169329
0.169416
0.169546
0.169981
0.192488
0.191356
0.191059
0.189539
0.187926
0.186402
0.186103
0.184695
0.183246
0.181961
0.181693
0.180576
0.179339
0.178476
0.177622
0.177463
0.176466
0.176028
0.175444
0.175364
0.174693
0.174527
0.174189
0.174159
0.173773
0.173809
0.17368
0.173677
0.173511
0.173674
0.173728
0.17373
0.173723
0.17394
0.174153
0.174147
0.174248
0.174472
0.174829
0.17481
0.174968
0.175162
0.175631
0.175597
0.17577
0.175921
0.176468
0.176422
0.176577
0.176702
0.177288
0.177238
0.17735
0.177484
0.178081
0.178034
0.178117
0.178604
0.179541
0.17966
0.179991
0.180675
0.19245
0.191246
0.190935
0.189336
0.187655
0.186142
0.185847
0.184489
0.183144
0.182045
0.181799
0.180941
0.180018
0.17951
0.17896
0.178963
0.178509
0.17854
0.178303
0.178427
0.178574
0.178899
0.178863
0.179054
0.179723
0.180269
0.180319
0.18052
0.181566
0.18228
0.182334
0.182498
0.18379
0.184609
0.184631
0.184727
0.186155
0.187002
0.186999
0.187014
0.188494
0.189291
0.189266
0.1892
0.190664
0.191359
0.191313
0.191186
0.19258
0.193159
0.193082
0.192925
0.194209
0.194692
0.194572
0.194428
0.195612
0.196514
0.196886
0.197016
0.198578
0.199592
0.192375
0.191041
0.190715
0.189098
0.187563
0.186438
0.186228
0.18552
0.184913
0.185203
0.185177
0.185659
0.185728
0.187629
0.188847
0.18921
0.189695
0.192773
0.194685
0.195128
0.195872
0.199466
0.201888
0.202327
0.203205
0.206751
0.20952
0.209904
0.210729
0.213869
0.216908
0.217236
0.217915
0.220487
0.223685
0.223961
0.224369
0.226312
0.229544
0.229779
0.22988
0.231286
0.234443
0.234644
0.234417
0.235407
0.238387
0.238548
0.23799
0.238703
0.24144
0.241548
0.240682
0.241251
0.243727
0.24376
0.242708
0.244012
0.247186
0.247418
0.247018
0.248496
0.192408
0.191238
0.190974
0.190007
0.189775
0.190944
0.191151
0.193247
0.195278
0.200398
0.201037
0.205543
0.207562
0.216137
0.221118
0.222409
0.223889
0.233705
0.238979
0.240078
0.241309
0.250377
0.255623
0.256487
0.257613
0.265028
0.270115
0.270764
0.271571
0.27721
0.282187
0.282688
0.283099
0.287073
0.291983
0.292386
0.292303
0.294822
0.299625
0.299961
0.299372
0.30076
0.305417
0.305701
0.304616
0.305224
0.309657
0.309889
0.30833
0.308501
0.312648
0.312812
0.310798
0.310856
0.314686
0.314752
0.312375
0.313506
0.318092
0.318309
0.316533
0.318166
0.193136
0.193621
0.193798
0.196778
0.203408
0.211606
0.213118
0.22392
0.237921
0.247515
0.249264
0.261166
0.275133
0.2834
0.291955
0.294626
0.307534
0.312542
0.319138
0.32094
0.331536
0.334546
0.339284
0.340411
0.347947
0.350559
0.353788
0.354503
0.359869
0.362223
0.364221
0.364683
0.368592
0.37076
0.371724
0.372012
0.374911
0.376889
0.376987
0.377143
0.379376
0.381221
0.380651
0.38071
0.382539
0.384255
0.383221
0.383205
0.384832
0.386384
0.385063
0.384993
0.386584
0.387897
0.386445
0.386346
0.388112
0.389802
0.389197
0.389297
0.392083
0.393451
0.226004
0.271178
0.280299
0.332334
0.378228
0.407315
0.412336
0.434793
0.456019
0.462792
0.464483
0.471744
0.487636
0.480874
0.483228
0.483651
0.492423
0.486455
0.486938
0.487021
0.490003
0.487403
0.487095
0.487058
0.488188
0.486796
0.486278
0.486223
0.486837
0.486082
0.485528
0.48548
0.485983
0.485743
0.485122
0.485084
0.485696
0.485964
0.485435
0.485427
0.486236
0.487003
0.486522
0.486544
0.487666
0.488949
0.488547
0.488606
0.490103
0.491848
0.491541
0.491641
0.493586
0.495635
0.495495
0.495647
0.498149
0.500461
0.501059
0.5014
0.505297
0.508285
)
;

boundaryField
{
    inlet
    {
        type            turbulentIntensityKineticEnergyInlet;
        intensity       0.03;
        value           uniform 0.0719415;
    }
    outlet
    {
        type            zeroGradient;
    }
    front
    {
        type            empty;
    }
    back
    {
        type            empty;
    }
    hub
    {
        type            fixedValue;
        value           nonuniform List<scalar> 
72
(
0.427972
0.427972
0.427972
0.328653
0.287255
0.287255
0.287255
0.270302
0.270302
0.258093
0.258093
0.258093
0.248268
0.239798
0.239798
0.239798
0.232499
0.232499
0.226297
0.226297
0.226297
0.220552
0.215429
0.215429
0.215429
0.210358
0.210358
0.210358
0.205551
0.205551
0.200426
0.200426
0.195371
0.195371
0.18942
0.18942
0.18942
0.183602
0.183602
0.183602
0.17574
0.17574
0.168591
0.168591
0.156951
0.156951
0.147846
0.147846
0.147846
0.1283
0.1283
0.1283
0.116857
0.0802319
0.0802319
0.0802319
0.0612403
0.0612403
0.0114799
0.0114799
0.0114799
0.0489088
0.133869
0.133869
0.133869
0.129872
0.129872
0.129872
0.124628
0.124628
0.147282
0.147282
)
;
    }
    tip
    {
        type            kqRWallFunction;
        value           nonuniform List<scalar> 
62
(
0.226004
0.271178
0.280299
0.332334
0.378228
0.407315
0.412336
0.434793
0.456019
0.462792
0.464483
0.471744
0.487636
0.480874
0.483228
0.483651
0.492423
0.486455
0.486938
0.487021
0.490003
0.487403
0.487095
0.487058
0.488188
0.486796
0.486278
0.486223
0.486837
0.486082
0.485528
0.48548
0.485983
0.485743
0.485122
0.485084
0.485696
0.485964
0.485435
0.485427
0.486236
0.487003
0.486522
0.486544
0.487666
0.488949
0.488547
0.488606
0.490103
0.491848
0.491541
0.491641
0.493586
0.495635
0.495495
0.495647
0.498149
0.500461
0.501059
0.5014
0.505297
0.508285
)
;
    }
    procBoundary4to3
    {
        type            processor;
        value           nonuniform List<scalar> 
160
(
0.740358
0.677893
0.588359
0.579973
0.533091
0.499243
0.494076
0.473087
0.469299
0.455915
0.447315
0.445832
0.442607
0.442178
0.44218
0.442499
0.444563
0.445103
0.446139
0.449082
0.45002
0.452883
0.453514
0.455093
0.455263
0.455151
0.453752
0.452859
0.447016
0.44533
0.442711
0.430641
0.427814
0.422646
0.404619
0.40053
0.377027
0.370743
0.366065
0.338952
0.332999
0.327586
0.300693
0.29605
0.289014
0.267568
0.263866
0.245534
0.242457
0.22886
0.225472
0.22292
0.212729
0.211128
0.203242
0.201966
0.196127
0.194983
0.190785
0.18976
0.186795
0.185935
0.185321
0.183153
0.182727
0.181119
0.180814
0.179627
0.179393
0.178504
0.178304
0.177613
0.176995
0.176835
0.176235
0.176101
0.175512
0.175398
0.174856
0.174762
0.174304
0.174219
0.173851
0.173512
0.173436
0.173078
0.17301
0.172643
0.172557
0.172208
0.171832
0.171755
0.171369
0.17129
0.16877
0.169209
0.16966
0.170073
0.170947
0.170164
0.16877
0.16864
0.16864
0.167958
0.167004
0.16708
0.167958
0.16747
0.167004
0.166792
0.16659
0.166562
0.166365
0.166185
0.166153
0.165975
0.165818
0.165784
0.165628
0.165608
0.165468
0.165342
0.165326
0.165213
0.165113
0.16503
0.165011
0.164931
0.164862
0.16485
0.164783
0.164719
0.164655
0.164642
0.164568
0.164481
0.164376
0.164351
0.164209
0.164029
0.163801
0.163518
0.163174
0.162772
0.162667
0.162202
0.161712
0.161243
0.160868
0.160708
0.160992
0.162143
0.164913
0.170649
0.181579
0.199843
0.25145
0.322386
0.393053
0.50961
)
;
    }
}


// ************************************************************************* //
