/*--------------------------------*- C++ -*----------------------------------*\
| =========                 |                                                 |
| \\      /  F ield         | OpenFOAM: The Open Source CFD Toolbox           |
|  \\    /   O peration     | Version:  v2012                                 |
|   \\  /    A nd           | Website:  www.openfoam.com                      |
|    \\/     M anipulation  |                                                 |
\*---------------------------------------------------------------------------*/
FoamFile
{
    version     2.0;
    format      ascii;
    class       volScalarField;
    location    "1e-06";
    object      omega;
}
// * * * * * * * * * * * * * * * * * * * * * * * * * * * * * * * * * * * * * //

dimensions      [0 0 -1 0 0 0 0];


internalField   nonuniform List<scalar> 
10262
(
221954
180124
158859
108296
100356
103805
105744
99826
95486.5
99173.1
102460
97108.8
94682.1
96290.7
100379
95902.7
92205.6
94405.2
98553.6
95220.2
90472.6
92899.4
97102.6
94773.8
89982.7
91621.8
95827.9
94350.1
89577.3
90401.3
94587.4
93825.2
89049.4
89172
93274.7
93083.4
88310.3
87720.5
91776.4
91982.1
87016.4
86129
89719.4
90198.4
85378.7
83383.8
87142.4
87500.8
81603.4
80668.2
82026.2
82336.4
77821.6
71960.3
75409.4
73919.5
62688.8
69548
88119.2
91251.1
91307.5
99034.7
105027
104054
98954.8
100200
106828
106130
105823
114261
124737
122183
162068
118508
113483
84065.4
81588.6
79021.4
78163.1
78282.5
78018.2
75790.5
74651.4
75217.1
77386.7
73989.4
72329.2
73498.9
75548.4
72962.2
71410.2
72287.1
73541
72202.6
70738.4
71354.1
72485.5
71589.2
70137.2
70514.6
71608.4
70971.2
69508.2
69678.2
70729.8
70288.8
68750.6
68745.9
69777.1
69355.8
67805.9
67653.7
68463.6
68242.7
66287.5
66037.8
67009.2
66087.6
64492.8
64105
63842.3
63954.6
60106.4
59741
61024.4
56540.1
55772.2
54864.2
47810.3
52269
61041.8
61795.7
67813.6
75683.7
73832.2
73643.1
76106.3
77465.2
76060.6
76353.4
81392.1
87304.8
88380.8
88892.5
77033.7
67664.7
66195
55882.4
53570.4
51875.4
51391.5
51045.9
50671.7
49288.1
48764.1
48729
50571.3
47761.2
46954.6
47362
48871.9
46838
46115.2
46422.7
47007.8
46154.4
45488.3
45702.6
46144.7
45600.3
44947.4
45073.1
45469.7
45076.9
44414.3
44461.1
44823
44528.1
43821.1
43799
44135.7
43853.7
43113.7
43031.7
43257.5
43042.1
42106.8
41969
42220.3
41705.2
40830.9
40638.8
40310.4
40111.2
38209.8
38014.7
38176.7
35828
35034.5
34542.4
30690.8
51501.1
31736.2
32135.3
37017.2
42161.1
42826.1
42924.2
44927.6
46561.1
45913.8
75491.2
48158.3
51517
52592.7
52843
74796.4
66426.2
65104.2
55208.3
52854.8
51264.1
50873.2
50460.9
49728.5
48733.4
48269.5
48179.4
46947.3
47247.1
46456.1
46853.8
46227
46328.1
45630.1
45930.3
45993.4
45645.7
45012.9
45222.5
45406.6
45087.1
44479.8
44604.5
44829.7
44552.5
43954.4
44004.9
44231.2
43987.3
43369.2
43356.3
43575.9
43288
42672.8
42610.5
42713
42465.1
41670.5
41566.9
41710.1
41085.2
40427.4
40252.3
39814.2
39507.5
37849.4
37662.3
37701.6
35299.7
34721
34267.9
30331.4
28494
31309.1
31705.6
36303.1
41443.6
42274.5
42362.7
43985.8
45790.3
45397.8
45695.7
46618.5
50646.5
51943
52063.1
43643.9
43379.4
43112.6
39862.8
38422.9
37349.8
37096.4
36650.8
36127.1
35360.6
35088.9
34868.1
34732.2
34092.5
33592.5
33756.4
33799.8
33282
32859.1
32984.4
33048.4
32686.1
32312.5
32399
32477.9
32207.2
31855
31903.3
31990
31771.1
31423.7
31437.2
31519.6
31330.7
30970.5
30953.4
31024.4
30824.9
30451.6
30407.1
30420.1
30227.9
29762.8
29696.6
29698
29339.1
28888.3
28790.6
28515.6
28238.1
27311.7
27197.7
27036.8
25750.1
25186.1
24946.9
22856.2
19227.7
19101.2
19268
22634.1
26131.4
27389.8
27539.7
29107.8
30885.5
30658.7
30518.2
30958.5
33373.5
34333.2
34417.6
26930.8
29464.6
29687.6
29537.2
29068.6
28437.9
28266.2
27964.8
27666.9
26996.3
26800.2
26584.1
27119.1
25916.1
25559.5
25625.8
26123.8
25209.7
24915.2
24969.3
25104.4
24695.1
24438
24475.3
24553.5
24289.9
24050.1
24068.5
24132.1
23937.7
23699.9
23699.8
23755.4
23600.4
23353
23335.1
23380.3
23242.1
22973.6
22939.9
22962
22827.9
22513.9
22462.2
22463.6
22273.2
21924.2
21866.9
21734.3
21538.7
20977.8
20906.4
20755.3
20083.9
19631.2
19500.4
18478.1
18933.2
13623.9
13618.7
15605.4
17793.9
18881.7
19023.4
20401.1
21938.7
21830.8
21724
21928.9
23253.9
23840.1
23892.6
26341.6
29078.5
29340.3
29243.3
28751.4
28186.3
28050.8
27723.7
27232.5
26754.3
26598.5
26345.5
25635.5
25702.4
25342.2
25411.9
24954.5
24993.7
24703.9
24759.4
24621.7
24475.8
24230.5
24269.1
24209.8
24066.1
23845.3
23866
23838.5
23706.1
23497.6
23502.1
23485.4
23359
23152.7
23142.7
23126.2
22985.3
22777
22758.2
22711.1
22558.4
22318.4
22284.8
22224.3
21986
21744.4
21690.4
21507.6
21256.5
20816.2
20748.1
20538.7
19833.4
19494.1
19379.7
18307.2
14699
13476.8
13474.7
15322.5
17490.1
18648.7
18784
19961.1
21590.5
21599.5
21446
21277.5
22884.7
23551.1
23551.7
17124.3
20246.8
20666.7
21952.1
22306.9
22181.3
22102.2
21981.6
21755.9
21318.4
21186.6
20986.7
20971.3
20437.1
20160.2
20182.6
20246.4
19816
19594.9
19615.5
19612.8
19362.8
19175.7
19190
19185.1
19009.8
18842.3
18847.3
18847.7
18712
18552.8
18548.2
18552.2
18438.9
18281.6
18266.9
18269
18167.1
18001.2
17977.8
17973.9
17867.9
17686.9
17655.7
17633.1
17510.1
17302.8
17270.6
17196.3
17043.5
16762.1
16720.7
16594
16241.5
15986.3
15933.2
15500.1
12363.2
10863
10773.5
11679
12937.2
13742.1
13837.4
14797.8
16092.8
16049.5
16025.7
15938.8
16831
17194
17186.1
16796.3
20006.4
20438.2
21731
22064.1
22010
21955.5
21818.7
21427.1
21156.6
21052.7
20823.7
19946.5
20290.5
20012.4
20036.8
19409.1
19669.3
19451.4
19473.7
19247.5
19212.6
19034.8
19050.5
18930.4
18855.1
18703
18710.2
18633.5
18549.8
18414.8
18414.1
18356.9
18267.6
18144.1
18136.2
18086
17982.1
17865.3
17853.9
17793
17669.2
17554.1
17533.9
17461.4
17297.9
17179.9
17150.2
17031.8
16833
16650.3
16611.4
16435.4
16052.5
15892.1
15851.3
15370.4
12248.8
10785.5
10694.8
11509.3
12731.6
13591.3
13682.6
14495.7
15836.3
12305
15816.2
15498.5
16567.9
16994.8
16961.7
10679.5
13803.1
14284.9
16098.1
17023.5
17367.4
17377.2
17492.4
17416.3
17172.9
17094
16935.4
16749.3
16501.5
16280.9
16289.7
16176.1
15968.2
15790.3
15798.6
15730.6
15568.2
15422.5
15428.2
15383.3
15259.3
15133.3
15134.3
15104.4
15004.9
14890.6
14886.8
14866.3
14781.7
14674.3
14665.9
14648.4
14572.3
14465.3
14453
14436.1
14359.6
14253.6
14237.8
14212.5
14136.4
14018.9
14002.3
13970.9
13869.7
13747.4
13727
13652.7
13496.5
13390.1
13393.9
13326.8
10904
9336.41
9193.02
9429.23
10042.3
10530.3
10577.8
11188.8
12173.9
12161.1
12165.4
12005.9
12591.1
12782.8
12743.3
6444.12
9250.38
9672.95
11573.7
12812.3
13444.8
13524.7
13910.7
14195.7
13992.6
13944.6
13884.6
14267.4
13582.8
13419.7
13416.2
13711.9
13151.9
13006.2
13005.6
13087.9
12810.9
12686.6
12686.6
12719.6
12547.8
12436.4
12434
12456.1
12339.2
12233.4
12228
12249.2
12167.3
12062
12052.8
12074.8
12021.8
11909
11896.9
11922.9
11887.7
11771.2
11758.8
11781.2
11769.5
11640.6
11631.8
11665.9
11647.7
11539.7
11531.3
11547.6
11541.4
11478.4
11503.7
11700.5
10816.4
8435.16
8262.03
8158.44
8363.57
8565.96
8582.5
9021.05
9670.1
9694.69
9631.4
9650.66
9887.5
9929.49
9889.66
6273.96
9089.26
9549.91
11430.6
12639.4
13340.9
13426.1
13808.5
13953.6
13896.7
13862.3
13794.3
13643
13500.2
13331.7
13335.3
13200.4
13066.6
12920.5
12923.8
12842.7
12721.1
12602.4
12604.9
12549.4
12453.1
12352.7
12352.8
12314.9
12237.7
12149.9
12148.2
12121.4
12057.4
11978
11974.7
11955.4
11899.7
11825.5
11820.7
11807.7
11753.7
11691
11682.6
11669.1
11626.4
11564.3
11557
11556.3
11503
11468.3
11461.8
11440.6
11410.5
11417.4
11449.6
11604.4
9913.64
8397.03
8225.09
8074.58
8266.6
8492.38
8503.68
8842.15
9530.17
9588.78
9523.41
9370.58
9743.77
9817.67
9764.33
3660.59
5958.07
6329.54
8088.44
9342.24
10114.5
10238.2
10814.5
11328
11313.7
11308.8
11368.3
11749.7
11254.7
11152.8
11150.4
11393.6
10957.6
10846.3
10842.2
10913.2
10680
10578.8
10576
10603.6
10455.5
10363.9
10360.4
10378.6
10278.9
10192.8
10187.8
10206.1
10138.4
10054.4
10047.2
10068.6
10029.1
9941.22
9932.84
9959.88
9941.04
9854.14
9847.8
9877.66
9886.04
9797.05
9794.44
9847.18
9863.23
9812.1
9813.54
9872.45
9949.97
9961.15
10002.4
10322.8
9146.94
7783.54
7606.85
7291.88
7241.75
7263.76
7252.46
7476.72
7897.47
7889.27
7839.89
7834.49
7964.01
7941.14
7895.9
3551.91
5843.03
6242.27
7963.63
9186.44
10021.4
10148.7
10722.2
11090.4
11229.9
11233.4
11289.6
11240.9
11181
11079.6
11079.9
10977.3
10884.8
10773.7
10772.7
10699.2
10603.4
10507.7
10507.2
10454
10374.3
10293.2
10291.9
10254.3
10191
10122.2
10120.3
10094
10042.6
9983.15
9981.06
9964.92
9921.82
9871.24
9867.7
9860.53
9823.34
9787.2
9782.4
9780.23
9760.07
9732.78
9731.51
9750.99
9735.07
9751.17
9754.19
9777.51
9831.83
9908.07
9954.07
10231.1
9087.76
7753.23
7575.81
7227.1
7168.3
7209.13
7193.82
7339.27
7786.63
7812.75
7755.02
7617.99
7849.7
7853.74
7797.35
2079.28
3701.52
3985.51
5473.24
6633.05
7383.49
7498.09
8143.9
8804.73
8927.59
8960.28
9155.26
9650.75
9270.18
9244.86
9252.31
9532.2
9163.4
9092.62
9090.14
9181.46
8975.79
8898.12
8894.92
8932.43
8800.31
8725.03
8721.46
8745.5
8657.09
8584.34
8580.02
8602.64
8545.21
8473.71
8468.24
8493.37
8465.43
8390.79
8385.85
8418.14
8412.47
8341.36
8338.92
8378.45
8402.88
8335.96
8337.3
8405.81
8449.26
8429.01
8437.01
8530.83
8665.6
8722.12
8770.06
9140.21
8382.82
7221.79
7060.96
6668.09
6475.95
6377.09
6347.13
6427.59
6670.07
6627.34
6581.73
6563.99
6612.79
6549.64
6503.97
2004.14
3621.63
3918.08
5370.12
6494.96
7303.02
7427.23
8063.53
8576.6
8858.74
8896.59
9090.14
9199.56
9208.27
9186.7
9194.09
9175.54
9104.19
9036.16
9034.93
8994.46
8913.83
8842.06
8840.92
8803.65
8734.31
8669.66
8668.12
8640.34
8584.84
8528.99
8527.54
8508.89
8465.17
8417.72
8416.67
8407.14
8375.36
8336.58
8334.56
8335.15
8312.37
8289.16
8287.19
8296.56
8294.65
8285.21
8287.76
8324.04
8337.91
8380.28
8389.71
8448.88
8560.67
8678.86
8729.77
9054.48
8325.16
7194.67
7033.23
6614.47
6420.73
6339.19
6306.16
6324.5
6587.56
6572.13
6540.28
6400.9
6527.1
6486.62
6431.58
1251.98
2246.92
2437.23
3567.61
4578.59
5243.13
5342.7
5956.82
6644.69
6817.41
6866.71
7157.23
7805.49
7483.2
7541.78
7566.56
7949.8
7612.6
7590.15
7595.55
7738.63
7552.23
7502.37
7501.65
7566.21
7447.23
7388.74
7386.45
7425.4
7347.13
7285.24
7282.21
7314.42
7267.1
7203.03
7199.21
7232.5
7214.14
7146.27
7143.54
7184.21
7190.06
7125.15
7124.88
7175.53
7213.47
7155.81
7159.65
7242.45
7306.49
7299.38
7311.37
7432.29
7602.82
7684.25
7734.59
8114.92
8257.41
6680.76
6541.98
6161.58
5910.19
5741.14
5700.39
5693.46
5807.93
5731.52
6505.12
5668.15
5651.37
5563.34
5520.22
1218.7
2215.48
2407.16
3514.28
4487.1
5201.03
5309.66
5908.08
6454.88
6780.99
6834.62
7118.81
7371.81
7448.16
7512.67
7533.92
7624.6
7578.42
7562.52
7565.93
7580.22
7516.11
7475.07
7473.87
7464.55
7407.07
7361.85
7359.53
7347.13
7300.53
7258.09
7255.62
7247.28
7211.85
7174.84
7172.6
7170.89
7148.67
7117.94
7116.58
7125
7114.56
7096.42
7096.89
7116.58
7129.66
7126.71
7131.87
7182.11
7218.11
7269.95
7283.31
7368.07
7517.51
7658.21
7711.9
8049.31
7555.14
6661.59
6524.77
6117.46
5871.47
5721.99
5679.45
5622.73
5757.41
5706.73
5677.59
5551.39
5601.84
5534.23
5482.49
1194.9
2194.31
2386
3474.62
4403.76
5172.03
5286.92
5872.55
6265.14
6755.43
6812.48
7091.59
7010.93
7424.5
7493.02
7506.87
7331.96
7551.91
7543.82
7542.21
7422.67
7486.88
7455.58
7452.19
7366.74
7373.75
7342.14
7338.95
7273.8
7261
7238.25
7235.94
7186.24
7163.93
7155.51
7153.73
7117.01
7091.2
7098.87
7098.38
7073.67
7046.28
7077.92
7079.03
7065.45
7052.47
7108.21
7114.92
7129.74
7136.4
7252.14
7267.32
7314.33
7436.53
7640.36
7694
7982.96
7474.21
6645.82
6510.58
6080.62
5832.8
5708.57
5665.27
5561.78
5706.35
5688.3
5635.95
5448.93
5551.11
5512.65
5455.32
808.368
1401.38
1516.84
2247.73
3013.45
3604.82
3698.63
4236.24
4758.07
5044.02
5091.92
5403.86
5735.79
5842.3
5966.83
6008.87
6217.1
6187.83
6224.56
6237.99
6332.58
6280.12
6272.67
6275.44
6313.84
6266.41
6242.05
6241.26
6258.58
6220.68
6190.41
6188.59
6200.72
6174.41
6143.24
6141.61
6155.43
6143.38
6114.27
6113.82
6135.44
6137.54
6117.79
6119.88
6152.55
6179.64
6174.63
6181.49
6245.81
6299.74
6348.78
6364.63
6472.76
6638.41
6786.72
6838.22
7175.74
6807.96
6127.71
6013.72
5666.13
5421.58
5241.24
5194.17
5103.63
5154.53
5076.09
5029.72
4934.28
4929.87
4843.49
4795.73
777.475
1368.11
1483
2195.36
2917.23
3551.9
3658.64
4176.85
4570.45
4999.65
5051.49
5355.88
5453.39
5799.66
5929.39
5965.09
5955.19
6142.54
6188.84
6197.73
6161.95
6233.64
6237.31
6238.68
6200.3
6217.02
6207.16
6206.63
6171.31
6166.26
6155.96
6155.46
6126.5
6112.88
6109.73
6109.6
6088.91
6073.71
6081.48
6082.67
6071.91
6058.45
6085.67
6088.72
6089.46
6093.05
6142.88
6151.11
6181.5
6208.96
6317.09
6334.52
6405.36
6547.92
6757
6810.06
7097.76
6729.15
6103.62
5988.74
5616.82
5376.36
5220.05
5171.76
5040.44
5101.41
5048.43
4998.36
4841.52
4875.45
4811.22
4757.77
566.131
925.883
995.756
1436.34
1962
2406.36
2480.44
2933.02
3427.19
3648.8
3690.59
3979.8
4372.59
4423.86
4564.61
4620.71
4930.31
4883.23
4956.15
4984.7
5171.96
5118.09
5142.58
5154.84
5257.47
5216.73
5212.71
5217.94
5278.35
5250.08
5230.44
5232.6
5275.1
5260.08
5232.1
5233.26
5269.91
5270.6
5239.34
5240.47
5281.03
5298.02
5271.37
5274.3
5324.93
5366.9
5352.72
5360.33
5441.17
5512.01
5547.49
5564.25
5694.52
5869.75
6012.79
6062.94
6397.43
6125.04
5585.37
5488.36
5220.94
5005.45
4817.79
4770.19
4678.23
4680.02
4580.91
4536.9
4456.62
4411.49
4310.99
4267.48
545.535
902.767
972.144
1402.85
1894.11
2364.6
2449.07
2883.08
3269.64
3612.03
3657.69
3936.41
4127.16
4386.09
4534.39
4583.1
4691.81
4842.32
4925.7
4949.51
5006.68
5074.9
5112.08
5122.18
5145.13
5169.72
5182.53
5187.18
5193.23
5198.17
5200.7
5203.92
5204.22
5201.93
5203.26
5206.38
5208.02
5205.68
5211.23
5214.45
5222.7
5225.15
5244.32
5248.85
5267.48
5287.86
5326.19
5335.32
5382.56
5429.52
5520.52
5539.01
5632.51
5786.04
5986.86
6038.29
6324.11
6051.01
5562.6
5463.77
5168.2
4961.7
4799.81
4750.5
4622.03
4636.65
4560.08
4512.01
4384.28
4369.24
4287.2
4237.56
423.38
647.556
691.155
962.262
1293.21
1579.64
1627.56
1972.34
2411.85
2566.05
2605.63
2864.2
3317.07
3269.09
3400.85
3455.66
3842.95
3735.47
3815.63
3853.64
4116.61
4045.53
4086.63
4109.16
4279.72
4238.8
4249.67
4262.36
4376.12
4356.5
4344.45
4351.42
4434.68
4432.83
4405.21
4409.26
4478.21
4494.5
4458.03
4461.27
4527.69
4562.11
4525.12
4529.41
4603.39
4661.37
4635.08
4643.31
4743.48
4831.43
4848.93
4866.08
5018.59
5198.86
5327.51
5375.5
5708.53
5504.96
5056.1
4971.71
4781.81
4604.64
4423.11
4377.64
4308.09
4288.54
4177.29
4135.86
4074.82
4002.76
3892.41
3853.02
413.89
637.836
681.263
946.142
1256.25
1560.58
1613.21
1945.07
2293.33
2546.49
2589.14
2838
3063.7
3246.3
3385.91
3433.44
3597.88
3708.66
3799.56
3832.42
3965.1
4013.91
4069.9
4088.94
4176.37
4201.5
4232.64
4243.25
4298.66
4312.92
4327.19
4333.7
4371.5
4382.28
4387.77
4392.6
4423.54
4436.81
4440.15
4444.8
4476.99
4497.7
4506.91
4512.89
4553.98
4591.85
4616.37
4626.34
4692.93
4759.05
4828.89
4847.76
4963.64
5125.27
5308.18
5358.84
5646.44
5440.49
5040.29
4953.98
4729.7
4563.67
4410.37
4362.75
4258.68
4254.8
4164.91
4118.85
4017.57
3973.31
3879.43
3832.78
406.789
631.056
674.406
933.345
1221.78
1548.79
1602.81
1923.39
2179.02
2528.93
2576.88
2816.64
2908.88
3228.54
3374.79
3414.66
3429.03
3685.37
3787.95
3813.8
3817.81
3984.85
4056.99
4071.19
4071.05
4166.32
4219
4226.62
4220.18
4270.79
4313.18
4318.26
4308.16
4332.63
4373.78
4378.49
4369.24
4379.84
4426.26
4431.83
4427.15
4433.6
4493.31
4500.76
4505.8
4522.81
4602.72
4614.6
4644.07
4688.04
4815.06
4836.13
4912.75
5052.8
5293.24
5344.13
5582.2
5371.84
5024.72
4939.12
4679.63
4520.14
4399.06
4351.12
4208.98
4218.42
4154.38
4105.68
3957.54
3940.5
3868.36
3817.21
332.654
476.751
504.735
673.851
872.786
1053
1084.79
1305.95
1583.17
1750.16
1779.51
1994.05
2251.07
2349.67
2475.98
2520.75
2734.81
2776.44
2858.76
2892.4
3072.39
3086.27
3139.81
3164.8
3303.84
3316.42
3348.47
3365.77
3471.1
3487.51
3502.14
3513.74
3595.58
3617.73
3619.31
3627.64
3696.37
3726.55
3720.91
3727.69
3792.43
3833.16
3828.27
3835.76
3906.43
3963.55
3971.81
3982.77
4074.55
4160.16
4208.24
4227.79
4370.31
4536.67
4695.58
4742.81
5036.96
4882.34
4533.71
4456.52
4297.47
4169.55
4025.58
3980.12
3914.58
3910.25
3812.01
3767.33
3692.65
3633.96
3531.39
3487.16
323.91
466.452
494.144
658.014
841.931
1036.14
1068.74
1280.02
1492.36
1725.31
1759.63
1962.65
2118.61
2323.9
2457.12
2494.43
2592.99
2745.79
2839.69
2866.5
2940.13
3049.32
3118.77
3139.36
3196.9
3271.84
3326.02
3340.96
3384.37
3434.67
3478.95
3490.09
3522.24
3557.38
3596.11
3605.32
3632.1
3659.65
3697.8
3706.39
3733.16
3760.74
3806.32
3815.71
3849.5
3888.11
3949.98
3962.99
4017.68
4084.08
4185.76
4207.49
4310.95
4460.67
4673.18
4721.81
4967.34
4809.14
4512.55
4432.7
4238.63
4118.64
4008.33
3961.05
3860.52
3869.39
3796.41
3747.39
3637.15
3598.22
3515.45
3464.79
277.325
370.093
388.321
499.194
631.484
736.117
755.499
893.267
1096.36
1181.36
1199
1362.76
1646.45
1649.64
1751.88
1797.63
2071.84
2029.3
2099.14
2131.46
2346.35
2316.04
2358.53
2382.97
2554.57
2544.33
2565.26
2584.17
2726.34
2736.03
2738.29
2752.54
2873.89
2901.45
2888.53
2899.3
3007.2
3051.46
3028.44
3037.23
3138.89
3199.42
3173.82
3182.55
3288.55
3366.85
3353.04
3364.56
3488.28
3594.96
3617.27
3636.98
3810.58
3986.79
4116.25
4161.26
4467.25
4352.9
4032.41
3961.13
3861.96
3765.87
3624.17
3582.4
3565.33
3566.76
3458.58
3415.85
3374.9
3306.22
3195.12
3154.85
273.089
365.722
383.849
491.228
613.414
728.456
748.503
880.975
1036.86
1169.64
1189.93
1344.58
1483.55
1633.11
1742.28
1781.24
1911.07
2008.45
2089
2115.56
2232.22
2289.4
2346.85
2367.23
2464.92
2509.59
2551.93
2568.27
2651.46
2691.57
2723.43
2736.71
2808.36
2847.4
2872.47
2883.57
2947.89
2988.95
3011.29
3021.43
3083.34
3130.6
3156.11
3166.94
3234.84
3294.5
3334.48
3348.4
3434.45
3521.63
3597.39
3619.4
3753.59
3914.25
4096.7
4144.51
4404.31
4283.5
4016.03
3941.82
3804.15
3714.75
3610.22
3564.61
3512.3
3527.74
3446.62
3397.06
3321.12
3274.46
3183.9
3133.89
269.829
362.692
380.768
484.666
596.336
722.668
743.469
870.551
985.079
1159.97
1183.23
1329.99
1415.36
1618.47
1734.83
1766.4
1820.02
1988.82
2080.85
2101.05
2132.84
2263.39
2337.41
2352.88
2377.69
2474.85
2540.91
2553.81
2575.36
2646.31
2710.81
2722.38
2740.92
2791.74
2858.57
2869.46
2886.34
2924.51
2996.38
3007.49
3025.7
3060.06
3140.98
3153.66
3179.37
3221.4
3318.74
3335.22
3379.5
3449.04
3581.37
3606.21
3697.93
3842.98
4079.2
4128.04
4338.48
4214.21
3998.17
3924.02
3744.61
3662.64
3595.55
3549.38
3455.88
3485.74
3434.34
3381
3261.63
3238.07
3172.26
3115.96
240.225
300.646
312.623
384.771
468.737
537.271
549.783
635.571
749.332
814.217
825.231
928.849
1068.72
1130.42
1208.24
1243.92
1400.19
1435.28
1497.29
1526.17
1674.18
1688.19
1731.29
1752.38
1876.79
1892.61
1918.84
1935.3
2042.64
2067.08
2080.01
2093.2
2190.91
2226.32
2229.2
2240.35
2334.15
2381.21
2378.85
2389.04
2482.92
2543.53
2542.35
2553.21
2655.16
2731.96
2745.2
2759.07
2879.35
2985.04
3033.04
3055.18
3224.12
3393.89
3543.63
3588.85
3869.02
3781.04
3523.34
3453.66
3370.08
3307.36
3197.93
3154.69
3149.88
3173.78
3079.39
3030.76
2987.44
2942.02
2842.32
2796.87
237.443
297.846
309.755
379.109
455.665
532.025
545.096
626.774
712.529
805.813
819.006
916.349
990.713
1117.27
1200.95
1230.29
1305.37
1416.65
1489.05
1512
1587.34
1663.29
1721.71
1738.15
1801.44
1860.01
1907.7
1920.89
1975.71
2024.89
2067.05
2078.53
2129.04
2173.59
2214.35
2225.25
2274.78
2318.47
2361.99
2373.34
2424.67
2473.25
2523.99
2537.08
2597.01
2657.66
2725.17
2741.88
2820.26
2909.93
3011.26
3036.16
3162.06
3320.22
3521.84
3570.11
3802.28
3706.3
3504.34
3432.58
3309.28
3248.7
3181.13
3134.44
3093.98
3126.02
3064.83
3008.75
2933.56
2901.34
2829.18
2772.74
235.294
295.92
307.802
374.415
443.629
527.991
541.675
619.222
679.433
798.893
814.4
906.09
942.355
1105.67
1194.91
1217.93
1233.37
1399.13
1482.1
1498.95
1504.48
1639.16
1713.56
1725.08
1727.17
1827.99
1898.19
1907.74
1909.66
1983.35
2055.84
2065.05
2067.67
2121.4
2201.34
2211.48
2215.63
2255.99
2347.02
2359.22
2366.32
2402.41
2507.71
2522.78
2538.51
2581.79
2707.44
2727.03
2760.9
2832.85
2992.81
3020.85
3101.36
3243.97
3500.83
3551.25
3731.87
3634.33
3483.17
3413.44
3242.28
3191.5
3162.63
3117.07
3027.18
3076.98
3048.81
2989.94
2859.66
2858.35
2814.55
2752.21
216.421
255.278
263.089
310.102
363.94
409.988
418.256
472.857
537.982
585.162
592.395
655.38
721.926
783.338
835.824
858.538
935.663
995.807
1044.55
1066.8
1158.94
1198.36
1237.52
1256.04
1343.9
1375.31
1404.1
1418.48
1496.55
1528.18
1547.99
1559.57
1631.4
1667.23
1681.17
1691.09
1762.03
1804.39
1817.38
1826.65
1901.58
1954.44
1972.21
1982.94
2069.75
2138.21
2173.06
2187.76
2296.15
2395.99
2465.15
2488.86
2647.6
2810.24
2976.36
3021.72
3277.47
3209.13
3009.33
2940.71
2870.74
2831.28
2753.48
2708.39
2711.43
2748.07
2671.69
2617.87
2575.55
2549.54
2467.92
2418.31
214.161
252.569
260.265
304.846
353.435
404.583
413.263
464.597
514.293
576.974
585.86
644.551
689.113
771.031
827.405
845.319
888.609
977.726
1034.86
1051.89
1096.6
1173.22
1226.4
1240.34
1281.01
1342.51
1391.5
1402.4
1437.67
1487.34
1533.73
1543.19
1575.48
1618.27
1665.14
1674.35
1706.95
1747.07
1799.16
1809.38
1845.49
1889.7
1951.94
1964.8
2011.19
2067.98
2150.15
2167.89
2234.42
2322.39
2439.79
2466.79
2582.05
2736.19
2949.03
2997.06
3204.69
3132.02
2983.92
2913.21
2805.83
2768.61
2730.57
2682.71
2650.87
2692.35
2650.99
2589.55
2518.49
2500.22
2449.32
2388.2
202.167
225.987
230.928
262.628
300.975
327.686
332.809
370.454
423.402
441.965
445.467
487.777
560.611
568.101
598.363
615.554
705.515
706.78
734.463
752.365
851.066
852.956
873.966
890.997
990.004
997.53
1008.39
1022.98
1116.72
1132.92
1133.38
1144.97
1233.29
1260.05
1251.7
1260.62
1346.73
1384.9
1371.31
1378.5
1467.93
1520.31
1506.64
1513.87
1616.11
1686.9
1685.2
1695.51
1823.23
1928.09
1955.47
1974.85
2158.24
2323.27
2440.08
2481.55
2760.5
2723.49
2512.85
2451.5
2434.27
2415.98
2315.47
2277.55
2323.02
2359.11
2261.2
2217.63
2217.62
2189.24
2093.77
2058.36
200.997
224.83
229.738
259.765
294.273
325.059
330.545
365.797
404.745
437.625
442.433
481.649
515.944
561.049
594.253
607.968
645.985
695.555
729.165
743.364
794.259
835.874
867.298
880.847
936.748
973.189
1000.13
1011.99
1067.09
1100.84
1123.43
1133.45
1186.51
1220.27
1239.96
1248.55
1300.97
1336.97
1357.56
1365.72
1421.2
1463.81
1490.5
1499.8
1565.95
1621.45
1665.92
1679.17
1767.26
1854.07
1932.37
1954.98
2093.8
2243.7
2414.34
2459.26
2686.28
2636.27
2491.33
2425
2369.51
2345.98
2296.42
2251.49
2258.73
2298.75
2244.08
2188.59
2152.51
2139.28
2079.11
2027.9
200.036
224.052
228.955
257.267
288.106
322.99
328.882
361.573
391.186
433.891
440.12
476.018
502.034
554.635
591.059
600.935
624.797
684.76
724.731
734.893
758.486
818.721
861.322
871.109
894.186
948.278
992.525
1001.3
1022.62
1068.11
1114.05
1122.09
1142.12
1180.42
1228.66
1236.68
1256.61
1291.06
1344.14
1353.18
1375.83
1412.72
1474.58
1485.96
1517.68
1565.23
1647.05
1663.36
1714.21
1792.21
1910.39
1936.46
2034.64
2176.13
2387.34
2434.76
2614.6
2564.52
2465.19
2399.16
2305.87
2286.91
2273.59
2226.4
2199.06
2244.08
2222.97
2160.59
2096.88
2090.78
2060.79
1998.16
192.775
207.009
210.001
229.976
254.36
272.584
275.936
300.716
332.475
347.495
349.744
377.025
415.654
428.119
447.247
458.119
503.998
515.145
532.996
544.225
596.963
608.628
623.789
634.857
692.531
707.065
717.648
728.043
788.544
807.989
813.29
822.415
884.13
909.454
909.94
917.55
980.567
1012.41
1010.99
1017.48
1083.82
1124.26
1124.67
1131.06
1206.8
1259.78
1271.98
1280.71
1377.55
1459.82
1499.31
1516.17
1664.31
1801.74
1923.04
1959.65
2195.08
2173.14
2020.09
1965.02
1951.05
1947.34
1877.21
1841.06
1877.15
1918.57
1846.15
1804.17
1799.85
1791.61
1717.8
1682.22
192.058
206.324
209.3
227.989
249.623
270.789
274.438
297.32
320.475
344.392
347.684
372.552
390.6
423.023
444.436
452.619
471.06
506.968
529.218
537.651
562.964
595.907
618.764
627.177
656.797
688.213
711.182
719.289
751.552
781.947
805.06
812.654
846.294
875.97
899.73
906.963
942.03
972.209
998.697
1006.01
1044
1077.94
1110.01
1118.27
1164.08
1206.95
1254.32
1265.76
1329.08
1398.84
1477.46
1497.22
1605.88
1731.56
1896.29
1936.33
2122.54
2088.6
1996.1
1937.86
1891.2
1878.49
1855.83
1814.23
1818.55
1856.85
1826.56
1774.3
1743.43
1738.57
1701.01
1651.12
191.477
205.873
208.857
226.278
245.443
269.386
273.366
294.276
311.703
341.73
346.136
368.482
382.241
418.413
442.268
447.565
458.494
499.27
526.137
531.563
541.136
583.642
614.426
619.981
629.271
669.954
705.231
710.978
720.399
756.912
797.212
803.284
812.709
844.391
889.848
896.649
906.759
935.226
986.647
994.676
1007.02
1036.59
1095.63
1105.67
1124.53
1161.67
1237.22
1251.23
1284.99
1348.08
1456.9
1479.62
1554.48
1672.67
1869.4
1911.62
2055.25
2023.67
1968.09
1912.41
1829.5
1823.84
1831.06
1788.96
1759.7
1804.72
1803.05
1746.1
1686.44
1691.94
1680.43
1621.12
187.344
195.475
197.233
209.216
224.178
236.996
239.316
255.359
273.983
286.711
288.533
306.048
325.832
339.579
352.716
359.119
381.223
395.432
408.114
414.639
440.679
454.662
466.478
472.932
502.354
517.511
528.149
534.337
566.757
584.446
593.772
599.555
634.766
655.737
664.38
669.784
708.373
733.305
742.904
748.175
791.073
821.624
834.562
840.424
891.287
930.284
953.764
961.693
1028.11
1089.79
1137.29
1151.99
1259.66
1367.06
1486.18
1517.5
1695.47
1679.6
1585.13
1539.7
1521.72
1522.62
1485.45
1454.26
1474.73
1512.43
1469.87
1431.78
1419.12
1422.14
1374.57
1340.64
186.942
195.105
196.861
207.926
221.063
235.846
238.401
252.999
266.892
284.594
287.222
302.906
314.559
336.031
350.9
355.272
366.152
389.706
405.623
410.061
422.381
445.753
463.07
467.558
481.263
504.306
523.523
528.082
543.258
565.963
587.609
592.33
608.976
631.525
656.395
661.528
680.284
703.532
732.782
738.69
760.457
786.859
822.09
829.501
857.65
891.176
938.595
948.781
989.833
1044.98
1118.3
1135.47
1213.07
1314.1
1461.84
1495.72
1635.15
1611.5
1560.82
1514.99
1471.27
1465.01
1463.68
1429.54
1426.75
1458.68
1447.4
1403.85
1374.53
1373.27
1356.53
1311.39
186.627
194.852
196.616
206.845
218.307
234.927
237.72
250.938
260.292
282.77
286.195
300.114
304.688
332.863
349.452
351.815
352.894
384.505
403.545
405.919
405.555
437.62
460.127
462.667
461.961
492.251
519.421
522.353
521.804
549.065
582.023
585.653
585.355
609.197
649.021
653.788
654.294
675.564
723.377
729.769
731.801
753.364
810.525
819.227
825.82
852.399
924.644
936.761
953.491
999.789
1101.09
1120.69
1168.86
1259.7
1438.66
1474.34
1573.43
1552.66
1534.5
1493.91
1410.63
1414.92
1440.09
1408.11
1364.94
1410.32
1172.76
1377.64
1309.2
1330.59
1335.87
1285.37
184.456
188.873
189.867
196.685
205.498
214.662
216.319
226.546
237.231
248.037
249.658
260.924
270.222
283.717
293.407
296.937
306.401
320.826
330.658
334.212
345.965
359.487
369.491
373.033
386.567
400.066
410.41
413.922
429.085
443.245
454.319
457.83
474.785
490.214
502.813
506.45
525.894
543.319
558.766
562.788
585.81
607.054
627.427
632.473
662.038
690.032
720.287
727.465
768.518
814.132
865.029
877.689
950.586
1033.29
1144.33
1170.67
1296.2
1281.51
1233.58
1198.52
1176.39
1175
1165.25
1139.6
1146.8
1174.12
1155.93
1124.07
1105.98
1109.13
1087.7
1056.5
184.232
188.606
189.591
195.795
203.491
213.707
215.511
224.735
233.002
246.279
248.439
258.439
265.601
280.904
291.739
293.884
299.929
316.517
328.466
330.606
335.974
353.088
366.626
368.841
374.095
390.944
406.668
409.078
414.648
430.863
449.454
452.23
458.475
474.263
496.537
499.941
507.505
523.715
550.779
555.187
564.984
583.821
617.457
623.541
638.234
663.167
708.017
716.788
740.779
782.558
849.422
864.157
915.991
994.95
1123.44
1151.44
1249.28
1235.44
1211.17
1178.02
1134.09
1134.93
1144.88
1118.83
1106.05
1134.45
1137.07
1100.38
1067.43
1072.39
1069.66
1031.59
183.072
185.201
185.707
189.645
195.341
200.83
201.87
208.94
217.266
223.556
224.532
232.703
241.747
248.674
255.115
257.965
267.874
274.982
281.202
284.058
295.411
302.406
308.279
311.082
323.731
331.236
336.752
339.467
353.381
362.047
367.397
370.015
385.442
395.842
401.533
404.114
421.721
434.503
441.599
444.325
465.247
481.858
492.101
495.407
522.356
545.244
562.762
567.606
605.085
642.375
675.29
684.485
749.171
817.419
897.515
917.848
1028.87
1023.07
975.948
949.552
941.632
945.113
927.672
908.984
922.563
945.981
923.388
900.137
892.898
897.363
872.876
852.581
182.949
185.055
185.554
189.093
194
200.213
201.354
207.708
214.087
222.341
223.703
230.957
237.084
246.678
253.94
255.8
261.65
271.907
279.647
281.498
287.489
297.853
306.243
308.115
314.411
324.766
334.098
336.046
342.847
353.264
363.946
366.063
373.653
384.462
397.069
399.512
408.439
420.337
435.857
438.881
450.056
464.68
484.777
488.898
504.613
524.751
553.518
559.65
583.796
617.543
663.294
674.079
721.498
785.958
880.57
902.419
990.184
980.812
958.157
931.894
909.08
908.428
911.415
891.059
891.034
910.354
907.433
879.889
863.775
864.601
858.834
831.76
182.334
183.13
183.335
185.372
188.84
191.952
192.574
197.308
203.72
207.104
207.671
213.549
221.885
224.784
229.112
231.379
241.052
243.656
247.67
249.943
260.599
263.457
266.96
269.169
280.613
284.346
287.232
289.33
301.622
306.759
309.066
311.03
324.464
331.492
333.482
335.337
350.528
360.008
362.362
364.225
382.209
395.272
399.221
401.403
424.482
443.124
451.75
454.988
487.296
517.708
536.972
543.326
598.235
653.871
708.395
723.57
820.097
820.24
774.08
754.817
757.443
763.172
740.755
727.884
747.139
765.37
739.946
724.666
728.487
730.318
705.194
693.019
182.274
183.067
183.274
185.071
187.974
191.638
192.335
196.579
201.14
206.408
207.263
212.483
216.81
223.551
228.497
230.039
234.477
241.666
246.809
248.353
253.563
260.42
265.779
267.319
273.09
279.927
285.633
287.189
293.536
300.607
306.923
308.542
315.645
323.276
330.639
332.415
340.699
349.406
358.622
360.729
370.951
381.9
394.326
397.126
411.125
426.445
445.353
449.582
470.739
496.55
528.286
535.907
575.491
625.517
695.71
712.358
786.315
780.465
761.085
740.916
728.586
728.986
728.979
713.858
717.785
733.36
728.66
708.887
699.33
702.061
695.513
676.873
182.224
183.023
183.231
184.808
187.242
191.376
192.15
195.915
199.232
205.786
206.931
211.494
214.31
222.407
227.989
228.783
230.923
239.781
246.063
246.85
248.554
257.528
264.721
265.561
267.104
275.747
284.163
285.145
286.749
294.898
304.92
306.158
308.04
315.863
327.956
329.607
332.12
340.164
355.079
357.361
361.101
370.646
389.684
392.991
399.511
412.843
439.329
444.378
456.533
479.607
520.232
528.875
556.488
602.661
683.325
700.928
756.592
752.279
746.611
728.602
700.008
704.228
715.756
701.056
689.797
709.006
715.678
694.502
672.077
680.245
684.114
661.756
181.92
181.961
181.99
182.665
184.165
186.153
186.544
189.223
192.335
195.598
196.114
199.78
203.163
207.482
210.836
212.074
215.774
220.462
223.911
225.165
229.584
234.103
237.58
238.825
243.811
248.388
251.941
253.175
258.694
263.582
267.378
268.62
274.796
280.265
284.633
285.94
293.102
299.532
305.097
306.591
315.347
323.589
331.405
333.343
345.127
356.774
369.338
372.289
389.901
409.509
431.432
436.836
468.621
506.274
556.778
568.92
628.695
625.968
609.365
594.483
588.367
590.771
588.757
578.043
583.551
596.993
591.514
577.783
572.22
576.67
569.896
557.312
181.888
181.921
181.948
182.471
183.662
185.906
186.346
188.673
191.027
195.022
195.741
198.914
201.48
206.459
210.261
210.945
213.381
218.838
223.112
223.804
226.063
231.691
236.51
237.234
239.436
245.008
250.528
251.335
253.632
259.094
265.533
266.496
269.068
274.59
282.244
283.464
286.618
292.628
302.021
303.654
307.9
315.347
327.444
329.776
336.377
346.989
364.305
367.9
379.254
397.403
424.694
430.893
454.29
490.029
546.573
559.487
606.366
603.65
597.417
583.625
568.495
571.115
577.898
566.954
564.66
577.538
580.798
565.334
554.855
558.644
560.363
544.388
181.733
181.342
181.264
181.223
181.762
182.615
182.794
184.312
186.325
188.139
188.416
190.877
193.589
196.044
198.244
199.211
202.435
205.161
207.426
208.428
212.233
215.001
217.223
218.22
222.506
225.458
227.629
228.603
233.342
236.674
238.893
239.85
245.132
249.054
251.557
252.528
258.616
263.417
266.665
267.735
275.122
281.431
286.215
287.575
297.384
306.421
314.638
316.717
331.183
346.224
361.039
364.859
390.132
418.649
453.712
462.468
509.535
509.291
494.934
484.397
482.708
486.283
482.921
475.536
482.213
493.314
487.393
478.031
476.274
480.435
473.59
465.272
181.717
181.32
181.242
181.108
181.444
182.461
182.673
183.947
185.386
187.743
188.167
190.264
192.142
195.303
197.834
198.388
200.396
203.953
206.841
207.416
209.469
213.188
216.425
217.026
219.145
222.905
226.567
227.218
229.479
233.282
237.498
238.246
240.778
244.768
249.746
250.657
253.697
258.196
264.331
265.516
269.48
275.185
283.209
284.88
290.761
298.977
310.82
313.411
323.086
336.949
355.894
360.359
379.146
406.084
445.917
455.279
492.356
490.839
485.869
475.762
468.104
470.081
474.619
466.739
468.143
477.378
479.211
468.167
463.292
465.512
466.281
455.069
181.638
181.011
180.873
180.397
180.304
180.426
180.464
181.146
182.299
183.132
183.248
184.776
186.802
188.033
189.395
190.118
192.769
194.196
195.632
196.407
199.574
201.143
202.529
203.308
206.883
208.711
210.007
210.765
214.718
216.957
218.214
218.946
223.35
226.163
227.539
228.262
233.328
236.938
238.769
239.544
245.668
250.553
253.428
254.397
262.461
269.561
274.917
276.402
288.137
299.768
309.714
312.44
332.436
354.135
378.277
384.548
421.12
422.452
410.446
403.092
404.198
408.025
404.112
399.056
406.205
414.986
409.234
402.89
403.853
407.075
400.667
395.235
181.631
181.001
180.862
180.331
180.104
180.332
180.39
180.908
181.6
182.864
183.084
184.35
185.488
187.502
189.107
189.522
190.912
193.303
195.206
195.659
197.257
199.779
201.935
202.413
204.173
206.771
209.204
209.718
211.658
214.356
217.152
217.727
219.928
222.842
226.156
226.838
229.478
232.846
236.984
237.854
241.258
245.596
251.128
252.346
257.286
263.586
271.997
273.89
281.768
292.239
305.77
309.018
323.729
343.848
372.273
379.091
407.46
407.056
403.616
396.346
392.671
394.491
397.794
392.174
394.712
401.745
403.001
395.174
392.84
394.713
395.09
387.277
181.592
180.839
180.666
179.934
179.438
179.102
179.047
179.146
179.636
179.821
179.83
180.646
182.007
182.46
183.209
183.719
185.738
186.342
187.186
187.761
190.261
191.042
191.856
192.446
195.31
196.376
197.105
197.682
200.873
202.345
203.005
203.559
207.132
209.139
209.835
210.373
214.495
217.213
218.19
218.755
223.745
227.542
229.242
229.942
236.493
242.094
245.581
246.654
256.084
265.118
271.838
273.811
289.572
306.159
322.851
327.339
355.574
357.726
348.05
342.923
345.551
349.179
345.365
341.921
348.895
355.697
350.579
346.313
348.822
351.191
345.626
342.126
181.588
180.833
180.66
179.898
179.317
179.045
179.005
178.996
179.126
179.644
179.724
180.355
180.874
182.085
183.008
183.293
184.109
185.688
186.877
187.21
188.33
190.021
191.415
191.778
193.112
194.899
196.499
196.89
198.424
200.335
202.196
202.631
204.411
206.534
208.774
209.283
211.441
213.954
216.814
217.458
220.248
223.537
227.468
228.369
232.387
237.21
243.326
244.723
250.994
258.902
268.792
271.187
282.588
297.656
318.218
323.189
344.59
345.026
342.883
337.688
336.141
337.979
340.549
336.561
339.224
344.803
345.841
340.33
339.198
341.098
341.381
335.959
181.568
180.75
180.559
179.681
178.938
178.32
178.209
177.912
177.906
177.676
177.614
177.899
178.665
178.635
178.932
179.263
180.656
180.755
181.166
181.569
183.414
183.695
184.107
184.537
186.714
187.272
187.624
188.05
190.525
191.455
191.745
192.154
194.961
196.371
196.665
197.059
200.329
202.359
202.835
203.248
207.235
210.173
211.169
211.68
216.934
221.344
223.624
224.407
231.912
238.938
243.572
245.022
257.392
270.126
281.818
285.07
306.738
309.197
301.707
298.134
301.401
304.678
301.415
299.078
305.47
310.747
306.545
303.672
306.848
308.638
304.129
301.875
181.568
180.747
180.556
179.662
178.867
178.291
178.188
177.826
177.558
177.572
177.559
177.719
177.782
178.394
178.82
178.988
179.346
180.309
180.98
181.202
181.881
182.969
183.825
184.081
184.99
186.189
187.22
187.504
188.615
189.946
191.186
191.505
192.845
194.371
195.914
196.289
197.953
199.81
201.843
202.322
204.51
206.992
209.873
210.545
213.712
217.404
221.933
222.972
227.87
233.869
241.253
243.04
251.821
263.192
278.355
282.022
298.049
299.004
297.925
294.225
293.769
295.628
297.877
295.062
297.489
302.025
303.083
299.173
298.691
300.614
301.042
297.206
181.565
180.745
180.555
179.645
178.813
178.267
178.172
177.747
177.327
177.477
177.514
177.549
177.365
178.169
178.723
178.725
178.631
179.887
180.814
180.852
180.802
182.281
183.566
183.643
183.634
185.175
186.842
186.974
187.029
188.558
190.656
190.874
191.033
192.578
195.197
195.538
195.892
197.585
200.898
201.417
202.136
204.29
208.64
209.436
210.92
214.143
220.335
221.565
224.419
229.758
239.096
241.114
247.21
257.634
275.068
278.906
290.709
292.122
293.931
290.754
286.479
289.356
294.117
291.387
290.167
295.713
299.329
295.018
291.383
294.837
297.624
292.732
181.557
180.703
180.503
179.537
178.617
177.857
177.716
177.125
176.587
176.262
176.188
176.005
175.753
175.909
175.97
176.039
176.056
176.535
176.823
176.948
177.258
177.883
178.346
178.508
179.042
179.792
180.414
180.605
181.334
182.218
183.023
183.247
184.183
185.247
186.306
186.577
187.794
189.139
190.602
190.955
192.611
194.469
196.622
197.126
199.569
202.396
205.805
206.589
210.368
214.943
220.572
221.933
228.678
237.293
248.596
251.336
263.36
264.604
264.306
261.685
261.86
263.697
265.746
263.758
265.943
269.696
270.825
268.051
268.022
269.889
270.495
267.781
181.555
180.702
180.502
179.527
178.586
177.839
177.703
177.071
176.448
176.19
176.147
175.88
175.494
175.734
175.878
175.832
175.585
176.203
176.667
176.658
176.498
177.34
178.109
178.137
178.045
178.99
180.073
180.149
180.132
181.124
182.552
182.698
182.785
183.841
185.677
185.92
186.183
187.405
189.779
190.164
190.743
192.373
195.556
196.157
197.373
199.888
204.45
205.383
207.672
211.807
218.759
220.297
225.102
233.12
245.939
248.807
257.847
259.411
261.079
258.815
256.41
258.911
262.693
260.74
260.515
264.856
267.771
264.663
262.68
265.407
267.693
264.161
181.551
180.68
180.475
179.47
178.478
177.611
177.446
176.712
176
175.446
175.329
174.909
174.437
174.255
174.047
174.042
173.807
173.909
173.904
173.952
173.974
174.234
174.394
174.48
174.708
175.101
175.409
175.525
175.936
176.463
176.938
177.082
177.683
178.376
179.07
179.256
180.102
181.04
182.072
182.328
183.543
184.911
186.509
186.889
188.751
190.913
193.486
194.084
196.987
200.489
204.807
205.854
211.041
217.654
226.169
228.24
237.311
238.679
238.896
237.054
237.642
239.414
241.316
239.929
241.938
245.087
246.292
244.32
244.661
246.419
247.196
245.261
181.549
180.68
180.474
179.464
178.461
177.601
177.439
176.68
175.919
175.401
175.305
174.828
174.278
174.138
173.987
173.9
173.5
173.677
173.796
173.747
173.451
173.84
174.222
174.207
173.995
174.508
175.154
175.183
175.054
175.646
176.579
176.664
176.639
177.316
178.584
178.749
178.883
179.725
181.43
181.709
182.116
183.314
185.672
186.127
187.062
188.993
192.415
193.127
194.91
198.095
203.376
204.559
208.296
214.473
224.09
226.259
233.144
234.742
236.39
234.8
233.504
235.749
238.927
237.55
237.827
241.377
243.898
241.658
240.638
242.97
244.992
242.423
181.548
180.669
180.46
179.436
178.404
177.476
177.297
176.476
175.657
174.958
174.814
174.234
173.61
173.195
172.799
172.736
172.314
172.14
171.921
171.908
171.703
171.685
171.619
171.642
171.622
171.737
171.813
171.865
172.01
172.256
172.484
172.565
172.881
173.28
173.703
173.821
174.35
174.966
175.676
175.856
176.699
177.678
178.862
179.147
180.526
182.16
184.12
184.578
186.785
189.474
192.827
193.641
197.621
202.735
209.24
210.826
217.7
219.091
219.676
218.397
219.21
220.897
222.718
221.77
223.621
226.312
227.6
226.215
226.821
228.462
229.391
228.02
181.546
180.668
180.46
179.432
178.395
177.471
177.294
176.458
175.61
174.931
174.8
174.184
173.513
173.12
172.759
172.643
172.113
171.981
171.847
171.765
171.344
171.407
171.496
171.447
171.115
171.307
171.625
171.613
171.368
171.652
172.214
172.251
172.104
172.486
173.332
173.434
173.43
173.969
175.18
175.378
175.607
176.455
178.21
178.551
179.222
180.672
183.277
183.824
185.173
187.615
191.698
192.617
195.495
200.267
207.611
209.27
214.494
216.06
217.723
216.631
215.992
218.053
220.847
219.899
220.416
223.436
225.728
224.128
223.677
225.789
227.663
225.787
181.546
180.663
180.452
179.416
178.366
177.404
177.217
176.347
175.462
174.674
174.513
173.83
173.106
172.534
172.01
171.905
171.351
170.977
170.605
170.544
170.171
169.943
169.71
169.683
169.469
169.369
169.268
169.271
169.203
169.227
169.267
169.298
169.381
169.547
169.76
169.826
170.094
170.452
170.916
171.034
171.572
172.241
173.106
173.316
174.299
175.514
177.011
177.365
179.022
181.089
183.715
184.355
187.407
191.39
196.413
197.644
202.882
204.246
205.078
204.208
205.148
206.748
208.521
207.895
209.617
211.957
213.317
212.358
213.154
214.669
215.716
214.744
181.544
180.663
180.453
179.414
178.361
177.4
177.216
176.336
175.436
174.658
174.506
173.8
173.047
172.488
171.984
171.845
171.218
170.873
170.555
170.448
169.924
169.752
169.624
169.547
169.111
169.065
169.134
169.089
168.738
168.789
169.069
169.066
168.807
168.958
169.482
169.535
169.402
169.697
170.538
170.67
170.739
171.299
172.604
172.855
173.291
174.35
176.354
176.775
177.763
179.621
182.832
183.548
185.738
189.43
195.143
196.423
200.37
201.869
203.558
202.833
202.586
204.513
207.058
206.432
207.048
209.698
211.853
210.722
210.588
212.567
214.355
212.972
181.545
180.659
180.448
179.406
178.345
177.365
177.173
176.275
175.355
174.512
174.341
173.595
172.81
172.134
171.522
171.39
170.748
170.233
169.751
169.656
169.163
168.78
168.422
168.358
168.002
167.737
167.499
167.463
167.234
167.085
166.977
166.966
166.871
166.851
166.897
166.92
166.985
167.137
167.4
167.47
167.766
168.189
168.795
168.945
169.62
170.505
171.635
171.909
173.141
174.732
176.79
177.299
179.642
182.764
186.664
187.626
191.659
192.974
193.946
193.382
194.419
195.952
197.647
197.263
198.898
200.958
202.331
201.673
202.607
203.985
205.082
204.388
181.542
180.658
180.446
179.401
178.336
177.345
177.15
176.239
175.31
174.428
174.248
173.471
172.689
171.916
171.238
171.104
170.481
169.817
169.234
169.138
168.673
168.119
167.617
167.553
167.24
166.8
166.37
166.327
166.163
165.85
165.49
165.466
165.456
165.292
165.018
165.012
165.184
165.213
165.072
165.092
165.516
165.822
165.919
165.989
166.804
167.549
168.026
168.179
169.567
170.946
172.118
172.446
174.906
177.585
180.109
180.78
184.843
186.351
186.408
186.03
187.754
189.493
190.21
190.032
192.234
194.25
194.702
194.399
195.98
197.344
197.537
197.304
181.544
180.658
180.445
179.401
178.333
177.343
177.149
176.236
175.295
174.422
174.245
173.461
172.642
171.898
171.23
171.081
170.386
169.772
169.214
169.096
168.524
168.028
167.578
167.488
167.031
166.643
166.303
166.237
165.89
165.608
165.384
165.344
165.113
164.949
164.863
164.851
164.761
164.75
164.853
164.884
164.992
165.22
165.617
165.718
166.15
166.778
167.615
167.824
168.727
169.944
171.551
171.954
173.757
176.226
179.276
180.038
183.164
184.421
185.467
185.127
186.213
187.684
189.285
189.076
190.615
192.445
193.767
193.322
194.321
195.567
196.659
196.157
181.541
180.657
180.444
179.398
178.329
177.331
177.137
176.217
175.271
174.376
174.194
173.393
172.57
171.775
171.065
170.915
170.219
169.524
168.901
168.782
168.212
167.616
167.071
166.979
166.532
166.037
165.566
165.495
165.17
164.781
164.385
164.333
164.137
163.872
163.568
163.535
163.492
163.384
163.215
163.209
163.376
163.498
163.552
163.594
164.084
164.575
164.977
165.095
166.058
167.078
168.09
168.359
170.171
172.244
174.365
174.909
177.943
179.281
179.768
179.541
181.005
182.574
183.533
183.432
185.238
187.027
187.743
187.514
188.823
190.128
190.614
190.423
181.542
180.657
180.444
179.398
178.326
177.331
177.136
176.215
175.263
174.372
174.192
173.386
172.547
171.763
171.061
170.901
170.173
169.497
168.888
168.756
168.132
167.558
167.046
166.937
166.411
165.936
165.52
165.432
165.002
164.623
164.312
164.248
163.918
163.645
163.457
163.42
163.212
163.076
163.054
163.055
163.019
163.093
163.325
163.389
163.629
164.053
164.663
164.821
165.467
166.394
167.653
167.974
169.359
171.31
173.718
174.324
176.76
177.955
179.02
178.839
179.902
181.29
182.771
182.662
184.065
185.695
186.95
186.632
187.619
188.779
189.861
189.483
181.54
180.656
180.442
179.395
178.324
177.324
177.128
176.204
175.25
174.347
174.164
173.348
172.504
171.694
170.967
170.806
170.07
169.352
168.702
168.569
167.936
167.307
166.732
166.622
166.091
165.552
165.048
164.958
164.528
164.081
163.653
163.581
163.258
162.915
162.58
162.527
162.333
162.122
161.918
161.891
161.872
161.855
161.86
161.878
162.129
162.428
162.749
162.84
163.488
164.235
165.098
165.319
166.649
168.261
170.04
170.486
172.759
173.944
174.673
174.553
175.777
177.148
178.199
178.149
179.617
181.186
182.059
181.896
182.994
184.239
184.945
184.807
181.541
180.656
180.442
179.395
178.322
177.324
177.128
176.202
175.245
174.345
174.162
173.344
172.494
171.687
170.964
170.797
170.048
169.335
168.695
168.553
167.896
167.273
166.715
166.595
166.025
165.488
165.018
164.917
164.429
163.981
163.603
163.522
163.123
162.77
162.502
162.446
162.154
161.925
161.803
161.782
161.639
161.594
161.694
161.729
161.824
162.083
162.517
162.634
163.083
163.78
164.768
165.023
166.087
167.627
169.546
170.031
171.933
173.053
174.087
174.007
174.972
176.235
177.572
177.519
178.738
180.198
181.395
181.171
182.104
183.237
184.32
184.045
181.54
180.655
180.441
179.393
178.321
177.32
177.122
176.195
175.237
174.331
174.144
173.323
172.468
171.649
170.911
170.745
169.987
169.253
168.587
168.444
167.778
167.124
166.527
166.406
165.826
165.253
164.725
164.622
164.127
163.636
163.182
163.094
162.692
162.291
161.925
161.857
161.563
161.277
161.034
160.991
160.847
160.729
160.677
160.677
160.76
160.913
161.153
161.22
161.641
162.185
162.904
163.085
164.065
165.327
166.811
167.178
168.898
169.942
170.758
170.711
171.712
172.879
173.936
173.933
175.128
176.511
177.483
177.402
178.361
179.555
180.422
180.356
181.539
180.655
180.441
179.393
178.319
177.319
177.123
176.195
175.235
174.329
174.145
173.321
172.463
171.644
170.909
170.739
169.977
169.243
168.581
168.435
167.757
167.104
166.517
166.39
165.789
165.215
164.705
164.596
164.071
163.576
163.149
163.057
162.61
162.201
161.874
161.803
161.451
161.153
160.956
160.916
160.696
160.561
160.561
160.571
160.556
160.687
160.986
161.068
161.365
161.879
162.661
162.863
163.674
164.887
166.44
166.827
168.307
169.33
170.304
170.284
171.098
172.223
173.44
173.434
174.469
175.795
176.964
176.835
177.708
178.844
179.938
179.762
181.539
180.655
180.44
179.392
178.318
177.317
177.118
176.19
175.229
174.32
174.133
173.308
172.448
171.622
170.88
170.71
169.942
169.196
168.521
168.373
167.689
167.018
166.408
166.279
165.673
165.075
164.53
164.417
163.887
163.364
162.887
162.791
162.34
161.898
161.506
161.426
161.069
160.731
160.451
160.396
160.169
159.978
159.873
159.858
159.827
159.876
160.033
160.08
160.345
160.74
161.32
161.469
162.2
163.201
164.423
164.727
166.053
166.969
167.782
167.79
168.638
169.655
170.686
170.741
171.771
173.006
174.02
174.025
174.921
176.05
176.995
177.004
181.537
180.655
180.44
179.391
178.317
177.316
177.119
176.189
175.228
174.319
174.135
173.306
172.445
171.621
170.877
170.706
169.936
169.19
168.517
168.368
167.676
167.006
166.4
166.269
165.651
165.053
164.517
164.402
163.853
163.327
162.867
162.768
162.29
161.843
161.471
161.392
160.999
160.651
160.398
160.347
160.07
159.867
159.793
159.785
159.689
159.719
159.915
159.972
160.15
160.516
161.144
161.304
161.915
162.867
164.148
164.456
165.6
166.513
167.44
167.462
168.152
169.182
170.328
170.371
171.27
172.497
173.648
173.605
174.417
175.547
176.646
176.545
181.538
180.654
180.439
179.39
178.316
177.314
177.115
176.185
175.223
174.313
174.126
173.298
172.435
171.608
170.862
170.69
169.916
169.164
168.483
168.333
167.64
166.958
166.338
166.206
165.586
164.973
164.414
164.297
163.748
163.203
162.71
162.607
162.13
161.66
161.244
161.157
160.765
160.39
160.077
160.013
159.737
159.496
159.34
159.313
159.21
159.185
159.266
159.296
159.457
159.743
160.196
160.317
160.879
161.683
162.676
162.927
163.984
164.801
165.574
165.631
166.425
167.365
168.345
168.45
169.422
170.537
171.525
171.593
172.492
173.525
174.47
174.53
181.535
180.654
180.438
179.389
178.315
177.313
177.114
176.182
175.221
174.309
174.122
173.292
172.43
171.6
170.849
170.679
169.905
169.148
168.46
168.312
167.618
166.93
166.3
166.169
165.547
164.925
164.353
164.235
163.683
163.127
162.613
162.509
162.031
161.546
161.1
161.01
160.617
160.224
159.867
159.798
159.518
159.255
159.035
158.997
158.887
158.826
158.812
158.821
158.971
159.198
159.507
159.591
160.127
160.816
161.573
161.763
162.771
163.554
164.159
164.222
165.1
166.039
166.845
166.959
168.011
169.081
169.899
169.998
170.998
171.995
172.765
172.881
181.537
180.654
180.438
179.389
178.315
177.313
177.113
176.182
175.219
174.309
174.121
173.292
172.428
171.599
170.851
170.677
169.903
169.146
168.461
168.309
167.613
166.925
166.3
166.164
165.539
164.916
164.349
164.228
163.669
163.111
162.606
162.499
162.008
161.521
161.087
160.996
160.583
160.185
159.846
159.776
159.469
159.196
159
158.962
158.814
158.737
158.751
158.768
158.857
159.06
159.407
159.504
159.946
160.6
161.406
161.613
162.48
163.223
163.949
164.041
164.805
165.702
166.624
166.755
167.69
168.724
169.664
169.761
170.657
171.619
172.533
172.615
181.535
180.654
180.437
179.388
178.314
177.311
177.111
176.18
175.218
174.306
174.118
173.288
172.424
171.593
170.843
170.67
169.895
169.137
168.449
168.297
167.599
166.909
166.279
166.145
165.516
164.89
164.315
164.195
163.633
163.07
162.554
162.445
161.951
161.457
161.007
160.913
160.496
160.086
159.724
159.649
159.336
159.044
158.813
158.768
158.605
158.497
158.458
158.46
158.525
158.676
158.935
159.007
159.401
159.951
160.611
160.778
161.562
162.256
162.898
162.989
163.757
164.626
165.458
165.589
166.514
167.512
168.364
168.479
169.37
170.322
171.138
171.259
181.535
180.654
180.437
179.388
178.314
177.311
177.111
176.179
175.217
174.306
174.118
173.288
172.423
171.593
170.843
170.669
169.893
169.136
168.448
168.295
167.597
166.907
166.278
166.143
165.512
164.885
164.313
164.192
163.626
163.062
162.549
162.441
161.94
161.444
160.999
160.906
160.48
160.068
159.711
159.637
159.311
159.016
158.79
158.747
158.567
158.451
158.42
158.425
158.461
158.6
158.868
158.945
159.294
159.824
160.493
160.665
161.381
162.058
162.747
162.852
163.561
164.41
165.291
165.424
166.292
167.269
168.181
168.283
169.131
170.062
170.957
171.036
181.536
180.654
180.436
179.387
178.313
177.31
177.109
176.178
175.214
174.304
174.114
173.284
172.42
171.589
170.839
170.665
169.889
169.13
168.442
168.289
167.59
166.897
166.267
166.131
165.5
164.871
164.296
164.173
163.607
163.04
162.521
162.411
161.91
161.41
160.956
160.859
160.433
160.012
159.644
159.565
159.236
158.926
158.681
158.631
158.438
158.298
158.234
158.229
158.242
158.337
158.546
158.605
158.907
159.356
159.92
160.065
160.702
161.324
161.954
162.06
162.749
163.549
164.357
164.499
165.333
166.262
167.1
167.23
168.046
168.948
169.764
169.892
181.533
180.654
180.437
179.387
178.313
177.31
177.11
176.177
175.215
174.304
174.116
173.284
172.42
171.589
170.837
170.664
169.887
169.13
168.44
168.288
167.587
166.896
166.265
166.131
165.497
164.869
164.293
164.173
163.603
163.036
162.518
162.41
161.905
161.404
160.951
160.857
160.424
160.004
159.635
159.56
159.223
158.912
158.667
158.62
158.417
158.272
158.209
158.206
158.201
158.289
158.501
158.56
158.834
159.263
159.835
159.977
160.567
161.181
161.846
161.951
162.588
163.382
164.232
164.357
165.138
166.059
166.957
167.051
167.82
168.728
169.619
169.677
181.535
180.654
180.436
179.387
178.313
177.31
177.108
176.176
175.212
174.302
174.111
173.282
172.417
171.586
170.837
170.661
169.885
169.126
168.438
168.284
167.584
166.891
166.261
166.123
165.493
164.861
164.286
164.162
163.595
163.025
162.506
162.394
161.892
161.388
160.931
160.833
160.403
159.976
159.602
159.521
159.183
158.863
158.606
158.553
158.345
158.183
158.094
158.083
158.065
158.123
158.282
158.331
158.572
158.947
159.422
159.548
160.09
160.66
161.249
161.365
162
162.735
163.485
163.63
164.405
165.259
166.047
166.181
166.96
167.794
168.578
168.705
181.531
180.655
180.436
179.386
178.312
177.309
177.107
176.175
175.213
174.301
174.111
173.28
172.416
171.584
170.833
170.658
169.882
169.124
168.434
168.281
167.58
166.888
166.256
166.12
165.488
164.858
164.281
164.158
163.59
163.021
162.499
162.389
161.885
161.38
160.921
160.824
160.39
159.965
159.583
159.504
159.162
158.84
158.569
158.516
158.3
158.128
158.018
158.001
157.97
158.006
158.123
158.159
158.377
158.702
159.106
159.21
159.718
160.249
160.77
160.868
161.49
162.178
162.846
162.973
163.732
164.534
165.245
165.368
166.14
166.941
167.647
167.778
181.532
180.655
180.435
179.386
178.312
177.309
177.107
176.175
175.212
174.301
174.11
173.279
172.415
171.584
170.834
170.657
169.882
169.123
168.435
168.281
167.58
166.888
166.257
166.12
165.488
164.858
164.282
164.158
163.59
163.021
162.5
162.388
161.884
161.379
160.921
160.823
160.389
159.963
159.583
159.502
159.159
158.835
158.566
158.511
158.292
158.117
158.007
157.992
157.95
157.979
158.097
158.137
158.334
158.647
159.053
159.162
159.636
160.156
160.694
160.805
161.386
162.056
162.745
162.879
163.592
164.378
165.121
165.242
165.974
166.758
167.513
167.626
181.532
180.655
180.435
179.385
178.311
177.309
177.105
176.174
175.211
174.3
174.108
173.278
172.414
171.583
170.833
170.656
169.88
169.122
168.434
168.278
167.579
166.887
166.256
166.117
165.487
164.856
164.281
164.156
163.589
163.019
162.499
162.386
161.883
161.378
160.919
160.82
160.387
159.959
159.578
159.495
159.151
158.823
158.55
158.492
158.268
158.083
157.961
157.941
157.887
157.895
157.984
158.016
158.185
158.455
158.808
158.903
159.328
159.797
160.281
160.378
160.916
161.535
162.164
162.293
162.958
163.698
164.385
164.514
165.205
165.963
166.662
166.797
181.529
180.655
180.436
179.385
178.312
177.309
177.107
176.174
175.212
174.3
174.11
173.278
172.414
171.583
170.83
170.655
169.88
169.122
168.432
168.279
167.578
166.887
166.255
166.118
165.486
164.857
164.279
164.157
163.588
163.02
162.498
162.388
161.882
161.379
160.918
160.822
160.387
159.961
159.576
159.497
159.151
158.824
158.547
158.492
158.265
158.079
157.955
157.936
157.875
157.879
157.967
157.998
158.155
158.415
158.767
158.859
159.263
159.72
160.219
160.314
160.82
161.429
162.082
162.196
162.833
163.562
164.287
164.39
165.056
165.811
166.56
166.646
181.532
180.656
180.434
179.385
178.311
177.309
177.105
176.173
175.209
174.299
174.106
173.276
172.412
171.582
170.832
170.654
169.88
169.121
168.433
168.276
167.578
166.886
166.256
166.116
165.487
164.856
164.282
164.155
163.59
163.02
162.501
162.387
161.884
161.38
160.922
160.822
160.391
159.961
159.58
159.496
159.151
158.819
158.544
158.485
158.254
158.061
157.928
157.904
157.833
157.82
157.884
157.909
158.043
158.27
158.572
158.655
159.016
159.43
159.87
159.968
160.446
161.01
161.593
161.72
162.329
163.012
163.66
163.791
164.441
165.149
165.821
165.956
181.528
180.656
180.434
179.384
178.312
177.309
177.105
176.172
175.211
174.299
174.107
173.275
172.412
171.581
170.829
170.653
169.877
169.12
168.43
168.275
167.576
166.886
166.254
166.115
165.485
164.857
164.281
164.156
163.589
163.022
162.502
162.39
161.886
161.384
160.925
160.827
160.393
159.967
159.583
159.501
159.153
158.823
158.541
158.483
158.249
158.05
157.906
157.881
157.801
157.774
157.815
157.834
157.952
158.149
158.409
158.479
158.814
159.193
159.588
159.672
160.138
160.664
161.193
161.305
161.901
162.538
163.134
181.529
180.656
180.434
179.384
178.312
177.309
177.104
176.172
175.21
174.299
174.106
173.275
172.411
171.581
170.83
170.653
169.877
169.12
168.431
168.275
167.576
166.886
166.255
166.115
165.485
164.857
164.282
164.156
163.59
163.023
162.503
162.39
161.887
161.385
160.927
160.827
160.394
159.968
159.585
159.502
159.155
158.823
158.542
158.482
158.248
158.047
157.903
157.878
157.793
157.763
157.803
157.822
157.93
158.12
158.378
158.452
158.769
159.142
159.544
159.635
160.077
160.593
161.132
161.249
161.815
162.443
181.53
180.656
180.433
179.384
178.311
177.309
177.102
176.171
175.209
174.298
174.103
173.273
172.41
171.58
170.83
170.651
169.876
169.118
168.431
168.273
167.575
166.884
166.255
166.114
165.485
164.857
164.283
164.155
163.592
163.024
162.506
162.391
161.891
161.388
160.933
160.831
160.4
159.973
159.591
159.507
159.161
158.827
158.544
158.483
158.246
158.039
157.889
157.861
157.767
157.724
157.747
157.762
157.85
158.014
158.242
158.307
158.592
158.933
159.301
159.385
159.797
160.278
160.774
160.888
161.418
181.525
180.655
180.435
179.383
178.312
177.308
177.105
176.17
175.21
174.298
174.107
173.273
172.41
171.58
170.826
170.65
169.875
169.118
168.427
168.274
167.574
166.885
166.252
166.115
165.484
164.857
164.28
164.158
163.59
163.026
162.504
162.395
161.891
161.391
160.931
160.835
160.401
159.976
159.591
159.511
159.162
158.83
158.544
158.486
158.246
158.04
157.886
157.86
157.762
157.717
157.738
157.751
157.832
157.989
158.217
158.277
158.553
158.886
159.265
159.342
159.735
160.207
181.529
180.656
180.432
179.383
178.309
177.308
177.1
176.169
175.207
174.296
174.101
173.271
172.408
171.578
170.828
170.647
169.873
169.115
168.429
168.27
167.573
166.882
166.254
166.111
165.484
164.856
164.283
164.154
163.592
163.025
162.509
162.393
161.895
161.394
160.938
160.836
160.408
159.98
159.6
159.514
159.167
158.833
158.55
158.487
158.246
158.034
157.878
157.846
157.743
157.686
157.691
157.701
157.766
157.904
158.098
158.155
158.406
158.712
159.044
159.125
159.498
159.937
181.526
180.655
180.431
179.381
178.309
177.306
177.098
176.165
175.205
174.293
174.097
173.266
172.404
171.573
170.822
170.642
169.868
169.111
168.423
168.265
167.567
166.878
166.248
166.107
165.479
164.853
164.279
164.152
163.589
163.025
162.508
162.393
161.894
161.395
160.94
160.839
160.409
159.985
159.603
159.519
159.171
158.838
158.551
158.489
158.246
158.031
157.867
157.835
157.724
157.658
157.647
157.652
157.703
157.818
157.987
158.036
158.262
158.538
158.839
158.908
159.257
159.663
181.523
180.655
180.431
179.381
178.309
177.305
177.099
176.164
175.204
174.292
174.098
173.265
172.402
171.572
170.82
170.641
169.866
169.11
168.421
168.264
167.565
166.877
166.247
166.107
165.477
164.853
164.278
164.152
163.587
163.025
162.507
162.394
161.894
161.396
160.94
160.841
160.409
159.987
159.604
159.521
159.172
158.84
158.551
158.49
158.245
158.031
157.865
157.834
157.72
157.651
157.638
157.644
157.689
157.798
157.964
158.014
158.232
158.501
158.806
158.875
159.209
159.607
181.527
180.654
180.427
179.378
178.303
177.301
177.091
176.159
175.196
174.286
174.088
173.257
172.394
171.564
170.815
170.632
169.859
169.102
168.416
168.255
167.56
166.869
166.242
166.098
165.473
164.845
164.275
164.145
163.585
163.02
162.506
162.389
161.893
161.394
160.941
160.838
160.412
159.985
159.607
159.52
159.175
158.839
158.553
158.488
158.243
158.022
157.855
157.819
157.7
157.62
157.597
157.598
157.628
157.719
157.862
157.907
158.098
158.342
158.613
158.682
158.988
159.357
181.519
180.651
180.425
179.372
178.299
177.294
177.085
176.15
175.189
174.275
174.079
173.246
172.384
171.553
170.799
170.621
169.847
169.091
168.4
168.243
167.547
166.859
166.228
166.088
165.461
164.837
164.263
164.137
163.575
163.014
162.497
162.384
161.886
161.391
160.936
160.837
160.407
159.986
159.604
159.52
159.172
158.839
158.547
158.485
158.236
158.014
157.838
157.803
157.677
157.59
157.551
157.548
157.569
157.641
157.761
157.795
157.974
158.191
158.432
158.486
158.781
159.12
181.52
180.651
180.423
179.371
178.296
177.293
177.083
176.148
175.186
174.274
174.076
173.243
172.381
171.551
170.8
170.618
169.843
169.088
168.401
168.24
167.544
166.856
166.229
166.085
165.459
164.835
164.264
164.135
163.573
163.012
162.498
162.382
161.885
161.389
160.937
160.835
160.407
159.985
159.605
159.519
159.172
158.838
158.548
158.483
158.235
158.011
157.835
157.799
157.671
157.581
157.541
157.539
157.553
157.621
157.738
157.776
157.943
158.155
158.397
158.458
158.736
159.066
181.52
180.647
180.417
179.364
178.287
177.283
177.07
176.137
175.172
174.262
174.061
173.23
172.366
171.537
170.787
170.603
169.829
169.074
168.388
168.226
167.531
166.843
166.217
166.071
165.447
164.823
164.254
164.123
163.564
163.003
162.492
162.373
161.879
161.383
160.933
160.829
160.405
159.981
159.603
159.515
159.169
158.833
158.544
158.477
158.226
157.997
157.819
157.779
157.645
157.545
157.496
157.49
157.49
157.54
157.639
157.672
157.814
158.003
158.219
158.274
158.525
158.832
181.51
180.642
180.415
179.358
178.283
177.274
177.065
176.127
175.166
174.251
174.055
173.219
172.357
171.526
170.769
170.593
169.819
169.064
168.372
168.216
167.521
166.834
166.203
166.064
165.438
164.817
164.243
164.119
163.557
163
162.484
162.373
161.875
161.383
160.929
160.831
160.402
159.983
159.6
159.518
159.168
158.834
158.537
158.476
158.22
157.99
157.801
157.765
157.623
157.516
157.452
157.443
157.435
157.47
157.547
157.569
157.703
157.871
158.06
158.1
158.347
158.629
181.515
180.643
180.412
179.357
178.279
177.274
177.061
176.126
175.161
174.251
174.05
173.218
172.353
171.525
170.775
170.591
169.816
169.063
168.377
168.214
167.519
166.833
166.207
166.062
165.437
164.815
164.247
164.116
163.557
162.999
162.488
162.37
161.876
161.382
160.933
160.829
160.404
159.983
159.604
159.516
159.169
158.833
158.54
158.473
158.219
157.987
157.801
157.761
157.618
157.507
157.444
157.435
157.419
157.45
157.526
157.552
157.672
157.834
158.026
158.076
158.301
158.576
181.515
180.643
180.412
179.357
178.279
177.275
177.061
176.126
175.162
174.251
174.051
173.219
172.355
171.527
170.777
170.593
169.819
169.065
168.38
168.217
167.522
166.837
166.212
166.066
165.442
164.821
164.254
164.123
163.565
163.006
162.497
162.379
161.886
161.392
160.944
160.841
160.415
159.994
159.616
159.528
159.18
158.843
158.55
158.482
158.226
157.989
157.799
157.757
157.608
157.489
157.417
157.405
157.377
157.392
157.453
157.475
157.574
157.717
157.889
157.933
158.138
158.391
181.51
180.642
180.415
179.358
178.283
177.275
177.066
176.129
175.167
174.252
174.058
173.222
172.36
171.529
170.772
170.596
169.823
169.068
168.376
168.221
167.526
166.841
166.209
166.071
165.447
164.827
164.252
164.129
163.57
163.013
162.497
162.386
161.891
161.4
160.945
160.849
160.421
160.002
159.618
159.537
159.187
158.852
158.552
158.489
158.231
157.995
157.799
157.76
157.61
157.49
157.414
157.403
157.372
157.384
157.441
157.46
157.557
157.695
157.87
157.91
158.109
158.356
181.52
180.648
180.418
179.366
178.289
177.285
177.073
176.14
175.176
174.265
174.065
173.235
172.371
171.543
170.794
170.61
169.837
169.083
168.398
168.237
167.543
166.857
166.232
166.088
165.465
164.844
164.277
164.147
163.59
163.032
162.523
162.406
161.914
161.421
160.973
160.87
160.447
160.025
159.646
159.559
159.212
158.872
158.578
158.509
158.251
158.01
157.815
157.772
157.616
157.489
157.408
157.393
157.353
157.354
157.396
157.413
157.495
157.619
157.772
157.814
157.999
158.229
181.523
180.653
180.425
179.374
178.299
177.296
177.086
176.153
175.191
174.28
174.082
173.251
172.389
171.561
170.812
170.629
169.858
169.103
168.419
168.258
167.564
166.879
166.255
166.111
165.489
164.868
164.301
164.172
163.616
163.058
162.55
162.434
161.942
161.45
161.003
160.901
160.477
160.056
159.677
159.591
159.242
158.904
158.607
158.539
158.279
158.036
157.836
157.791
157.632
157.5
157.41
157.393
157.345
157.334
157.364
157.377
157.446
157.556
157.693
157.73
157.901
158.114
181.518
180.652
180.428
179.375
178.303
177.297
177.09
176.156
175.196
174.282
174.088
173.255
172.395
171.564
170.809
170.634
169.863
169.108
168.417
168.263
167.57
166.885
166.255
166.118
165.495
164.875
164.302
164.18
163.623
163.067
162.552
162.442
161.95
161.46
161.006
160.91
160.485
160.067
159.682
159.601
159.251
158.915
158.612
158.549
158.287
158.045
157.84
157.799
157.638
157.505
157.411
157.395
157.345
157.332
157.359
157.37
157.437
157.543
157.682
157.715
157.88
158.089
181.527
180.657
180.43
179.381
178.308
177.307
177.097
176.166
175.205
174.295
174.097
173.268
172.407
171.58
170.832
170.65
169.879
169.125
168.441
168.281
167.589
166.904
166.28
166.138
165.517
164.896
164.33
164.202
163.647
163.091
162.583
162.467
161.977
161.487
161.039
160.937
160.515
160.095
159.716
159.63
159.283
158.942
158.645
158.576
158.315
158.069
157.866
157.821
157.656
157.517
157.42
157.401
157.343
157.321
157.338
157.347
157.401
157.496
157.619
157.652
157.805
157.999
181.528
180.659
180.433
179.385
178.313
177.312
177.104
176.173
175.213
174.304
174.107
173.279
172.418
171.591
170.844
170.663
169.892
169.139
168.457
168.297
167.606
166.92
166.298
166.156
165.536
164.916
164.351
164.224
163.669
163.113
162.606
162.492
162.003
161.513
161.066
160.965
160.543
160.123
159.746
159.66
159.312
158.972
158.674
158.606
158.343
158.095
157.89
157.844
157.675
157.532
157.43
157.408
157.344
157.313
157.321
157.328
157.371
157.454
157.564
157.594
157.734
157.914
181.525
180.659
180.437
179.387
178.317
177.315
177.111
176.178
175.219
174.31
174.118
173.286
172.426
171.599
170.849
170.673
169.901
169.15
168.464
168.31
167.616
166.934
166.309
166.172
165.548
164.932
164.366
164.243
163.685
163.132
162.624
162.515
162.022
161.534
161.087
160.992
160.566
160.148
159.77
159.689
159.336
158.999
158.698
158.635
158.366
158.118
157.908
157.865
157.692
157.546
157.437
157.417
157.347
157.31
157.307
157.311
157.349
157.421
157.518
157.542
157.678
157.845
181.529
180.66
180.435
179.388
178.317
177.317
177.109
176.179
175.22
174.311
174.116
173.288
172.428
171.601
170.854
170.675
169.904
169.152
168.469
168.312
167.62
166.937
166.314
166.174
165.554
164.936
164.371
164.245
163.691
163.137
162.63
162.518
162.029
161.54
161.094
160.995
160.574
160.156
159.777
159.693
159.345
159.006
158.705
158.639
158.374
158.125
157.914
157.868
157.698
157.55
157.44
157.419
157.347
157.308
157.304
157.308
157.341
157.411
157.508
157.534
157.662
157.825
181.532
180.66
180.436
179.39
178.318
177.319
177.111
176.182
175.222
174.315
174.12
173.293
172.432
171.607
170.862
170.682
169.912
169.16
168.479
168.321
167.631
166.947
166.326
166.186
165.567
164.948
164.386
164.259
163.708
163.152
162.648
162.535
162.049
161.559
161.115
161.016
160.596
160.177
159.801
159.715
159.37
159.028
158.73
158.662
158.397
158.145
157.935
157.888
157.714
157.561
157.45
157.426
157.349
157.302
157.294
157.296
157.319
157.379
157.467
157.491
157.608
157.761
181.529
180.66
180.438
179.39
178.32
177.32
177.115
176.184
175.227
174.318
174.125
173.296
172.438
171.611
170.864
170.688
169.917
169.166
168.484
168.329
167.637
166.956
166.334
166.196
165.576
164.96
164.396
164.273
163.719
163.167
162.662
162.552
162.063
161.577
161.133
161.036
160.614
160.197
159.82
159.738
159.389
159.051
158.75
158.685
158.416
158.166
157.951
157.906
157.729
157.575
157.457
157.434
157.353
157.301
157.283
157.283
157.302
157.353
157.43
157.451
157.562
157.704
181.529
180.66
180.438
179.39
178.321
177.32
177.116
176.185
175.227
174.318
174.126
173.297
172.439
171.612
170.864
170.689
169.919
169.168
168.484
168.331
167.64
166.958
166.335
166.199
165.579
164.963
164.398
164.276
163.723
163.172
162.665
162.556
162.068
161.582
161.136
161.041
160.62
160.203
159.825
159.744
159.395
159.057
158.754
158.69
158.423
158.172
157.955
157.91
157.733
157.579
157.459
157.436
157.354
157.301
157.281
157.281
157.297
157.346
157.424
157.444
157.55
157.689
181.533
180.661
180.438
179.392
178.32
177.321
177.116
176.187
175.228
174.321
174.127
173.301
172.441
171.616
170.872
170.694
169.924
169.173
168.493
168.337
167.648
166.965
166.346
166.207
165.589
164.972
164.411
164.286
163.736
163.184
162.68
162.569
162.084
161.598
161.155
161.057
160.638
160.222
159.846
159.762
159.417
159.076
158.776
158.709
158.443
158.188
157.975
157.928
157.748
157.589
157.47
157.444
157.358
157.299
157.276
157.273
157.282
157.324
157.392
157.414
157.51
157.641
181.534
180.661
180.439
179.393
178.321
177.322
177.118
176.189
175.23
174.323
174.13
173.304
172.445
171.62
170.875
170.698
169.929
169.179
168.499
168.344
167.654
166.973
166.353
166.215
165.598
164.982
164.421
164.298
163.748
163.196
162.694
162.584
162.099
161.614
161.172
161.074
160.656
160.241
159.866
159.783
159.437
159.097
158.797
158.731
158.464
158.208
157.994
157.946
157.765
157.604
157.481
157.455
157.364
157.301
157.272
157.268
157.271
157.306
157.368
157.387
157.476
157.6
181.531
180.66
180.441
179.393
178.324
177.323
177.121
176.191
175.233
174.325
174.135
173.307
172.449
171.624
170.877
170.703
169.934
169.184
168.503
168.351
167.66
166.98
166.36
166.225
165.606
164.992
164.431
164.311
163.759
163.21
162.708
162.6
162.114
161.63
161.189
161.095
160.675
160.261
159.887
159.807
159.457
159.119
158.819
158.756
158.485
158.231
158.014
157.969
157.784
157.622
157.495
157.471
157.376
157.309
157.274
157.27
157.268
157.298
157.354
157.369
157.456
157.572
181.532
180.661
180.441
179.394
178.324
177.324
177.121
176.191
175.234
174.326
174.136
173.308
172.45
171.625
170.878
170.704
169.936
169.186
168.504
168.352
167.663
166.983
166.362
166.227
165.61
164.996
164.434
164.313
163.764
163.215
162.711
162.604
162.12
161.636
161.194
161.099
160.682
160.268
159.892
159.812
159.465
159.128
158.826
158.761
158.493
158.24
158.02
157.974
157.792
157.629
157.5
157.475
157.381
157.313
157.276
157.272
157.269
157.297
157.352
157.368
157.451
157.565
181.536
180.661
180.441
179.395
178.324
177.325
177.122
176.194
175.235
174.329
174.137
173.312
172.453
171.629
170.885
170.709
169.942
169.192
168.513
168.359
167.671
166.991
166.373
166.237
165.621
165.007
164.449
164.327
163.779
163.23
162.73
162.622
162.14
161.657
161.218
161.122
160.707
160.294
159.921
159.839
159.495
159.156
158.857
158.792
158.525
158.268
158.052
158.005
157.821
157.655
157.527
157.501
157.404
157.331
157.294
157.287
157.278
157.302
157.353
157.37
157.446
157.556
181.537
180.662
180.442
179.396
178.325
177.326
177.124
176.196
175.237
174.332
174.141
173.316
172.457
171.633
170.89
170.715
169.948
169.199
168.521
168.368
167.681
167.001
166.385
166.25
165.635
165.023
164.466
164.345
163.799
163.252
162.755
162.646
162.166
161.685
161.25
161.155
160.741
160.329
159.96
159.879
159.536
159.198
158.902
158.837
158.571
158.314
158.1
158.053
157.868
157.7
157.573
157.546
157.446
157.371
157.331
157.324
157.31
157.33
157.38
157.397
157.469
157.575
181.536
180.662
180.443
179.397
178.327
177.328
177.127
176.198
175.241
174.335
174.146
173.32
172.463
171.639
170.896
170.722
169.955
169.208
168.531
168.379
167.692
167.016
166.402
166.268
165.654
165.045
164.491
164.372
163.826
163.284
162.791
162.685
162.205
161.728
161.298
161.205
160.791
160.384
160.02
159.941
159.597
159.264
158.973
158.91
158.641
158.389
158.177
158.132
157.944
157.778
157.652
157.625
157.522
157.447
157.405
157.398
157.38
157.399
157.451
157.467
157.538
157.642
181.534
180.661
180.444
179.397
178.328
177.328
177.128
176.199
175.243
174.335
174.148
173.321
172.465
171.641
170.895
170.725
169.959
169.211
168.531
168.383
167.698
167.022
166.403
166.273
165.663
165.055
164.495
164.379
163.84
163.298
162.797
162.695
162.224
161.749
161.308
161.219
160.816
160.413
160.035
159.958
159.627
159.299
158.993
158.93
158.676
158.428
158.2
158.154
157.982
157.82
157.677
157.65
157.562
157.488
157.431
157.422
157.417
157.439
157.478
157.493
157.579
157.682
181.537
180.662
180.444
179.399
178.329
177.33
177.129
176.202
175.245
174.339
174.151
173.326
172.471
171.648
170.906
170.735
169.97
169.226
168.55
168.401
167.718
167.047
166.434
166.303
165.697
165.095
164.543
164.426
163.892
163.357
162.865
162.762
162.296
161.828
161.398
161.308
160.91
160.513
160.148
160.07
159.742
159.419
159.125
159.062
158.809
158.563
158.348
158.301
158.127
157.965
157.833
157.805
157.712
157.637
157.588
157.578
157.566
157.59
157.64
157.659
157.741
157.847
181.539
180.662
180.445
179.4
178.33
177.332
177.132
176.206
175.249
174.345
174.156
173.334
172.479
171.66
170.922
170.751
169.989
169.25
168.581
168.432
167.753
167.09
166.487
166.356
165.755
165.164
164.625
164.509
163.981
163.458
162.982
162.88
162.421
161.965
161.552
161.463
161.071
160.684
160.338
160.261
159.938
159.621
159.348
159.286
159.035
158.792
158.597
158.551
158.375
158.213
158.1
158.071
157.973
157.897
157.862
157.852
157.83
157.86
157.933
157.957
158.034
158.149
181.54
180.663
180.446
179.401
178.332
177.335
177.135
176.21
175.254
174.354
174.166
173.347
172.493
171.681
170.95
170.779
170.022
169.294
168.636
168.489
167.818
167.171
166.583
166.454
165.863
165.291
164.772
164.659
164.142
163.64
163.187
163.089
162.64
162.205
161.819
161.732
161.35
160.981
160.662
160.589
160.275
159.972
159.724
159.664
159.418
159.187
159.014
158.971
158.796
158.642
158.547
158.52
158.419
158.347
158.328
158.318
158.29
158.337
158.436
158.467
158.55
158.683
181.54
180.663
180.447
179.403
178.335
177.339
177.141
176.217
175.265
174.368
174.182
173.368
172.523
171.721
171.001
170.833
170.087
169.379
168.74
168.596
167.941
167.319
166.76
166.635
166.061
165.519
165.037
164.928
164.428
163.957
163.547
163.453
163.019
162.616
162.274
162.193
161.824
161.483
161.207
161.139
160.832
160.557
160.346
160.292
160.049
159.841
159.698
159.661
159.485
159.35
159.277
159.255
159.15
159.09
159.089
159.081
159.051
159.126
159.262
159.305
159.407
159.564
181.539
180.664
180.449
179.405
178.339
177.346
177.149
176.23
175.282
174.396
174.215
173.41
172.577
171.799
171.104
170.938
170.209
169.539
168.941
168.799
168.162
167.59
167.086
166.964
166.408
165.92
165.506
165.401
164.915
164.498
164.165
164.076
163.65
163.295
163.036
162.962
162.591
162.293
162.1
162.042
161.724
161.483
161.351
161.309
161.046
160.865
160.793
160.767
160.564
160.448
160.439
160.425
160.287
160.242
160.297
160.294
160.236
160.346
160.57
160.63
160.73
160.922
181.539
180.665
180.451
179.409
178.345
177.36
177.166
176.253
175.316
174.455
174.281
173.496
172.678
171.954
171.306
171.142
170.429
169.841
169.316
169.175
168.548
168.076
167.671
167.549
166.992
166.608
166.315
166.212
165.712
165.391
165.199
165.114
164.659
164.384
164.278
164.215
163.8
163.56
163.528
163.485
163.107
162.904
162.935
162.911
162.573
162.414
162.501
162.493
162.201
162.096
162.236
162.24
162.002
161.962
162.158
162.167
162.01
162.164
162.578
162.664
162.698
162.938
181.54
180.666
180.451
179.41
178.349
177.362
177.167
176.261
175.338
174.469
174.287
173.521
172.745
171.998
171.328
171.198
170.572
169.942
169.363
169.269
168.786
168.264
167.757
167.688
167.33
166.905
166.455
166.398
166.147
165.807
165.402
165.349
165.184
164.918
164.553
164.498
164.405
164.202
163.878
163.817
163.783
163.635
163.355
163.291
163.31
163.213
162.982
162.92
162.988
162.943
162.765
162.715
162.83
162.837
162.721
162.689
162.872
163.076
163.193
163.269
163.664
163.929
181.543
180.668
180.454
179.418
178.365
177.394
177.201
176.32
175.426
174.603
174.429
173.72
172.995
172.338
171.739
171.635
171.076
170.576
170.084
170.021
169.619
169.245
168.835
168.795
168.525
168.248
167.899
167.868
167.706
167.502
167.203
167.171
167.087
166.937
166.682
166.641
166.618
166.503
166.293
166.241
166.261
166.176
166.01
165.951
166.005
165.947
165.827
165.766
165.849
165.825
165.752
165.699
165.808
165.827
165.804
165.769
165.935
166.218
166.499
166.608
167.029
167.387
181.545
180.673
180.461
179.435
178.402
177.464
177.278
176.447
175.61
174.881
174.72
174.114
173.468
172.983
172.507
172.443
171.977
171.703
171.355
171.334
171.043
170.904
170.649
170.648
170.497
170.439
170.248
170.25
170.201
170.19
170.051
170.045
170.064
170.072
169.978
169.957
170.018
170.024
169.974
169.937
170.02
170.019
170.01
169.962
170.054
170.048
170.079
170.024
170.12
170.123
170.19
170.138
170.235
170.267
170.369
170.332
170.47
170.854
171.354
171.504
171.97
172.467
181.549
180.686
180.477
179.476
178.485
177.62
177.449
176.716
175.988
175.438
175.303
174.877
174.353
174.171
173.9
173.895
173.56
173.648
173.528
173.565
173.434
173.636
173.617
173.667
173.683
173.928
173.97
174.014
174.119
174.366
174.457
174.485
174.637
174.856
174.986
174.991
175.159
175.329
175.494
175.477
175.639
175.753
175.95
175.913
176.055
176.126
176.346
176.299
176.415
176.463
176.702
176.652
176.739
176.796
177.05
177.009
177.119
177.629
178.392
178.597
179.137
179.822
181.557
180.719
180.517
179.57
178.674
177.962
177.82
177.277
176.752
176.521
176.437
176.309
175.984
176.291
176.347
176.424
176.295
176.914
177.142
177.253
177.365
178.034
178.363
178.476
178.728
179.378
179.76
179.854
180.163
180.751
181.169
181.235
181.56
182.058
182.5
182.536
182.839
183.228
183.684
183.691
183.95
184.228
184.692
184.673
184.875
185.059
185.521
185.485
185.625
185.748
186.199
186.153
186.231
186.335
186.772
186.727
186.812
187.497
188.571
188.837
189.468
190.389
181.577
180.799
180.613
179.792
179.097
178.69
178.605
178.412
178.254
178.564
178.566
178.917
178.956
179.973
180.526
180.718
180.941
182.279
183.014
183.224
183.686
184.993
185.822
186.014
186.58
187.783
188.649
188.805
189.377
190.426
191.302
191.418
191.956
192.829
193.707
193.781
194.248
194.934
195.798
195.834
196.208
196.711
197.546
197.549
197.817
198.164
198.958
198.935
199.095
199.331
200.072
200.029
200.084
200.267
200.951
200.898
200.947
201.88
203.371
203.713
204.452
205.644
181.629
181
180.851
180.305
180.019
180.195
180.216
180.643
181.108
182.304
182.446
183.544
184.176
186.22
187.506
187.862
188.613
190.959
192.416
192.759
193.694
195.906
197.437
197.736
198.709
200.695
202.242
202.482
203.389
205.083
206.61
206.789
207.588
208.985
210.487
210.612
211.274
212.371
213.826
213.899
214.403
215.216
216.599
216.628
216.961
217.532
218.822
218.813
218.976
219.368
220.547
220.504
220.504
220.797
221.861
221.792
221.767
223.044
225.163
225.605
226.482
228.036
181.769
181.488
181.421
181.463
181.978
183.216
183.423
184.909
186.386
188.992
189.346
191.588
193.064
196.677
199.018
199.619
201.059
204.927
207.401
207.943
209.489
213.051
215.568
216.025
217.527
220.676
223.186
223.549
224.899
227.553
230.008
230.276
231.415
233.576
235.989
236.177
237.095
238.783
241.121
241.239
241.91
243.157
245.379
245.433
245.841
246.715
248.785
248.783
248.928
249.521
251.407
251.351
251.243
251.673
253.361
253.257
253.081
254.843
257.941
258.518
259.54
261.645
182.138
182.654
182.763
184.013
186.036
189.132
189.645
192.904
195.967
200.798
201.445
205.462
208.047
214.157
218.015
219.018
221.282
227.606
231.522
232.399
234.725
240.435
244.351
245.075
247.294
252.283
256.174
256.738
258.721
262.901
266.721
267.126
268.759
272.108
275.881
276.157
277.461
280.044
283.745
283.907
284.838
286.712
290.274
290.339
290.865
292.143
295.495
295.471
295.582
296.414
299.489
299.382
299.079
299.659
302.413
302.231
301.765
304.21
308.889
309.641
310.775
313.723
183.107
185.386
185.86
189.529
194.31
200.559
201.55
207.782
213.308
221.699
222.723
229.604
233.473
243.898
249.974
251.729
254.788
265.476
271.484
273.002
276.319
285.761
291.702
292.945
296.211
304.37
310.276
311.228
314.215
321.008
326.871
327.529
330.028
335.36
341.209
341.613
343.612
347.634
353.495
353.685
355.117
357.924
363.689
363.7
364.488
366.277
371.801
371.66
371.759
372.807
377.939
377.67
377.051
377.713
382.333
381.957
380.945
384.339
391.626
392.592
393.709
397.961
185.581
191.472
192.675
201.089
211.014
222.062
223.765
235.224
245.265
258.681
260.058
272.042
277.938
295.446
304.632
308.167
312.774
330.809
339.449
342.573
348.737
364.072
372.174
374.764
381.497
394.642
402.309
404.282
410.945
421.955
429.313
430.624
436.74
445.431
452.599
453.271
458.6
465.121
472.383
472.511
476.946
481.407
488.684
488.362
491.709
494.393
501.48
500.826
502.945
504.331
510.948
510.082
510.864
511.587
517.465
516.513
516.33
521.194
531.051
532.18
534.795
541.103
191.227
203.432
205.958
223.068
242.951
259.258
261.943
282.669
304.172
320.574
322.006
343.382
361.155
381.506
394.491
402.315
419.905
440.739
451.275
458.431
479.925
497.266
504.81
510.901
534.521
549.84
554.143
558.841
582.852
597.015
598.253
601.332
624.63
637.505
636.187
637.564
659.458
670.672
667.958
667.79
688.123
697.243
693.764
692.298
710.773
717.546
713.616
711.243
727.647
732.233
727.843
725.064
739.17
742.113
737.092
734.493
746.701
755.114
756.695
757.658
774.284
783.49
216.859
257.555
265.376
309.299
354.024
406.793
414.883
460.664
496.719
559.464
567.04
612.837
636.97
708.991
750.43
760.705
775.506
849.58
890.12
898.653
907.709
975.749
1015.72
1022.27
1027.66
1084.23
1123.9
1128.54
1130.28
1173.39
1213.49
1216.58
1214.63
1244.63
1284.89
1286.8
1280.59
1299.05
1339.01
1340.15
1330.04
1339.8
1378.46
1379.07
1364.98
1368.68
1404.93
1405.04
1387.08
1387.27
1420.33
1419.81
1398.24
1397.28
1426.82
1425.43
1401.92
1413.01
1453.38
1455.19
1441.51
1455.83
294.123
405.157
425.65
541.679
656.499
793.872
813.876
935.592
1017.12
1190.24
1207.95
1325.8
1350.63
1556.57
1649
1674.53
1665.06
1864.66
1945.12
1963.21
1944.46
2107.81
2178.86
2190.89
2171.22
2291.19
2357.15
2364.51
2342.62
2423.18
2487.76
2491.82
2465.85
2512.65
2578.47
2580.44
2549.25
2569.26
2637.4
2638.24
2601.73
2602.1
2671.51
2671.63
2629.29
2617.15
2685.85
2685.39
2636.94
2619.2
2685.29
2684.05
2629.12
2612.22
2674.1
2671.67
2611.33
2618.37
2697.22
2698.66
2650.75
2670.65
533.586
832.253
886.941
1227.65
1603.28
1902.24
1949.51
2288.42
2677.26
2865.03
2891.11
3158.1
3451.06
3580.23
3709.75
3773.28
4022.66
4060.78
4135.2
4174.51
4381.39
4365.99
4399.33
4421.19
4561.7
4549.46
4552.79
4563.78
4660.22
4656.13
4635.99
4639.98
4709.24
4713.53
4673.89
4672.85
4725.54
4737.52
4682.02
4677.22
4720.49
4738.66
4670.89
4663.3
4701.97
4723.57
4647.66
4638.22
4675.95
4697.35
4617.3
4607.01
4646.83
4664.11
4583.32
4573.44
4620.1
4653.33
4603.35
4601.86
4683.86
4707.88
9651.26
10543.2
10714.2
11643.4
12405.1
12864.5
12942
13283.9
13599.1
13698
13722.6
13827.9
14055.5
13959
13992.7
13998.7
14123.3
14038.6
14045.5
14046.7
14089
14052.1
14047.8
14047.2
14063.3
14043.5
14036.2
14035.4
14044.1
14033.4
14025.5
14024.8
14032
14028.6
14019.7
14019.2
14027.9
14031.7
14024.2
14024.1
14035.6
14046.5
14039.6
14039.9
14055.9
14074.1
14068.4
14069.2
14090.4
14115.1
14110.7
14112.1
14139.6
14193.3
14254.2
14332.6
14444.2
14552.7
14636.3
14715.7
14846.1
14963.1
)
;

boundaryField
{
    inlet
    {
        type            turbulentMixingLengthFrequencyInlet;
        mixingLength    0.0044;
        phi             phi;
        k               k;
        value           uniform 111.295;
    }
    outlet
    {
        type            zeroGradient;
    }
    front
    {
        type            empty;
    }
    back
    {
        type            empty;
    }
    hub
    {
        type            fixedValue;
        value           nonuniform List<scalar> 
72
(
188898
188898
188898
178471
173940
173940
173940
172051
172051
170677
170677
170677
169563
168597
168597
168597
167760
167760
167046
167046
167046
166381
165786
165786
165786
165195
165195
165195
164633
164633
164032
164032
163437
163437
162733
162733
162733
162042
162042
162042
161104
161104
160246
160246
158839
158839
157730
157730
157730
155322
155322
155322
153895
149234
149234
149234
146760
146760
140170
140170
140170
154314
168575
168575
168575
171392
171392
171392
174035
174035
186793
186793
)
;
    }
    tip
    {
        type            omegaWallFunction;
        blending        binomial2;
        n               2;
        beta1           0.075;
        value           nonuniform List<scalar> 
62
(
9651.26
10543.2
10714.2
11643.4
12405.1
12864.5
12942
13283.9
13599.1
13698
13722.6
13827.9
14055.5
13959
13992.7
13998.7
14123.3
14038.6
14045.5
14046.7
14089
14052.1
14047.8
14047.2
14063.3
14043.5
14036.2
14035.4
14044.1
14033.4
14025.5
14024.8
14032
14028.6
14019.7
14019.2
14027.9
14031.7
14024.2
14024.1
14035.6
14046.5
14039.6
14039.9
14055.9
14074.1
14068.4
14069.2
14090.4
14115.1
14110.7
14112.1
14139.6
14193.3
14254.2
14332.6
14444.2
14552.7
14636.3
14715.7
14846.1
14963.1
)
;
    }
    procBoundary4to3
    {
        type            processor;
        value           nonuniform List<scalar> 
160
(
117401
91015.2
55218.1
52246.2
35304.8
25149.4
23818.9
17807.6
16914.1
13039.9
10385.9
9904.79
8200.4
7857.63
6700.97
6459.13
5656.19
5490.57
5326.93
4792.04
4670.67
4263.2
4177.76
3857.97
3786.71
3716.72
3454.45
3400.18
3153.11
3094.07
3038.35
2784.39
2735.88
2663.23
2403.27
2356.14
2084.88
2014.62
1969.31
1696.68
1638.69
1590.46
1341.18
1300.07
1238.66
1047.84
1016.32
853.502
827.154
703.895
673.718
650.198
555.778
541.196
466.637
454.863
398.586
387.788
346.395
336.462
306.319
297.658
291.075
268.299
263.551
245.93
242.357
228.82
225.998
215.654
213.291
205.398
198.96
197.227
191.78
190.55
185.947
185.068
181.349
180.725
177.918
177.433
175.444
173.904
173.539
172.168
171.913
170.724
170.477
169.51
168.583
168.394
167.523
167.356
163.253
163.896
164.567
165.185
166.646
165.315
163.253
163.055
163.055
162.01
160.724
160.818
162.01
161.328
160.724
160.393
160.082
160.035
159.743
159.471
159.422
159.156
158.922
158.872
158.663
158.637
158.478
158.345
158.327
158.213
158.113
158.03
158.012
157.934
157.865
157.854
157.793
157.742
157.707
157.702
157.686
157.701
157.769
157.798
157.97
158.291
158.848
159.762
161.204
163.408
164.074
167.68
172.962
180.577
191.468
207.125
230.066
264.544
318.036
404.588
549.748
783.108
1492.92
2743.37
4662.36
15066.5
)
;
    }
}


// ************************************************************************* //
