/*--------------------------------*- C++ -*----------------------------------*\
| =========                 |                                                 |
| \\      /  F ield         | OpenFOAM: The Open Source CFD Toolbox           |
|  \\    /   O peration     | Version:  v2012                                 |
|   \\  /    A nd           | Website:  www.openfoam.com                      |
|    \\/     M anipulation  |                                                 |
\*---------------------------------------------------------------------------*/
FoamFile
{
    version     2.0;
    format      ascii;
    class       volScalarField;
    location    "1e-06";
    object      p;
}
// * * * * * * * * * * * * * * * * * * * * * * * * * * * * * * * * * * * * * //

dimensions      [1 -1 -2 0 0 0 0];


internalField   nonuniform List<scalar> 
10262
(
141235
95719
107111
108411
108543
105157
104221
108890
108568
104819
104937
108666
107258
107666
105134
106043
108292
107619
105549
105987
108297
107908
105595
106180
108392
108129
105795
106255
108644
108513
105843
106517
108981
109009
106145
106471
109691
109877
105749
107319
110172
110681
106980
105949
112091
112708
103513
109350
110842
111966
107282
96989
88957.5
144925
124367
142797
159707
88365
91494
123953
100331
88971.5
130249
112677
114382
117403
109707
109603
100430
102930
105236
106282
141289
95730.4
107121
108418
108547
105159
104223
108893
108570
104820
104938
108667
107259
107666
105135
106043
108293
107619
105549
105988
108297
107908
105595
106181
108392
108128
105796
106256
108644
108513
105843
106517
108981
109009
106145
106472
109692
109877
105749
107320
110173
110681
106981
105951
112094
112709
103514
109353
110846
111969
107286
96995.6
88972.4
144250
123530
142090
159427
88284.1
91488.7
123944
100332
88979
129874
112333
113897
116955
109496
109494
100432
102924
105252
106297
141273
95732.7
107124
108419
108549
105161
104225
108893
108570
104821
104939
108667
107259
107666
105136
106043
108293
107619
105550
105987
108297
107908
105595
106180
108392
108129
105796
106255
108644
108514
105844
106516
108981
109010
106146
106472
109692
109877
105750
107320
110173
110682
106983
105952
112094
112710
103517
109353
110846
111972
107290
97000.4
88991.7
145176
124513
143153
159773
88400.2
91482.1
123926
100241
88993.4
130305
112805
114583
117452
109784
109601
100418
102920
105250
106284
141270
95738
107127
108419
108548
105161
104226
108893
108569
104821
104940
108665
107259
107667
105136
106043
108292
107620
105550
105987
108297
107908
105596
106181
108392
108129
105796
106256
108644
108514
105844
106516
108981
109010
106147
106472
109692
109877
105750
107320
110173
110683
106983
105953
112094
112710
103519
109352
110847
111973
107289
97000.2
89017.2
144355
123714
142401
159474
88438.6
91527.9
123908
100193
89020.3
129949
112462
114106
117027
109530
109574
100453
102920
105265
106286
141241
95726.4
107116
108410
108542
105158
104223
108889
108566
104819
104938
108663
107258
107664
105135
106042
108291
107618
105549
105986
108296
107907
105595
106180
108391
108128
105796
106255
108642
108512
105843
106515
108979
109008
106146
106471
109690
109876
105749
107318
110171
110680
106981
105951
112090
112705
103517
109346
110842
111967
107282
96995.2
89046.5
144864
124104
142939
159612
88427.6
91604.1
123919
100204
89068.4
130018
112609
114340
117171
109712
109552
100472
102920
105288
106296
141246
95741.6
107131
108417
108549
105164
104229
108892
108569
104823
104942
108666
107259
107665
105138
106045
108292
107619
105551
105988
108296
107908
105597
106181
108391
108129
105797
106256
108643
108514
105845
106517
108981
109010
106147
106473
109691
109877
105752
107320
110173
110683
106985
105956
112094
112708
103525
109349
110848
111976
107288
97005.2
89109.4
144557
123902
142789
159418
88478.5
91585.1
123849
100080
89110.7
129884
112546
114274
117071
109654
109507
100477
102906
105286
106293
141239
95745.7
107133
108415
108548
105164
104231
108890
108568
104823
104943
108663
107259
107665
105138
106044
108291
107620
105551
105988
108295
107908
105597
106181
108391
108129
105798
106256
108643
108513
105845
106517
108980
109009
106148
106473
109691
109877
105753
107320
110172
110683
106985
105957
112092
112706
103528
109346
110847
111976
107285
97004.1
89172.4
144570
123930
142908
159352
88588.5
91658
123818
100085
89179.4
129814
112564
114302
117047
109690
109476
100500
102894
105304
106298
141222
95747.4
107135
108412
108547
105166
104234
108889
108567
104825
104945
108663
107259
107664
105139
106046
108290
107618
105552
105989
108295
107907
105598
106182
108390
108128
105798
106257
108643
108513
105846
106517
108980
109009
106148
106474
109691
109876
105754
107320
110172
110683
106985
105959
112091
112704
103533
109343
110847
111977
107281
97003.2
89253.6
144506
123936
142906
159269
88614.6
91722.2
123769
100052
89259.9
129721
112580
114322
117012
109755
109446
100524
102880
105304
106305
141218
95755.8
107142
108410
108546
105168
104238
108886
108566
104826
104948
108659
107260
107665
105140
106045
108289
107620
105552
105990
108294
107907
105599
106183
108389
108128
105799
106258
108642
108513
105847
106518
108979
109009
106149
106474
109690
109876
105756
107321
110172
110683
106986
105962
112089
112701
103539
109339
110846
111978
107274
97001.7
89348.9
144390
123914
142868
159138
88710.5
91786.2
123704
100050
89355
129608
112590
114316
116949
109756
109417
100554
102864
105320
106312
141196
95749.2
107135
108393
108534
105161
104233
108876
108558
104823
104945
108654
107258
107658
105138
106045
108286
107615
105551
105989
108291
107904
105598
106181
108387
108125
105798
106256
108639
108510
105845
106516
108976
109006
106147
106472
109687
109871
105753
107317
110167
110677
106981
105959
112081
112690
103537
109324
110837
111965
107252
96988.1
89443.9
144398
124018
143050
159107
88834.3
91919.4
123680
100086
89489
129518
112646
114367
116941
109792
109387
100608
102864
105351
106340
141189
95764.5
107150
108398
108543
105173
104247
108881
108563
104831
104954
108659
107261
107660
105144
106050
108286
107617
105555
105994
108292
107905
105602
106185
108388
108127
105801
106260
108641
108511
105849
106520
108978
109008
106151
106477
109690
109874
105759
107321
110171
110682
106987
105969
112086
112693
103555
109329
110848
111980
107257
97006.5
89600.3
144186
123913
142961
158867
88970.8
91916.2
123541
99938.9
89598.6
129333
112624
114348
116846
109829
109312
100625
102839
105336
106337
141179
95773.4
107158
108395
108542
105176
104251
108876
108560
104833
104957
108652
107261
107660
105146
106049
108283
107618
105556
105994
108290
107904
105603
106186
108386
108126
105802
106261
108639
108510
105850
106520
108977
109007
106152
106478
109688
109872
105761
107321
110170
110681
106987
105972
112082
112688
103564
109322
110846
111980
107245
97004.2
89753.3
144078
123925
142919
158688
89182.3
92033.9
123449
99939.7
89752.2
129177
112649
114353
116780
109870
109258
100665
102824
105335
106349
141161
95778.1
107161
108385
108537
105179
104257
108871
108558
104836
104962
108651
107262
107657
105148
106053
108281
107616
105557
105997
108288
107903
105605
106188
108385
108124
105804
106262
108638
108509
105851
106522
108976
109006
106153
106480
109688
109870
105764
107321
110169
110680
106986
105977
112079
112681
103575
109315
110846
111979
107230
97004.3
89928.6
143937
123936
142866
158492
89294.6
92149.1
123334
99940.9
89923.8
128999
112676
114367
116706
109914
109205
100712
102807
105326
106364
141148
95789.9
107172
108381
108536
105184
104265
108865
108554
104840
104966
108643
107261
107657
105151
106052
108277
107617
105559
105998
108285
107902
105606
106189
108382
108123
105806
106263
108636
108508
105852
106523
108975
109005
106154
106481
109686
109868
105767
107322
110167
110678
106986
105982
112074
112673
103588
109305
110844
111978
107212
97003.3
90124.8
143770
123941
142827
158259
89496.2
92270.6
123201
99943.4
90117.8
128802
112705
114366
116623
109958
109142
100761
102790
105311
106376
141129
95796.9
107177
108368
108530
105187
104273
108857
108550
104844
104972
108640
107263
107653
105155
106057
108274
107614
105561
106002
108282
107900
105609
106192
108381
108121
105808
106266
108635
108506
105854
106525
108974
109003
106155
106484
109685
109865
105770
107322
110166
110676
106986
105989
112069
112664
103602
109295
110845
111976
107191
97009.8
90346.5
143591
123959
142803
158007
89740.9
92411.2
123052
99955.3
90333.2
128584
112738
114367
116532
110003
109084
100817
102775
105298
106391
141112
95810.2
107189
108363
108529
105195
104284
108850
108547
104850
104979
108631
107263
107653
105158
106056
108269
107616
105563
106003
108279
107899
105611
106193
108377
108120
105810
106268
108632
108504
105856
106527
108971
109001
106157
106486
109682
109862
105774
107322
110164
110674
106986
105995
112062
112654
103619
109282
110841
111975
107168
97015.2
90590.5
143383
123972
142745
157711
89926.8
92560.6
122880
99967.8
90571.9
128348
112773
114366
116433
110051
108982
100876
102760
105286
106401
141091
95820.3
107197
108347
108520
105197
104291
108838
108539
104853
104985
108625
107263
107646
105162
106062
108264
107611
105565
106008
108275
107895
105614
106196
108374
108117
105812
106270
108630
108502
105858
106529
108969
108999
106159
106489
109680
109857
105777
107323
110161
110670
106985
106002
112054
112639
103635
109267
110839
111969
107136
97023.9
90859.9
143172
124009
142678
157432
90297.9
92720.7
122699
100011
90839.5
128094
112817
114391
116325
110119
108984
100932
102745
105274
106414
141069
95835.7
107211
108343
108524
105217
104314
108840
108545
104872
105005
108625
107269
107657
105177
106070
108263
107621
105576
106016
108275
107901
105624
106204
108376
108121
105821
106278
108632
108506
105868
106537
108972
109004
106169
106498
109684
109862
105793
107332
110167
110678
106999
106024
112059
112641
103679
109273
110856
111991
107136
97070.8
91198.5
142846
123942
142558
156941
90593.1
92847.3
122406
99922.7
91074.2
127756
112800
114372
116181
110122
108892
100989
102709
105234
106383
141048
95849.6
107222
108324
108511
105214
104317
108817
108530
104868
105003
108601
107264
107646
105172
106060
108252
107614
105571
106011
108265
107893
105621
106199
108366
108113
105818
106274
108622
108497
105864
106531
108961
108994
106163
106493
109671
109849
105789
107321
110152
110664
106985
106018
112033
112609
103681
109232
110828
111961
107069
97051
91478.3
142659
124081
142532
156659
90932.1
93114.4
122259
99988.1
91438.3
127521
112903
114427
116091
110221
108802
101090
102748
105266
106420
141021
95865.3
107234
108307
108501
105222
104330
108804
108521
104876
105013
108593
107265
107640
105180
106070
108247
107610
105575
106020
108261
107889
105626
106205
108363
108110
105822
106280
108620
108494
105868
106536
108960
108991
106167
106499
109669
109843
105796
107323
110151
110660
106985
106032
112026
112592
103709
109218
110830
111956
107032
97079.8
91836.8
142348
124118
142426
156222
91316.6
93324.6
121990
100018
91764.7
127190
112944
114423
115954
110252
108716
101167
102727
105243
106417
140994
95885.2
107251
108293
108497
105235
104348
108792
108516
104888
105027
108580
107267
107640
105187
106070
108239
107612
105579
106021
108254
107887
105630
106207
108357
108107
105825
106282
108614
108491
105871
106538
108955
108988
106170
106501
109662
109837
105804
107322
110144
110656
106986
106041
112010
112572
103739
109194
110821
111951
106992
97104.7
92216.3
142022
124172
142316
155751
91719.6
93552.3
121706
100072
92121
126850
112990
114419
115817
110299
108618
101248
102724
105228
106409
140963
95905.6
107266
108273
108484
105242
104363
108774
108504
104895
105037
108567
107267
107630
105195
106078
108230
107606
105584
106031
108247
107881
105636
106215
108352
108102
105830
106288
108611
108487
105876
106543
108951
108983
106173
106508
109658
109830
105812
107324
110141
110649
106984
106057
111999
112548
103769
109174
110820
111940
106943
97143.5
92630.3
141669
124246
142192
155257
92167.9
93802
121405
100117
92499.2
126484
113043
114417
115668
110337
108522
101337
102701
105200
106400
140930
95930
107284
108255
108476
105258
104385
108760
108497
104910
105054
108552
107270
107631
105206
106080
108222
107608
105589
106034
108240
107880
105642
106217
108345
108100
105835
106291
108604
108484
105881
106545
108945
108979
106178
106511
109650
109823
105822
107322
110132
110644
106986
106069
111981
112524
103806
109146
110809
111932
106897
97182.2
93068.2
141282
124327
142044
154710
92636.7
94063.7
121072
100156
92898.8
126103
113087
114408
115517
110376
108411
101425
102697
105183
106379
140893
95956.5
107301
108232
108461
105268
104402
108738
108482
104918
105066
108534
107268
107617
105213
106087
108209
107597
105593
106043
108229
107869
105647
106225
108337
108091
105840
106297
108597
108476
105885
106550
108939
108971
106180
106517
109643
109811
105828
107323
110126
110632
106981
106085
111964
112491
103836
109117
110802
111913
106832
97231.7
93537.1
140873
124439
141897
154150
93162.8
94363.3
120739
100239
93329.4
125707
113152
114405
115356
110422
108314
101525
102692
105176
106367
140850
95984.8
107319
108211
108452
105289
104431
108726
108478
104944
105095
108526
107277
107629
105239
106102
108206
107614
105615
106061
108229
107881
105670
106241
108338
108101
105861
106314
108600
108486
105907
106567
108944
108982
106203
106539
109650
109820
105862
107343
110137
110647
107013
106129
111972
112492
103925
109131
110832
111948
106846
97360.9
94108.8
140367
124441
141597
153427
93594.9
94533.5
120237
100265
93687.1
125180
113092
114343
115142
110354
108108
101567
102644
105099
106259
140811
96021.5
107341
108185
108435
105301
104450
108697
108459
104950
105103
108494
107273
107612
105238
106092
108187
107601
105609
106052
108209
107865
105665
106231
108318
108085
105855
106304
108578
108468
105899
106554
108921
108962
106193
106525
109621
109794
105854
107318
110103
110617
106986
106114
111916
112430
103929
109049
110772
111887
106721
97355.4
94557
139963
124687
141447
152874
94282.6
94971.4
119970
100376
94236.9
124855
113239
114389
115026
110465
108128
101716
102737
105173
106287
140764
96059.3
107363
108157
108417
105317
104475
108672
108441
104964
105122
108473
107272
107599
105253
106104
108172
107592
105618
106067
108197
107854
105675
106244
108308
108076
105864
106316
108571
108460
105908
106566
108916
108953
106200
106538
109616
109781
105868
107326
110100
110606
106986
106142
111902
112393
103978
109026
110773
111869
106659
97453.7
95129.1
139435
124813
141170
152170
94880.7
95284.4
119538
100470
94699.6
124377
113280
114374
114834
110489
108009
101813
102718
105136
106246
140713
96101.9
107386
108129
108401
105338
104506
108649
108428
104987
105147
108451
107277
107598
105270
106110
108160
107595
105630
106074
108186
107854
105688
106249
108298
108074
105875
106320
108560
108457
105919
106568
108904
108949
106209
106543
109601
109772
105887
107324
110084
110598
106991
106159
111870
112357
104037
108985
110752
111854
106600
97542.1
95709.3
138896
124969
140850
151419
95517.9
95630.1
119087
100561
95193.8
123911
113311
114346
114659
110528
107882
101914
102716
105131
106195
140656
96149
107409
108098
108379
105357
104535
108618
108406
105003
105167
108424
107274
107580
105283
106119
108139
107580
105637
106086
108168
107837
105696
106259
108283
108058
105881
106329
108548
108442
105923
106576
108894
108934
106211
106552
109589
109752
105895
107325
110073
110577
106981
106183
111844
112303
104077
108945
110739
111815
106510
97648.1
96320.1
138321
125147
140524
150665
96208.1
96022.2
118663
100679
95709.6
123436
113377
114331
114465
110578
107885
102034
102712
105106
106172
140590
96197.3
107430
108065
108359
105383
104571
108593
108392
105033
105201
108404
107282
107587
105315
106136
108130
107595
105666
106109
108163
107849
105728
106282
108282
108071
105913
106354
108550
108456
105958
106602
108899
108950
106250
106586
109596
109765
105950
107358
110086
110598
107035
106251
111852
112304
104213
108972
110778
111861
106554
97877.4
97058.3
137672
125202
140001
149722
96782.2
96246.3
118020
100739
96124.1
122797
113253
114205
114201
110436
107633
102055
102646
104995
106004
140531
96260.9
107460
108031
108335
105405
104604
108557
108367
105050
105222
108366
107280
107568
105324
106132
108105
107579
105665
106104
108138
107829
105726
106272
108255
108051
105908
106341
108520
108433
105951
106584
108865
108923
106237
106565
109553
109728
105939
107320
110034
110555
106996
106224
111765
112214
104215
108852
110684
111769
106387
97896.3
97606.1
137092
125529
139672
148971
97645.9
96824.2
117694
100940
96767.7
122450
113415
114228
114089
110565
107687
102236
102779
105116
106047
140460
96324.9
107486
107993
108308
105431
104640
108521
108341
105073
105250
108334
107277
107551
105343
106144
108082
107565
105678
106120
108118
107811
105740
106287
108238
108032
105920
106355
108505
108415
105960
106597
108853
108904
106243
106581
109539
109703
105953
107328
110023
110529
106989
106259
111737
112151
104271
108814
110671
111723
106299
98061.2
98301.6
136396
125727
139191
148087
98395.1
97262.4
117209
101093
97297.9
121922
113449
114180
113869
110582
107701
102347
102774
105091
106012
140376
96389.3
107508
107953
108280
105461
104683
108487
108319
105107
105288
108307
107284
107551
105378
106163
108068
107575
105710
106145
108109
107821
105776
106312
108233
108045
105958
106383
108505
108430
106002
106627
108856
108921
106291
106621
109544
109719
106022
107368
110036
110553
107058
106342
111743
112152
104437
108851
110715
111774
106371
98365.9
99128.7
135657
125817
138512
147019
99025.7
97530.7
116509
101168
97724.7
121241
113277
114014
113567
110391
107427
102353
102693
104960
105815
140302
96473.2
107541
107914
108250
105490
104724
108445
108290
105132
105316
108264
107281
107531
105393
106163
108039
107558
105714
106143
108079
107799
105778
106304
108202
108021
105955
106370
108470
108403
105995
106608
108815
108890
106277
106597
109492
109675
106010
107323
109972
110500
107012
106306
111636
112044
104438
108705
110596
111659
106185
98409.8
99719.4
134963
126191
138036
146164
99946
98195
116180
101455
98405.8
120907
113442
114028
113450
110529
107491
102545
102845
105111
105868
140215
96556.6
107569
107871
108217
105521
104768
108403
108259
105161
105350
108226
107279
107513
105419
106177
108012
107542
105732
106163
108056
107778
105797
106323
108183
108000
105972
106390
108453
108383
106011
106627
108801
108868
106289
106622
109478
109647
106032
107339
109962
110471
107012
106356
111606
111973
104513
108677
110587
111606
106115
98653.1
100490
134153
126397
137385
145165
100706
98658.1
115665
101670
98919.6
120338
113443
113943
113174
110434
107506
102638
102834
105070
105816
140121
96647.5
107598
107826
108183
105557
104818
108360
108229
105197
105390
108187
107282
107502
105451
106191
107989
107538
105757
106179
108035
107773
105823
106336
108164
107996
105996
106401
108433
108379
106035
106636
108781
108863
106314
106633
109451
109634
106071
107340
109932
110458
107034
106386
111549
111918
104617
108622
110542
111576
106080
98878.9
101239
133365
126625
136659
144100
101487
99159.2
115121
101869
99468.9
119827
113402
113827
112933
110449
107384
102726
102863
105052
105732
140022
96745.4
107626
107779
108144
105593
104868
108312
108194
105230
105428
108144
107278
107481
105478
106205
107956
107518
105776
106197
108005
107747
105841
106351
108137
107970
106010
106416
108409
108351
106046
106648
108757
108833
106319
106648
109424
109593
106082
107343
109906
110412
107016
106417
111495
111819
104670
108562
110502
111484
105975
99119
101985
132516
126829
135963
143079
102293
99704.6
114686
102178
100017
119321
113431
113754
112670
110474
107435
102861
102888
105049
105717
139903
96840.6
107646
107727
108103
105630
104921
108264
108159
105271
105473
108103
107280
107472
105519
106225
107932
107520
105813
106224
107987
107749
105885
106380
108124
107977
106057
106448
108401
108363
106100
106686
108755
108849
106383
106699
109425
109609
106173
107398
109917
110439
107112
106527
111496
111823
104888
108623
110552
111546
106124
99570.9
102892
131710
126887
135059
141841
102935
100023
113953
102269
100410
118598
113149
113482
112293
110187
107123
102797
102768
104863
105446
139804
96964.9
107685
107682
108063
105672
104977
108213
108121
105308
105514
108053
107277
107449
105546
106234
107898
107499
105829
106231
107952
107723
105898
106378
108088
107949
106062
106440
108360
108331
106097
106668
108706
108810
106371
106673
109360
109554
106161
107344
109836
110370
107059
106481
111360
111685
104885
108445
110395
111393
105928
99669
103481
130906
127142
134366
140815
103859
100779
113670
102679
101097
118331
113296
113463
112166
110340
107241
103012
102955
105075
105533
139686
97084.7
107713
107630
108017
105715
105035
108159
108079
105348
105559
108005
107273
107427
105581
106251
107862
107479
105855
106252
107920
107698
105924
106397
108058
107924
106084
106459
108333
108304
106116
106687
108680
108780
106385
106696
109332
109513
106184
107355
109809
110322
107055
106525
111300
111582
104961
108395
110352
111295
105866
99987.2
104230
130029
127188
133577
139692
104614
101326
113242
103015
101603
117815
113259
113344
111879
110244
107282
103109
102974
105054
105491
139546
97198.4
107729
107572
107966
105758
105095
108102
108038
105394
105609
107957
107273
107413
105626
106274
107833
107474
105896
106280
107897
107695
105970
106427
108041
107927
106134
106493
108321
108313
106174
106728
108674
108793
106456
106751
109329
109527
106286
107416
109817
110349
107162
106644
111297
111585
105199
108467
110403
111363
106062
100516
105134
129288
127083
132669
138378
105222
101664
112553
103129
101945
117112
112924
113009
111471
109919
106961
102997
102833
104836
105184
139432
97346.7
107769
107525
107920
105808
105161
108046
107993
105438
105658
107903
107268
107388
105660
106286
107794
107451
105918
106292
107858
107666
105989
106429
108001
107898
106144
106487
108276
108279
106176
106713
108620
108751
106447
106726
109258
109467
106275
107360
109727
110271
107106
106594
111147
111433
105196
108281
110230
111192
105887
100660
105688
128509
127053
131979
137241
106081
102427
112337
103576
102607
116895
113054
112958
111347
110073
107102
103210
103043
105069
105287
139294
97489.5
107796
107468
107866
105857
105227
107984
107945
105485
105709
107849
107262
107363
105701
106306
107754
107428
105950
106315
107822
107639
106020
106450
107967
107871
106169
106508
108246
108250
106199
106733
108590
108718
106466
106749
109224
109422
106303
107371
109692
110217
107105
106639
111075
111322
105278
108228
110175
111085
105857
101033
106404
127670
126783
131278
135992
106763
102985
111984
103939
103069
116416
112990
112783
111039
109916
107163
103278
103065
105057
105248
139131
97621.4
107807
107403
107806
105905
105293
107920
107896
105536
105764
107795
107258
107345
105751
106332
107719
107417
105994
106346
107793
107630
106071
106482
107945
107871
106223
106545
108230
108255
106262
106778
108579
108728
106543
106810
109218
109434
106414
107439
109698
110242
107223
106769
111068
111322
105533
108313
110227
111153
106104
101635
107281
127116
126357
130557
134574
107311
103323
111370
104069
103335
115735
112601
112390
110631
109776
106816
103127
102886
104805
104918
139004
97790.5
107848
107356
107753
105961
105367
107859
107846
105586
105818
107739
107251
107319
105790
106348
107677
107391
106022
106361
107752
107599
106093
106486
107902
107839
106234
106543
108181
108217
106266
106764
108520
108680
106535
106784
109140
109367
106402
107379
109599
110153
107161
106710
110902
111155
105519
108117
110037
110965
105955
101807
107754
126429
125926
130012
133331
108060
104073
111256
104523
103970
115587
112704
112289
110379
109730
107168
103340
103122
105069
105045
138857
97944.1
107870
107298
107695
106014
105436
107794
107794
105637
105873
107682
107243
107294
105835
106370
107636
107366
106057
106386
107715
107571
106128
106509
107868
107815
106262
106567
108150
108189
106295
106788
108490
108649
106562
106812
109107
109326
106439
107398
109567
110104
107173
106764
110835
111055
105613
108088
109994
110876
105986
102232
108388
125838
125306
129502
132059
108587
104555
110998
104851
104297
115137
112586
112022
110227
109322
106950
103374
103084
105023
105001
138707
98099.3
107891
107244
107636
106067
105508
107732
107742
105689
105928
107628
107235
107271
105881
106394
107597
107346
106096
106411
107679
107551
106167
106529
107835
107800
106295
106588
108118
108172
106332
106806
108456
108631
106599
106833
109067
109299
106491
107406
109522
110072
107206
106803
110752
110973
105733
108046
109931
110823
106078
102639
108963
125360
124643
128987
130768
109110
105026
110705
105126
104668
114765
112398
111729
109953
109464
106984
103408
103080
105011
104920
138560
98258.3
107911
107190
107577
106121
105578
107667
107689
105741
105983
107573
107224
107246
105925
106416
107555
107321
106131
106435
107641
107523
106200
106549
107800
107774
106320
106609
108083
108142
106358
106823
108421
108597
106621
106853
109026
109253
106520
107413
109478
110013
107206
106838
110669
110861
105806
107999
109868
110716
106110
103030
109472
124807
123906
128523
129575
109558
105484
110546
105455
104989
114409
112282
111471
109699
109331
107030
103466
103075
105011
104905
138408
98416
107929
107138
107518
106174
105649
107605
107637
105793
106038
107520
107215
107223
105972
106440
107516
107299
106170
106460
107605
107502
106238
106569
107767
107758
106352
106630
108051
108122
106394
106842
108388
108576
106656
106873
108987
109224
106569
107422
109435
109978
107236
106876
110588
110782
105917
107965
109810
110669
106223
103440
109963
124442
123174
128007
128382
109971
105897
110328
105691
105286
114065
112078
111162
109466
109242
107034
103484
103057
104996
104833
138262
98578.4
107947
107088
107459
106228
105720
107542
107584
105845
106092
107467
107203
107197
106016
106463
107475
107273
106205
106483
107567
107475
106270
106587
107732
107732
106375
106649
108015
108091
106418
106856
108351
108539
106674
106887
108941
109174
106591
107422
109383
109911
107227
106895
110493
110659
105968
107907
109734
110551
106257
103799
110358
123844
122405
127480
127288
110329
106313
110246
106019
105597
113779
111977
110931
109245
109213
107093
103564
103086
105031
104849
138093
98718.1
107943
107027
107393
106274
105783
107476
107530
105895
106144
107414
107191
107174
106062
106488
107436
107253
106247
106512
107535
107459
106315
106615
107707
107724
106421
106685
107996
108085
106475
106897
108337
108539
106743
106944
108932
109176
106688
107486
109386
109919
107332
107014
110483
110652
106186
108008
109789
110610
106557
104376
110891
123585
121734
126932
126211
110576
106531
109934
106086
105625
113258
111561
110489
108880
108876
106737
103378
102883
104759
104543
137963
98896.1
107973
106992
107341
106333
105858
107421
107479
105949
106200
107365
107179
107150
106105
106510
107396
107226
106279
106530
107495
107430
106339
106623
107667
107691
106432
106687
107949
108044
106480
106886
108281
108487
106731
106919
108857
109103
106667
107427
109288
109819
107262
106949
110322
110482
106142
107837
109614
110435
106488
104553
111079
123035
121067
126291
125225
110925
107027
110010
106451
106084
113213
111617
110380
108844
109048
106871
103578
103101
105043
104717
137816
99052.9
107981
106945
107282
106383
105925
107361
107426
106000
106251
107315
107165
107126
106149
106534
107356
107201
106314
106554
107458
107407
106370
106643
107636
107668
106460
106709
107919
108018
106509
106905
108251
108458
106758
106943
108822
109063
106702
107441
109250
109768
107276
106987
110249
110388
106218
107823
109573
110366
106599
104940
111389
122661
120478
125637
124314
111140
107313
109951
106675
106237
112907
111443
110109
108593
108930
106880
103591
103065
104993
104653
137668
99207.7
107987
106902
107225
106434
105991
107304
107375
106050
106303
107268
107151
107104
106192
106558
107318
107178
106351
106577
107424
107387
106402
106661
107606
107648
106489
106728
107887
107995
106540
106921
108218
108433
106786
106959
108783
109029
106739
107445
109205
109722
107295
107014
110168
110305
106302
107803
109525
110325
106744
105303
111649
122248
119976
124922
123425
111353
107600
109872
106852
106415
112651
111247
109850
108394
108845
106884
103615
103052
104979
104586
137526
99363.4
107992
106860
107168
106483
106056
107247
107323
106100
106352
107221
107136
107080
106234
106581
107279
107153
106385
106598
107388
107364
106430
106679
107575
107623
106514
106746
107855
107967
106564
106935
108186
108400
106805
106974
108743
108985
106763
107447
109159
109661
107294
107034
110084
110202
106353
107774
109472
110246
106842
105635
111843
121774
119481
124190
122602
111526
107874
109875
107064
106573
112416
111099
109615
108181
108760
106908
103643
103042
104971
104589
137382
99513.2
107994
106821
107113
106530
106119
107194
107273
106149
106401
107177
107121
107058
106276
106605
107243
107130
106420
106619
107355
107346
106458
106698
107547
107602
106542
106763
107826
107945
106593
106949
108154
108375
106830
106990
108705
108950
106796
107451
109115
109614
107311
107057
110005
110123
106430
107760
109430
110215
106997
105974
112026
121377
119073
123453
121803
111688
108122
109835
107206
106705
112183
110905
109364
107988
108661
106910
103657
103023
104945
104522
137247
99663
107995
106784
107059
106576
106180
107140
107224
106196
106448
107132
107105
107036
106316
106627
107206
107106
106452
106638
107322
107325
106483
106715
107517
107578
106565
106779
107795
107917
106615
106962
108122
108342
106847
107003
108665
108905
106817
107451
109069
109551
107309
107072
109922
110020
106476
107736
109382
110141
107105
106280
112155
120749
118693
122706
121060
111812
108359
109857
107385
106830
111965
110753
109147
107795
108567
106931
103688
103017
104930
104526
137109
99805.5
107992
106749
107007
106620
106240
107091
107176
106242
106494
107092
107089
107015
106355
106651
107171
107084
106486
106658
107292
107307
106508
106733
107490
107557
106591
106796
107767
107894
106641
106975
108092
108316
106870
107016
108628
108870
106847
107453
109024
109503
107323
107090
109845
109944
106546
107728
109346
110118
107266
106593
112310
120229
118454
121943
120339
111924
108575
109839
107493
106932
111755
110558
108903
107617
108459
106877
103695
102997
104897
104453
136979
99947.9
107988
106717
106957
106663
106297
107041
107130
106287
106538
107051
107072
106994
106393
106672
107136
107062
106516
106674
107261
107287
106530
106749
107462
107533
106612
106810
107737
107867
106661
106985
108061
108284
106885
107027
108588
108825
106864
107450
108977
109438
107320
107100
109763
109844
106587
107709
109302
110051
107379
106872
112442
119518
118266
121160
119667
112008
108773
109870
107640
107026
111552
110405
108702
107443
108354
106894
103721
102991
104873
104456
136848
100082
107981
106686
106908
106703
106353
106996
107085
106329
106581
107014
107056
106974
106430
106694
107103
107041
106547
106691
107234
107269
106553
106767
107436
107513
106636
106824
107710
107845
106685
106996
108033
108258
106904
107039
108551
108790
106891
107450
108933
109389
107333
107113
109688
109772
106655
107705
109271
110036
107545
107155
112586
118837
118196
120391
119016
112077
108958
109858
107709
107101
111362
110205
108464
107282
108240
106796
103716
102969
104833
104379
136728
100218
107976
106661
106864
106744
106408
106952
107043
106372
106623
106977
107040
106955
106465
106714
107071
107021
106574
106705
107207
107250
106572
106781
107408
107489
106653
106835
107681
107817
106699
107001
107999
108223
106911
107041
108508
108739
106896
107435
108878
109316
107313
107105
109596
109665
106674
107672
109216
109963
107633
107375
112666
118030
118087
119632
118412
112130
109139
109909
107843
107203
111209
110085
108301
107151
108178
106838
103765
103008
104852
104407
136588
100323
107944
106620
106808
106766
106446
106901
106996
106404
106655
106939
107021
106933
106497
106733
107040
107004
106602
106722
107184
107237
106601
106804
107390
107480
106690
106864
107668
107813
106746
107038
107994
108224
106970
107094
108508
108744
106982
107499
108888
109323
107414
107213
109605
109679
106865
107808
109299
110055
107954
107788
112876
117474
118046
118940
117820
112019
109155
109737
107743
107051
110791
109644
107882
106793
107744
106405
103453
102743
104472
104016
136490
100465
107954
106614
106777
106813
106508
106871
106962
106448
106700
106912
107007
106918
106531
106753
107012
106985
106624
106734
107159
107214
106611
106809
107359
107449
106691
106857
107629
107771
106734
107015
107942
108168
106936
107052
108432
108663
106929
107419
108783
109208
107317
107111
109442
109517
106778
107654
109149
109924
107918
107814
112794
116750
117873
118242
117280
112083
109443
109893
107933
107315
110903
109729
107926
106876
107966
106579
103628
103011
104818
104254
136378
100579
107938
106591
106736
106845
106553
106831
106924
106484
106734
106879
106989
106901
106562
106769
106984
106970
106646
106746
107136
107196
106630
106822
107336
107430
106710
106869
107606
107750
106752
107025
107918
108142
106950
107064
108400
108627
106947
107420
108744
109156
107320
107126
109376
109443
106825
107664
109133
109896
108040
108018
112814
116205
117618
117659
116778
112025
109527
109900
107975
107294
110701
109553
107709
106684
107810
106533
103536
102952
104731
104155
136268
100687
107921
106573
106697
106874
106597
106797
106888
106517
106768
106851
106973
106884
106591
106786
106959
106955
106666
106760
107116
107179
106648
106835
107315
107412
106726
106879
107583
107729
106767
107030
107892
108117
106960
107068
108365
108591
106961
107411
108700
109105
107322
107129
109305
109380
106880
107666
109111
109890
108176
108176
112819
115808
117336
117107
116293
112033
109635
109880
108007
107312
110555
109371
107513
106549
107697
106390
103522
102928
104688
104061
136169
100793
107905
106557
106662
106902
106639
106763
106854
106551
106800
106822
106956
106870
106618
106799
106934
106941
106683
106771
107095
107161
106664
106844
107292
107392
106739
106886
107560
107705
106778
107033
107865
108086
106964
107069
108327
108548
106964
107398
108652
109042
107305
107124
109230
109296
106903
107656
109080
109843
108252
108283
112782
115352
116967
116590
115835
111870
109707
109903
108048
107295
110405
109243
107342
106397
107598
106413
103531
102895
104662
104075
136068
100889
107885
106543
106628
106927
106678
106733
106822
106580
106830
106798
106941
106856
106644
106814
106913
106927
106700
106784
107077
107144
106681
106854
107273
107374
106753
106894
107539
107684
106791
107037
107840
108061
106971
107072
108293
108513
106975
107387
108608
108993
107305
107125
109163
109237
106956
107661
109065
109838
108373
108406
112698
115073
116614
116109
115394
111726
109776
109875
108067
107289
110258
109068
107153
106262
107487
106268
103438
102860
104612
103975
135978
100983
107866
106531
106598
106951
106715
106703
106792
106611
106857
106773
106924
106844
106668
106824
106892
106915
106714
106794
107057
107128
106695
106861
107252
107356
106764
106899
107516
107660
106798
107038
107813
108030
106972
107071
108255
108468
106974
107372
108560
108928
107285
107119
109091
109150
106976
107652
109035
109786
108432
108533
112523
114774
116146
115651
114975
111552
109812
109889
108094
107252
110112
108948
106999
106117
107389
106291
103449
102821
104581
103989
135888
101066
107844
106520
106569
106971
106749
106677
106763
106637
106882
106752
106909
106832
106690
106837
106874
106902
106728
106806
107040
107112
106709
106870
107234
107339
106775
106906
107496
107640
106809
107040
107790
108005
106977
107072
108222
108432
106982
107360
108517
108878
107283
107120
109031
109093
107025
107658
109023
109779
108537
108661
112329
114599
115742
115222
114573
111396
109850
109850
108104
107226
109967
108779
106817
105986
107279
106145
103350
102778
104525
103887
135808
101147
107823
106512
106545
106991
106781
106652
106737
106664
106905
106730
106893
106822
106709
106845
106856
106892
106739
106814
107022
107097
106721
106875
107215
107320
106784
106909
107474
107616
106814
107039
107762
107973
106974
107068
108183
108385
106977
107342
108467
108809
107260
107111
108957
109008
107035
107655
108993
109716
108572
108732
112135
114323
115294
114814
114193
111210
109854
109854
108126
107172
109821
108669
106686
105850
107184
106172
103367
102739
104491
103906
135725
101215
107797
106501
106519
107003
106808
106629
106711
106686
106924
106713
106877
106811
106727
106855
106840
106880
106750
106825
107007
107083
106734
106883
107199
107305
106796
106917
107457
107599
106827
107044
107743
107951
106985
107076
108155
108354
106994
107342
108433
108766
107271
107127
108908
108971
107095
107687
108997
109714
108678
108823
112005
114102
114925
114426
113818
111027
109837
109765
108032
107090
109629
108463
106469
105671
107010
105972
103218
102637
104369
103744
135671
101302
107795
106513
106512
107036
106854
106621
106697
106721
106954
106705
106867
106809
106749
106867
106828
106872
106760
106832
106988
107065
106737
106879
107174
107277
106784
106901
107420
107555
106798
107009
107689
107885
106930
107017
108072
108257
106913
107244
108318
108627
107144
107007
108748
108799
106972
107549
108860
109549
108568
108714
111742
113723
114529
114085
113525
110941
109989
109952
108183
107257
109808
108677
106616
105831
107314
106265
103481
102949
104793
104083
135587
101341
107750
106489
106482
107030
106859
106587
106668
106732
106956
106680
106847
106795
106758
106867
106812
106861
106769
106839
106974
107055
106754
106890
107164
107272
106810
106922
107415
107553
106837
107042
107691
107888
106982
107071
108081
108261
106990
107313
108339
108630
107238
107123
108777
108820
107129
107699
108948
109588
108733
108911
111695
113477
114136
113721
113148
110625
109736
109680
107939
106953
109294
108210
106201
105390
106745
105736
103095
102550
104245
103568
135523
101397
107728
106487
106467
107042
106885
106573
106651
106751
106972
106671
106834
106787
106772
106876
106801
106851
106778
106847
106960
107041
106762
106894
107147
107254
106814
106922
107394
107529
106838
107036
107662
107853
106976
107060
108037
108210
106984
107287
108281
108562
107223
107108
108701
108746
107158
107690
108906
109534
108772
108923
111510
113204
113810
113386
112824
110469
109744
109631
107946
106945
109212
108164
106136
105337
106691
105757
103127
102569
104240
103596
135467
101446
107706
106484
106455
107051
106906
106558
106634
106771
106983
106659
106819
106780
106784
106880
106789
106842
106785
106851
106945
107028
106770
106895
107130
107236
106818
106922
107372
107504
106840
107031
107634
107818
106970
107054
107996
108158
106976
107268
108229
108488
107201
107101
108629
108661
107167
107683
108866
109452
108766
108930
111332
112868
113442
113065
112504
110253
109665
109559
107873
106857
109040
108042
106012
105214
106575
105758
103138
102519
104168
103600
135409
101486
107681
106480
106443
107055
106924
106545
106618
106785
106993
106651
106806
106771
106796
106887
106779
106832
106793
106857
106933
107015
106777
106899
107116
107220
106824
106924
107353
107483
106845
107029
107609
107788
106972
107050
107958
108115
106981
107255
108180
108430
107204
107103
108567
108606
107214
107697
108834
109406
108815
108942
111169
112608
113151
112757
112201
110084
109621
109468
107774
106801
108894
107878
105862
105114
106457
105586
103039
102477
104089
103480
135362
101524
107659
106479
106435
107062
106940
106533
106605
106801
107001
106642
106793
106765
106806
106890
106769
106823
106799
106860
106919
107002
106783
106899
107099
107202
106826
106922
107331
107457
106845
107022
107579
107751
106964
107041
107914
108061
106971
107233
108124
108354
107180
107093
108492
108519
107219
107689
108778
109313
108791
108922
110976
112272
112814
112457
111888
109878
109530
109376
107685
106714
108740
107758
105744
105005
106360
105589
103052
102438
104033
103484
135312
101553
107634
106477
106426
107063
106954
106524
106592
106813
107009
106636
106780
106757
106815
106895
106761
106814
106805
106865
106907
106989
106789
106902
107085
107186
106830
106924
107312
107435
106848
107019
107553
107721
106964
107036
107876
108018
106975
107218
108076
108298
107184
107094
108432
108469
107264
107699
108744
109262
108824
108914
110807
112020
112552
112172
111604
109706
109468
109263
107570
106638
108589
107590
105586
104895
106241
105417
102940
102383
103953
103361
135272
101581
107612
106478
106421
107067
106966
106516
106581
106826
107014
106629
106768
106750
106823
106897
106751
106806
106810
106866
106894
106976
106793
106900
107068
107168
106830
106920
107289
107408
106846
107010
107522
107682
106954
107025
107829
107961
106962
107195
108015
108221
107159
107082
108353
108381
107262
107685
108675
109160
108784
108873
110603
111694
112241
111892
111302
109514
109372
109164
107474
106546
108447
107470
105468
104795
106153
105421
102954
102345
103902
103364
135230
101600
107588
106477
106414
107066
106976
106510
106570
106835
107019
106625
106756
106742
106830
106902
106743
106797
106815
106870
106884
106963
106797
106902
107055
107152
106833
106920
107271
107387
106849
107006
107497
107652
106953
107018
107791
107920
106966
107179
107968
108168
107164
107082
108295
108336
107305
107690
108637
109107
108803
108847
110428
111452
112003
111624
111027
109327
109283
109021
107337
106446
108298
107297
105300
104677
106038
105258
102824
102272
103819
103241
135197
101619
107567
106480
106412
107068
106985
106505
106562
106846
107023
106620
106746
106736
106836
106903
106735
106789
106819
106870
106871
106951
106800
106899
107038
107133
106831
106915
107247
107358
106844
106995
107463
107611
106940
107004
107741
107859
106948
107153
107904
108086
107135
107067
108214
108241
107294
107671
108558
108989
108743
108792
110219
111136
111710
111368
110749
109138
109182
108933
107254
106353
108172
107298
105300
104594
105960
105271
102849
102241
103777
103255
135160
101627
107540
106477
106404
107061
106988
106498
106551
106850
107022
106615
106733
106726
106841
106905
106726
106780
106823
106872
106861
106938
106804
106901
107026
107119
106836
106917
107231
107340
106851
106995
107442
107586
106948
107005
107710
107827
106964
107149
107867
108047
107156
107079
108168
108212
107350
107685
108525
108945
108763
108762
110043
110898
111478
111095
110456
108917
109023
108720
107044
106178
107966
107057
105052
104398
105760
105031
102630
102077
103599
103042
135144
101655
107539
106499
106419
107084
107018
106513
106557
106876
107043
106625
106733
106732
106858
106916
106724
106778
106830
106875
106849
106924
106800
106891
107002
107089
106816
106893
107190
107289
106812
106948
107377
107508
106880
106934
107613
107713
106871
107044
107737
107896
107033
106962
108009
108039
107237
107557
108365
108752
108618
108622
109807
110633
111318
110989
110350
108930
109207
108954
107257
106420
108291
107391
105354
104737
106227
105469
103036
102537
104177
103537
135105
101641
107496
106481
106401
107057
106996
106490
106537
106865
107024
106605
106714
106713
106850
106905
106710
106765
106828
106871
106837
106913
106807
106895
106993
107081
106834
106907
107185
107284
106845
106977
107377
107505
106928
106983
107617
107712
106941
107109
107752
107895
107116
107063
108027
108044
107343
107659
108384
108713
108639
108647
109654
110326
110950
110635
109951
108516
108749
108475
106815
105934
107647
106769
104790
104165
105518
104771
102443
101944
103433
102820
135080
101644
107477
106485
106402
107056
107002
106493
106534
106873
107027
106605
106708
106707
106857
106909
106705
106757
106832
106872
106827
106900
106809
106893
106978
107062
106832
106901
107161
107256
106840
106963
107342
107465
106918
106963
107565
107656
106933
107078
107686
107827
107109
107043
107948
107978
107361
107631
108303
108623
108616
108568
109457
110121
110768
110419
109727
108386
108687
108364
106730
105903
107593
106782
104813
104161
105504
104805
102493
101990
103462
102864
135059
101645
107457
106489
106403
107053
107004
106491
106529
106879
107026
106601
106698
106700
106861
106907
106697
106749
106833
106870
106815
106886
106808
106888
106960
107041
106827
106894
107135
107224
106833
106950
107305
107419
106903
106948
107512
107592
106913
107053
107619
107744
107078
107028
107864
107882
107336
107602
108204
108490
108522
108488
109239
109833
110505
110199
109463
108174
108528
108230
106597
105776
107431
106637
104671
104053
105386
104748
102481
101922
103370
102854
135035
101640
107435
106489
106402
107046
107004
106491
106523
106882
107025
106599
106691
106691
106865
106909
106691
106741
106835
106871
106805
106874
106810
106886
106946
107024
106828
106890
107114
107200
106834
106942
107276
107386
106903
106938
107470
107549
106920
107037
107570
107692
107091
107025
107805
107836
107370
107588
108140
108410
108507
108418
109057
109631
110323
109975
109227
107981
108407
108064
106442
105661
107295
106448
104506
103944
105271
104580
102347
101842
103277
102719
135018
101636
107417
106493
106405
107044
107004
106491
106521
106888
107023
106596
106684
106685
106868
106907
106683
106733
106836
106868
106792
106859
106808
106880
106926
107001
106823
106882
107085
107165
106824
106927
107234
107335
106883
106919
107410
107477
106894
107009
107495
107601
107054
107005
107713
107728
107332
107551
108026
108262
108399
108329
108840
109360
110075
109772
108986
107787
108263
107953
106332
105559
107173
106450
104513
103884
105196
104598
102379
101820
103231
102742
134996
101624
107393
106491
106400
107032
106998
106489
106512
106887
107017
106591
106672
106674
106868
106905
106674
106722
106836
106867
106781
106846
106810
106878
106912
106985
106825
106879
107066
107144
106830
106923
107209
107308
106892
106915
107374
107445
106912
107001
107454
107565
107080
107010
107660
107695
107373
107536
107957
108189
108381
108248
108645
109140
109882
109515
108693
107545
108081
107704
106067
105340
106944
106156
104215
103650
104962
104307
102101
101602
103003
102470
134991
101634
107396
106514
106421
107055
107025
106512
106528
106914
107041
106607
106680
106684
106889
106917
106676
106724
106846
106871
106773
106833
106808
106871
106889
106954
106807
106857
107023
107091
106793
106878
107141
107226
106829
106849
107277
107329
106829
106910
107332
107420
106979
106915
107521
107537
107282
107439
107819
108017
108272
108158
108489
108998
109855
109553
108740
107650
108350
108033
106385
105690
107398
106625
104658
104136
105578
104900
102660
102212
103738
103123
134964
101604
107356
106494
106404
107021
106992
106488
106507
106894
107011
106583
106658
106659
106872
106900
106658
106705
106836
106860
106755
106816
106807
106867
106873
106939
106816
106864
107009
107076
106815
106898
107130
107211
106863
106886
107266
107312
106877
106958
107323
107398
107027
106980
107498
107497
107313
107469
107753
107902
108180
108075
108259
108636
109420
109127
108246
107138
107753
107428
105795
105066
106623
105860
103947
103425
104724
104045
101900
101450
102822
102242
134950
101594
107341
106497
106407
107018
106992
106493
106507
106899
107012
106584
106655
106654
106877
106902
106654
106698
106839
106861
106746
106803
106808
106863
106857
106919
106815
106856
106983
107046
106813
106882
107093
107169
106857
106865
107214
107260
106875
106929
107262
107335
107029
106958
107425
107436
107325
107428
107666
107803
108143
107983
108091
108476
109301
108963
108078
107017
107700
107330
105708
105027
106588
105878
103972
103420
104722
104084
101955
101489
102867
102301
134936
101582
107326
106499
106411
107013
106989
106494
106506
106902
107008
106580
106648
106647
106878
106899
106645
106688
106837
106856
106731
106785
106805
106856
106834
106892
106806
106845
106949
107006
106799
106866
107045
107112
106833
106845
107149
107182
106843
106902
107181
107239
106985
106935
107324
107319
107266
107379
107532
107644
108011
107885
107878
108227
109068
108779
107843
106828
107542
107216
105580
104917
106445
105812
103917
103350
104625
104092
101976
101455
102791
102318
134919
101564
107304
106494
106406
107000
106979
106491
106497
106898
106999
106574
106637
106635
106876
106895
106634
106676
106836
106853
106718
106770
106805
106851
106817
106873
106808
106840
106926
106982
106805
106858
107016
107083
106842
106837
107108
107147
106861
106890
107135
107199
107008
106928
107262
107272
107289
107342
107440
107546
107969
107777
107680
108004
108876
108520
107546
106559
107327
106936
105283
104655
106187
105489
103596
103076
104362
103770
101666
101192
102527
102016
134915
101569
107310
106517
106430
107026
107008
106519
106518
106930
107027
106595
106650
106650
106901
106911
106640
106681
106852
106862
106712
106760
106809
106849
106796
106844
106797
106824
106886
106931
106776
106823
106952
107004
106792
106786
107020
107041
106799
106825
107031
107075
106939
106869
107153
107146
107236
107294
107344
107426
107919
107761
107614
107983
108963
108682
107702
106787
107710
107383
105721
105136
106762
106084
104168
103700
105112
104498
102375
101951
103406
102819
134892
101536
107273
106494
106410
106988
106968
106491
106493
106902
106990
106564
106623
106619
106876
106887
106615
106654
106833
106844
106686
106733
106799
106837
106771
106818
106795
106822
106860
106902
106784
106830
106926
106972
106806
106804
106989
107001
106816
106845
106991
107019
106940
106884
107080
107052
107187
107246
107200
107236
107729
107582
107307
107542
108439
108166
107114
106179
106990
106657
104992
104382
105869
105189
103323
102858
104123
134880
101523
107261
106495
106413
106985
106968
106497
106494
106907
106991
106566
106622
106614
106882
106889
106611
106647
106838
106844
106677
106720
106802
106834
106754
106797
106797
106813
106833
106873
106786
106815
106888
106932
106807
106785
106938
106953
106822
106820
106934
106963
106951
106862
107012
106994
107200
107201
107113
107143
107700
107491
107165
107414
108353
108026
106978
106083
106955
106583
104964
104362
105858
105214
103362
102874
134867
101509
107248
106495
106416
106980
106964
106497
106494
106910
106987
106561
106616
106606
106881
106885
106601
106634
106835
106839
106659
106699
106796
106825
106726
106764
106785
106801
106794
106825
106766
106797
106834
106866
106777
106763
106866
106868
106782
106792
106846
106859
106894
106833
106902
106867
107117
107143
106967
106977
107553
107391
106968
107194
108132
107872
106780
105923
106798
106490
104851
104268
105729
105217
103371
134850
101490
107229
106488
106408
106967
106951
106492
106482
106904
106977
106553
106602
106592
106877
106879
106585
106621
106832
106833
106641
106681
106796
106817
106704
106743
106787
106792
106765
106799
106772
106784
106797
106834
106786
106749
106817
106830
106799
106771
106786
106813
106913
106806
106819
106804
107124
107075
106838
106860
107497
107251
106740
106952
107946
107592
106441
105627
106564
106161
104493
103958
134846
101495
107238
106510
106433
106999
106986
106525
106508
106941
107013
106579
106622
106615
106911
106903
106597
106631
106858
106850
106641
106676
106811
106826
106691
106719
106789
106790
106735
106754
106761
106770
106751
106767
106762
106727
106757
106745
106773
106747
106727
106722
106893
106802
106775
106728
107134
107101
106832
106813
107542
107340
106812
107069
108174
107895
106769
105989
107091
106764
105097
104583
134823
101461
107203
106484
106409
106956
106941
106491
106478
106906
106968
106541
106590
106575
106875
106870
106564
106593
106828
106822
106605
106636
106786
106802
106651
106677
106769
106772
106691
106705
106744
106756
106699
106708
106741
106716
106692
106668
106739
106726
106637
106615
106821
106751
106630
106560
106982
106962
106591
106536
107237
107057
106410
106537
107543
107282
106080
105287
106241
105923
104257
103716
134808
101446
107189
106480
106406
106949
106935
106490
106473
106906
106964
106537
106582
106566
106875
106868
106553
106582
106828
106818
106590
106619
106788
106796
106631
106653
106770
106763
106662
106674
106747
106742
106662
106667
106745
106698
106644
106619
106746
106701
106582
106555
106826
106721
106557
106483
106971
106896
106488
106412
107176
106938
106243
106334
107402
107079
105862
105074
106098
105722
104064
103523
134802
101451
107200
106502
106434
106984
106974
106526
106503
106947
107007
106568
106607
106592
106916
106898
106569
106597
106861
106844
106595
106620
106811
106814
106623
106638
106783
106774
106640
106641
106751
106747
106628
106620
106743
106705
106602
106565
106750
106720
106547
106510
106849
106774
106549
106471
107036
106998
106529
106458
107299
107125
106386
106586
107730
107498
106272
105568
106729
106447
104761
104282
134778
101418
107165
106472
106404
106939
106924
106487
106466
106906
106954
106523
106566
106544
106871
106858
106525
106549
106821
106807
106549
106569
106775
106779
106571
106580
106748
106742
106581
106572
106713
106712
106557
106533
106692
106663
106510
106452
106673
106653
106420
106349
106717
106656
106351
106229
106803
106770
106218
106082
106900
106737
105898
105914
106996
106770
105468
104713
105752
105462
103766
103230
134762
101403
107152
106467
106403
106933
106919
106486
106465
106905
106950
106518
106563
106536
106871
106855
106519
106538
106821
106802
106537
106552
106777
106771
106552
106557
106750
106730
106553
106542
106717
106696
106521
106495
106698
106643
106464
106407
106681
106626
106368
106296
106721
106618
106283
106162
106789
106698
106126
105982
106842
106617
105763
105757
106871
106580
105301
104565
105636
105287
103642
103109
134754
101411
107166
106491
106431
106973
106965
106525
106498
106952
107001
106556
106592
106568
106920
106892
106539
106560
106863
106837
106547
106563
106812
106801
106552
106555
106779
106759
106543
106529
106743
106726
106503
106476
106726
106685
106448
106393
106727
106694
106368
106306
106800
106736
106321
106220
106925
106884
106227
106118
107057
106911
105990
106135
107313
107121
105792
105170
106376
106125
104426
103985
134729
101376
107129
106456
106397
106923
106908
106479
106452
106902
106940
106501
106542
106510
106863
106843
106485
106500
106811
106788
106488
106496
106760
106752
106486
106478
106724
106705
106464
106434
106678
106662
106406
106354
106638
106600
106320
106230
106598
106566
106192
106078
106596
106533
106057
105888
106599
106547
105833
105629
106550
106394
105403
105298
106464
106256
104862
104155
105269
104985
103278
102746
134714
101366
107122
106456
106401
106927
106914
106485
106461
106910
106947
106504
106549
106511
106874
106847
106487
106497
106822
106790
106484
106490
106773
106750
106474
106468
106739
106701
106445
106421
106699
106654
106380
106340
106667
106592
106288
106219
106638
106555
106158
106073
106645
106518
106019
105890
106649
106515
105791
105632
106588
106343
105363
105336
106490
106204
104884
104234
105356
105018
103368
102904
134696
101353
107113
106452
106398
106924
106912
106482
106457
106910
106944
106496
106540
106498
106870
106841
106470
106477
106814
106782
106458
106459
106760
106738
106437
106424
106718
106685
106393
106363
106668
106633
106312
106266
106622
106566
106202
106127
106578
106521
106052
105963
106562
106475
105890
105758
106535
106448
105632
105475
106433
106250
105185
105158
106295
106092
104710
104104
105203
104942
103264
102815
134677
101338
107100
106441
106386
106915
106901
106471
106439
106903
106933
106481
106519
106481
106863
106829
106445
106458
106808
106768
106428
106436
106756
106720
106400
106396
106716
106663
106347
106327
106669
106603
106253
106220
106625
106527
106125
106069
106578
106466
105952
105881
106549
106391
105750
105640
106490
106314
105437
105298
106333
106050
104912
104855
106093
105774
104322
103748
104929
104566
102843
102423
134667
101349
107118
106465
106415
106965
106956
106515
106478
106956
106994
106526
106557
106522
106926
106878
106477
106489
106868
106817
106455
106459
106816
106772
106424
106412
106778
106721
106372
106341
106740
106674
106288
106240
106714
106623
106183
106110
106700
106601
106052
105963
106721
106588
105915
105789
106736
106594
105698
105544
106682
106452
105324
105377
106672
106419
104997
104468
105793
105493
103787
103399
134640
101318
107086
106432
106380
106916
106902
106467
106434
106903
106932
106469
106509
106459
106862
106823
106421
106422
106803
106759
106389
106384
106745
106707
106345
106323
106696
106645
106273
106231
106637
106580
106160
106100
106577
106498
106011
105925
106510
106424
105817
105712
106447
106330
105587
105442
106340
106211
105244
105069
106125
105914
104713
104627
105832
105591
104127
103588
104741
104456
102755
102345
134620
101309
107080
106427
106373
106919
106903
106464
106424
106906
106933
106462
106496
106453
106865
106819
106402
106411
106807
106753
106366
106368
106751
106699
106316
106301
106704
106634
106235
106203
106648
106564
106113
106063
106590
106478
105953
105877
106524
106394
105743
105648
106456
106284
105488
105353
106333
106140
105114
104947
106092
105808
104535
104445
105756
105430
103907
103391
104658
104297
102549
102156
134606
101317
107095
106445
106395
106959
106948
106497
106454
106948
106982
106497
106526
106483
106917
106860
106428
106434
106857
106796
106389
106385
106803
106747
106339
106314
106760
106691
106263
106216
106714
106636
106152
106083
106673
106573
106015
105917
106634
106525
105844
105723
106605
106466
105644
105482
106537
106386
105349
105153
106374
106147
104881
104825
106189
105931
104438
103933
105291
104986
103260
102866
134584
101309
107091
106440
106391
106961
106950
106494
106450
106949
106983
106490
106519
106474
106916
106857
106415
106420
106856
106794
106371
106365
106801
106745
106315
106289
106758
106690
106232
106184
106710
106636
106115
106046
106666
106576
105969
105873
106620
106525
105787
105670
106577
106459
105571
105416
106487
106359
105253
105070
106296
106104
104777
104733
106066
105856
104303
103829
105163
104909
103144
102774
134554
101284
107067
106412
106360
106924
106907
106454
106409
106905
106931
106443
106473
106418
106863
106812
106360
106357
106799
106743
106308
106291
106736
106685
106238
106196
106677
106615
106136
106066
106606
106537
105991
105891
106525
106441
105806
105669
106427
106336
105569
105398
106307
106192
105275
105053
106116
105987
104855
104591
105798
105605
104254
104040
105379
105168
103595
103054
104348
104089
102319
101888
134531
101277
107065
106408
106359
106926
106906
106449
106410
106906
106929
106434
106474
106413
106863
106806
106356
106348
106799
106735
106299
106279
106737
106675
106223
106182
106680
106602
106114
106048
106610
106520
105963
105872
106530
106418
105771
105649
106431
106303
105526
105374
106304
106144
105221
105024
106099
105918
104791
104555
105763
105510
104177
103979
105313
105035
103513
103011
104287
103972
102273
101864
134513
101293
107091
106434
106391
106991
106982
106499
106449
106962
106997
106480
106509
106455
106925
106857
106387
106384
106863
106790
106330
106314
106807
106740
106258
106220
106761
106683
106159
106097
106710
106626
106026
105940
106659
106561
105863
105748
106601
106497
105662
105522
106528
106405
105416
105238
106394
106259
105067
104857
106148
105956
104567
104511
105864
105652
104071
103631
105020
104768
103008
102648
134477
101266
107064
106398
106350
106931
106909
106439
106398
106903
106928
106419
106457
106391
106858
106800
106326
106314
106791
106726
106259
106232
106725
106664
106171
106119
106661
106588
106047
105969
106582
106501
105880
105774
106488
106392
105670
105529
106369
106264
105403
105231
106213
106085
105069
104853
105971
105826
104608
104356
105593
105388
103976
103752
105096
104875
103285
102811
104097
103836
102088
101696
134448
101263
107066
106395
106347
106943
106918
106435
106392
106903
106928
106411
106452
106388
106860
106795
106315
106307
106793
106720
106244
106222
106729
106656
106151
106106
106667
106577
106022
105951
106590
106487
105848
105751
106499
106374
105629
105501
106379
106238
105351
105193
106218
106047
105003
104804
105965
105772
104529
104291
105572
105313
103877
103666
105055
104771
103175
102723
104060
103746
102001
101624
134424
101278
107092
106419
106372
106992
106969
106474
106425
106952
106986
106445
106486
106421
106912
106837
106344
106335
106847
106767
106274
106250
106790
106712
106185
106137
106739
106649
106066
105991
106680
106580
105910
105809
106612
106498
105718
105586
106526
106403
105480
105319
106408
106263
105184
104983
106210
106050
104779
104543
105888
105675
104216
104066
105485
105250
103644
103215
104627
104353
102596
102232
134392
101276
107099
106417
106367
106997
106972
106467
106416
106950
106987
106447
106484
106416
106911
106834
106332
106323
106846
106763
106258
106234
106789
106708
106164
106117
106737
106645
106039
105966
106676
106576
105877
105778
106606
106492
105677
105549
106514
106392
105429
105273
106384
106242
105119
104927
106170
106013
104698
104474
105830
105625
104130
103993
105397
105181
103535
103135
104537
104284
102501
102160
134346
101253
107080
106387
106338
106963
106933
106428
106379
106899
106933
106407
106440
106360
106854
106786
106280
106262
106785
106709
106197
106162
106718
106642
106089
106027
106648
106560
105942
105851
106561
106463
105750
105630
106452
106341
105510
105355
106309
106186
105209
105020
106111
105967
104831
104599
105814
105651
104328
104057
105374
105162
103664
103409
104805
104582
102942
102507
103853
103597
101828
101454
134310
101252
107089
106390
106341
106975
106938
106425
106380
106904
106938
106407
106439
106356
106852
106779
106272
106256
106785
106700
106185
106154
106720
106632
106072
106017
106652
106548
105920
105839
106567
106448
105721
105613
106459
106321
105474
105335
106314
106158
105163
104993
106112
105928
104774
104564
105805
105596
104262
104014
105353
105092
103585
103346
104768
104487
102855
102448
103817
103511
101762
101407
134278
101271
107126
106415
106366
107020
106983
106458
106408
106942
106987
106442
106478
106398
106903
106823
106301
106287
106840
106748
106216
106187
106784
106691
106109
106055
106729
106623
105969
105887
106663
106547
105790
105681
106582
106452
105570
105430
106470
106330
105298
105128
106309
106150
104958
104750
106055
105878
104508
104264
105668
105448
103909
103728
105179
104941
103285
102897
104341
104068
102294
101951
134237
101272
107146
106419
106368
107029
106987
106457
106407
106938
106986
106436
106474
106393
106908
106823
106293
106277
106839
106744
106203
106174
106783
106687
106092
106037
106728
106619
105947
105866
106660
106542
105762
105655
106576
106444
105536
105399
106458
106317
105255
105090
106288
106128
104904
104703
106022
105843
104442
104211
105622
105402
103840
103672
105110
104881
103199
102838
104272
104010
102221
101899
134178
101245
107136
106396
106344
106998
106949
106423
106375
106892
106938
106395
106438
106336
106842
106768
106244
106217
106775
106688
106147
106105
106709
106620
106021
105953
106636
106532
105854
105759
106542
106428
105641
105517
106422
106292
105376
105219
106256
106114
105046
104857
106024
105861
104634
104407
105683
105500
104101
103840
105198
104973
103418
103158
104571
104336
102676
102297
103657
103394
101638
101295
134133
101244
107159
106403
106350
107009
106951
106423
106376
106891
106935
106391
106437
106341
106845
106761
106232
106214
106773
106679
106132
106101
106711
106609
106002
105945
106640
106520
105829
105747
106548
106413
105609
105499
106429
106274
105336
105195
106262
106089
104995
104823
106026
105827
104571
104363
105679
105454
104026
103784
105186
104915
103328
103082
104547
104258
102574
102221
103634
103324
101547
101227
134093
101269
107211
106436
106379
107052
106991
106461
106403
106920
106976
106432
106466
106377
106895
106811
106267
106250
106830
106731
106164
106137
106777
106672
106041
105986
106721
106600
105881
105798
106650
106518
105682
105568
106558
106411
105437
105288
106426
106267
105133
104949
106231
106053
104754
104531
105934
105736
104266
104006
105500
105264
103634
103422
104946
104689
102962
102610
104127
103841
102014
101699
134039
101256
107234
106441
106384
107051
106981
106461
106404
106901
106962
106428
106468
106363
106874
106796
106257
106231
106812
106716
106153
106116
106759
106655
106024
105960
106700
106581
105858
105765
106624
106494
105651
105528
106524
106379
105396
105239
106378
106223
105080
104890
106167
105993
104687
104460
105850
105658
104184
103923
105396
105168
103539
103302
104807
104563
102846
102500
103981
103708
101902
101581
133986
101251
107267
106453
106397
107054
106976
106470
106411
106887
106954
106434
106474
106360
106863
106791
106256
106224
106805
106710
106148
106108
106754
106651
106015
105948
106695
106576
105845
105749
106618
106489
105634
105507
106514
106373
105374
105214
106365
106213
105052
104860
106146
105979
104653
104425
105821
105636
104143
103884
105359
105140
103493
103254
104758
104525
102795
102457
103943
103678
101868
101546
133930
101240
107303
106466
106412
107053
106966
106481
106419
106868
106941
106442
106478
106355
106847
106784
106254
106217
106791
106701
106142
106100
106743
106642
106005
105936
106684
106567
105830
105732
106605
106478
105614
105484
106498
106360
105348
105183
106342
106194
105019
104820
106114
105951
104611
104376
105779
105599
104094
103826
105306
105095
103435
103178
104688
104466
102725
102385
103878
103622
101807
101480
133877
101235
107351
106488
106437
107056
106959
106503
106435
106851
106932
106461
106489
106359
106838
106784
106261
106222
106801
106711
106149
106105
106745
106645
106007
105938
106688
106573
105830
105732
106613
106487
105613
105482
106508
106372
105347
105179
106355
106209
105018
104814
106128
105968
104610
104368
105795
105618
104097
103819
105323
105119
103444
103191
104706
104493
102734
102394
103914
103669
101834
101509
133794
101178
107359
106476
106437
107006
106898
106493
106430
106783
106871
106445
106477
106316
106768
106736
106241
106170
106717
106640
106112
106047
106662
106571
105959
105870
106592
106481
105761
105646
106492
106370
105518
105371
106356
106219
105218
105035
106161
106009
104848
104629
105882
105712
104392
104134
105491
105299
103825
103530
104955
104732
103112
102781
104249
104017
102328
101982
103403
103147
101387
101049
133742
101160
107406
106500
106475
106997
106870
106517
106457
106755
106846
106462
106492
106324
106743
106717
106255
106179
106703
106621
106120
106053
106648
106548
105959
105876
106583
106460
105755
105649
106487
106349
105506
105371
106352
106197
105200
105032
106156
105983
104824
104622
105874
105682
104362
104124
105479
105262
103792
103518
104938
104690
103076
102759
104225
103959
102284
101966
103383
103099
101361
101041
133706
101166
107491
106558
106538
107010
106875
106586
106510
106746
106857
106528
106532
106358
106759
106746
106300
106220
106738
106659
106172
106117
106702
106601
106013
105935
106650
106526
105817
105716
106577
106440
105585
105454
106472
106321
105302
105137
106310
106145
104955
104754
106068
105889
104530
104293
105720
105520
104006
103732
105231
105008
103343
103077
104584
104337
102604
102302
103818
103546
101746
101439
133646
101127
107537
106586
106583
106973
106823
106626
106544
106685
106812
106561
106547
106350
106715
106725
106319
106215
106699
106630
106182
106107
106663
106567
106015
105928
106616
106492
105809
105703
106542
106403
105566
105433
106434
106279
105271
105105
106264
106094
104911
104711
106011
105827
104472
104237
105650
105444
103934
103665
105148
104920
103258
102964
104470
104218
102495
102207
103702
103425
101641
101338
133593
101088
107592
106627
106643
106931
106768
106684
106590
106621
106766
106613
106570
106349
106673
106711
106350
106222
106667
106609
106206
106121
106637
106544
106031
105937
106595
106471
105817
105708
106525
106384
105566
105434
106420
106262
105265
105100
106251
106077
104898
104700
105997
105809
104452
104222
105634
105424
103911
103648
105130
104902
103234
102939
104441
104183
102458
102185
103685
103404
101619
101322
133543
101042
107644
106675
106714
106876
106699
106756
106647
106543
106709
106678
106597
106345
106622
106696
106387
106230
106627
106583
106237
106137
106602
106516
106053
105951
106566
106444
105830
105718
106501
106360
105571
105438
106399
106240
105261
105098
106232
106055
104885
104692
105976
105785
104432
104207
105612
105398
103886
103630
105106
104878
103210
102910
104406
104141
102417
102161
103660
103372
101592
101302
133498
100990
107693
106732
106800
106807
106615
106843
106715
106451
106637
106761
106629
106336
106563
106682
106431
106242
106579
106554
106277
106158
106560
106484
106084
105971
106531
106412
105850
105734
106471
106331
105582
105449
106375
106214
105263
105102
106209
106029
104878
104689
105955
105759
104417
104198
105591
105370
103866
103617
105084
104853
103191
102885
104372
104098
102380
102142
103639
103341
101568
101287
133458
100932
107734
106798
106899
106723
106515
106948
106796
106344
106548
106865
106663
106325
106495
106670
106485
106254
106523
106522
106325
106183
106510
106446
106124
105996
106489
106375
105878
105756
106434
106296
105600
105467
106345
106184
105271
105113
106183
106000
104877
104691
105931
105731
104408
104194
105569
105341
103851
103608
105063
104828
103179
102865
104340
104053
102347
102132
103622
103309
101550
101278
133424
100870
107766
106875
107014
106622
106397
107072
106890
106221
106440
106996
106699
106309
106416
106661
106548
106267
106460
106488
106384
106214
106451
106403
106173
106028
106438
106332
105916
105785
106391
106257
105627
105492
106309
106149
105287
105130
106152
105968
104882
104700
105904
105700
104404
104195
105546
105310
103841
103605
105042
104802
103174
102850
104309
104007
102318
102130
103608
103277
101537
101277
133397
100807
107784
106964
107145
106505
106261
107216
106998
106084
106313
107155
106733
106290
106327
106655
106624
106276
106389
106452
106451
106247
106385
106356
106231
106065
106380
106283
105963
105820
106339
106213
105662
105523
106266
106110
105312
105153
106115
105932
104895
104714
105874
105667
104407
104201
105521
105278
103837
103607
105021
104776
103173
102836
104279
103962
102290
102134
103595
103244
101530
101282
133379
100746
107784
107066
107289
106373
106108
107379
107118
105931
106165
107342
106764
106269
106229
106651
106717
106276
106314
106415
106530
106280
106311
106307
106298
106107
106315
106230
106019
105861
106281
106167
105707
105561
106217
106068
105349
105182
106073
105895
104918
104736
105841
105634
104421
104215
105496
105249
103843
103616
105001
104755
103189
102830
104254
103921
102270
102151
103588
103217
101535
101298
133351
100677
107751
107173
107440
106227
105937
107560
107248
105767
106001
107559
106789
106251
106126
106649
106827
106271
106241
106375
106625
106315
106235
106255
106372
106155
106245
106170
106079
105906
106217
106084
105739
105610
106154
106006
105380
105205
106011
105829
104925
104744
105781
105565
104409
104208
105434
105174
103812
103594
104935
104676
103160
102780
104177
103816
102190
102124
103518
103111
101474
101261
133386
100661
107733
107305
107603
106078
105755
107758
107376
105582
105814
107803
106789
106198
106004
106657
106935
106204
106153
106348
106720
106288
106134
106231
106458
106140
106143
106161
106169
105883
106098
106118
105865
105560
106054
106036
105512
105183
105929
105884
105068
104736
105716
105647
104564
104210
105389
105286
103982
103607
104914
104821
103359
102765
104159
103963
102348
102159
103534
103298
101678
101293
133406
100638
107684
107435
107758
105921
105565
107951
107509
105404
105616
108048
106801
106176
105880
106637
107069
106178
106081
106261
106830
106341
106062
106119
106537
106236
106097
106036
106222
105993
106098
105972
105863
105616
106081
105962
105564
105321
105994
105787
105067
104878
105808
105566
104555
104353
105501
105224
103971
103752
105043
104783
103364
102909
104255
103923
102326
102310
103646
103314
101722
101454
133294
100565
107585
107585
107943
105831
105436
108155
107675
105328
105482
108282
106856
106283
105814
106583
107227
106299
106063
106131
106961
106544
106032
105987
106640
106439
106074
105896
106292
106177
106100
105819
105863
105787
106073
105651
105337
105390
105993
105572
104927
104916
105801
105347
104375
104358
105480
104978
103752
103723
104999
104517
103095
102878
104288
103557
101973
102384
103681
102909
101384
101476
133983
100853
107581
107423
107763
105512
105151
108200
107641
105034
105250
108481
106832
106234
105708
106729
107338
106176
106020
106377
107101
106296
105961
106237
106794
106189
105977
106136
106496
105924
105947
106084
106143
105556
105862
105985
105804
105148
105720
105815
105367
104685
105467
105588
104846
104118
105097
105239
104245
103458
104577
104834
103577
102502
103686
103926
102447
101957
103103
103396
101858
100961
132444
99736
106780
107938
108363
105467
105001
108722
107966
104909
105121
109031
106908
105838
105608
106902
107356
105819
105938
106300
107056
106190
105886
106110
106725
106158
105926
106006
106411
105925
105940
105945
106033
105601
105876
105750
105583
105160
105776
105735
105296
104718
105546
105562
104843
104169
105190
105243
104288
103528
104682
104883
103647
102714
103953
104047
102580
102228
103415
103535
101984
101253
)
;

boundaryField
{
    inlet
    {
        type            calculated;
        value           nonuniform List<scalar> 
150
(
141220
141275
141259
141255
141227
141232
141225
141208
141204
141182
141175
141164
141147
141134
141115
141098
141077
141055
141033
141007
140980
140949
140916
140879
140836
140797
140750
140698
140642
140575
140517
140446
140361
140288
140201
140107
140007
139889
139790
139672
139532
139417
139280
139117
138990
138843
138693
138546
138394
138248
138079
137949
137802
137654
137512
137368
137233
137095
136965
136834
136714
136574
136476
136364
136254
136154
136054
135964
135874
135794
135711
135656
135573
135509
135453
135395
135347
135298
135258
135216
135183
135146
135130
135091
135066
135045
135021
135004
134982
134976
134950
134935
134922
134905
134901
134878
134865
134853
134836
134832
134809
134794
134788
134764
134748
134740
134715
134700
134682
134663
134653
134625
134606
134592
134570
134540
134517
134499
134463
134434
134410
134378
134332
134296
134264
134223
134164
134119
134079
134025
133972
133915
133863
133780
133728
133692
133632
133579
133529
133484
133444
133410
133383
133365
133337
133372
133392
133279
133969
132430
)
;
    }
    outlet
    {
        type            calculated;
        value           nonuniform List<scalar> 0();
    }
    front
    {
        type            empty;
    }
    back
    {
        type            empty;
    }
    hub
    {
        type            calculated;
        value           nonuniform List<scalar> 
72
(
141235
95719
107111
108411
108543
105157
104221
108890
108568
104819
104937
108666
107258
107666
105134
106043
108292
107619
105549
105987
108297
107908
105595
106180
108392
108129
105795
106255
108644
108513
105843
106517
108981
109009
106145
106471
109691
109877
105749
107319
110172
110681
106980
105949
112091
112708
103513
109350
110842
111966
107282
96989
88957.5
144925
124367
142797
159707
88365
91494
123953
100331
88971.5
130249
112677
114383
117403
109707
109603
100430
102930
105236
106282
)
;
    }
    tip
    {
        type            calculated;
        value           nonuniform List<scalar> 
62
(
132444
99736
106780
107938
108363
105467
105001
108722
107966
104909
105121
109031
106908
105838
105608
106902
107356
105819
105938
106300
107056
106190
105886
106110
106725
106158
105926
106006
106411
105925
105940
105945
106033
105601
105876
105750
105583
105160
105776
105735
105296
104717
105546
105562
104843
104169
105190
105243
104288
103528
104682
104882
103647
102714
103953
104047
102580
102228
103415
103535
101984
101253
)
;
    }
    procBoundary4to3
    {
        type            processor;
        value           nonuniform List<scalar> 
160
(
101489
101498
101470
101473
101475
101461
101461
101450
101450
101453
101432
101437
101442
101447
101453
101460
101469
101476
101503
101515
101532
101552
101575
101601
101607
101655
101677
101702
101732
101671
101730
101755
101676
101747
101763
101783
101823
101694
101800
101833
101670
101796
101818
101631
101758
101704
101714
101724
101668
101701
101470
101624
101551
101556
101562
101547
101560
101511
101530
101460
101505
101209
101408
101320
101318
101323
101251
101260
101183
101199
101069
101363
100976
101015
101021
101013
101023
100932
100948
100841
100872
100668
101128
100509
100580
100588
100486
100528
100262
100898
100103
100179
100211
99912.5
103511
101465
101033
102337
100712
101790
103511
104152
104152
102828
105450
104848
102828
102981
105450
106178
105153
105000
105825
104665
104546
105471
104184
104296
104165
103852
104891
103705
103610
104369
104235
103328
103268
104102
103090
103052
103702
103607
102862
102825
103414
103343
102681
102656
103201
103054
103018
102951
102988
102444
102423
102890
102770
102750
102720
102692
102666
102644
102622
102605
102521
102553
102678
102578
102057
102331
)
;
    }
}


// ************************************************************************* //
