/*--------------------------------*- C++ -*----------------------------------*\
| =========                 |                                                 |
| \\      /  F ield         | OpenFOAM: The Open Source CFD Toolbox           |
|  \\    /   O peration     | Version:  v2012                                 |
|   \\  /    A nd           | Website:  www.openfoam.com                      |
|    \\/     M anipulation  |                                                 |
\*---------------------------------------------------------------------------*/
FoamFile
{
    version     2.0;
    format      ascii;
    class       volScalarField;
    location    "1e-06";
    object      p_rgh;
}
// * * * * * * * * * * * * * * * * * * * * * * * * * * * * * * * * * * * * * //

dimensions      [1 -1 -2 0 0 0 0];


internalField   nonuniform List<scalar> 
10262
(
142709
97165
108530
109802
109908
106496
105534
110178
109831
106058
106152
109858
108426
108812
106258
107145
109373
108679
106588
107005
109295
108887
106554
107121
109314
109033
106681
107124
109495
109347
106660
107318
109766
109778
106899
107209
110414
110585
106442
107998
110837
111332
107618
106574
112703
113307
104100
109925
111404
112516
107820
97516
89473.2
145429
124861
143281
160181
88828.5
91947.7
124397
100765
89396.6
130665
113084
114781
117793
110088
109976
100795
103287
105586
106624
142763
97176.4
108540
109810
109912
106498
105536
110181
109833
106059
106153
109858
108428
108812
106259
107145
109373
108678
106588
107006
109296
108886
106555
107122
109314
109032
106681
107124
109495
109347
106660
107318
109766
109778
106899
107210
110415
110585
106442
108000
110839
111333
107619
106577
112706
113308
104101
109927
111408
112519
107824
97522.7
89488.2
144755
124024
142574
159900
88747.6
91942.4
124388
100766
89404.1
130290
112740
114295
117345
109877
109867
100797
103282
105601
106639
142747
97178.7
108542
109811
109914
106500
105538
110181
109833
106060
106154
109858
108428
108812
106260
107145
109373
108679
106589
107005
109296
108887
106555
107121
109314
109033
106682
107124
109495
109348
106661
107317
109765
109778
106900
107210
110415
110586
106444
108000
110838
111334
107621
106577
112706
113309
104104
109928
111409
112522
107829
97527.5
89507.5
145681
125007
143637
160247
88863.7
91935.7
124370
100676
89418.5
130721
113213
114982
117842
110166
109974
100784
103277
105599
106626
142744
97184
108546
109811
109913
106500
105539
110181
109833
106060
106155
109857
108428
108813
106260
107145
109373
108680
106589
107006
109295
108887
106555
107121
109314
109033
106682
107124
109495
109348
106661
107317
109766
109778
106900
107210
110415
110586
106444
108000
110838
111335
107622
106578
112706
113309
104106
109926
111409
112523
107827
97527.3
89533
144860
124208
142885
159947
88902.1
91981.6
124352
100627
89445.4
130365
112869
114504
117417
109912
109948
100818
103277
105615
106628
142715
97172.4
108534
109801
109907
106497
105536
110177
109830
106058
106153
109855
108427
108810
106259
107144
109372
108678
106588
107005
109294
108886
106555
107120
109313
109032
106682
107123
109493
109346
106661
107316
109764
109777
106899
107209
110413
110584
106443
107997
110836
111332
107619
106576
112702
113305
104103
109920
111404
112518
107820
97522.3
89562.3
145369
124598
143423
160086
88891.1
92057.7
124363
100639
89493.5
130434
113016
114739
117561
110094
109926
100837
103277
105637
106638
142720
97187.6
108550
109808
109914
106503
105543
110180
109833
106062
106157
109858
108428
108811
106261
107147
109372
108679
106590
107007
109295
108887
106556
107122
109313
109033
106683
107125
109494
109348
106662
107318
109765
109778
106901
107211
110415
110586
106446
108000
110839
111335
107623
106581
112706
113308
104112
109924
111410
112526
107827
97532.3
89625.2
145062
124396
143273
159891
88942
92038.8
124293
100515
89535.8
130301
112954
114673
117461
110036
109880
100843
103263
105635
106635
142713
97191.7
108552
109806
109912
106503
105544
110178
109831
106062
106158
109855
108428
108811
106262
107146
109371
108679
106590
107007
109294
108887
106557
107122
109313
109032
106684
107125
109494
109347
106663
107318
109765
109778
106901
107211
110414
110585
106447
108000
110838
111335
107623
106582
112704
113305
104115
109920
111409
112526
107823
97531.2
89688.2
145075
124424
143391
159825
89052
92111.7
124262
100519
89604.6
130230
112972
114700
117437
110072
109849
100865
103252
105654
106640
142696
97193.4
108554
109803
109912
106505
105547
110177
109830
106064
106160
109855
108428
108810
106263
107148
109370
108678
106591
107008
109293
108886
106558
107123
109312
109032
106684
107125
109493
109347
106663
107318
109765
109778
106902
107212
110414
110585
106448
108000
110838
111335
107624
106584
112703
113303
104120
109917
111409
112527
107819
97530.3
89769.4
145011
124430
143390
159742
89078.1
92175.8
124213
100487
89685.1
130137
112987
114720
117402
110137
109820
100890
103238
105653
106647
142692
97201.8
108561
109801
109911
106507
105551
110174
109829
106065
106163
109851
108428
108811
106264
107147
109369
108679
106591
107008
109292
108886
106559
107123
109312
109032
106685
107126
109493
109347
106664
107319
109764
109778
106902
107212
110413
110584
106449
108000
110837
111335
107624
106587
112701
113300
104126
109913
111408
112528
107813
97528.8
89864.7
144895
124408
143351
159611
89174.1
92239.9
124148
100485
89780.1
130024
112997
114715
117339
110138
109791
100920
103222
105670
106654
142670
97195.2
108553
109784
109899
106500
105546
110164
109822
106062
106160
109846
108427
108804
106262
107147
109366
108675
106590
107008
109289
108883
106558
107122
109309
109029
106684
107125
109490
109344
106663
107317
109761
109774
106900
107211
110410
110579
106447
107996
110832
111329
107619
106584
112693
113289
104123
109899
111399
112516
107790
97515.2
89959.8
144903
124512
143533
159580
89297.8
92373.1
124124
100520
89914.1
129934
113053
114765
117331
110174
109760
100974
103221
105701
106682
142663
97210.5
108568
109790
109908
106512
105560
110169
109826
106070
106169
109850
108430
108806
106268
107152
109366
108676
106594
107012
109290
108884
106561
107126
109310
109030
106687
107128
109492
109345
106666
107321
109763
109777
106904
107215
110413
110582
106453
108000
110837
111334
107625
106594
112698
113293
104141
109904
111410
112530
107796
97533.6
90116.1
144690
124407
143445
159341
89434.4
92369.9
123985
100373
90023.7
129749
113032
114747
117236
110211
109686
100990
103197
105685
106678
142653
97219.5
108576
109786
109906
106515
105565
110164
109824
106072
106172
109844
108429
108806
106269
107151
109364
108677
106594
107013
109288
108883
106562
107126
109308
109029
106688
107129
109490
109344
106667
107321
109762
109776
106905
107216
110412
110581
106455
108000
110835
111333
107625
106597
112694
113287
104151
109896
111408
112530
107784
97531.3
90269.1
144583
124419
143403
159161
89645.8
92487.6
123893
100374
90177.3
129593
113056
114751
117170
110252
109632
101030
103182
105685
106691
142635
97224.1
108579
109776
109902
106518
105571
110159
109821
106075
106177
109842
108430
108803
106272
107155
109361
108675
106596
107016
109286
108882
106564
107129
109307
109028
106690
107131
109489
109343
106668
107323
109761
109775
106906
107218
110411
110579
106457
108001
110835
111332
107625
106602
112691
113281
104162
109889
111409
112529
107768
97531.4
90444.4
144441
124431
143349
158966
89758.1
92602.8
123778
100375
90349
129415
113084
114766
117096
110295
109578
101077
103164
105676
106706
142622
97235.9
108590
109772
109901
106523
105579
110153
109818
106079
106181
109835
108430
108803
106275
107154
109358
108676
106598
107016
109283
108881
106566
107129
109305
109027
106691
107132
109487
109342
106670
107324
109759
109774
106907
107219
110409
110576
106460
108001
110833
111330
107625
106607
112686
113273
104174
109879
111406
112529
107751
97530.4
90640.6
144274
124435
143311
158733
89959.8
92724.3
123645
100378
90543
129218
113112
114765
117013
110340
109516
101126
103147
105661
106718
142603
97242.9
108595
109760
109895
106526
105586
110145
109813
106083
106188
109832
108431
108799
106279
107159
109354
108674
106600
107020
109281
108879
106569
107132
109303
109025
106694
107134
109486
109340
106671
107326
109758
109772
106909
107222
110408
110574
106464
108002
110832
111328
107624
106614
112681
113263
104189
109869
111407
112527
107730
97536.9
90862.3
144095
124453
143286
158481
90204.5
92864.9
123496
100390
90758.4
129000
113146
114766
116922
110385
109458
101183
103132
105648
106733
142586
97256.3
108608
109754
109894
106534
105597
110138
109810
106089
106194
109822
108431
108799
106282
107158
109350
108675
106602
107021
109277
108878
106571
107134
109300
109023
106696
107136
109483
109338
106674
107327
109756
109770
106911
107224
110405
110570
106468
108002
110829
111326
107624
106620
112674
113253
104206
109856
111404
112525
107706
97542.3
91106.3
143888
124466
143229
158184
90390.3
93014.3
123324
100402
90997
128764
113180
114765
116823
110432
109356
101241
103117
105636
106743
142565
97266.3
108615
109739
109885
106536
105604
110127
109803
106092
106200
109816
108432
108793
106286
107164
109345
108670
106604
107026
109273
108874
106574
107137
109297
109021
106698
107139
109481
109336
106676
107330
109754
109768
106912
107227
110403
110565
106471
108002
110827
111322
107623
106628
112666
113238
104222
109842
111401
112519
107675
97551
91375.7
143677
124503
143162
157905
90761.4
93174.4
123143
100445
91264.6
128510
113225
114790
116715
110501
109357
101297
103102
105624
106756
142543
97281.7
108630
109734
109889
106555
105627
110128
109808
106111
106220
109816
108438
108803
106301
107172
109343
108681
106615
107035
109274
108880
106584
107144
109298
109025
106707
107147
109483
109340
106685
107338
109757
109773
106922
107236
110407
110570
106486
108011
110833
111330
107637
106649
112671
113240
104265
109848
111419
112542
107675
97598
91714.4
143351
124437
143042
157415
91056.7
93301
122850
100357
91499.4
128172
113207
114770
116571
110504
109265
101355
103066
105584
106725
142522
97295.6
108641
109716
109876
106553
105630
110106
109793
106107
106218
109793
108433
108792
106296
107163
109333
108674
106609
107029
109263
108872
106581
107140
109288
109017
106704
107142
109473
109331
106681
107332
109746
109763
106917
107231
110394
110557
106482
108000
110817
111316
107624
106643
112645
113208
104267
109807
111391
112511
107607
97578.2
91994.2
143164
124575
143016
157132
91395.7
93568.2
122703
100423
91863.4
127937
113310
114825
116481
110602
109175
101456
103105
105616
106762
142495
97311.3
108653
109698
109866
106560
105643
110092
109784
106115
106229
109785
108434
108786
106304
107172
109327
108670
106614
107038
109259
108868
106586
107146
109285
109014
106708
107148
109471
109328
106685
107337
109745
109760
106920
107237
110392
110552
106490
108003
110816
111312
107624
106657
112638
113191
104295
109792
111392
112507
107571
97607
92352.7
142853
124612
142910
156696
91780.2
93778.3
122434
100453
92189.9
127606
113351
114822
116344
110633
109089
101533
103084
105592
106759
142468
97331.2
108669
109685
109862
106574
105662
110081
109779
106127
106242
109772
108436
108786
106311
107172
109320
108672
106617
107040
109253
108866
106590
107148
109279
109011
106711
107150
109466
109325
106689
107339
109739
109757
106923
107240
110386
110546
106498
108001
110810
111307
107624
106667
112623
113171
104325
109769
111384
112501
107531
97631.9
92732.1
142526
124667
142800
156225
92183.2
94006.1
122150
100507
92546.2
127266
113397
114818
116207
110680
108991
101613
103081
105578
106751
142437
97351.6
108684
109664
109848
106581
105676
110062
109767
106134
106253
109759
108435
108776
106319
107180
109311
108665
106622
107050
109246
108860
106596
107155
109274
109006
106716
107156
109462
109321
106693
107344
109736
109752
106927
107246
110381
110538
106505
108004
110806
111301
107623
106682
112612
113147
104356
109748
111382
112490
107482
97670.7
93146.2
142174
124740
142676
155731
92631.5
94255.7
121849
100552
92924.4
126900
113450
114815
116058
110719
108895
101702
103059
105550
106742
142404
97376
108702
109647
109841
106597
105698
110049
109760
106149
106269
109744
108439
108777
106330
107182
109303
108668
106628
107052
109238
108859
106601
107158
109267
109004
106721
107159
109455
109318
106698
107346
109729
109748
106931
107249
110373
110531
106515
108002
110798
111296
107625
106694
112593
113123
104393
109720
111371
112483
107435
97709.4
93584.1
141787
124821
142528
155183
93100.3
94517.5
121516
100590
93324
126519
113495
114807
115908
110758
108785
101790
103054
105533
106721
142367
97402.6
108720
109623
109826
106607
105715
110026
109745
106157
106281
109726
108437
108763
106337
107189
109290
108657
106632
107062
109228
108848
106607
107165
109259
108995
106726
107166
109448
109310
106702
107351
109724
109740
106933
107255
110366
110519
106522
108003
110792
111284
107619
106710
112577
113091
104423
109692
111365
112463
107370
97758.9
94053
141378
124934
142381
154624
93626.4
94817
121183
100674
93754.6
126123
113560
114803
115746
110804
108688
101890
103049
105525
106709
142324
97430.8
108737
109602
109817
106628
105744
110015
109741
106183
106310
109718
108446
108775
106363
107204
109286
108674
106654
107080
109228
108860
106630
107182
109260
109005
106747
107183
109451
109320
106724
107368
109729
109751
106957
107277
110373
110528
106556
108023
110802
111299
107651
106754
112584
113091
104512
109706
111395
112498
107385
97888.1
94624.7
140872
124935
142081
153900
94058.5
94987.3
120681
100700
94112.3
125597
113499
114742
115532
110735
108482
101932
103001
105448
106601
142285
97467.5
108760
109577
109800
106639
105764
109985
109722
106189
106319
109686
108442
108758
106362
107194
109267
108661
106648
107071
109208
108844
106624
107172
109240
108989
106741
107172
109429
109302
106717
107355
109706
109731
106946
107263
110344
110502
106548
107998
110769
111269
107624
106739
112528
113029
104516
109624
111335
112438
107260
97882.6
95073
140468
125182
141931
153347
94746.3
95425.2
120414
100810
94662.1
125271
113646
114788
115416
110847
108501
102081
103094
105523
106629
142238
97505.3
108781
109549
109782
106656
105788
109960
109705
106203
106337
109665
108441
108746
106376
107206
109252
108652
106657
107085
109196
108833
106635
107185
109231
108980
106750
107184
109422
109294
106725
107366
109701
109722
106953
107276
110339
110490
106562
108006
110766
111258
107624
106768
112514
112992
104565
109601
111336
112419
107197
97980.9
95645
139940
125307
141654
152643
95344.4
95738.1
119982
100904
95124.8
124793
113687
114773
115225
110871
108382
102179
103076
105486
106588
142187
97547.9
108804
109521
109766
106677
105819
109937
109691
106226
106363
109643
108446
108744
106394
107212
109241
108655
106669
107093
109185
108833
106647
107190
109220
108978
106761
107189
109411
109291
106736
107369
109689
109718
106963
107281
110324
110480
106581
108003
110750
111250
107630
106784
112482
112956
104624
109560
111314
112404
107139
98069.4
96225.2
139401
125463
141334
151893
95981.5
96083.9
119531
100995
95619
124327
113718
114745
115049
110909
108255
102280
103074
105481
106537
142130
97595
108828
109489
109744
106696
105848
109906
109670
106242
106383
109616
108442
108727
106407
107221
109220
108639
106676
107105
109167
108816
106655
107200
109205
108962
106767
107198
109399
109276
106741
107377
109679
109703
106965
107291
110312
110460
106589
108005
110739
111229
107619
106808
112456
112902
104664
109519
111301
112366
107049
98175.3
96836.1
138826
125641
141008
151138
96671.8
96476
119107
101114
96134.8
123852
113784
114730
114855
110959
108259
102399
103069
105455
106514
142064
97643.3
108849
109456
109723
106722
105884
109881
109655
106272
106417
109596
108450
108733
106439
107238
109210
108654
106705
107127
109162
108828
106687
107223
109205
108975
106799
107222
109401
109290
106776
107403
109684
109719
107003
107324
110319
110474
106644
108038
110752
111250
107673
106877
112464
112904
104800
109547
111341
112411
107093
98404.6
97574.2
138177
125696
140485
150196
97245.9
96700.1
118465
101174
96549.3
123213
113660
114604
114591
110817
108007
102421
103004
105344
106346
142005
97706.9
108879
109422
109700
106744
105917
109845
109630
106289
106438
109558
108448
108714
106448
107234
109186
108639
106704
107122
109137
108808
106686
107213
109177
108955
106795
107210
109371
109267
106768
107385
109650
109692
106990
107303
110276
110436
106633
108000
110700
111207
107634
106849
112378
112814
104802
109426
111246
112320
106925
98423.6
98122
137597
126024
140156
149444
98109.6
97278
118138
101375
97193
122866
113822
114627
114479
110946
108061
102602
103137
105465
106389
141934
97770.9
108905
109385
109673
106770
105954
109809
109604
106312
106465
109526
108446
108697
106467
107246
109162
108624
106717
107138
109116
108790
106699
107228
109160
108936
106806
107224
109356
109249
106777
107398
109637
109673
106996
107319
110262
110412
106647
108008
110689
111181
107627
106884
112349
112750
104858
109388
111234
112273
106838
98588.4
98817.6
136901
126221
139675
148561
98858.8
97716.3
117653
101527
97723.2
122338
113857
114579
114259
110964
108075
102713
103132
105441
106354
141850
97835.3
108926
109345
109645
106800
105996
109775
109583
106346
106503
109499
108453
108697
106502
107265
109149
108634
106749
107163
109107
108800
106736
107253
109156
108949
106844
107251
109356
109264
106819
107428
109641
109690
107044
107359
110267
110427
106716
108048
110702
111205
107696
106967
112355
112752
105024
109425
111277
112325
106910
98893.2
99644.7
136162
126311
138996
147493
99489.4
97984.5
116953
101602
98150
121657
113685
114413
113957
110772
107801
102719
103050
105310
106157
141776
97919.2
108960
109306
109615
106829
106037
109734
109554
106371
106531
109456
108450
108677
106517
107265
109120
108617
106753
107161
109078
108778
106738
107245
109125
108925
106841
107239
109321
109237
106813
107409
109600
109659
107030
107335
110215
110383
106704
108003
110638
111152
107651
106932
112248
112644
105024
109280
111158
112210
106723
98937.1
100235
135468
126685
138520
146638
100410
98648.9
116624
101889
98831.1
121323
113849
114426
113840
110911
107865
102910
103203
105461
106210
141689
98002.7
108987
109262
109582
106860
106082
109691
109522
106400
106566
109418
108448
108659
106543
107279
109093
108601
106771
107181
109054
108757
106757
107264
109105
108904
106858
107258
109304
109217
106828
107428
109586
109637
107043
107360
110201
110355
106726
108019
110627
111123
107650
106981
112219
112572
105100
109251
111149
112157
106653
99180.4
101006
134658
126891
137869
145639
101169
99111.9
116109
102104
99344.9
120754
113851
114341
113564
110816
107879
103004
103191
105420
106158
141595
98093.5
109016
109218
109548
106896
106131
109648
109492
106436
106605
109379
108451
108648
106575
107293
109070
108598
106796
107198
109034
108752
106783
107277
109086
108900
106882
107270
109285
109213
106853
107437
109566
109632
107068
107371
110174
110343
106765
108020
110598
111110
107673
107011
112161
112517
105204
109197
111104
112127
106619
99406.3
101755
133870
127119
137143
144574
101951
99613
115565
102304
99894.2
120243
113810
114226
113323
110831
107757
103091
103221
105402
106074
141496
98191.4
109045
109171
109509
106931
106181
109601
109457
106469
106643
109336
108446
108627
106602
107307
109037
108578
106815
107215
109004
108726
106801
107292
109059
108874
106896
107284
109260
109186
106863
107449
109542
109602
107073
107386
110147
110302
106776
108022
110572
111064
107655
107043
112107
112419
105257
109136
111064
112035
106514
99646.3
102501
133021
127324
136447
143553
102757
100158
115130
102613
100442
119737
113838
114153
113060
110856
107809
103226
103246
105398
106059
141377
98286.6
109064
109119
109468
106969
106234
109552
109423
106510
106689
109295
108449
108618
106643
107327
109013
108579
106852
107242
108986
108728
106845
107320
109047
108881
106943
107317
109253
109197
106917
107487
109540
109618
107136
107437
110148
110317
106867
108077
110583
111091
107751
107152
112108
112422
105475
109197
111115
112097
106663
100098
103408
132216
127382
135543
142315
103399
100477
114397
102703
100836
119014
113557
113881
112684
110568
107497
103162
103126
105213
105788
141278
98410.9
109103
109074
109427
107011
106291
109501
109384
106547
106730
109245
108446
108595
106670
107336
108979
108559
106868
107249
108951
108702
106857
107319
109010
108853
106948
107308
109211
109166
106915
107469
109491
109579
107125
107412
110083
110263
106855
108024
110502
111022
107697
107106
111972
112284
105472
109020
110957
111944
106467
100196
103997
131411
127636
134850
141289
104323
101233
114115
103113
101522
118748
113704
113862
112556
110722
107614
103377
103313
105424
105875
141160
98530.8
109131
109022
109382
107054
106349
109447
109343
106587
106774
109196
108442
108573
106705
107353
108942
108539
106894
107270
108918
108677
106883
107338
108981
108828
106970
107327
109184
109139
106933
107488
109465
109549
107139
107434
110055
110221
106878
108035
110474
110974
107693
107150
111913
112182
105548
108970
110915
111846
106405
100515
104746
130534
127682
134061
140166
105077
101780
113687
103450
102029
118232
113666
113742
112269
110626
107655
103475
103332
105404
105833
141020
98644.4
109147
108963
109331
107097
106408
109391
109301
106633
106825
109149
108442
108559
106750
107376
108913
108534
106935
107299
108895
108674
106930
107368
108963
108831
107020
107361
109173
109147
106992
107529
109459
109562
107209
107489
110052
110236
106980
108096
110483
111001
107800
107269
111909
112185
105786
109041
110965
111913
106601
101044
105650
129793
127578
133153
138851
105685
102118
112997
103564
102370
117528
113331
113407
111861
110301
107335
103362
103191
105186
105526
140906
98792.7
109188
108916
109285
107146
106474
109334
109257
106677
106873
109095
108437
108535
106784
107389
108875
108511
106957
107310
108857
108645
106949
107370
108923
108802
107030
107356
109128
109113
106994
107514
109404
109520
107201
107464
109981
110175
106969
108040
110393
110923
107745
107219
111759
112032
105783
108855
110792
111743
106426
101187
106204
129014
127548
132463
137714
106545
102881
112781
104011
103032
117312
113461
113356
111737
110455
107476
103575
103401
105418
105630
140768
98935.5
109214
108859
109231
107196
106540
109272
109208
106724
106924
109041
108431
108510
106825
107409
108835
108488
106989
107334
108820
108618
106980
107391
108890
108775
107056
107376
109097
109084
107016
107534
109375
109487
107220
107488
109947
110131
106997
108051
110358
110869
107744
107264
111687
111921
105865
108803
110737
111635
106396
101560
106920
128175
127278
131762
136466
107227
103439
112429
104374
103495
116833
113397
113182
111429
110298
107536
103644
103422
105407
105590
140605
99067.5
109225
108795
109171
107244
106606
109208
109159
106775
106979
108987
108427
108491
106875
107434
108800
108477
107034
107365
108792
108609
107031
107422
108868
108775
107109
107414
109081
109089
107080
107579
109364
109497
107297
107548
109941
110143
107108
108119
110364
110894
107862
107394
111681
111921
106120
108888
110790
111703
106643
102163
107797
127622
126852
131041
135048
107775
103777
111815
104503
103760
116151
113009
112789
111021
110158
107190
103493
103244
105155
105260
140478
99236.5
109266
108747
109118
107300
106680
109147
109109
106825
107034
108930
108420
108465
106914
107450
108758
108451
107061
107379
108750
108578
107053
107427
108824
108743
107120
107411
109032
109051
107084
107565
109305
109449
107288
107522
109863
110076
107096
108059
110265
110805
107800
107335
111514
111755
106106
108692
110600
111516
106494
102335
108270
126934
126420
130496
133805
108524
104527
111700
104957
104395
116003
113112
112687
110769
110112
107541
103706
103479
105419
105387
140331
99390.2
109289
108690
109060
107353
106750
109082
109057
106876
107088
108874
108411
108440
106959
107473
108717
108426
107096
107405
108713
108551
107088
107450
108790
108719
107148
107436
109001
109023
107113
107589
109275
109419
107315
107551
109831
110035
107133
108078
110233
110757
107812
107389
111448
111654
106200
108662
110557
111426
106525
102759
108904
126343
125801
129986
132533
109051
105009
111442
105286
104723
115554
112993
112421
110618
109704
107323
103739
103442
105372
105344
140181
99545.3
109310
108636
109001
107406
106821
109020
109006
106928
107144
108820
108404
108418
107005
107496
108678
108406
107135
107430
108678
108530
107127
107470
108757
108704
107181
107456
108969
109006
107150
107607
109241
109400
107353
107571
109790
110008
107185
108086
110188
110724
107844
107428
111364
111573
106320
108621
110493
111374
106617
103167
109480
125865
125138
129471
131242
109574
105480
111149
105560
105094
115181
112806
112128
110343
109846
107358
103773
103438
105360
105263
140034
99704.3
109330
108581
108942
107460
106891
108955
108953
106980
107198
108765
108393
108392
107049
107518
108636
108380
107170
107454
108640
108503
107160
107490
108722
108678
107206
107477
108935
108976
107176
107625
109207
109366
107375
107591
109750
109962
107214
108093
110144
110666
107844
107463
111281
111460
106393
108574
110430
111267
106649
103558
109988
125312
124400
129008
130049
110022
105938
110990
105890
105414
114826
112690
111870
110089
109713
107404
103831
103432
105361
105247
139882
99862.1
109348
108530
108883
107513
106962
108893
108901
107032
107254
108712
108384
108369
107096
107542
108597
108359
107209
107479
108604
108481
107198
107510
108690
108662
107238
107499
108903
108957
107211
107643
109173
109345
107410
107612
109710
109933
107263
108102
110101
110630
107875
107501
111201
111381
106504
108540
110373
111220
106762
103968
110479
124947
123669
128491
128856
110435
106351
110772
106126
105711
114482
112486
111561
109856
109624
107407
103850
103415
105346
105175
139736
100024
109366
108479
108824
107567
107033
108830
108848
107085
107308
108659
108372
108344
107140
107565
108555
108333
107244
107502
108566
108454
107230
107528
108654
108636
107262
107518
108867
108925
107235
107657
109136
109308
107428
107626
109665
109882
107285
108101
110049
110563
107866
107520
111106
111258
106555
108481
110297
111102
106796
104326
110874
124350
122900
127964
127762
110793
106767
110690
106454
106023
114196
112385
111330
109635
109595
107467
103929
103443
105381
105191
139567
100164
109361
108419
108758
107613
107096
108764
108793
107134
107359
108606
108360
108321
107186
107590
108517
108313
107286
107531
108533
108439
107275
107556
108629
108628
107307
107554
108847
108919
107293
107698
109122
109308
107496
107682
109656
109884
107383
108166
110052
110572
107970
107639
111096
111252
106773
108582
110352
111161
107096
104903
111408
124090
122229
127416
126685
111040
106985
110378
106521
106051
113675
111969
110888
109270
109258
107111
103743
103241
105108
104885
139437
100342
109392
108384
108706
107672
107172
108710
108743
107188
107415
108557
108348
108297
107229
107612
108476
108286
107318
107549
108493
108409
107298
107564
108590
108596
107319
107556
108801
108878
107297
107687
109066
109256
107485
107658
109581
109811
107361
108107
109954
110471
107900
107574
110934
111082
106730
108412
110177
110986
107027
105080
111595
123541
121562
126775
125699
111389
107481
110454
106886
106510
113629
112025
110779
109234
109430
107244
103944
103458
105393
105059
139290
100499
109399
108336
108647
107722
107238
108649
108690
107239
107466
108507
108334
108273
107273
107636
108437
108261
107353
107572
108457
108386
107330
107584
108559
108572
107347
107578
108770
108852
107327
107707
109036
109227
107511
107681
109546
109772
107396
108121
109916
110420
107915
107613
110862
110988
106805
108398
110136
110917
107138
105468
111906
123166
120972
126121
124788
111604
107767
110396
107110
106663
113323
111850
110508
108984
109312
107253
103957
103422
105343
104995
139142
100654
109406
108293
108590
107773
107305
108592
108638
107290
107518
108460
108320
108250
107316
107660
108399
108238
107390
107595
108422
108366
107362
107602
108529
108552
107376
107597
108739
108830
107358
107722
109004
109202
107540
107698
109506
109738
107434
108125
109871
110374
107934
107639
110781
110905
106889
108377
110087
110876
107283
105831
112165
122754
120471
125406
123899
111817
108054
110317
107287
106841
113068
111654
110249
108784
109227
107258
103981
103409
105329
104928
139000
100809
109411
108251
108533
107822
107369
108535
108587
107339
107568
108412
108305
108227
107358
107683
108360
108213
107424
107617
108387
108344
107390
107620
108498
108527
107400
107614
108707
108802
107382
107736
108971
109169
107559
107713
109466
109693
107457
108127
109825
110313
107933
107659
110696
110802
106940
108349
110035
110797
107382
106163
112360
122279
119976
124674
123076
111990
108328
110320
107499
106999
112832
111507
110014
108571
109142
107282
104009
103400
105321
104931
138857
100959
109412
108212
108478
107869
107433
108482
108537
107388
107617
108368
108290
108205
107400
107707
108323
108190
107459
107638
108354
108325
107418
107639
108469
108506
107428
107632
108677
108779
107410
107751
108940
109144
107584
107728
109428
109659
107491
108131
109781
110266
107950
107683
110618
110723
107017
108335
109993
110766
107536
106502
112543
121883
119568
123937
122277
112152
108577
110280
107641
107131
112599
111313
109763
108379
109043
107283
104023
103380
105295
104864
138721
101109
109413
108175
108424
107915
107493
108429
108487
107435
107664
108324
108274
108182
107440
107730
108286
108166
107492
107657
108321
108304
107443
107656
108440
108482
107451
107648
108646
108751
107433
107763
108907
109111
107601
107741
109388
109614
107511
108131
109735
110204
107948
107698
110534
110620
107063
108311
109945
110692
107644
106808
112671
121254
119188
123191
121535
112276
108813
110302
107820
107255
112381
111161
109546
108185
108949
107305
104054
103375
105280
104868
138583
101252
109410
108140
108372
107959
107553
108379
108440
107481
107710
108284
108258
108161
107479
107753
108252
108144
107525
107676
108290
108286
107468
107674
108413
108461
107477
107664
108618
108729
107459
107776
108878
109086
107624
107755
109351
109579
107541
108133
109691
110155
107962
107716
110458
110544
107134
108303
109909
110669
107806
107120
112826
120734
118949
122427
120813
112388
109029
110284
107928
107358
112171
110966
109302
108008
108841
107251
104060
103355
105247
104795
138453
101394
109407
108108
108322
108002
107611
108330
108393
107526
107754
108243
108241
108140
107517
107774
108217
108122
107555
107693
108260
108266
107491
107691
108384
108438
107499
107679
108588
108702
107479
107787
108846
109053
107638
107766
109312
109533
107559
108130
109643
110090
107959
107725
110375
110444
107175
108284
109865
110602
107918
107399
112959
120024
118761
121644
120141
112472
109227
110314
108075
107452
111969
110812
109101
107833
108737
107268
104086
103349
105223
104798
138322
101528
109399
108078
108273
108042
107666
108284
108349
107569
107797
108206
108225
108120
107554
107796
108184
108101
107586
107710
108233
108249
107513
107708
108358
108418
107522
107693
108562
108680
107502
107798
108818
109028
107658
107777
109275
109498
107585
108130
109600
110041
107972
107739
110301
110372
107242
108280
109834
110587
108085
107683
113102
119343
118691
120876
119490
112542
109412
110303
108144
107527
111779
110612
108864
107672
108622
107170
104082
103327
105182
104722
138202
101664
109394
108052
108229
108082
107721
108240
108306
107611
107838
108169
108208
108101
107589
107816
108152
108081
107613
107724
108205
108229
107532
107722
108331
108394
107540
107704
108532
108652
107517
107803
108785
108992
107664
107780
109231
109448
107591
108116
109545
109969
107952
107731
110209
110265
107261
108247
109779
110514
108173
107903
113182
118535
118582
120117
118887
112594
109593
110354
108278
107629
111625
110493
108700
107542
108560
107212
104130
103366
105201
104749
138062
101769
109363
108011
108174
108105
107759
108189
108260
107643
107871
108131
108189
108079
107621
107835
108121
108064
107642
107741
108183
108216
107561
107745
108313
108385
107577
107732
108520
108647
107564
107840
108780
108994
107724
107833
109231
109453
107676
108179
109555
109976
108053
107839
110217
110279
107452
108383
109862
110606
108493
108316
113392
117980
118541
119425
118295
112483
109609
110181
108179
107477
111207
110051
108281
107184
108126
106779
103818
103100
104822
104358
137964
101911
109372
108005
108142
108152
107822
108159
108226
107687
107916
108104
108176
108064
107656
107856
108093
108045
107663
107753
108158
108193
107571
107751
108282
108354
107578
107726
108481
108606
107552
107816
108728
108938
107690
107791
109156
109372
107624
108099
109449
109861
107956
107737
110054
110117
107365
108229
109712
110475
108458
108342
113311
117256
118368
118726
117754
112548
109897
110338
108369
107741
111320
110137
108325
107267
108348
106953
103994
103369
105168
104596
137852
102025
109356
107983
108101
108183
107866
108119
108187
107723
107950
108071
108158
108047
107686
107872
108065
108030
107685
107765
108135
108175
107590
107764
108259
108335
107596
107738
108458
108584
107570
107826
108703
108912
107704
107802
109124
109336
107642
108100
109411
109808
107959
107751
109989
110043
107413
108239
109696
110447
108580
108546
113330
116711
118113
118144
117253
112489
109982
110344
108410
107720
111118
109960
108108
107074
108192
106907
103901
103309
105081
104497
137742
102133
109339
107964
108062
108213
107910
108085
108152
107756
107984
108043
108142
108031
107716
107889
108040
108015
107705
107779
108115
108158
107608
107776
108237
108316
107613
107748
108435
108563
107585
107832
108677
108886
107714
107807
109088
109300
107656
108091
109366
109758
107961
107754
109918
109980
107468
108241
109674
110441
108716
108704
113336
116314
117831
117592
116768
112497
110090
110325
108442
107738
110971
109779
107912
106939
108079
106764
103887
103286
105038
104403
137643
102239
109323
107949
108027
108241
107952
108051
108118
107790
108015
108014
108125
108017
107743
107902
108015
108001
107722
107790
108094
108140
107624
107785
108215
108296
107626
107755
108411
108539
107596
107835
108650
108856
107718
107808
109051
109257
107659
108078
109318
109695
107945
107750
109843
109896
107490
108231
109643
110394
108792
108811
113299
115857
117462
117075
116309
112334
110162
110348
108483
107721
110822
109651
107741
106787
107980
106786
103897
103253
105012
104417
137542
102335
109303
107934
107993
108266
107991
108021
108086
107820
108045
107990
108110
108002
107769
107916
107994
107987
107739
107803
108076
108124
107641
107796
108196
108279
107640
107763
108390
108519
107608
107839
108626
108831
107725
107811
109017
109222
107670
108068
109275
109646
107944
107751
109776
109837
107543
108236
109628
110390
108913
108934
113214
115579
117109
116594
115868
112190
110230
110320
108503
107715
110675
109475
107552
106653
107869
106642
103804
103217
104962
104317
137452
102429
109285
107923
107963
108290
108028
107991
108055
107850
108072
107965
108093
107991
107792
107927
107973
107975
107753
107813
108056
108107
107655
107803
108175
108260
107651
107768
108367
108495
107616
107839
108599
108800
107726
107810
108979
109177
107669
108052
109227
109581
107924
107745
109704
109750
107563
108228
109599
110338
108971
109062
113040
115279
116642
116136
115450
112016
110266
110334
108530
107678
110528
109356
107398
106507
107771
106665
103815
103179
104931
104331
137362
102512
109262
107912
107934
108310
108062
107966
108027
107876
108098
107944
108078
107978
107814
107939
107955
107962
107767
107825
108039
108092
107669
107811
108157
108243
107662
107775
108348
108475
107627
107842
108575
108775
107731
107811
108945
109141
107677
108040
109184
109531
107922
107746
109644
109694
107613
108234
109586
110330
109076
109189
112846
115105
116237
115706
115048
111861
110305
110295
108539
107652
110384
109187
107217
106377
107661
106519
103716
103136
104875
104229
137282
102593
109242
107904
107910
108330
108094
107940
108001
107904
108120
107922
108062
107969
107833
107948
107937
107952
107778
107833
108021
108076
107681
107816
108137
108225
107670
107778
108325
108451
107632
107840
108548
108742
107728
107807
108907
109094
107672
108022
109134
109462
107899
107737
109570
109608
107623
108231
109556
110267
109112
109261
112652
114829
115789
115299
114668
111675
110308
110299
108562
107598
110238
109077
107085
106240
107566
106546
103733
103097
104841
104248
137199
102661
109215
107893
107884
108342
108121
107917
107975
107925
108139
107905
108046
107957
107851
107957
107922
107940
107789
107844
108006
108062
107694
107824
108122
108210
107682
107786
108309
108434
107645
107846
108529
108721
107739
107814
108879
109063
107689
108022
109100
109419
107910
107753
109521
109571
107683
108262
109560
110265
109217
109351
112522
114608
115420
114911
114293
111492
110291
110210
108467
107516
110045
108871
106869
106062
107392
106346
103584
102995
104719
104086
137145
102748
109214
107905
107877
108375
108167
107909
107961
107961
108169
107897
108036
107956
107873
107969
107909
107932
107799
107851
107988
108044
107697
107820
108097
108181
107671
107770
108272
108389
107616
107810
108474
108655
107684
107756
108796
108966
107608
107925
108984
109280
107783
107633
109361
109399
107560
108124
109423
110101
109108
109242
112259
114229
115024
114570
113999
111406
110444
110397
108619
107683
110225
109085
107015
106221
107697
106639
103847
103307
105143
104425
137061
102788
109168
107881
107847
108369
108173
107875
107932
107971
108172
107872
108016
107941
107882
107970
107893
107921
107808
107858
107973
108035
107715
107832
108087
108176
107697
107791
108267
108388
107655
107843
108477
108658
107737
107810
108805
108970
107685
107994
109005
109283
107877
107749
109390
109420
107717
108274
109511
110140
109272
109439
112212
113983
114631
114206
113623
111090
110191
110125
108375
107379
109711
108618
106600
105781
107128
106110
103461
102908
104595
103911
136997
102843
109147
107878
107832
108381
108198
107862
107915
107991
108188
107863
108003
107933
107897
107979
107882
107911
107817
107866
107959
108021
107723
107836
108070
108158
107701
107791
108245
108364
107656
107837
108447
108623
107730
107799
108761
108920
107678
107967
108947
109215
107863
107734
109314
109347
107746
108265
109469
110085
109312
109451
112027
113710
114306
113871
113299
110934
110199
110076
108382
107371
109629
108572
106536
105728
107074
106131
103493
102927
104590
103938
136941
102892
109124
107875
107821
108390
108219
107846
107898
108010
108199
107851
107988
107926
107909
107983
107870
107902
107824
107870
107944
108007
107730
107837
108053
108141
107705
107791
108224
108339
107658
107833
108420
108588
107725
107793
108720
108868
107671
107949
108895
109141
107840
107727
109243
109261
107755
108259
109429
110004
109305
109458
111849
113374
113938
113550
112979
110718
110119
110004
108309
107283
109457
108450
106412
105605
106958
106133
103504
102877
104518
103943
136883
102932
109099
107872
107808
108394
108237
107834
107882
108025
108209
107843
107975
107918
107920
107989
107861
107892
107832
107877
107932
107994
107738
107841
108038
108125
107710
107794
108205
108317
107663
107831
108394
108558
107726
107789
108682
108825
107676
107935
108847
109083
107844
107729
109181
109206
107802
108273
109397
109958
109355
109470
111686
113114
113647
113242
112675
110549
110076
109913
108210
107227
109311
108286
106262
105504
106840
105960
103405
102835
104439
103822
136836
102971
109077
107871
107800
108401
108254
107822
107868
108040
108217
107834
107962
107911
107930
107992
107850
107884
107838
107879
107918
107981
107744
107841
108022
108107
107713
107792
108183
108292
107663
107824
108365
108521
107718
107780
108638
108770
107666
107914
108790
109007
107820
107719
109105
109120
107807
108265
109342
109864
109331
109450
111494
112779
113310
112942
112363
110343
109985
109821
108121
107140
109157
108166
106144
105396
106742
105963
103418
102796
104383
103826
136786
102999
109052
107869
107791
108402
108267
107813
107855
108052
108224
107828
107949
107903
107939
107998
107842
107874
107845
107884
107907
107968
107750
107843
108008
108091
107717
107793
108164
108270
107667
107821
108339
108491
107719
107775
108600
108728
107670
107899
108742
108951
107824
107721
109045
109069
107852
108274
109307
109814
109364
109442
111325
112526
113047
112657
112079
110171
109923
109708
108006
107064
109006
107998
105985
105286
106624
105792
103306
102741
104303
103703
136746
103027
109031
107870
107786
108406
108280
107804
107845
108065
108230
107822
107937
107897
107947
108000
107833
107866
107850
107885
107893
107956
107753
107842
107991
108073
107717
107789
108141
108243
107664
107812
108308
108452
107708
107764
108554
108671
107657
107876
108682
108874
107799
107708
108966
108981
107851
108261
109239
109711
109324
109402
111120
112200
112736
112377
111777
109979
109827
109609
107910
106973
108864
107878
105867
105186
106536
105795
103320
102703
104252
103707
136704
103046
109006
107869
107779
108405
108290
107798
107833
108074
108235
107817
107926
107889
107954
108004
107825
107857
107855
107889
107883
107943
107758
107843
107978
108057
107720
107789
108123
108222
107667
107808
108283
108422
107708
107758
108516
108630
107661
107860
108635
108822
107804
107708
108909
108936
107894
108266
109201
109658
109343
109376
110945
111958
112499
112109
111502
109792
109738
109466
107772
106872
108715
107705
105700
105068
106421
105632
103190
102630
104169
103583
136671
103065
108985
107871
107777
108407
108299
107793
107826
108085
108238
107812
107915
107883
107961
108006
107816
107849
107859
107889
107870
107930
107760
107841
107961
108038
107718
107784
108099
108193
107662
107797
108248
108381
107695
107744
108466
108569
107643
107834
108571
108739
107775
107693
108827
108842
107882
108247
109122
109541
109283
109321
110736
111642
112205
111854
111224
109603
109637
109379
107689
106779
108589
107707
105700
104985
106342
105646
103215
102599
104128
103598
136634
103073
108958
107869
107769
108400
108301
107786
107814
108089
108238
107807
107903
107873
107965
108008
107808
107840
107862
107892
107860
107918
107765
107842
107949
108023
107723
107786
108083
108175
107669
107797
108228
108356
107702
107744
108435
108537
107659
107830
108534
108700
107796
107706
108782
108813
107939
108261
109088
109496
109303
109290
110560
111405
111974
111580
110931
109382
109478
109165
107479
106604
108383
107465
105452
104789
106143
105405
102996
102435
103949
103384
136618
103101
108958
107891
107784
108423
108331
107801
107821
108115
108259
107817
107903
107879
107983
108018
107805
107838
107870
107894
107849
107904
107761
107833
107926
107994
107703
107762
108042
108124
107630
107750
108163
108278
107635
107673
108337
108423
107567
107725
108404
108549
107673
107588
108623
108640
107825
108133
108929
109303
109158
109151
110324
111139
111814
111474
110826
109396
109662
109399
107692
106846
108708
107799
105753
105128
106610
105843
103402
102895
104527
103880
136579
103087
108914
107873
107766
108397
108309
107779
107801
108105
108240
107797
107883
107860
107975
108008
107792
107825
107868
107890
107836
107893
107768
107836
107916
107986
107721
107777
108037
108119
107663
107779
108163
108275
107683
107722
108341
108421
107636
107790
108419
108549
107756
107690
108640
108644
107931
108235
108948
109265
109180
109176
110172
110833
111446
111121
110426
108982
109204
108921
107251
106360
108064
107177
105190
104556
105900
105145
102809
102302
103783
103163
136554
103091
108895
107877
107767
108395
108316
107781
107798
108112
108243
107798
107877
107853
107982
108012
107787
107817
107872
107892
107827
107880
107769
107834
107901
107967
107719
107771
108013
108091
107659
107765
108128
108235
107673
107703
108289
108366
107629
107759
108353
108480
107749
107670
108562
108579
107950
108207
108867
109176
109156
109097
109975
110627
111264
110905
110202
108851
109143
108809
107166
106330
108011
107190
105213
104552
105886
105179
102859
102348
103812
103207
136533
103091
108876
107880
107768
108392
108318
107780
107792
108119
108242
107793
107868
107846
107986
108010
107778
107809
107873
107890
107814
107866
107769
107830
107883
107946
107715
107764
107987
108060
107651
107752
108091
108189
107657
107687
108236
108302
107608
107734
108286
108397
107718
107655
108478
108483
107924
108178
108768
109042
109063
109017
109757
110340
111001
110685
109938
108639
108983
108675
107033
106202
107849
107045
105070
104444
105768
105123
102847
102280
103720
103196
136509
103086
108854
107881
107767
108385
108317
107780
107787
108122
108241
107792
107860
107838
107990
108011
107772
107801
107875
107890
107805
107854
107771
107828
107869
107929
107716
107760
107966
108036
107653
107744
108062
108156
107658
107678
108194
108259
107615
107718
108237
108346
107731
107652
108419
108437
107958
108164
108704
108962
109047
108947
109574
110138
110819
110460
109703
108447
108863
108510
106878
106088
107712
106857
104906
104335
105653
104955
102713
102200
103627
103062
136492
103082
108836
107885
107770
108383
108318
107780
107785
108128
108239
107788
107853
107832
107993
108010
107765
107793
107875
107887
107792
107839
107769
107822
107849
107906
107710
107751
107937
108001
107643
107730
108020
108105
107638
107659
108135
108187
107590
107690
108162
108254
107694
107632
108326
108329
107921
108127
108590
108815
108940
108858
109358
109866
110571
110258
109462
108252
108719
108399
106768
105986
107590
106859
104913
104275
105579
104973
102745
102178
103582
103085
136470
103070
108812
107882
107765
108371
108311
107777
107776
108126
108233
107784
107842
107820
107993
108008
107756
107783
107876
107886
107781
107826
107771
107820
107836
107890
107712
107749
107918
107980
107649
107725
107995
108079
107646
107655
108099
108155
107607
107682
108121
108218
107720
107636
108274
108296
107962
108112
108521
108741
108922
108777
109163
109647
110378
110001
109169
108010
108536
108149
106503
105766
107361
106564
104615
104041
105345
104682
102468
101960
103353
102813
136465
103080
108815
107905
107787
108394
108339
107800
107791
108154
108256
107799
107849
107831
108013
108020
107758
107785
107886
107891
107772
107813
107769
107813
107813
107860
107694
107726
107875
107926
107611
107681
107928
107996
107584
107589
108001
108039
107525
107591
107999
108074
107619
107542
108134
108138
107871
108016
108383
108569
108812
108687
109007
109505
110351
110039
109215
108115
108805
108479
106821
106116
107816
107034
105058
104527
105961
105275
103026
102570
104088
103466
136438
103050
108775
107885
107769
108360
108305
107777
107770
108133
108226
107775
107827
107806
107996
108003
107740
107765
107876
107880
107755
107796
107768
107809
107797
107844
107704
107734
107861
107911
107634
107700
107917
107981
107618
107626
107991
108022
107572
107640
107991
108051
107667
107607
108112
108099
107902
108045
108318
108455
108720
108604
108777
109143
109916
109612
108721
107603
108208
107874
106232
105493
107041
106269
104347
103817
105107
104420
102266
101808
103173
102585
136424
103040
108760
107889
107773
108357
108306
107782
107770
108138
108227
107776
107824
107801
108002
108005
107735
107758
107879
107880
107746
107783
107769
107805
107781
107824
107702
107726
107836
107882
107632
107684
107879
107940
107612
107605
107938
107970
107571
107611
107929
107989
107669
107585
108039
108037
107914
108004
108230
108356
108684
108512
108609
108983
109797
109449
108554
107483
108156
107776
106144
105454
107006
106287
104372
103811
105105
104459
102321
101847
103217
102644
136410
103028
108744
107891
107776
108352
108303
107783
107770
108142
108224
107773
107817
107793
108003
108001
107727
107748
107877
107876
107730
107765
107765
107798
107757
107797
107694
107715
107802
107842
107617
107668
107832
107883
107588
107585
107873
107892
107539
107583
107849
107893
107625
107562
107938
107920
107855
107956
108096
108197
108552
108414
108397
108734
109564
109265
108319
107293
107997
107662
106017
105344
106863
106220
104317
103741
105008
104467
102342
101813
103141
102660
136393
103010
108723
107886
107771
108339
108292
107780
107761
108138
108215
107766
107806
107782
108001
107998
107716
107737
107876
107872
107717
107750
107766
107793
107741
107778
107696
107710
107779
107818
107624
107660
107802
107853
107597
107577
107833
107858
107557
107572
107802
107852
107648
107555
107876
107874
107878
107919
108004
108099
108509
108306
108198
108512
109373
109006
108022
107025
107783
107382
105720
105082
106605
105898
103996
103467
104745
104145
102032
101550
102877
102358
136389
103015
108729
107908
107795
108365
108322
107807
107782
108169
108243
107787
107820
107797
108026
108014
107722
107742
107892
107882
107711
107740
107770
107791
107719
107749
107684
107694
107738
107766
107595
107626
107739
107775
107547
107526
107745
107752
107494
107506
107699
107728
107580
107497
107768
107748
107825
107871
107908
107978
108460
108291
108132
108491
109460
109168
108178
107253
108166
107830
106158
105563
107180
106493
104568
104091
105495
104873
102741
102309
103756
103162
136366
102982
108692
107885
107775
108327
108282
107780
107757
108142
108206
107757
107793
107766
108001
107990
107697
107715
107873
107863
107686
107714
107760
107780
107694
107723
107683
107691
107713
107738
107603
107632
107713
107742
107561
107544
107714
107712
107511
107527
107659
107673
107580
107512
107695
107654
107776
107823
107765
107789
108271
108111
107826
108050
108935
108653
107590
106645
107445
107103
105429
104809
106287
105598
103723
103250
104506
136354
102969
108679
107887
107778
108324
108282
107785
107757
108147
108207
107758
107791
107761
108006
107992
107692
107708
107878
107864
107677
107701
107763
107776
107678
107703
107684
107683
107686
107709
107605
107617
107675
107703
107562
107525
107663
107664
107518
107502
107602
107617
107592
107489
107626
107595
107789
107778
107678
107696
108241
108021
107683
107921
108850
108513
107453
106549
107411
107029
105401
104789
106276
105623
103763
103266
136341
102955
108667
107887
107781
108320
108278
107786
107757
108149
108203
107753
107786
107753
108005
107988
107682
107695
107875
107858
107659
107679
107757
107767
107650
107670
107672
107671
107647
107661
107585
107600
107621
107637
107532
107503
107591
107578
107478
107474
107514
107513
107535
107460
107517
107469
107706
107720
107532
107530
108094
107920
107486
107701
108629
108358
107256
106389
107254
106936
105287
104695
106147
105626
103771
136324
102936
108648
107880
107773
108306
108265
107781
107746
108143
108193
107745
107771
107740
108001
107982
107667
107681
107872
107852
107641
107661
107757
107759
107628
107648
107674
107662
107618
107635
107591
107587
107584
107605
107542
107489
107543
107541
107495
107453
107454
107467
107553
107433
107433
107406
107714
107652
107403
107413
108038
107781
107259
107460
108443
108079
106917
106093
107020
106607
104930
104385
136320
102941
108657
107902
107799
108338
108300
107813
107772
108181
108229
107772
107792
107762
108036
108006
107679
107692
107898
107870
107641
107656
107772
107768
107614
107625
107676
107660
107588
107590
107580
107572
107538
107538
107518
107467
107483
107456
107469
107429
107395
107376
107534
107430
107389
107330
107723
107678
107397
107366
108084
107870
107331
107577
108670
108381
107245
106455
107547
107210
105534
105010
136297
102907
108621
107876
107775
108295
108255
107780
107742
108146
108184
107734
107759
107722
108000
107974
107645
107654
107868
107842
107605
107617
107748
107745
107575
107582
107657
107643
107544
107541
107563
107559
107486
107479
107497
107456
107417
107379
107435
107408
107305
107270
107462
107379
107244
107162
107571
107539
107156
107089
107779
107587
106929
107045
108040
107768
106557
105753
106697
106370
104694
104143
136282
102892
108608
107871
107771
108289
108249
107779
107737
108145
108180
107729
107752
107713
108000
107971
107635
107642
107869
107838
107591
107600
107749
107738
107554
107558
107658
107633
107515
107510
107566
107544
107449
107438
107500
107438
107369
107330
107442
107383
107250
107209
107467
107348
107172
107085
107560
107474
107053
106965
107718
107468
106762
106842
107900
107566
106339
105540
106554
106169
104501
103950
136276
102897
108619
107894
107799
108324
108288
107814
107767
108187
108223
107761
107776
107739
108041
108001
107651
107658
107901
107864
107596
107601
107772
107756
107547
107544
107671
107644
107493
107478
107571
107550
107415
107391
107498
107445
107328
107276
107446
107402
107216
107165
107490
107401
107164
107073
107625
107575
107094
107011
107840
107655
106905
107094
108227
107985
106749
106034
107185
106894
105198
104710
136252
102864
108583
107864
107770
108278
108238
107776
107730
108145
108170
107716
107735
107692
107996
107961
107607
107610
107861
107827
107549
107550
107737
107722
107495
107486
107636
107612
107434
107409
107533
107515
107344
107305
107448
107404
107236
107162
107370
107336
107089
107004
107358
107284
106966
106831
107393
107348
106783
106636
107442
107267
106417
106422
107493
107257
105944
105180
106208
105909
104203
103658
136237
102849
108571
107859
107768
108272
108232
107774
107729
108145
108166
107711
107733
107683
107996
107958
107601
107599
107862
107822
107537
107533
107738
107714
107476
107463
107638
107601
107406
107379
107537
107499
107308
107267
107453
107384
107190
107117
107378
107308
107036
106950
107362
107246
106898
106764
107378
107275
106691
106535
107384
107147
106282
106265
107368
107067
105778
105031
106092
105734
104079
103537
136229
102857
108585
107882
107797
108313
108279
107814
107762
108192
108217
107748
107762
107716
108045
107996
107621
107621
107904
107857
107547
107543
107773
107744
107476
107461
107667
107629
107396
107365
107562
107529
107290
107248
107482
107426
107174
107104
107423
107376
107036
106961
107441
107364
106936
106823
107515
107461
106793
106671
107599
107441
106509
106643
107811
107608
106268
105636
106833
106572
104864
104412
136203
102822
108548
107848
107762
108262
108222
107768
107717
108142
108156
107694
107712
107657
107989
107947
107567
107561
107851
107808
107488
107477
107722
107694
107410
107384
107612
107576
107317
107271
107497
107465
107193
107126
107394
107341
107046
106941
107294
107248
106860
106732
107237
107161
106672
106490
107189
107125
106399
106183
107092
106925
105923
105806
106962
106743
105338
104621
105726
105432
103715
103174
136188
102812
108541
107848
107767
108266
108227
107774
107725
108150
108163
107697
107719
107658
107999
107951
107569
107558
107862
107810
107484
107471
107735
107693
107399
107374
107627
107572
107298
107258
107518
107457
107167
107112
107423
107333
107014
106931
107335
107237
106826
106728
107286
107146
106634
106493
107239
107093
106356
106186
107130
106873
105882
105844
106988
106691
105361
104701
105813
105465
103806
103332
136170
102800
108532
107843
107764
108264
108226
107771
107721
108150
108161
107689
107710
107645
107995
107945
107552
107538
107854
107802
107458
107440
107722
107681
107361
107331
107606
107556
107246
107200
107487
107436
107099
107037
107379
107307
106928
106838
107274
107204
106721
106618
107204
107104
106506
106361
107125
107026
106197
106029
106975
106781
105705
105666
106793
106579
105186
104571
105659
105389
103701
103243
136151
102784
108519
107832
107751
108255
108215
107760
107703
108143
108149
107674
107689
107629
107988
107933
107527
107519
107848
107788
107428
107417
107718
107663
107324
107302
107604
107534
107200
107164
107489
107407
107041
106992
107381
107268
106851
106780
107275
107148
106620
106536
107191
107020
106365
106243
107080
106892
106003
105852
106876
106581
105431
105364
106590
106261
104799
104215
105386
105013
103280
102851
136141
102795
108537
107857
107780
108304
108270
107804
107742
108197
108210
107719
107727
107669
108051
107981
107559
107550
107909
107838
107455
107440
107777
107715
107348
107318
107667
107592
107225
107178
107560
107478
107076
107012
107470
107364
106909
106821
107397
107284
106720
106618
107363
107216
106530
106391
107326
107172
106264
106098
107224
106983
105843
105886
107170
106906
105474
104935
106250
105940
104224
103827
136114
102764
108504
107824
107745
108255
108216
107755
107698
108143
108149
107662
107679
107607
107987
107926
107503
107484
107843
107779
107390
107365
107707
107650
107270
107229
107584
107516
107126
107068
107457
107383
106947
106872
107334
107239
106738
106636
107207
107106
106486
106368
107089
106958
106203
106045
106930
106789
105810
105623
106668
106445
105232
105135
106330
106079
104604
104055
105198
104903
103192
102774
136094
102755
108499
107819
107738
108258
108217
107752
107688
108146
108150
107655
107666
107600
107991
107923
107484
107473
107847
107774
107367
107349
107712
107642
107240
107207
107592
107505
107089
107039
107468
107368
106901
106835
107347
107219
106679
106589
107221
107077
106412
106304
107097
106913
106104
105956
106923
106718
105680
105501
106634
106339
105055
104954
106255
105918
104385
103858
105115
104744
102986
102584
136080
102763
108514
107837
107760
108298
108262
107786
107719
108188
108198
107690
107696
107631
108042
107963
107510
107496
107898
107817
107390
107366
107765
107690
107263
107221
107649
107562
107116
107052
107534
107440
106940
106855
107430
107314
106742
106629
107331
107208
106513
106378
107247
107094
106260
106085
107127
106964
105916
105707
106916
106678
105401
105334
106687
106419
104916
104400
105748
105433
103698
103294
136058
102755
108510
107832
107756
108301
108264
107783
107714
108189
108199
107683
107689
107622
108041
107961
107497
107482
107897
107814
107372
107347
107763
107688
107239
107195
107646
107561
107086
107021
107530
107440
106902
106818
107422
107317
106696
106584
107317
107208
106456
106326
107219
107088
106187
106019
107077
106937
105820
105624
106839
106635
105297
105243
106565
106344
104780
104296
105620
105356
103582
103203
136028
102730
108486
107804
107725
108264
108221
107743
107673
108145
108148
107636
107643
107566
107989
107915
107443
107418
107840
107763
107309
107272
107698
107628
107163
107103
107566
107486
106990
106903
107426
107341
106779
106664
107282
107182
106533
106381
107124
107019
106238
106054
106949
106821
105891
105656
106706
106566
105422
105146
106341
106136
104774
104549
105878
105656
104073
103522
104806
104537
102757
102316
136005
102724
108484
107800
107724
108266
108220
107738
107674
108146
108146
107627
107644
107560
107988
107910
107438
107409
107840
107755
107300
107260
107699
107618
107148
107088
107568
107473
106968
106885
107430
107324
106751
106644
107287
107159
106498
106360
107128
106986
106195
106030
106946
106773
105837
105627
106690
106497
105358
105110
106306
106041
104697
104489
105812
105523
103991
103478
104744
104420
102711
102292
135987
102739
108510
107826
107756
108331
108296
107788
107714
108203
108213
107673
107679
107603
108051
107961
107469
107446
107904
107811
107331
107296
107769
107683
107183
107127
107650
107555
107013
106934
107531
107430
106814
106712
107416
107303
106590
106460
107298
107180
106331
106178
107171
107034
106032
105841
106985
106838
105633
105412
106691
106488
105087
105020
106363
106140
104549
104099
105478
105216
103446
103077
135951
102712
108483
107790
107716
108271
108223
107728
107663
108143
108145
107612
107627
107539
107984
107903
107408
107375
107832
107747
107260
107213
107687
107607
107095
107026
107550
107459
106901
106806
107402
107305
106668
106546
107245
107134
106396
106241
107067
106947
106072
105887
106855
106714
105685
105457
106562
106405
105175
104911
106136
105920
104496
104261
105595
105363
103763
103279
104554
104283
102527
102125
135922
102709
108485
107786
107713
108282
108232
107724
107656
108144
108144
107604
107623
107536
107986
107899
107398
107368
107834
107741
107245
107204
107692
107599
107076
107013
107556
107449
106876
106788
107411
107291
106636
106524
107255
107116
106356
106213
107077
106922
106021
105849
106861
106676
105620
105407
106556
106350
105096
104846
106115
105845
104398
104176
105553
105259
103653
103190
104518
104194
102439
102053
135898
102724
108511
107811
107738
108331
108284
107763
107690
108192
108202
107639
107656
107569
108038
107941
107426
107397
107888
107788
107275
107231
107753
107656
107110
107044
107628
107520
106920
106828
107500
107385
106698
106581
107369
107240
106445
106298
107224
107086
106150
105975
107050
106892
105800
105587
106801
106629
105346
105098
106431
106207
104737
104575
105984
105739
104122
103683
105085
104801
103034
102661
135866
102722
108517
107809
107733
108336
108286
107756
107681
108190
108204
107640
107654
107563
108037
107938
107415
107385
107887
107784
107259
107216
107752
107652
107089
107023
107626
107516
106893
106803
107497
107380
106665
106550
107363
107234
106404
106261
107211
107075
106099
105929
107027
106872
105736
105530
106762
106592
105265
105029
106374
106157
104651
104503
105896
105669
104013
103603
104994
104732
102939
102589
135820
102699
108499
107779
107704
108303
108247
107717
107643
108139
108150
107600
107610
107507
107979
107890
107363
107323
107826
107729
107198
107144
107680
107586
107014
106934
107537
107431
106796
106689
107381
107268
106538
106402
107210
107083
106237
106067
107007
106870
105879
105676
106753
106596
105448
105203
106405
106230
104895
104612
105918
105694
104185
103919
105304
105071
103420
102975
104311
104045
102266
101883
135784
102698
108508
107782
107707
108314
108252
107714
107644
108144
108154
107600
107609
107504
107978
107883
107354
107318
107827
107721
107186
107136
107683
107576
106997
106924
107541
107419
106774
106676
107387
107253
106510
106386
107216
107063
106201
106047
107012
106842
105833
105649
106755
106557
105391
105168
106396
106176
104829
104569
105897
105624
104105
103856
105267
104975
103333
102916
104275
103959
102200
101836
135752
102717
108545
107807
107732
108359
108298
107747
107673
108182
108203
107636
107648
107546
108029
107928
107384
107349
107881
107769
107217
107168
107746
107635
107034
106962
107618
107495
106823
106725
107484
107352
106578
106454
107339
107194
106297
106143
107168
107014
105968
105784
106952
106779
105574
105354
106646
106457
105075
104820
106211
105980
104430
104238
105679
105430
103764
103365
104799
104516
102733
102380
135711
102718
108565
107811
107734
108368
108302
107746
107671
108179
108202
107630
107645
107541
108034
107927
107376
107339
107880
107765
107204
107155
107745
107631
107017
106944
107617
107490
106801
106703
107481
107346
106551
106428
107333
107186
106263
106112
107157
107001
105925
105746
106931
106758
105520
105307
106613
106423
105009
104766
106166
105935
104361
104182
105609
105370
103677
103307
104730
104459
102660
102329
135652
102691
108554
107788
107710
108338
108263
107712
107640
108132
108154
107588
107608
107484
107968
107873
107327
107279
107816
107710
107148
107087
107672
107563
106946
106860
107526
107404
106709
106596
107363
107232
106429
106290
107179
107034
106103
105932
106954
106798
105716
105514
106667
106491
105251
105012
106275
106079
104669
104395
105742
105505
103940
103668
105071
104825
103154
102765
104115
103842
102077
101724
135607
102690
108578
107795
107716
108349
108265
107712
107640
108131
108152
107584
107607
107489
107971
107865
107315
107276
107815
107700
107134
107083
107674
107553
106927
106852
107530
107392
106684
106584
107369
107218
106398
106272
107186
107016
106063
105907
106960
106773
105665
105480
106669
106457
105188
104967
106271
106034
104594
104340
105730
105448
103849
103592
105047
104747
103052
102689
104092
103772
101985
101656
135567
102715
108630
107828
107744
108392
108305
107750
107667
108160
108193
107626
107637
107525
108021
107916
107350
107312
107871
107752
107165
107119
107739
107616
106966
106894
107610
107472
106736
106636
107471
107323
106470
106340
107315
107154
106164
106000
107124
106951
105803
105606
106874
106683
105371
105135
106525
106316
104833
104562
106044
105796
104156
103932
105445
105178
103441
103079
104585
104290
102453
102128
135513
102703
108652
107833
107750
108390
108295
107750
107669
108142
108178
107622
107638
107511
108000
107900
107340
107293
107853
107737
107154
107098
107722
107599
106950
106868
107590
107453
106712
106603
107445
107298
106439
106301
107281
107122
106123
105952
107077
106907
105750
105547
106810
106623
105304
105064
106442
106238
104751
104478
105940
105700
104060
103812
105306
105052
103325
102968
104440
104156
102341
102011
135460
102697
108686
107845
107762
108394
108290
107759
107676
108128
108170
107628
107644
107508
107989
107896
107339
107286
107846
107732
107150
107090
107717
107595
106941
106855
107585
107448
106700
106587
107439
107294
106423
106280
107272
107116
106101
105927
107063
106897
105723
105517
106789
106609
105270
105029
106413
106216
104711
104439
105903
105673
104015
103764
105258
105014
103274
102925
104401
104126
102307
101975
135404
102686
108722
107858
107778
108393
108280
107770
107683
108108
108157
107636
107648
107503
107973
107888
107337
107279
107833
107722
107144
107082
107706
107586
106931
106843
107574
107439
106685
106570
107426
107283
106403
106257
107256
107102
106076
105896
107041
106878
105690
105477
106758
106582
105228
104981
106372
106179
104662
104382
105851
105628
103957
103689
105188
104955
103203
102854
104337
104071
102246
101909
135352
102682
108770
107880
107803
108395
108273
107793
107700
108092
108149
107655
107660
107507
107964
107888
107344
107284
107842
107732
107151
107087
107708
107589
106933
106845
107578
107445
106684
106570
107434
107292
106402
106255
107266
107115
106075
105892
107053
106893
105689
105471
106771
106599
105228
104973
106387
106198
104665
104375
105868
105652
103966
103702
105206
104982
103213
102863
104372
104117
102273
101938
135268
102624
108778
107868
107803
108346
108212
107783
107695
108024
108088
107639
107647
107464
107895
107840
107324
107232
107759
107661
107114
107030
107625
107515
106885
106777
107481
107353
106616
106483
107314
107175
106307
106144
107114
106962
105946
105748
106859
106693
105519
105286
106526
106343
105009
104739
106083
105879
104393
104086
105499
105265
103634
103292
104749
104507
102807
102451
103861
103596
101827
101479
135216
102606
108825
107892
107841
108336
108185
107806
107722
107996
108063
107655
107663
107472
107870
107821
107338
107241
107745
107643
107121
107035
107611
107492
106885
106784
107473
107332
106610
106487
107308
107154
106295
106145
107110
106940
105928
105745
106854
106668
105495
105279
106518
106312
104979
104729
106071
105842
104360
104074
105483
105224
103597
103270
104725
104449
102763
102435
103842
103548
101800
101470
135180
102613
108910
107950
107904
108350
108189
107875
107774
107986
108073
107721
107703
107506
107885
107851
107384
107282
107779
107681
107174
107099
107665
107545
106939
106842
107540
107399
106672
106555
107398
107245
106374
106228
107230
107064
106030
105850
107009
106830
105626
105411
106712
106520
105148
104898
106312
106100
104574
104288
105775
105541
103865
103588
105084
104826
103083
102771
104277
103995
102185
101869
135120
102573
108956
107978
107949
108312
108138
107915
107808
107926
108029
107755
107718
107498
107841
107830
107403
107278
107741
107652
107183
107089
107626
107511
106941
106835
107506
107365
106664
106541
107364
107208
106355
106206
107192
107022
105999
105818
106963
106779
105582
105368
106655
106457
105090
104842
106243
106024
104503
104221
105692
105454
103780
103475
104970
104707
102975
102676
104161
103874
102080
101768
135067
102534
109010
108019
108009
108271
108083
107974
107855
107862
107983
107807
107741
107497
107799
107815
107433
107284
107709
107630
107208
107103
107600
107489
106957
106845
107485
107344
106672
106547
107347
107189
106355
106207
107178
107005
105993
105813
106950
106762
105569
105358
106640
106440
105070
104827
106226
106004
104479
104204
105674
105436
103756
103450
104941
104673
102938
102654
104144
103853
102059
101752
135017
102489
109063
108067
108080
108216
108013
108045
107912
107783
107926
107872
107768
107493
107749
107801
107470
107293
107669
107605
107239
107119
107565
107461
106979
106859
107456
107317
106685
106556
107322
107165
106360
106212
107157
106983
105989
105812
106931
106740
105556
105349
106620
106416
105050
104813
106205
105978
104454
104187
105651
105411
103732
103421
104906
104631
102896
102630
104119
103821
102031
101732
134972
102436
109111
108124
108165
108147
107929
108133
107980
107691
107854
107955
107800
107485
107690
107787
107515
107304
107621
107576
107279
107140
107523
107428
107010
106878
107421
107285
106705
106572
107293
107136
106371
106223
107133
106957
105991
105816
106908
106714
105549
105346
106599
106390
105035
104803
106184
105950
104434
104173
105629
105386
103713
103397
104873
104588
102859
102612
104099
103790
102008
101717
134932
102378
109153
108190
108265
108062
107829
108238
108061
107585
107765
108059
107834
107473
107621
107775
107568
107317
107565
107544
107327
107166
107473
107390
107050
106904
107379
107247
106734
106595
107256
107102
106389
106241
107103
106927
105999
105827
106882
106685
105548
105349
106575
106362
105026
104799
106162
105921
104420
104165
105608
105361
103701
103377
104841
104543
102827
102602
104082
103758
101990
101708
134899
102317
109185
108267
108380
107962
107711
108362
108155
107462
107657
108190
107870
107457
107543
107766
107632
107329
107502
107510
107385
107196
107414
107348
107099
106936
107328
107204
106771
106624
107212
107063
106416
106265
107067
106892
106016
105844
106851
106653
105553
105357
106549
106331
105022
104800
106139
105890
104410
104162
105588
105336
103697
103361
104810
104497
102798
102600
104067
103726
101977
101707
134872
102254
109203
108356
108510
107845
107576
108505
108263
107325
107530
108348
107904
107439
107454
107760
107708
107338
107431
107474
107453
107229
107348
107301
107157
106973
107270
107156
106818
106659
107161
107018
106451
106297
107025
106854
106041
105867
106814
106617
105566
105372
106518
106298
105025
104807
106114
105859
104406
104163
105566
105310
103696
103347
104780
104452
102770
102604
104054
103694
101970
101712
134853
102193
109203
108458
108655
107713
107423
108669
108383
107172
107382
108536
107935
107418
107355
107756
107800
107339
107356
107436
107532
107263
107274
107251
107224
107015
107205
107102
106874
106700
107102
106973
106496
106335
106975
106812
106077
105896
106773
106580
105589
105394
106486
106265
105039
104821
106089
105830
104411
104173
105546
105289
103712
103342
104755
104411
102749
102621
104047
103667
101975
101729
134825
102123
109170
108566
108806
107567
107251
108849
108513
107008
107218
108753
107960
107399
107253
107754
107910
107333
107283
107397
107627
107297
107199
107200
107299
107063
107135
107043
106934
106745
107039
106890
106529
106384
106912
106749
106108
105918
106710
106515
105597
105402
106425
106196
105027
104813
106027
105755
104381
104151
105480
105210
103683
103291
104678
104306
102670
102594
103977
103561
101914
101692
134860
102108
109152
108697
108969
107418
107070
109047
108640
106823
107031
108997
107960
107347
107131
107762
108018
107267
107195
107370
107722
107271
107097
107176
107385
107048
107033
107033
107025
106722
106920
106923
106654
106334
106812
106779
106241
105897
106629
106569
105739
105394
106360
106278
105183
104816
105982
105867
104551
104164
105459
105355
103881
103277
104660
104453
102828
102629
103994
103748
102118
101723
134881
102084
109103
108827
109124
107261
106879
109240
108774
106645
106833
109242
107972
107325
107006
107741
108153
107241
107123
107283
107832
107323
107026
107064
107463
107144
106987
106908
107077
106832
106920
106778
106653
106390
106840
106705
106293
106035
106694
106472
105739
105536
106453
106197
105173
104959
106095
105805
104540
104309
105588
105317
103887
103420
104756
104414
102806
102780
104106
103764
102162
101885
134768
102011
109004
108977
109308
107171
106751
109445
108939
106569
106699
109476
108027
107431
106941
107687
108311
107362
107105
107153
107963
107526
106995
106932
107566
107347
106964
106769
107148
107016
106922
106625
106653
106561
106831
106394
106066
106104
106692
106257
105599
105574
106446
105978
104994
104963
106074
105559
104321
104280
105545
105051
103618
103390
104789
104047
102453
102854
104140
103359
101824
101907
135458
102299
109000
108815
109129
106852
106466
109490
108906
106275
106467
109675
108003
107383
106835
107834
108421
107239
107062
107399
108103
107279
106925
107182
107720
107097
106867
107009
107351
106763
106770
106890
106933
106331
106621
106728
106533
105862
106419
106501
106039
105343
106111
106219
105464
104724
105690
105820
104814
104015
105122
105368
104100
103014
104187
104416
102927
102427
103563
103846
102298
101392
133918
101182
108199
109330
109729
106807
106316
110011
109231
106150
106338
110225
108079
106987
106735
108007
108440
106882
106980
107322
108059
107173
106850
107055
107651
107066
106817
106879
107267
106764
106762
106751
106823
106375
106635
106494
106312
105874
106476
106421
105968
105376
106191
106193
105462
104775
105783
105824
104857
104085
105228
105417
104170
103226
104454
104538
103061
102698
103875
103985
102425
101684
)
;

boundaryField
{
    inlet
    {
        type            fixedFluxPressure;
        gradient        uniform 0;
        value           nonuniform List<scalar> 
150
(
142709
142763
142747
142744
142715
142720
142713
142696
142692
142670
142663
142653
142635
142622
142603
142586
142565
142543
142522
142495
142468
142437
142404
142367
142324
142285
142238
142187
142130
142064
142005
141934
141850
141776
141689
141595
141496
141377
141278
141160
141020
140906
140768
140605
140478
140331
140181
140034
139882
139736
139567
139437
139290
139142
139000
138857
138721
138583
138453
138322
138202
138062
137964
137852
137742
137643
137542
137452
137362
137282
137199
137145
137061
136997
136941
136883
136836
136786
136746
136704
136671
136634
136618
136579
136554
136533
136509
136492
136470
136465
136438
136424
136410
136393
136389
136366
136354
136341
136324
136320
136297
136282
136276
136252
136237
136229
136203
136188
136170
136151
136141
136114
136094
136080
136058
136028
136005
135987
135951
135922
135898
135866
135820
135784
135752
135711
135652
135607
135567
135513
135460
135404
135352
135268
135216
135180
135120
135067
135017
134972
134932
134899
134872
134853
134825
134860
134881
134768
135458
133918
)
;
    }
    outlet
    {
        type            prghPressure;
        p               nonuniform List<scalar> 0();
        value           nonuniform List<scalar> 0();
    }
    front
    {
        type            empty;
    }
    back
    {
        type            empty;
    }
    hub
    {
        type            zeroGradient;
    }
    tip
    {
        type            zeroGradient;
    }
    procBoundary4to3
    {
        type            processor;
        value           nonuniform List<scalar> 
160
(
101824
101832
101805
101808
101810
101795
101796
101784
101785
101788
101766
101771
101776
101782
101788
101795
101803
101811
101838
101850
101867
101886
101909
101935
101941
101989
102011
102037
102067
102006
102064
102090
102011
102081
102097
102118
102158
102028
102135
102168
102005
102131
102153
101966
102092
102039
102049
102059
102002
102036
101805
101959
101886
101891
101896
101882
101895
101846
101865
101795
101840
101544
101743
101655
101653
101658
101586
101594
101517
101533
101404
101698
101310
101349
101355
101348
101358
101267
101283
101176
101207
101003
101463
100844
100915
100923
100821
100863
100597
101233
100438
100514
100546
100248
103886
101831
101391
102687
101047
102132
103886
104535
104535
103219
105868
105257
103219
103381
105868
106596
105571
105419
106243
105083
104965
105890
104603
104715
104584
104271
105309
104124
104029
104788
104654
103747
103687
104521
103510
103471
104121
104027
103282
103245
103834
103763
103101
103076
103621
103474
103438
103372
103408
102864
102844
103310
103190
103171
103141
103113
103087
103064
103042
103026
102942
102974
103099
102999
102478
102753
)
;
    }
}


// ************************************************************************* //
