/*--------------------------------*- C++ -*----------------------------------*\
| =========                 |                                                 |
| \\      /  F ield         | OpenFOAM: The Open Source CFD Toolbox           |
|  \\    /   O peration     | Version:  v2012                                 |
|   \\  /    A nd           | Website:  www.openfoam.com                      |
|    \\/     M anipulation  |                                                 |
\*---------------------------------------------------------------------------*/
FoamFile
{
    version     2.0;
    format      ascii;
    class       volScalarField;
    location    "1e-06";
    object      k;
}
// * * * * * * * * * * * * * * * * * * * * * * * * * * * * * * * * * * * * * //

dimensions      [0 2 -2 0 0 0 0];


internalField   nonuniform List<scalar> 
10098
(
3.03693
3.02132
2.98225
2.95434
2.91759
2.89763
2.81835
2.74588
2.68131
2.66075
2.57176
2.4901
3.05351
3.0421
3.01933
2.98612
2.93869
2.91798
2.85424
2.78185
2.70452
2.67817
2.59965
2.52363
3.17047
3.15661
3.12196
3.10186
3.07208
3.05338
2.97457
2.90112
2.83701
2.81637
2.72067
2.62922
3.329
3.29784
3.27089
3.24816
3.23837
3.22071
3.21228
3.20575
3.19986
3.1943
3.19582
3.19121
3.18251
3.17292
3.15775
3.13047
3.08858
3.06917
3.00856
2.93677
2.85665
2.82966
2.74624
2.66588
3.34365
3.32172
3.29882
3.26258
3.24934
3.2397
3.23781
3.22152
3.20877
3.21106
3.22115
3.21181
3.19347
3.18953
3.18766
3.16037
3.10422
3.08628
3.0403
2.97567
2.87606
2.84472
2.77233
2.70367
3.4524
3.41517
3.38251
3.35461
3.34418
3.32387
3.31432
3.3063
3.30135
3.2978
3.30375
3.303
3.30102
3.29387
3.28804
3.26905
3.2346
3.21732
3.16265
3.09364
3.01173
2.98427
2.8971
2.81241
3.46943
3.43936
3.40905
3.37002
3.35683
3.34275
3.33651
3.32226
3.31156
3.31461
3.32538
3.32327
3.31369
3.31147
3.31603
3.29888
3.25317
3.23707
3.19596
3.13342
3.03514
3.00317
2.92671
2.85068
3.57283
3.52781
3.48781
3.4537
3.44281
3.41801
3.40497
3.39517
3.39135
3.3889
3.39774
3.40173
3.40737
3.40299
3.40691
3.39881
3.37555
3.36098
3.31503
3.2515
3.17098
3.14335
3.05391
2.96465
3.60539
3.58899
3.55016
3.51152
3.46754
3.45415
3.43441
3.42289
3.40843
3.39972
3.40267
3.41423
3.41836
3.41794
3.41784
3.43037
3.42516
3.39258
3.37928
3.34674
3.28978
3.19444
3.16235
3.0842
3.00336
3.76464
3.70291
3.68497
3.63143
3.58257
3.54057
3.52884
3.49828
3.47988
3.46642
3.46325
3.46083
3.47169
3.48005
3.49325
3.49217
3.50692
3.51163
3.50206
3.49138
3.4587
3.40448
3.32859
3.30153
3.21329
3.12174
3.86179
3.79218
3.71783
3.69994
3.65159
3.60335
3.55234
3.53859
3.51161
3.49335
3.47629
3.46946
3.47074
3.48219
3.49192
3.50109
3.50337
3.52505
3.53314
3.51669
3.50733
3.48765
3.44077
3.35168
3.32031
3.24414
3.16195
4.03267
3.95567
3.87724
3.80572
3.78604
3.72322
3.66389
3.61214
3.59912
3.5611
3.53539
3.51588
3.51284
3.50851
3.51981
3.53162
3.55231
3.55508
3.58186
3.60074
3.60707
3.60158
3.58699
3.54726
3.48078
3.45549
3.37293
3.28235
3.18712
4.5814
4.56719
4.50817
4.42829
4.3403
4.3216
4.25165
4.16541
4.07202
4.05114
3.98085
3.9022
3.81863
3.79921
3.74053
3.68124
3.6212
3.60683
3.57059
3.54327
3.5215
3.51648
3.51359
3.52261
3.53726
3.55661
3.56133
3.5925
3.61573
3.61809
3.61378
3.61114
3.58009
3.5022
3.47295
3.40306
3.32385
3.21444
3.11474
3.09613
3.02826
2.94862
2.87172
2.85475
4.65517
4.63951
4.58693
4.51228
4.43986
4.41773
4.34204
4.25467
4.17064
4.14681
4.06377
3.97662
3.89543
3.87446
3.80066
3.72922
3.66615
3.65187
3.6034
3.56735
3.53969
3.53654
3.52736
3.53605
3.54959
3.57744
3.58417
3.62319
3.65826
3.68384
3.68471
3.692
3.67327
3.62309
3.60157
3.52931
3.44249
3.34681
3.2564
3.22676
3.14053
3.06133
2.99209
2.97061
4.67577
4.6672
4.62184
4.56443
4.50344
4.48331
4.40428
4.32342
4.24411
4.22069
4.12719
4.03664
3.95273
3.93154
3.84406
3.76215
3.69116
3.67608
3.6166
3.56845
3.53336
3.52806
3.51457
3.51678
3.53146
3.56138
3.57271
3.62073
3.67038
3.71507
3.72274
3.74563
3.74665
3.72379
3.71185
3.64244
3.55389
3.47366
3.39196
3.3548
3.25064
3.17566
3.11188
3.08779
4.67567
4.6683
4.63644
4.57422
4.51123
4.4932
4.42514
4.33967
4.25462
4.23192
4.14655
4.05238
3.96148
3.93927
3.85539
3.77115
3.69445
3.67843
3.61801
3.56932
3.52965
3.52585
3.50904
3.5118
3.52351
3.55629
3.56707
3.61817
3.66983
3.71629
3.72487
3.75871
3.76759
3.73946
3.72335
3.66847
3.59152
3.49937
3.40797
3.37886
3.28871
3.20401
3.12793
3.10517
4.61287
4.62787
4.62532
4.6308
4.61614
4.57561
4.52552
4.5128
4.45012
4.37342
4.29308
4.27211
4.18307
4.08705
3.99229
3.96976
3.87612
3.78187
3.69431
3.67604
3.60563
3.54338
3.49233
3.48375
3.46243
3.45711
3.46514
3.4941
3.51082
3.57224
3.63668
3.69953
3.71599
3.77289
3.80631
3.80676
3.80073
3.7583
3.69056
3.61309
3.53297
3.49824
3.39852
3.31591
3.24484
3.21964
4.496
4.51846
4.58538
4.60246
4.61304
4.61558
4.61135
4.57044
4.52467
4.51227
4.45671
4.3785
4.29732
4.27675
4.19205
4.09395
3.99595
3.97305
3.87987
3.78312
3.69229
3.67461
3.59994
3.53579
3.48126
3.47724
3.44879
3.44179
3.44645
3.48204
3.49576
3.55579
3.62237
3.69212
3.70966
3.77261
3.81427
3.81575
3.80793
3.7779
3.71927
3.63632
3.5483
3.52147
3.4316
3.3436
3.26132
3.2378
3.99281
4.12011
4.21961
4.27284
4.37362
4.43655
4.47154
4.49364
4.51672
4.50442
4.47362
4.47046
4.42905
4.36357
4.28794
4.27091
4.18901
4.09146
3.98936
3.96649
3.86775
3.76184
3.65831
3.63702
3.55343
3.47325
3.40365
3.39157
3.35798
3.33919
3.33602
3.35965
3.38116
3.45011
3.52837
3.61072
3.63742
3.73119
3.80311
3.83664
3.83967
3.83397
3.7962
3.73042
3.65793
3.62785
3.53711
3.45056
3.3743
3.34864
3.73786
3.90588
4.04094
4.17271
4.20623
4.31699
4.38645
4.44401
4.45797
4.48845
4.47992
4.46094
4.45566
4.4178
4.3536
4.28297
4.26586
4.18464
4.08629
3.98537
3.96306
3.86137
3.75297
3.64885
3.63035
3.53877
3.45515
3.38297
3.37949
3.33385
3.31094
3.30352
3.33865
3.3536
3.41654
3.49573
3.59165
3.61917
3.71295
3.79339
3.83544
3.83964
3.84314
3.81335
3.74841
3.67086
3.64803
3.56417
3.47626
3.39011
3.36661
3.07091
3.27082
3.46087
3.64095
3.78745
3.85473
4.00054
4.11914
4.20081
4.23921
4.30495
4.3324
4.3312
4.33872
4.32277
4.27647
4.2131
4.20153
4.12998
4.03561
3.93106
3.90885
3.8061
3.69005
3.57262
3.54896
3.44987
3.34808
3.25757
3.24195
3.18966
3.14986
3.1311
3.14415
3.16805
3.23544
3.32563
3.42913
3.46716
3.5978
3.71549
3.79349
3.80963
3.85073
3.85418
3.81158
3.7555
3.7327
3.65724
3.57235
3.4945
3.46944
2.99054
3.15694
3.34955
3.53895
3.72639
3.76539
3.91368
4.04281
4.15729
4.18085
4.24802
4.28403
4.30467
4.30672
4.28935
4.24713
4.19651
4.18418
4.10886
4.01481
3.91722
3.89685
3.7869
3.66765
3.55391
3.53583
3.42444
3.31626
3.22569
3.22366
3.1535
3.10421
3.0823
3.11317
3.12589
3.17982
3.26945
3.39605
3.43389
3.5571
3.68165
3.77851
3.7993
3.8454
3.85554
3.82134
3.76447
3.74747
3.6774
3.59474
3.50871
3.4863
2.40757
2.62268
2.8395
3.06208
3.25175
3.32687
3.51379
3.68476
3.81543
3.86693
3.97753
4.05081
4.08816
4.10714
4.12222
4.10146
4.05774
4.05268
3.9955
3.90989
3.80871
3.78841
3.6836
3.56066
3.43243
3.40736
3.29177
3.16731
3.05433
3.03535
2.95766
2.88927
2.85101
2.84831
2.86984
2.9238
3.02105
3.14535
3.19427
3.35811
3.52683
3.65876
3.69235
3.78859
3.84705
3.83988
3.81162
3.79898
3.74727
3.67188
3.59808
3.57512
2.31627
2.49217
2.6948
2.93782
3.18109
3.21692
3.38957
3.5812
3.75852
3.78648
3.88441
3.97459
4.0474
4.05635
4.06027
4.04826
4.02841
4.02152
3.95282
3.86863
3.784
3.76707
3.64893
3.52046
3.40412
3.38807
3.25496
3.11843
3.01224
3.01237
2.91106
2.82345
2.78689
2.80966
2.81529
2.84282
2.93867
3.09914
3.14579
3.29073
3.45971
3.62739
3.66911
3.76394
3.82329
3.83752
3.81483
3.80518
3.75781
3.68869
3.60931
3.58933
1.71416
1.92802
2.16419
2.41021
2.63449
2.71341
2.94357
3.14962
3.32683
3.38839
3.54897
3.66173
3.74263
3.77276
3.82765
3.83544
3.81719
3.81929
3.78127
3.7102
3.61834
3.60157
3.49883
3.37538
3.23965
3.2148
3.08479
2.94432
2.80682
2.78532
2.67934
2.5823
2.51729
2.49474
2.50858
2.53897
2.63082
2.7688
2.82505
3.01273
3.22963
3.41865
3.47272
3.62852
3.75676
3.79581
3.80991
3.81015
3.79279
3.73716
3.67578
3.65719
1.16239
1.39786
1.64389
1.86458
2.06527
2.1797
2.4427
2.65788
2.83442
2.92867
3.13647
3.27311
3.36272
3.41657
3.5192
3.55094
3.53837
3.55258
3.54942
3.4909
3.39683
3.38278
3.30337
3.18284
3.03502
3.0033
2.88486
2.73931
2.57653
2.53538
2.43061
2.32945
2.22811
2.16144
2.18262
2.21983
2.28501
2.39497
2.45287
2.68483
2.92191
3.13571
3.19306
3.42125
3.59486
3.69011
3.74247
3.76166
3.77647
3.75103
3.70931
3.69619
1.09547
1.27688
1.49799
1.73894
1.97813
2.0537
2.30342
2.53573
2.75248
2.81997
3.01949
3.16993
3.29525
3.33504
3.42889
3.47162
3.48632
3.49611
3.48022
3.42826
3.35327
3.34191
3.2466
3.12871
2.99305
2.97085
2.83213
2.68266
2.5267
2.50502
2.37456
2.25673
2.15982
2.11709
2.12036
2.12285
2.19306
2.33164
2.38952
2.58478
2.8326
3.07413
3.14898
3.36011
3.55218
3.65976
3.72992
3.74557
3.77268
3.75073
3.71222
3.70037
0.232828
0.233123
0.233403
0.233515
0.233787
0.23404
0.234119
0.234378
0.234593
0.234777
0.234886
0.235066
0.235226
0.235291
0.235452
0.235568
0.23564
0.23573
0.235791
0.235839
0.235874
0.235925
0.235929
0.235913
0.235985
0.235962
0.235964
0.235982
0.236021
0.236011
0.236059
0.236157
0.236234
0.23645
0.236696
0.236971
0.237412
0.238272
0.238578
0.239734
0.241238
0.243278
0.244114
0.246516
0.249928
0.253389
0.255171
0.259002
0.264317
0.265668
0.271104
0.275394
0.280583
0.282368
0.286112
0.288394
0.290053
0.291838
0.290962
0.289539
0.286763
0.288186
0.283536
0.28
0.275488
0.276591
0.271718
0.269258
0.266456
0.267746
0.265344
0.265423
0.265321
0.266657
0.266607
0.26965
0.270178
0.275254
0.279841
0.291374
0.294285
0.314374
0.339879
0.385805
0.398207
0.466214
0.549201
0.671672
0.705
0.861614
1.03597
1.24768
1.44502
1.53655
1.76906
2.01472
2.22171
2.31315
2.52659
2.71128
2.84542
2.90625
3.02978
3.10718
3.1357
3.15853
3.17191
3.13858
3.07117
3.06313
2.99108
2.87927
2.74533
2.71729
2.59295
2.43566
2.2732
2.23436
2.10897
1.9749
1.86342
1.78501
1.79456
1.78534
1.83437
1.94326
1.99913
2.21099
2.46319
2.72645
2.80127
3.07286
3.30577
3.47553
3.58761
3.62637
3.69604
3.71323
3.69998
3.69581
0.232241
0.232536
0.23282
0.23294
0.233194
0.233442
0.233578
0.233781
0.233999
0.234213
0.234297
0.234476
0.234637
0.234741
0.23486
0.234979
0.235102
0.235144
0.235206
0.235254
0.235321
0.235316
0.235309
0.235333
0.235345
0.235299
0.235273
0.235346
0.235265
0.235219
0.23526
0.235302
0.235279
0.235395
0.235703
0.235734
0.236045
0.236722
0.23707
0.237765
0.238968
0.240805
0.241363
0.243162
0.245958
0.249469
0.250213
0.253387
0.257883
0.25989
0.26313
0.266908
0.271747
0.273615
0.275436
0.277682
0.280317
0.281193
0.279583
0.278806
0.278274
0.277994
0.27381
0.271298
0.269317
0.268517
0.264493
0.26279
0.261919
0.261348
0.259419
0.259728
0.260917
0.260388
0.260354
0.263057
0.264981
0.267062
0.270795
0.280691
0.285823
0.298934
0.320414
0.360331
0.378395
0.428673
0.502219
0.613404
0.662065
0.786152
0.948477
1.14957
1.37067
1.42905
1.65295
1.89482
2.13708
2.20024
2.40795
2.59512
2.76616
2.81013
2.92649
3.00883
3.06879
3.08655
3.08873
3.0592
3.01357
3.00998
2.92211
2.81292
2.69226
2.67717
2.53281
2.37484
2.21698
2.20066
2.05033
1.90901
1.79511
1.73991
1.7327
1.70417
1.74749
1.87885
1.93228
2.11394
2.36691
2.65248
2.74436
2.99455
3.23766
3.42527
3.56399
3.59294
3.66967
3.6964
3.69443
3.69116
0.229277
0.229538
0.229849
0.229959
0.230187
0.230466
0.230575
0.230791
0.23101
0.23124
0.231329
0.23149
0.231704
0.231788
0.231927
0.23208
0.232213
0.232281
0.232347
0.232442
0.232486
0.232496
0.232485
0.23246
0.232477
0.232361
0.232296
0.232294
0.232153
0.23197
0.231845
0.231829
0.231567
0.23144
0.231319
0.231299
0.231068
0.231183
0.231245
0.231208
0.231382
0.231957
0.232149
0.232379
0.233499
0.234686
0.235053
0.235639
0.23789
0.238572
0.239861
0.240835
0.243459
0.244194
0.24478
0.245733
0.247378
0.247936
0.246991
0.247438
0.247634
0.247919
0.245977
0.2461
0.245596
0.245727
0.243961
0.244214
0.243911
0.244048
0.242998
0.2437
0.243931
0.24403
0.243427
0.244765
0.245142
0.246032
0.24641
0.250715
0.252085
0.257728
0.264487
0.284272
0.290617
0.317027
0.34924
0.419862
0.442301
0.526818
0.623201
0.785456
0.942699
1.0032
1.17612
1.41176
1.61703
1.69535
1.89483
2.10473
2.26774
2.3299
2.46838
2.58262
2.64939
2.67986
2.7146
2.7088
2.6687
2.66762
2.60797
2.51367
2.39675
2.37475
2.25176
2.09557
1.93727
1.903
1.76545
1.61438
1.49662
1.41224
1.41163
1.37207
1.40337
1.50089
1.55049
1.73244
1.98228
2.26958
2.35619
2.64985
2.93135
3.16969
3.34488
3.40063
3.52948
3.5991
3.62581
3.63295
0.228669
0.228915
0.22924
0.22936
0.229558
0.229824
0.230008
0.230157
0.230361
0.230649
0.23071
0.230848
0.231066
0.231211
0.231287
0.231426
0.231649
0.231665
0.231711
0.23183
0.231937
0.231882
0.231867
0.231926
0.231902
0.231766
0.231702
0.231786
0.231557
0.231363
0.23127
0.231249
0.230963
0.230778
0.230735
0.230613
0.230394
0.23039
0.230505
0.230358
0.230444
0.230909
0.231024
0.23129
0.232017
0.23323
0.2333
0.234129
0.235632
0.236485
0.237358
0.238557
0.240463
0.241229
0.24178
0.242697
0.244156
0.244517
0.244155
0.244312
0.244893
0.244809
0.243824
0.243546
0.243642
0.243368
0.242482
0.242338
0.242546
0.242291
0.241888
0.242127
0.242669
0.242429
0.242368
0.243039
0.243717
0.244046
0.244985
0.247876
0.249646
0.253712
0.261051
0.276017
0.283432
0.304103
0.336523
0.393058
0.4202
0.488265
0.581387
0.720138
0.891765
0.924599
1.08652
1.30317
1.54176
1.58826
1.76804
1.97448
2.18358
2.22336
2.33795
2.45574
2.56915
2.59226
2.60187
2.59778
2.59602
2.60164
2.51563
2.4168
2.32955
2.32634
2.1769
2.01134
1.87046
1.86623
1.70083
1.53652
1.42286
1.367
1.35027
1.28998
1.31486
1.4405
1.48576
1.63644
1.87325
2.19093
2.29242
2.5587
2.83093
3.10034
3.31301
3.34962
3.47226
3.56057
3.61043
3.61687
0.225995
0.226274
0.226536
0.226633
0.226879
0.227132
0.227229
0.227442
0.227677
0.227878
0.227962
0.228166
0.228351
0.22843
0.228594
0.228763
0.228898
0.228966
0.229106
0.229199
0.229252
0.229326
0.22936
0.229342
0.229362
0.229324
0.229216
0.229209
0.229087
0.228914
0.228712
0.228674
0.228434
0.228164
0.227913
0.22784
0.227519
0.227285
0.227246
0.22697
0.226763
0.226713
0.226713
0.226535
0.226724
0.226987
0.227041
0.227058
0.227843
0.228115
0.228506
0.228927
0.229998
0.230317
0.230683
0.231381
0.23234
0.232617
0.232707
0.233464
0.234106
0.234304
0.234201
0.234911
0.235325
0.235469
0.235393
0.23599
0.236289
0.2364
0.236392
0.236839
0.237003
0.237124
0.237031
0.237361
0.23749
0.237599
0.23755
0.238712
0.239177
0.240697
0.242677
0.249579
0.252131
0.261624
0.273926
0.305552
0.316898
0.356351
0.404215
0.499898
0.601786
0.63568
0.750281
0.928016
1.09739
1.15493
1.32546
1.51767
1.68333
1.73972
1.88491
2.01233
2.10406
2.13872
2.19593
2.21552
2.1988
2.20471
2.16129
2.09169
1.99092
1.97718
1.86277
1.72585
1.57063
1.54391
1.40453
1.26023
1.13696
1.05494
1.04655
0.996757
1.01309
1.09603
1.13767
1.29087
1.52582
1.80878
1.90026
2.19732
2.51734
2.79778
3.02962
3.09733
3.28545
3.40628
3.48063
3.50033
0.223399
0.223663
0.223892
0.22398
0.224241
0.224464
0.224514
0.224776
0.224992
0.22516
0.225264
0.225471
0.225636
0.225689
0.225898
0.226055
0.226158
0.226263
0.226409
0.226503
0.226544
0.22668
0.226738
0.226718
0.22679
0.226784
0.226699
0.226679
0.226631
0.226483
0.226266
0.226267
0.226076
0.225804
0.225477
0.225494
0.225203
0.224868
0.224803
0.224561
0.224273
0.223997
0.223996
0.223847
0.223716
0.223615
0.223719
0.223796
0.223949
0.223993
0.224365
0.22474
0.225161
0.225326
0.22593
0.226515
0.227074
0.227341
0.228039
0.228701
0.229272
0.229588
0.230267
0.230891
0.231382
0.23169
0.232252
0.232726
0.233052
0.233313
0.233683
0.233952
0.233978
0.234287
0.234429
0.234447
0.234412
0.234527
0.234552
0.23464
0.234631
0.235255
0.236329
0.238475
0.239021
0.243709
0.251299
0.264036
0.267254
0.289867
0.322519
0.369625
0.425569
0.451582
0.538827
0.649037
0.761286
0.81309
0.959561
1.10686
1.23326
1.29224
1.43823
1.55492
1.63227
1.67306
1.75565
1.78518
1.76946
1.77717
1.76784
1.71033
1.61809
1.59933
1.5206
1.39684
1.25305
1.21426
1.10666
0.9814
0.864759
0.775837
0.77767
0.744833
0.749383
0.805514
0.840091
0.991851
1.19921
1.4524
1.52665
1.84338
2.16997
2.4694
2.71646
2.80828
3.03738
3.19926
3.30134
3.33417
0.22289
0.223147
0.223383
0.223477
0.223713
0.223935
0.224036
0.224239
0.224453
0.22465
0.224729
0.224925
0.225095
0.225181
0.225343
0.225502
0.22565
0.225712
0.225852
0.22596
0.226028
0.226122
0.226191
0.226229
0.226255
0.22625
0.226184
0.226202
0.226107
0.22597
0.225803
0.225778
0.225577
0.225317
0.225081
0.225008
0.224719
0.224412
0.224364
0.224069
0.223778
0.223551
0.223509
0.223309
0.223173
0.223148
0.223138
0.223157
0.223318
0.223437
0.22364
0.223975
0.224449
0.224635
0.225084
0.225677
0.226356
0.226575
0.227177
0.227901
0.228636
0.228856
0.229502
0.230204
0.230859
0.231048
0.23161
0.232139
0.232612
0.23274
0.233112
0.233413
0.233567
0.233741
0.233878
0.233923
0.234006
0.233965
0.233936
0.23399
0.234125
0.234379
0.235075
0.236873
0.237796
0.241017
0.246785
0.257884
0.262756
0.279499
0.305454
0.347855
0.403706
0.420037
0.492539
0.595488
0.713425
0.748811
0.875205
1.018
1.16149
1.20446
1.32992
1.44723
1.54935
1.58265
1.64436
1.67895
1.68767
1.69975
1.66736
1.61567
1.54218
1.53906
1.43647
1.31689
1.18574
1.17101
1.0414
0.914394
0.807066
0.74112
0.729244
0.684465
0.692418
0.762036
0.794598
0.918759
1.12137
1.38352
1.47305
1.75634
2.08253
2.39185
2.66829
2.74018
2.9697
3.14154
3.26742
3.29849
0.220377
0.220593
0.22084
0.220926
0.221124
0.221353
0.221441
0.221631
0.221826
0.222028
0.222106
0.222264
0.222457
0.222531
0.222676
0.222833
0.222983
0.22305
0.223157
0.2233
0.223359
0.223448
0.223538
0.223605
0.22365
0.223644
0.223643
0.223655
0.223594
0.223489
0.223374
0.223364
0.223181
0.222993
0.222774
0.222739
0.222469
0.222226
0.222176
0.221914
0.221645
0.221426
0.221391
0.221172
0.221035
0.220946
0.220955
0.220901
0.221014
0.221076
0.221245
0.221494
0.221904
0.22205
0.222477
0.223038
0.22368
0.223897
0.224526
0.225293
0.226027
0.22628
0.226976
0.227746
0.228387
0.228624
0.229201
0.229784
0.230219
0.230407
0.230773
0.23112
0.23121
0.231455
0.231581
0.231653
0.231668
0.231668
0.231548
0.231447
0.231426
0.23138
0.231327
0.231826
0.232041
0.233235
0.235192
0.240156
0.241885
0.249923
0.261132
0.283655
0.311674
0.321983
0.35917
0.425021
0.495868
0.52243
0.60123
0.710171
0.810486
0.848321
0.941517
1.04517
1.12648
1.15871
1.21695
1.25623
1.26848
1.27905
1.26554
1.22302
1.16914
1.16013
1.08919
0.981736
0.88333
0.859856
0.768132
0.659171
0.585325
0.529543
0.526525
0.49289
0.503586
0.555189
0.580325
0.684748
0.850311
1.0806
1.15294
1.42725
1.73369
2.05654
2.33103
2.42323
2.67639
2.88862
3.03692
3.08097
0.219873
0.220081
0.220334
0.220425
0.220603
0.220823
0.220955
0.221101
0.221286
0.22152
0.221575
0.221718
0.221911
0.222021
0.222124
0.222271
0.222473
0.222501
0.222595
0.222743
0.22284
0.222882
0.222963
0.223092
0.2231
0.223081
0.22309
0.223168
0.223045
0.222937
0.222875
0.222861
0.222652
0.222472
0.222345
0.222244
0.221974
0.22176
0.221758
0.221446
0.221182
0.221017
0.220974
0.220737
0.220601
0.220585
0.220534
0.220485
0.220591
0.220704
0.220814
0.221064
0.221481
0.221637
0.222029
0.222577
0.223262
0.223448
0.224062
0.224803
0.225623
0.225808
0.226486
0.227233
0.227991
0.228127
0.228674
0.229253
0.229829
0.229889
0.230224
0.230586
0.230807
0.230929
0.23102
0.231124
0.231273
0.23114
0.23099
0.230908
0.231023
0.230804
0.230697
0.231022
0.231395
0.232123
0.233857
0.237766
0.239848
0.246082
0.256448
0.274685
0.30225
0.308254
0.34284
0.39743
0.469587
0.486193
0.557965
0.651605
0.760654
0.785778
0.866271
0.958286
1.05731
1.08222
1.12198
1.15687
1.19143
1.2066
1.17141
1.12943
1.09464
1.10265
1.01053
0.908031
0.821819
0.822302
0.714325
0.612616
0.543926
0.505435
0.494834
0.462143
0.470958
0.527778
0.550249
0.640194
0.794982
1.02443
1.10426
1.35164
1.64668
1.97428
2.28327
2.34787
2.59
2.81099
2.9938
3.03273
0.217565
0.217786
0.217991
0.218068
0.218266
0.218468
0.218544
0.21872
0.218914
0.219082
0.21915
0.219321
0.219482
0.219547
0.21969
0.219843
0.219971
0.220028
0.220158
0.220271
0.220322
0.220421
0.220519
0.220587
0.220627
0.220678
0.220678
0.220696
0.220671
0.220614
0.220525
0.220518
0.220412
0.220259
0.220104
0.22007
0.219892
0.219685
0.219648
0.21946
0.219258
0.21908
0.219051
0.218909
0.218791
0.218729
0.218733
0.218737
0.21882
0.218882
0.219046
0.219316
0.219663
0.219797
0.220221
0.22077
0.221348
0.221546
0.222187
0.222909
0.223588
0.223816
0.224526
0.225205
0.225795
0.226
0.226596
0.227087
0.227507
0.227664
0.228078
0.228346
0.228452
0.228664
0.228851
0.228865
0.228901
0.22888
0.22882
0.228617
0.228598
0.228404
0.228155
0.227949
0.227963
0.227984
0.22819
0.229693
0.230379
0.23293
0.236388
0.245736
0.257777
0.261579
0.275941
0.308741
0.345594
0.357565
0.39607
0.460633
0.523519
0.54414
0.598841
0.669932
0.730566
0.751413
0.789068
0.821876
0.838602
0.847783
0.834569
0.807569
0.775838
0.773311
0.718402
0.642044
0.582625
0.572028
0.508201
0.435656
0.399958
0.373151
0.370291
0.352413
0.36485
0.402668
0.418928
0.488757
0.610955
0.79069
0.851672
1.0738
1.34847
1.65184
1.93205
2.01886
2.29085
2.52801
2.71372
2.76684
0.215285
0.21549
0.215672
0.21574
0.215944
0.216122
0.216164
0.216368
0.216542
0.216683
0.216762
0.216929
0.217068
0.217113
0.21728
0.217414
0.217511
0.217591
0.217717
0.217811
0.217847
0.217974
0.21806
0.218103
0.218172
0.218234
0.218242
0.218245
0.218273
0.218234
0.218145
0.218167
0.218101
0.217981
0.217816
0.217855
0.21772
0.217549
0.217523
0.21741
0.217256
0.217096
0.217107
0.217023
0.216939
0.216871
0.216933
0.216977
0.217067
0.217105
0.217327
0.217596
0.217913
0.21803
0.218482
0.218985
0.219507
0.219694
0.220326
0.220973
0.221568
0.221797
0.222451
0.223052
0.223541
0.223772
0.2243
0.224747
0.22507
0.225284
0.22564
0.225894
0.225921
0.226203
0.226353
0.226379
0.226351
0.226421
0.226346
0.226159
0.22608
0.22596
0.225672
0.22528
0.225143
0.224936
0.224755
0.224856
0.224854
0.225857
0.227657
0.230972
0.235727
0.238029
0.247061
0.261106
0.278203
0.285762
0.311783
0.343623
0.375588
0.389725
0.430645
0.470178
0.501413
0.516237
0.550723
0.56968
0.572384
0.577546
0.579922
0.562073
0.533339
0.527903
0.503044
0.458966
0.414726
0.403769
0.373656
0.339623
0.315111
0.299654
0.301136
0.298204
0.306508
0.330307
0.340752
0.396087
0.485873
0.616655
0.656927
0.848741
1.08545
1.34858
1.59901
1.69363
1.96859
2.21203
2.4034
2.46534
0.214842
0.215039
0.215228
0.2153
0.215484
0.215661
0.21574
0.2159
0.216071
0.216232
0.216293
0.216448
0.216592
0.21666
0.216792
0.216925
0.217054
0.217102
0.21722
0.217322
0.21738
0.217469
0.217556
0.217639
0.217673
0.217728
0.217748
0.217785
0.21777
0.217737
0.217688
0.21769
0.217612
0.217505
0.217415
0.217385
0.217257
0.217113
0.217105
0.216964
0.216824
0.216712
0.216698
0.216608
0.216537
0.216534
0.216538
0.216587
0.216689
0.216769
0.21694
0.217209
0.217542
0.217674
0.218082
0.218579
0.219122
0.219302
0.219894
0.220527
0.221159
0.22135
0.221971
0.222554
0.223108
0.223266
0.223771
0.22421
0.224627
0.224736
0.225078
0.225332
0.225475
0.225632
0.225774
0.225814
0.225897
0.225845
0.22577
0.225604
0.225634
0.225392
0.225096
0.224708
0.22469
0.224298
0.224001
0.223972
0.224176
0.224628
0.225854
0.228562
0.233098
0.234355
0.241259
0.253269
0.26979
0.274553
0.29476
0.322837
0.355595
0.365063
0.395968
0.431901
0.467843
0.47889
0.50058
0.518779
0.530772
0.536925
0.526677
0.511723
0.494004
0.495078
0.460318
0.421175
0.38769
0.385181
0.350485
0.319841
0.301835
0.292525
0.291357
0.287551
0.296385
0.320862
0.330687
0.376718
0.459356
0.585638
0.631397
0.798414
1.02187
1.2805
1.54722
1.62063
1.88418
2.12991
2.34556
2.40303
0.212594
0.21276
0.212956
0.213022
0.213173
0.213355
0.213426
0.213571
0.213725
0.213889
0.213946
0.21407
0.214229
0.214288
0.2144
0.214529
0.214656
0.214705
0.214793
0.214918
0.214966
0.215041
0.21513
0.215216
0.215255
0.215289
0.215348
0.215375
0.215374
0.215354
0.21534
0.215348
0.215274
0.215222
0.215148
0.215141
0.215031
0.214957
0.214949
0.214847
0.214753
0.21469
0.214692
0.21462
0.214609
0.214623
0.214655
0.214709
0.214858
0.214925
0.215112
0.215367
0.215703
0.215827
0.2162
0.216668
0.217166
0.217338
0.217856
0.218446
0.21899
0.21918
0.219698
0.220241
0.220695
0.220867
0.221277
0.221704
0.222028
0.22217
0.222436
0.222711
0.222791
0.222977
0.22307
0.223159
0.223185
0.223191
0.22309
0.22299
0.222963
0.222791
0.222467
0.222097
0.221991
0.221564
0.220992
0.220585
0.220499
0.220298
0.220156
0.221004
0.222422
0.222994
0.22509
0.230711
0.237774
0.240248
0.24817
0.263053
0.278845
0.284193
0.297793
0.318401
0.337469
0.3439
0.354118
0.364144
0.371961
0.374931
0.369594
0.358332
0.352414
0.351655
0.335504
0.311124
0.29917
0.296803
0.282825
0.267542
0.262583
0.259461
0.260003
0.25985
0.267336
0.283563
0.289948
0.321138
0.377014
0.469046
0.499943
0.629062
0.797607
1.02228
1.24404
1.32012
1.55874
1.80836
2.01583
2.07955
0.212104
0.212259
0.212468
0.212537
0.212664
0.212841
0.212956
0.213056
0.213199
0.2134
0.213434
0.213538
0.213702
0.213796
0.213863
0.213983
0.214166
0.214175
0.214243
0.21438
0.214466
0.214489
0.214569
0.214717
0.214718
0.214727
0.214797
0.214887
0.214821
0.214793
0.214833
0.214835
0.214725
0.214679
0.214697
0.21462
0.214497
0.214457
0.214498
0.214334
0.21424
0.214245
0.214235
0.214127
0.214126
0.214236
0.214199
0.214232
0.214404
0.214532
0.214647
0.21488
0.215265
0.215401
0.215708
0.21615
0.216726
0.216866
0.217312
0.217879
0.218533
0.218647
0.21909
0.219624
0.220218
0.220273
0.220612
0.221052
0.221541
0.22153
0.221732
0.222037
0.22228
0.222311
0.222346
0.222485
0.222677
0.222521
0.222367
0.222327
0.222471
0.222131
0.22175
0.221443
0.221526
0.220909
0.220273
0.219854
0.219983
0.219483
0.219231
0.219744
0.221217
0.221321
0.223194
0.227436
0.234355
0.235636
0.242861
0.254342
0.270066
0.273227
0.285051
0.301145
0.321091
0.3256
0.332565
0.340541
0.350602
0.354256
0.345433
0.337087
0.332935
0.335644
0.316937
0.298883
0.287458
0.288838
0.273788
0.262329
0.257366
0.256351
0.256016
0.256294
0.262952
0.278989
0.284617
0.312158
0.362716
0.449305
0.480998
0.595043
0.75155
0.964166
1.20377
1.25407
1.47313
1.71681
1.95681
2.01068
0.210066
0.210242
0.210393
0.210451
0.210614
0.210765
0.210821
0.210964
0.211115
0.211241
0.211295
0.211438
0.211555
0.211605
0.211727
0.211846
0.211945
0.211991
0.212106
0.21219
0.21223
0.212322
0.212406
0.21247
0.212505
0.212579
0.212606
0.212631
0.212657
0.212664
0.212641
0.212651
0.212636
0.212586
0.212539
0.212538
0.212495
0.212422
0.21242
0.212375
0.212324
0.212278
0.212286
0.212285
0.212284
0.212327
0.212361
0.212473
0.212595
0.212664
0.212853
0.213118
0.213397
0.213512
0.213867
0.214286
0.214704
0.214857
0.215338
0.215831
0.216289
0.216447
0.216928
0.217354
0.217741
0.217879
0.21828
0.218598
0.21889
0.218998
0.219285
0.21947
0.219562
0.219709
0.219853
0.219879
0.219927
0.219918
0.219891
0.219744
0.219744
0.219567
0.219324
0.218901
0.218818
0.218345
0.21778
0.217109
0.216975
0.216378
0.215789
0.215427
0.215411
0.215418
0.215684
0.217144
0.219418
0.220132
0.222844
0.2281
0.234252
0.236081
0.241366
0.249572
0.257732
0.260161
0.264132
0.268758
0.272553
0.273956
0.271323
0.267984
0.266279
0.266664
0.260296
0.252758
0.249298
0.249282
0.244924
0.241224
0.24066
0.241162
0.241674
0.243533
0.24893
0.258952
0.262777
0.281253
0.316037
0.373902
0.394994
0.479026
0.600097
0.763268
0.942924
0.999632
1.20519
1.42446
1.62602
1.68599
0.207951
0.208101
0.208251
0.208305
0.208449
0.208591
0.208637
0.208777
0.20891
0.209034
0.209088
0.209207
0.209327
0.20937
0.209485
0.209593
0.209688
0.209739
0.209831
0.209923
0.209959
0.210046
0.210124
0.210186
0.210231
0.210284
0.21033
0.210348
0.210384
0.210394
0.210389
0.210411
0.210396
0.210375
0.21033
0.210357
0.210318
0.210284
0.210288
0.210265
0.210237
0.210217
0.210241
0.210247
0.210281
0.210326
0.210384
0.210481
0.210624
0.210678
0.210875
0.211105
0.211378
0.211478
0.211802
0.212169
0.212549
0.212689
0.213102
0.213539
0.213936
0.214091
0.214485
0.214873
0.215191
0.215342
0.215658
0.215965
0.216188
0.216328
0.216544
0.216744
0.216784
0.21697
0.217063
0.217124
0.217126
0.21717
0.217106
0.217003
0.216959
0.216841
0.216562
0.216192
0.216065
0.215654
0.215048
0.214377
0.214166
0.213541
0.212769
0.212069
0.211442
0.211392
0.210985
0.211036
0.211403
0.21173
0.212643
0.214412
0.216517
0.217447
0.219982
0.223236
0.226345
0.227611
0.230208
0.232293
0.233774
0.234521
0.23484
0.234129
0.233753
0.233953
0.233107
0.231304
0.230629
0.230628
0.230503
0.230326
0.231168
0.23244
0.233237
0.235623
0.239679
0.246234
0.248662
0.261274
0.283718
0.321568
0.33408
0.394281
0.479778
0.599841
0.733555
0.783426
0.95161
1.14028
1.31422
1.37091
0.207555
0.207699
0.207855
0.207909
0.208038
0.208179
0.208249
0.208361
0.208489
0.20863
0.208669
0.208778
0.2089
0.20896
0.209049
0.209154
0.209275
0.209303
0.209386
0.209483
0.209537
0.209596
0.209671
0.209764
0.209783
0.209828
0.209877
0.209926
0.209927
0.209935
0.209958
0.20997
0.209942
0.209924
0.209935
0.209912
0.209871
0.209852
0.209877
0.209825
0.209799
0.209814
0.209824
0.209817
0.209854
0.209955
0.209964
0.210054
0.210202
0.210295
0.210443
0.210664
0.210952
0.211063
0.211345
0.211698
0.212109
0.212232
0.212607
0.213028
0.213476
0.213585
0.213947
0.214322
0.214715
0.214791
0.215083
0.215383
0.215705
0.215743
0.215943
0.216144
0.216292
0.216366
0.216446
0.216517
0.216627
0.216558
0.216484
0.216396
0.216464
0.216227
0.215937
0.215586
0.215585
0.215047
0.21443
0.213775
0.213708
0.212931
0.212125
0.211393
0.210865
0.210649
0.210124
0.209988
0.210376
0.210432
0.211013
0.21231
0.214371
0.214873
0.216752
0.219366
0.22255
0.22341
0.225136
0.227023
0.228985
0.229771
0.229403
0.229301
0.229602
0.230338
0.229052
0.228115
0.227997
0.228681
0.228248
0.228468
0.229544
0.231332
0.231835
0.234086
0.237885
0.244289
0.246555
0.257501
0.277726
0.312509
0.325859
0.377839
0.456092
0.566595
0.703592
0.739946
0.895109
1.07321
1.25911
1.30924
0.205549
0.205679
0.205825
0.205874
0.20599
0.20613
0.206182
0.20629
0.206413
0.206533
0.206574
0.206668
0.206793
0.206837
0.206927
0.207032
0.207127
0.207163
0.207236
0.207337
0.207374
0.20744
0.20752
0.207589
0.207617
0.207656
0.207718
0.207742
0.207765
0.207786
0.207804
0.207817
0.207807
0.207811
0.207803
0.207809
0.207787
0.207785
0.207795
0.20778
0.207779
0.207793
0.20781
0.207827
0.207887
0.207957
0.207995
0.208089
0.208237
0.2083
0.208461
0.208673
0.20892
0.209013
0.209278
0.209606
0.209937
0.210056
0.210394
0.210778
0.211123
0.211245
0.211567
0.211907
0.212192
0.212299
0.212556
0.212834
0.213051
0.21314
0.213316
0.21351
0.213579
0.213701
0.213779
0.213848
0.213879
0.213876
0.213811
0.213721
0.213706
0.213545
0.213272
0.21292
0.212826
0.212389
0.211803
0.211153
0.210973
0.210286
0.209441
0.208627
0.20785
0.207638
0.206768
0.206218
0.205823
0.205747
0.205316
0.205575
0.206034
0.206218
0.206455
0.207615
0.208921
0.209346
0.209955
0.211128
0.212597
0.213078
0.213566
0.214235
0.215772
0.216309
0.216999
0.21745
0.219056
0.219589
0.220699
0.221807
0.223776
0.225618
0.226274
0.228378
0.231433
0.235654
0.237193
0.244092
0.256553
0.278838
0.286966
0.320997
0.36891
0.450363
0.543346
0.574976
0.688948
0.838876
0.983919
1.02973
0.203629
0.203762
0.203875
0.203914
0.204047
0.20416
0.20418
0.204315
0.204429
0.204517
0.204564
0.204678
0.204766
0.204789
0.204905
0.204997
0.20506
0.205112
0.205204
0.205269
0.20529
0.205388
0.205455
0.205489
0.205537
0.2056
0.205629
0.205633
0.205694
0.205718
0.205708
0.205737
0.205763
0.205755
0.205717
0.205771
0.205777
0.205755
0.205761
0.205793
0.205801
0.205792
0.20583
0.205886
0.205932
0.205967
0.206044
0.206157
0.206268
0.206295
0.206494
0.20669
0.206882
0.206952
0.207235
0.207515
0.207774
0.207884
0.208225
0.208542
0.208804
0.208938
0.209262
0.209531
0.209731
0.209872
0.210137
0.210342
0.210472
0.210619
0.210815
0.21094
0.210933
0.211125
0.211224
0.211233
0.211197
0.21127
0.211229
0.211084
0.211006
0.210919
0.210668
0.210274
0.210124
0.209778
0.209243
0.208565
0.208333
0.207737
0.206959
0.206073
0.205141
0.205035
0.204204
0.203362
0.202576
0.202528
0.202009
0.201565
0.201242
0.201343
0.201443
0.201642
0.201915
0.202178
0.202928
0.203675
0.204427
0.204767
0.206005
0.207253
0.208513
0.208903
0.21053
0.212041
0.213548
0.213913
0.215741
0.217575
0.2194
0.221118
0.221818
0.223957
0.226272
0.229041
0.230029
0.235021
0.243034
0.256006
0.260052
0.283271
0.317865
0.366922
0.42711
0.451721
0.542272
0.647525
0.753295
0.790003
0.203254
0.203378
0.203497
0.20354
0.203656
0.203768
0.203814
0.203918
0.204027
0.20413
0.204167
0.204267
0.204361
0.204402
0.20449
0.20458
0.204666
0.204697
0.204779
0.204853
0.204889
0.204957
0.205024
0.205087
0.20511
0.205162
0.2052
0.205229
0.205255
0.205278
0.205295
0.20531
0.205321
0.205321
0.205334
0.205336
0.205338
0.205335
0.205355
0.205357
0.205368
0.205394
0.205412
0.205453
0.205504
0.205588
0.205616
0.20572
0.205841
0.205906
0.206049
0.206238
0.206448
0.206532
0.206767
0.207038
0.207324
0.207424
0.207723
0.208032
0.20834
0.208435
0.208726
0.208994
0.209258
0.209333
0.209572
0.209782
0.209998
0.210051
0.210228
0.210365
0.210454
0.210537
0.210622
0.210649
0.210706
0.210669
0.210616
0.210493
0.210508
0.210307
0.210047
0.20968
0.209629
0.209169
0.208626
0.207982
0.207857
0.207146
0.206358
0.205499
0.20471
0.204456
0.203588
0.202747
0.202077
0.201884
0.201246
0.200759
0.200535
0.200493
0.200362
0.200489
0.200897
0.201061
0.201494
0.202223
0.203202
0.203569
0.204506
0.205808
0.207314
0.207876
0.209228
0.210798
0.212492
0.213144
0.214714
0.216529
0.218423
0.220351
0.220898
0.222844
0.225058
0.227846
0.228811
0.232899
0.239926
0.25183
0.256557
0.275415
0.305224
0.350076
0.40957
0.42751
0.505378
0.603662
0.712703
0.745628
0.201347
0.201447
0.201569
0.201609
0.201698
0.201813
0.201858
0.201944
0.202039
0.202143
0.202177
0.202252
0.202355
0.202393
0.202462
0.202546
0.202632
0.202661
0.20272
0.202808
0.20284
0.202893
0.202956
0.203019
0.203041
0.20307
0.203126
0.203149
0.20317
0.20319
0.203224
0.203239
0.203234
0.203259
0.203271
0.203282
0.203275
0.203305
0.203321
0.203323
0.203344
0.203386
0.203409
0.203433
0.203506
0.203581
0.203617
0.203693
0.203831
0.203885
0.204014
0.204172
0.204379
0.204452
0.204645
0.204886
0.205145
0.205236
0.205473
0.205763
0.206028
0.206124
0.206349
0.206615
0.206831
0.206914
0.207087
0.207309
0.207471
0.207543
0.207661
0.207824
0.207874
0.207968
0.208002
0.208062
0.208078
0.208061
0.207961
0.207873
0.207843
0.207667
0.207364
0.207048
0.206948
0.206545
0.205982
0.205411
0.205234
0.204606
0.203808
0.203024
0.202218
0.202002
0.201094
0.200274
0.199507
0.199321
0.198536
0.197936
0.19748
0.1974
0.197006
0.196915
0.197043
0.197141
0.197375
0.197965
0.198852
0.199165
0.200153
0.201466
0.203085
0.203581
0.205118
0.206751
0.208656
0.209219
0.210962
0.212738
0.214694
0.216413
0.216982
0.218657
0.220515
0.222482
0.223156
0.225754
0.229828
0.236943
0.239496
0.25067
0.266746
0.295533
0.330966
0.343567
0.390168
0.460709
0.535815
0.560367
0.199634
0.199747
0.199829
0.199855
0.199974
0.20006
0.20006
0.200184
0.200279
0.200335
0.200377
0.20048
0.200542
0.200549
0.200661
0.200735
0.20077
0.200822
0.200908
0.200951
0.200957
0.201053
0.201106
0.201111
0.201159
0.201222
0.201234
0.201223
0.201298
0.201325
0.201302
0.201333
0.201381
0.201378
0.201335
0.201406
0.201437
0.201416
0.201415
0.201482
0.201506
0.20149
0.201533
0.201615
0.201655
0.201666
0.201754
0.201869
0.201943
0.201944
0.202134
0.202298
0.202419
0.202462
0.20271
0.20292
0.20308
0.203164
0.203452
0.20368
0.203842
0.203958
0.204238
0.20443
0.204541
0.204678
0.204907
0.205036
0.20509
0.20524
0.205415
0.205478
0.205428
0.205615
0.205705
0.205658
0.205586
0.205664
0.205623
0.205422
0.20531
0.205231
0.204998
0.204583
0.204414
0.204122
0.203657
0.203006
0.20277
0.202261
0.201587
0.200743
0.199834
0.199772
0.198998
0.198108
0.197214
0.197147
0.196476
0.195758
0.195108
0.195087
0.19479
0.194538
0.194407
0.194496
0.194851
0.195336
0.19596
0.196198
0.197366
0.198701
0.200071
0.200422
0.202165
0.203935
0.205594
0.205926
0.207841
0.209742
0.21141
0.212848
0.213428
0.215161
0.216624
0.2179
0.218363
0.220475
0.223111
0.226729
0.227711
0.235017
0.246004
0.260804
0.279926
0.288759
0.32355
0.364622
0.40824
0.424311
0.199249
0.199349
0.199441
0.199474
0.19957
0.199657
0.19969
0.199776
0.199864
0.19994
0.199971
0.200056
0.200128
0.200157
0.200232
0.200306
0.20037
0.200398
0.200468
0.200525
0.20055
0.200609
0.20066
0.200701
0.200721
0.200766
0.200793
0.200811
0.200841
0.200867
0.20088
0.200893
0.200918
0.200926
0.200941
0.200951
0.200972
0.200978
0.200994
0.201018
0.201045
0.201074
0.201094
0.201147
0.201198
0.201267
0.201297
0.201393
0.201487
0.201537
0.201657
0.201809
0.201959
0.202024
0.202206
0.20241
0.202611
0.202687
0.202915
0.203145
0.203364
0.203441
0.203673
0.203875
0.204064
0.204129
0.204318
0.204468
0.204615
0.204664
0.204806
0.204897
0.204952
0.205017
0.205078
0.205068
0.205093
0.205048
0.204981
0.204823
0.204804
0.204602
0.204344
0.203982
0.203906
0.203495
0.20301
0.202418
0.202278
0.201658
0.200962
0.200178
0.199442
0.199211
0.198404
0.197565
0.19683
0.19662
0.195893
0.195209
0.194693
0.19457
0.19417
0.193933
0.193921
0.193964
0.194163
0.194646
0.195382
0.195657
0.196624
0.197938
0.199407
0.199891
0.201399
0.203122
0.204853
0.205428
0.207062
0.208849
0.210554
0.212149
0.21261
0.21412
0.215565
0.216976
0.217437
0.21901
0.221241
0.224676
0.226072
0.23139
0.239878
0.253432
0.272085
0.2779
0.303779
0.341361
0.386098
0.400206
0.197542
0.197622
0.197712
0.197744
0.197816
0.197901
0.197934
0.198004
0.198078
0.198157
0.198184
0.198245
0.198322
0.19835
0.198407
0.198473
0.198538
0.198562
0.198609
0.19867
0.198693
0.198731
0.198773
0.198817
0.198833
0.198856
0.198895
0.198911
0.19893
0.198948
0.198975
0.198988
0.198993
0.199015
0.199031
0.199043
0.199049
0.199079
0.199095
0.199108
0.199135
0.199178
0.1992
0.199229
0.199292
0.199356
0.199388
0.199455
0.199563
0.199604
0.199707
0.199827
0.199982
0.200037
0.200181
0.200357
0.200548
0.200616
0.200791
0.201002
0.201202
0.201276
0.201451
0.201654
0.201823
0.201891
0.202028
0.202191
0.202308
0.202366
0.202452
0.202563
0.202594
0.202658
0.202665
0.202679
0.202677
0.202636
0.202514
0.202387
0.202342
0.202153
0.201856
0.201545
0.201445
0.201072
0.200565
0.200048
0.199887
0.19933
0.198631
0.197936
0.197215
0.197029
0.196231
0.195477
0.194756
0.194583
0.193857
0.193225
0.192701
0.192596
0.192171
0.191931
0.191876
0.191915
0.192064
0.192487
0.193161
0.193403
0.194311
0.195517
0.196935
0.197364
0.198834
0.200422
0.202117
0.202596
0.204186
0.205782
0.20742
0.208826
0.209281
0.210577
0.211844
0.212943
0.213296
0.214387
0.215664
0.217572
0.218229
0.221107
0.225212
0.232576
0.242012
0.245489
0.258779
0.280477
0.306047
0.314451
0.197194
0.197266
0.197366
0.197396
0.197453
0.197539
0.197593
0.197636
0.197706
0.197805
0.197816
0.197865
0.197947
0.197991
0.198023
0.198084
0.198177
0.198176
0.19821
0.198279
0.19832
0.198327
0.198365
0.198441
0.198434
0.19844
0.198487
0.198534
0.198513
0.198525
0.198581
0.198587
0.198567
0.198593
0.198663
0.198625
0.198619
0.198667
0.198706
0.198679
0.198701
0.198784
0.19879
0.198792
0.198858
0.198983
0.19896
0.199008
0.199129
0.199212
0.199258
0.199364
0.199549
0.199616
0.19971
0.199874
0.200114
0.200163
0.200293
0.200496
0.200767
0.200791
0.200925
0.201131
0.201388
0.201381
0.201483
0.201657
0.201877
0.201837
0.201892
0.202018
0.202151
0.202111
0.202083
0.202119
0.202226
0.202069
0.201915
0.201817
0.20189
0.201579
0.201251
0.200973
0.201009
0.200505
0.19997
0.199489
0.199483
0.198791
0.198063
0.197402
0.196797
0.196532
0.195704
0.194979
0.194365
0.194138
0.19337
0.192755
0.192327
0.192186
0.191707
0.191465
0.191494
0.191509
0.191586
0.191985
0.19273
0.192966
0.193774
0.194931
0.196406
0.196871
0.19822
0.19975
0.201474
0.202073
0.203505
0.205006
0.206634
0.208253
0.208541
0.20968
0.210893
0.212178
0.212492
0.213303
0.214402
0.216252
0.217063
0.219163
0.222639
0.228904
0.238467
0.240233
0.251451
0.269486
0.294881
0.301431
0.195747
0.195826
0.195891
0.195917
0.19599
0.196056
0.196081
0.196145
0.196213
0.196269
0.196292
0.196357
0.19641
0.196431
0.196487
0.19654
0.196582
0.196601
0.196651
0.196683
0.196699
0.196737
0.19677
0.196792
0.196805
0.196839
0.196851
0.196863
0.196885
0.196905
0.196912
0.196922
0.196944
0.196951
0.196964
0.196973
0.196996
0.197003
0.197016
0.197042
0.197069
0.197094
0.197111
0.197159
0.197202
0.197256
0.19728
0.19736
0.197431
0.197467
0.197558
0.197675
0.197784
0.197831
0.197965
0.198115
0.198261
0.198315
0.198485
0.198652
0.198815
0.198871
0.199051
0.199206
0.199354
0.199405
0.19956
0.199674
0.199785
0.19982
0.199928
0.199981
0.200016
0.200044
0.200066
0.200021
0.200027
0.199955
0.199859
0.19968
0.199648
0.199441
0.199188
0.198844
0.198766
0.198391
0.197954
0.197425
0.197296
0.196754
0.196147
0.195462
0.194825
0.194623
0.193927
0.193197
0.192553
0.192368
0.191728
0.191111
0.190633
0.190515
0.190136
0.189883
0.189817
0.189835
0.189967
0.190333
0.190916
0.191132
0.191944
0.193062
0.194327
0.19474
0.196083
0.197618
0.199124
0.199607
0.201012
0.202533
0.203949
0.20524
0.205606
0.206782
0.207822
0.208695
0.20896
0.209686
0.210412
0.211218
0.211577
0.21263
0.214312
0.217173
0.221282
0.222518
0.228181
0.237697
0.24998
0.253816
0.19431
0.194369
0.194437
0.19446
0.194515
0.194577
0.1946
0.194653
0.194707
0.194764
0.194783
0.194826
0.194878
0.194896
0.194935
0.194975
0.195014
0.195029
0.195055
0.195091
0.195105
0.195125
0.19515
0.195174
0.195186
0.195196
0.195219
0.195229
0.195239
0.195249
0.195267
0.195276
0.195277
0.195294
0.195304
0.195315
0.19532
0.195344
0.195356
0.195369
0.195392
0.195425
0.195442
0.195467
0.195517
0.195565
0.195591
0.195642
0.195723
0.195752
0.19583
0.195918
0.196031
0.196071
0.196176
0.196302
0.196441
0.196491
0.196617
0.196772
0.196917
0.196974
0.197104
0.197259
0.197386
0.197442
0.197548
0.197677
0.197761
0.197808
0.197868
0.197939
0.19795
0.197981
0.197953
0.197931
0.197915
0.197852
0.197713
0.197568
0.197516
0.197327
0.197044
0.196749
0.196652
0.196314
0.195861
0.195399
0.195253
0.194769
0.194163
0.19356
0.192934
0.19278
0.192099
0.191452
0.190829
0.190685
0.190064
0.189514
0.189052
0.188961
0.18859
0.188362
0.188286
0.18831
0.188416
0.188742
0.189272
0.189461
0.190208
0.191207
0.192397
0.19275
0.194033
0.195425
0.19688
0.197273
0.198634
0.199982
0.201336
0.202472
0.202837
0.203862
0.204801
0.205512
0.205731
0.206293
0.206701
0.207069
0.207178
0.207591
0.20802
0.209139
0.210576
0.211271
0.21355
0.218001
0.223658
0.225603
0.194008
0.194059
0.194136
0.194159
0.194198
0.194261
0.194306
0.194332
0.194379
0.194456
0.194461
0.194489
0.194547
0.194582
0.194592
0.194628
0.194695
0.194688
0.194699
0.194745
0.194776
0.194766
0.194786
0.194842
0.194832
0.194825
0.194857
0.194896
0.194868
0.194871
0.194917
0.194918
0.194895
0.194916
0.194977
0.194939
0.194932
0.194974
0.195007
0.19498
0.194998
0.19507
0.195072
0.195068
0.195122
0.195229
0.195201
0.195232
0.195329
0.1954
0.195421
0.195494
0.195639
0.195691
0.195746
0.195863
0.19605
0.196084
0.196165
0.196316
0.196529
0.196539
0.196628
0.196787
0.196999
0.196982
0.197053
0.197193
0.197375
0.197329
0.197355
0.197445
0.197557
0.197484
0.197425
0.197431
0.197517
0.197345
0.197175
0.197063
0.197119
0.196818
0.196505
0.196247
0.196272
0.195815
0.195335
0.194911
0.194903
0.194296
0.193663
0.193097
0.192581
0.192348
0.191638
0.191023
0.190502
0.190302
0.189644
0.189117
0.188747
0.188619
0.1882
0.18798
0.187984
0.187987
0.188028
0.188336
0.188932
0.189118
0.189771
0.190724
0.191964
0.192353
0.193513
0.194845
0.196336
0.196842
0.198054
0.19931
0.200667
0.201993
0.202212
0.203092
0.204
0.204893
0.205087
0.205425
0.205747
0.206212
0.206472
0.206484
0.206657
0.20755
0.209222
0.209291
0.210839
0.214345
0.220113
0.221519
0.192787
0.192844
0.19289
0.192908
0.192962
0.193006
0.193022
0.193066
0.19311
0.193144
0.193157
0.193198
0.193226
0.193238
0.19327
0.193297
0.193317
0.193327
0.193354
0.193367
0.193376
0.193395
0.193411
0.193418
0.193425
0.193442
0.193444
0.193451
0.193459
0.193467
0.193468
0.193473
0.193486
0.193487
0.193495
0.1935
0.193515
0.193517
0.193527
0.193544
0.193564
0.193582
0.193593
0.193629
0.193659
0.1937
0.193715
0.193775
0.193823
0.193852
0.193915
0.194
0.194076
0.19411
0.194206
0.194313
0.194415
0.194453
0.194575
0.194695
0.194813
0.194852
0.194984
0.195095
0.195209
0.195242
0.195359
0.19544
0.195524
0.195546
0.19562
0.195642
0.195667
0.195661
0.195654
0.195588
0.195589
0.195497
0.195387
0.195206
0.195174
0.194969
0.19473
0.194413
0.194343
0.194001
0.193611
0.193146
0.193036
0.192559
0.192034
0.191448
0.190905
0.19073
0.190139
0.18952
0.188977
0.188819
0.188279
0.187757
0.187353
0.187251
0.186929
0.186707
0.186642
0.186652
0.186746
0.187029
0.187493
0.187663
0.188314
0.189221
0.190268
0.190608
0.191742
0.193065
0.194363
0.194771
0.195963
0.19724
0.198413
0.199474
0.199758
0.200688
0.201466
0.202068
0.202238
0.202619
0.202834
0.202848
0.202907
0.202736
0.202512
0.202324
0.20243
0.20244
0.202729
0.203882
0.205894
0.206569
0.191568
0.191606
0.191653
0.191667
0.191698
0.191738
0.191753
0.19178
0.191808
0.191841
0.191851
0.191866
0.191896
0.191907
0.191919
0.191937
0.191957
0.191964
0.191969
0.191987
0.191995
0.191997
0.192004
0.192015
0.19202
0.192014
0.192025
0.192031
0.192028
0.192026
0.192035
0.192039
0.19203
0.19204
0.192043
0.192048
0.192043
0.192062
0.192069
0.192072
0.192085
0.192111
0.192121
0.192132
0.192169
0.192204
0.19222
0.192249
0.192311
0.192332
0.192383
0.19244
0.192525
0.192552
0.192621
0.192711
0.19281
0.192845
0.192928
0.193039
0.193145
0.193183
0.193268
0.193384
0.193476
0.193514
0.193583
0.19368
0.193737
0.193768
0.193795
0.193838
0.193842
0.193843
0.193794
0.19376
0.193739
0.193661
0.193513
0.193373
0.193322
0.19314
0.192874
0.19261
0.192522
0.192218
0.191814
0.191415
0.191287
0.190865
0.190339
0.189828
0.189302
0.189166
0.188585
0.188044
0.187524
0.187398
0.186874
0.186419
0.186037
0.185957
0.185644
0.185453
0.185386
0.1854
0.185476
0.185732
0.186156
0.186304
0.186898
0.187704
0.188678
0.188967
0.190031
0.191212
0.19247
0.192806
0.193958
0.195088
0.196221
0.197149
0.197438
0.198244
0.198959
0.199447
0.199589
0.199881
0.199939
0.199814
0.199762
0.199428
0.198775
0.198174
0.197517
0.197446
0.196799
0.196774
0.197085
0.197325
0.190504
0.190545
0.190563
0.190569
0.190612
0.190632
0.190618
0.190664
0.190688
0.190684
0.1907
0.190729
0.190729
0.190721
0.190756
0.190764
0.190744
0.190767
0.190785
0.190772
0.190762
0.190791
0.19079
0.190758
0.190781
0.190795
0.190776
0.190757
0.190786
0.190784
0.19075
0.190763
0.190784
0.19077
0.190728
0.190771
0.190785
0.190762
0.190753
0.190793
0.190803
0.190778
0.1908
0.190846
0.190856
0.190836
0.19089
0.190943
0.190959
0.190941
0.191036
0.191099
0.191124
0.191133
0.191244
0.19132
0.191352
0.191387
0.191511
0.19159
0.191622
0.191681
0.191806
0.191874
0.19189
0.191966
0.192075
0.192114
0.192094
0.19218
0.192247
0.192225
0.192164
0.192227
0.192222
0.192121
0.192044
0.192031
0.191935
0.19173
0.191629
0.191521
0.191315
0.190995
0.190863
0.190638
0.19031
0.189867
0.189698
0.189363
0.188927
0.188389
0.187817
0.187771
0.187292
0.186738
0.186183
0.186129
0.185705
0.185247
0.184828
0.184795
0.184568
0.184368
0.184245
0.184269
0.184403
0.184629
0.184952
0.185065
0.185685
0.186438
0.187255
0.187457
0.18853
0.18968
0.190764
0.190966
0.192155
0.19331
0.19427
0.195029
0.195331
0.196193
0.196775
0.19706
0.197173
0.197528
0.197517
0.197117
0.196964
0.196631
0.195941
0.194885
0.193725
0.193719
0.192954
0.192088
0.19131
0.191358
0.190251
0.190282
0.190307
0.190317
0.190342
0.190362
0.190372
0.190389
0.190406
0.19042
0.190426
0.190439
0.190448
0.190455
0.190461
0.190467
0.190474
0.190475
0.190479
0.190478
0.190483
0.190481
0.190478
0.190478
0.190477
0.190474
0.190467
0.190472
0.190465
0.190459
0.190455
0.190455
0.190452
0.190445
0.19045
0.190445
0.190446
0.190445
0.190452
0.190453
0.19046
0.190472
0.190478
0.190495
0.190512
0.190545
0.190548
0.190583
0.190616
0.19064
0.190676
0.190728
0.190783
0.190807
0.190866
0.190937
0.191012
0.191037
0.191115
0.191195
0.191285
0.191306
0.191391
0.191468
0.191555
0.191569
0.191643
0.191698
0.191762
0.191763
0.1918
0.191803
0.191829
0.191796
0.191765
0.191696
0.191701
0.191593
0.191473
0.191308
0.191287
0.191084
0.190856
0.190581
0.190529
0.190212
0.189864
0.189468
0.189386
0.188961
0.188505
0.188011
0.187562
0.187406
0.186902
0.186388
0.185943
0.185806
0.185351
0.184923
0.184598
0.18451
0.18424
0.184057
0.184007
0.184012
0.184077
0.184301
0.184679
0.184811
0.185326
0.18605
0.186906
0.187183
0.188106
0.189202
0.190317
0.190674
0.191682
0.192752
0.193733
0.194623
0.194833
0.195557
0.196139
0.196567
0.196672
0.196826
0.196783
0.196508
0.19647
0.195871
0.195067
0.194089
0.193189
0.192879
0.191813
0.190908
0.1904
0.190317
0.1892
0.189213
0.189237
0.189243
0.189249
0.189266
0.189273
0.189279
0.189284
0.189295
0.189297
0.189292
0.189301
0.189304
0.189299
0.189297
0.189299
0.189298
0.189284
0.189287
0.189288
0.189275
0.189267
0.189265
0.189261
0.189242
0.189242
0.189242
0.189227
0.189213
0.189212
0.18921
0.189191
0.18919
0.189186
0.189183
0.189169
0.189176
0.189179
0.189171
0.189173
0.189184
0.189188
0.189186
0.189209
0.189229
0.189236
0.189247
0.18929
0.189303
0.189332
0.189367
0.189422
0.18944
0.189482
0.18954
0.189607
0.189629
0.18968
0.189757
0.189827
0.189851
0.189903
0.189983
0.190045
0.190067
0.190104
0.190168
0.190203
0.190218
0.19022
0.190239
0.190241
0.190223
0.190162
0.190116
0.190097
0.190009
0.189867
0.189731
0.189687
0.189514
0.189272
0.189036
0.188962
0.188688
0.188335
0.187989
0.187885
0.187516
0.187067
0.186634
0.186198
0.186074
0.185585
0.185133
0.184709
0.184597
0.184165
0.18379
0.183482
0.183412
0.183154
0.182998
0.182946
0.182953
0.18301
0.183217
0.183557
0.183675
0.184145
0.184796
0.185582
0.185819
0.186675
0.187654
0.18871
0.189005
0.189971
0.190939
0.191881
0.192648
0.192869
0.193507
0.194038
0.194357
0.19444
0.194543
0.19441
0.19404
0.193924
0.193299
0.192342
0.191303
0.19018
0.189901
0.188603
0.187483
0.186542
0.186367
0.188231
0.188243
0.188247
0.188248
0.188258
0.188259
0.188252
0.188262
0.188261
0.188252
0.188256
0.188254
0.188244
0.188238
0.188239
0.188229
0.188209
0.188215
0.188206
0.188189
0.188181
0.188177
0.188162
0.188136
0.188141
0.18813
0.18811
0.188099
0.188095
0.188079
0.188055
0.188057
0.188049
0.188033
0.188004
0.18802
0.188013
0.187998
0.187992
0.187998
0.187995
0.187982
0.18799
0.188
0.188005
0.187997
0.188021
0.18804
0.188056
0.188051
0.188095
0.188127
0.188153
0.188161
0.188216
0.188261
0.188294
0.188315
0.188379
0.188433
0.188466
0.188498
0.188561
0.188612
0.188634
0.188674
0.188723
0.188755
0.188748
0.188789
0.188804
0.188792
0.18876
0.188771
0.188729
0.188653
0.188605
0.18855
0.188431
0.188273
0.188203
0.188068
0.187859
0.187607
0.187511
0.187284
0.186974
0.186624
0.186499
0.186185
0.18579
0.185364
0.184916
0.184843
0.184417
0.18398
0.183549
0.18348
0.183107
0.18275
0.182434
0.182391
0.182181
0.18203
0.181954
0.181968
0.182051
0.182234
0.182517
0.182614
0.18308
0.183674
0.184361
0.184542
0.185372
0.186283
0.187217
0.187424
0.188382
0.189314
0.190155
0.190807
0.191035
0.191656
0.192096
0.19229
0.192353
0.192451
0.192245
0.191747
0.191577
0.190972
0.190019
0.188857
0.187577
0.187375
0.186105
0.184807
0.183597
0.183405
0.188011
0.188013
0.188025
0.188029
0.188023
0.188025
0.188039
0.188024
0.188018
0.188024
0.188018
0.188003
0.188
0.188009
0.187984
0.187972
0.187975
0.187962
0.187941
0.187933
0.187941
0.187909
0.187891
0.187892
0.187878
0.187851
0.187841
0.187853
0.187816
0.187796
0.187796
0.187789
0.187759
0.187749
0.187761
0.187736
0.187716
0.187719
0.18773
0.1877
0.187694
0.187712
0.187707
0.187692
0.187702
0.187741
0.187721
0.187723
0.187753
0.187785
0.187779
0.1878
0.187853
0.187874
0.187885
0.187925
0.187997
0.188008
0.188032
0.188087
0.188172
0.18817
0.188199
0.188258
0.188344
0.188328
0.188348
0.188393
0.188462
0.188428
0.188417
0.188425
0.188473
0.188399
0.188333
0.188284
0.188313
0.188172
0.188033
0.187906
0.187914
0.187693
0.187465
0.187246
0.187233
0.18692
0.186592
0.186277
0.186242
0.185843
0.185429
0.185036
0.184683
0.184531
0.184084
0.183675
0.183333
0.183204
0.182804
0.182468
0.182229
0.182149
0.181902
0.18176
0.181749
0.181746
0.181775
0.181953
0.182288
0.182392
0.182779
0.183348
0.18407
0.1843
0.185017
0.18588
0.186836
0.187157
0.187972
0.188831
0.189685
0.190471
0.190603
0.191111
0.191541
0.191868
0.19192
0.191849
0.191609
0.191228
0.191168
0.190353
0.189338
0.188255
0.18719
0.186793
0.185396
0.184117
0.183109
0.182858
0.187114
0.187117
0.187108
0.187107
0.187106
0.187094
0.187092
0.187085
0.187075
0.187059
0.187055
0.187047
0.187025
0.18702
0.187008
0.186989
0.186967
0.186961
0.186948
0.18692
0.186914
0.186897
0.186873
0.186849
0.186842
0.186827
0.186797
0.186791
0.186772
0.186751
0.186725
0.186719
0.186706
0.18668
0.186664
0.186658
0.186648
0.186626
0.186623
0.186615
0.186605
0.186594
0.186593
0.186596
0.186589
0.186592
0.186592
0.186607
0.186609
0.186617
0.186631
0.186657
0.186673
0.186683
0.186714
0.186747
0.186777
0.186788
0.186832
0.186868
0.186908
0.186918
0.186967
0.186997
0.187034
0.187041
0.187082
0.187094
0.187112
0.187111
0.187123
0.187096
0.1871
0.187064
0.187024
0.186941
0.186927
0.186831
0.186724
0.186567
0.186534
0.186366
0.186177
0.185938
0.185881
0.18563
0.185352
0.185024
0.184944
0.184618
0.184263
0.183869
0.183512
0.183396
0.183014
0.182614
0.18227
0.182169
0.181833
0.181508
0.181262
0.181199
0.181003
0.180866
0.180827
0.18083
0.180884
0.18105
0.181322
0.181416
0.181794
0.182327
0.182945
0.18314
0.18382
0.184639
0.185467
0.185722
0.1865
0.187341
0.188087
0.18873
0.188889
0.189404
0.189754
0.18993
0.189966
0.189914
0.189642
0.189129
0.189001
0.188251
0.187286
0.186115
0.184958
0.184619
0.183298
0.181956
0.18081
0.180549
0.186224
0.186209
0.186203
0.186201
0.186182
0.18617
0.186167
0.186149
0.186127
0.186114
0.186107
0.186079
0.186063
0.186057
0.18603
0.186004
0.185984
0.185976
0.185942
0.185923
0.185916
0.185884
0.185856
0.185834
0.185825
0.185789
0.185769
0.185761
0.185731
0.1857
0.185682
0.185675
0.185641
0.185623
0.185601
0.185595
0.185566
0.185555
0.185551
0.185529
0.185513
0.185507
0.185505
0.185485
0.185487
0.185483
0.185484
0.185473
0.185489
0.185491
0.185497
0.185501
0.185528
0.185533
0.185546
0.185569
0.1856
0.185609
0.185626
0.185662
0.185694
0.185706
0.185721
0.185761
0.185784
0.185796
0.185799
0.185828
0.185829
0.185836
0.185812
0.185809
0.185798
0.185769
0.185698
0.185644
0.185617
0.185533
0.185398
0.185277
0.18523
0.185082
0.184873
0.184676
0.184607
0.184386
0.184094
0.183818
0.183727
0.183439
0.18308
0.182742
0.182395
0.182306
0.181927
0.181584
0.181254
0.181176
0.180848
0.180571
0.180337
0.180289
0.180099
0.179987
0.179947
0.179954
0.180001
0.180155
0.180404
0.180486
0.180836
0.181307
0.181879
0.18204
0.182671
0.18338
0.184159
0.184358
0.185091
0.185812
0.186526
0.187073
0.187236
0.187666
0.187974
0.188073
0.188094
0.188006
0.187672
0.187145
0.18698
0.186262
0.18524
0.184132
0.182932
0.182648
0.181311
0.180021
0.178838
0.178588
0.185409
0.185397
0.185371
0.185366
0.185353
0.185328
0.185311
0.185301
0.185277
0.18524
0.185239
0.185217
0.185183
0.185167
0.185151
0.18512
0.185074
0.185076
0.185051
0.18501
0.184994
0.184976
0.184942
0.184893
0.184896
0.18487
0.18483
0.184808
0.184794
0.184764
0.184717
0.184715
0.184697
0.184663
0.184612
0.184628
0.184609
0.184572
0.184558
0.184555
0.184535
0.184499
0.184503
0.184502
0.184485
0.184449
0.184471
0.184475
0.184461
0.184443
0.184471
0.184479
0.18447
0.184466
0.184502
0.184516
0.184509
0.18452
0.18456
0.184577
0.184569
0.184593
0.184631
0.184643
0.184623
0.184657
0.184684
0.184679
0.184636
0.184673
0.184675
0.184636
0.18459
0.184593
0.184549
0.184459
0.1844
0.184354
0.184251
0.184097
0.184022
0.183916
0.183746
0.183521
0.183427
0.183252
0.183008
0.182713
0.182598
0.18236
0.182057
0.181711
0.181346
0.181304
0.180986
0.180642
0.1803
0.180259
0.179989
0.179716
0.179467
0.179442
0.179301
0.179188
0.179121
0.179133
0.179213
0.179351
0.179547
0.179612
0.179971
0.180408
0.180891
0.181008
0.181626
0.182295
0.182953
0.183076
0.183792
0.184491
0.185084
0.185511
0.18568
0.186117
0.186343
0.186324
0.186334
0.186279
0.185931
0.185309
0.185111
0.18446
0.183513
0.182342
0.181089
0.180884
0.179662
0.178356
0.177118
0.176897
0.185204
0.185182
0.185168
0.185164
0.185134
0.185112
0.185118
0.185081
0.185051
0.185033
0.18502
0.184986
0.184959
0.184959
0.184917
0.184884
0.184864
0.184846
0.184807
0.184778
0.184777
0.184731
0.184695
0.184675
0.184657
0.184615
0.184586
0.18459
0.18454
0.184504
0.184486
0.184474
0.184432
0.184405
0.184397
0.184369
0.184337
0.184321
0.184323
0.184283
0.184261
0.184259
0.184249
0.18422
0.18421
0.184224
0.1842
0.184185
0.184189
0.184209
0.184184
0.184182
0.184203
0.184214
0.184201
0.184213
0.184249
0.184249
0.184247
0.184268
0.184314
0.184305
0.184306
0.184329
0.184376
0.184354
0.184348
0.184361
0.184394
0.184358
0.184331
0.184316
0.184347
0.18427
0.1842
0.18414
0.184155
0.184026
0.183899
0.183781
0.18378
0.183591
0.183397
0.183211
0.183196
0.182937
0.18267
0.182413
0.182383
0.182064
0.181737
0.181428
0.181155
0.181034
0.180689
0.180376
0.18012
0.180018
0.179717
0.179467
0.179294
0.17923
0.179048
0.178947
0.178945
0.178942
0.178965
0.1791
0.179351
0.179428
0.179707
0.180122
0.180648
0.180813
0.181324
0.181945
0.182634
0.182866
0.183444
0.18406
0.18467
0.185225
0.185306
0.185617
0.185843
0.185965
0.185966
0.185746
0.185375
0.184884
0.184784
0.183951
0.18295
0.181879
0.180818
0.180453
0.179133
0.177879
0.17682
0.176558
0.18442
0.1844
0.184369
0.184361
0.184339
0.184305
0.184295
0.184268
0.184236
0.184199
0.184189
0.184161
0.184119
0.184108
0.184077
0.184038
0.183999
0.183987
0.183955
0.183909
0.183898
0.183864
0.183823
0.183783
0.183771
0.183739
0.183694
0.183683
0.183649
0.183612
0.183572
0.183561
0.183533
0.183492
0.183463
0.183451
0.183426
0.183389
0.183382
0.183358
0.183332
0.183306
0.183299
0.183286
0.183261
0.183247
0.18324
0.183236
0.183219
0.183219
0.183212
0.183213
0.183207
0.183209
0.183213
0.183219
0.183224
0.183226
0.18324
0.183248
0.18326
0.18326
0.183278
0.183281
0.183291
0.183287
0.183299
0.183287
0.183284
0.183274
0.183264
0.183223
0.183221
0.183172
0.183122
0.183037
0.183022
0.182927
0.182825
0.182684
0.182654
0.182504
0.182341
0.182138
0.182092
0.181881
0.181652
0.181386
0.181324
0.181058
0.180777
0.180467
0.18019
0.180097
0.179803
0.179496
0.179237
0.179158
0.178906
0.178663
0.178483
0.178435
0.17829
0.178193
0.178172
0.178172
0.178216
0.178343
0.178549
0.178616
0.178892
0.17928
0.179728
0.179867
0.180349
0.180932
0.181518
0.181698
0.182239
0.182823
0.183332
0.183764
0.183858
0.184165
0.184323
0.184341
0.18433
0.184141
0.183765
0.183204
0.183061
0.182303
0.181367
0.180267
0.179188
0.178872
0.177653
0.176414
0.175344
0.175094
0.183631
0.183596
0.183571
0.183562
0.183524
0.183493
0.183483
0.183448
0.183406
0.183375
0.183362
0.183317
0.183283
0.183271
0.183228
0.183186
0.18315
0.183136
0.183086
0.18305
0.183038
0.182992
0.182948
0.182911
0.182898
0.182847
0.182813
0.182801
0.182759
0.182714
0.182681
0.182669
0.182623
0.182591
0.182558
0.182545
0.182503
0.182479
0.182469
0.182435
0.182404
0.182383
0.182375
0.182341
0.182326
0.182309
0.182302
0.182275
0.182271
0.182268
0.182256
0.18224
0.182244
0.182243
0.182235
0.182234
0.182241
0.182242
0.182236
0.182247
0.182254
0.182256
0.182247
0.182261
0.182261
0.182263
0.182244
0.18225
0.182234
0.18223
0.18219
0.182172
0.182158
0.182116
0.182039
0.181981
0.181956
0.181872
0.181745
0.181635
0.181595
0.181462
0.18128
0.181113
0.181057
0.180869
0.180627
0.180404
0.180332
0.180099
0.17981
0.179547
0.179278
0.179205
0.178909
0.17865
0.178402
0.178341
0.178091
0.177887
0.177716
0.177679
0.177539
0.177461
0.177439
0.177443
0.177482
0.177602
0.177791
0.17785
0.178106
0.178449
0.178863
0.178976
0.179422
0.179918
0.180465
0.180601
0.1811
0.181581
0.182056
0.1824
0.182495
0.182731
0.182857
0.182819
0.1828
0.182598
0.18219
0.181632
0.181467
0.180753
0.179795
0.178771
0.177695
0.177424
0.176229
0.175073
0.174028
0.173797
0.182881
0.182848
0.182811
0.1828
0.182766
0.182728
0.182711
0.182678
0.182637
0.182592
0.182581
0.182541
0.182496
0.182479
0.182441
0.182395
0.182345
0.182336
0.182291
0.182244
0.182227
0.182187
0.18214
0.182089
0.18208
0.182036
0.181991
0.181971
0.181936
0.181891
0.181844
0.181835
0.181795
0.181755
0.181705
0.181704
0.181667
0.18163
0.181615
0.181588
0.181556
0.181519
0.181515
0.181489
0.181464
0.181429
0.181433
0.181413
0.181394
0.181379
0.181377
0.181363
0.18135
0.181343
0.181344
0.181339
0.181328
0.18133
0.181332
0.181333
0.181319
0.181328
0.181329
0.181328
0.181305
0.181318
0.181311
0.181299
0.181259
0.181272
0.181245
0.181208
0.181175
0.181149
0.181087
0.181012
0.18097
0.180906
0.180797
0.180674
0.180617
0.180509
0.180348
0.180173
0.180102
0.179943
0.179731
0.179504
0.179419
0.179217
0.178964
0.178705
0.178432
0.178387
0.178129
0.177878
0.177628
0.177588
0.177375
0.177179
0.177005
0.176981
0.17687
0.176797
0.176763
0.176771
0.176826
0.176936
0.177094
0.177143
0.177398
0.177712
0.178069
0.178155
0.178581
0.179036
0.179502
0.179591
0.180061
0.180502
0.180892
0.181146
0.181242
0.181454
0.181526
0.181417
0.18139
0.181201
0.180787
0.180193
0.180011
0.179347
0.178444
0.177422
0.176345
0.176125
0.175017
0.1739
0.17287
0.172665
0.182673
0.182627
0.182606
0.182601
0.182543
0.18251
0.182524
0.182457
0.182409
0.18239
0.182369
0.182307
0.182276
0.182282
0.182209
0.182161
0.182144
0.182114
0.18205
0.18202
0.182024
0.181947
0.181899
0.181885
0.181854
0.181788
0.181759
0.181771
0.181692
0.181642
0.18163
0.18161
0.18154
0.181511
0.181511
0.181462
0.181408
0.181397
0.181404
0.181331
0.181295
0.181303
0.181283
0.181222
0.18121
0.181231
0.181186
0.18114
0.181148
0.181176
0.181114
0.181086
0.181113
0.181122
0.181069
0.181061
0.181103
0.181093
0.181047
0.181054
0.181104
0.181077
0.181035
0.181049
0.181099
0.181056
0.181008
0.181021
0.181061
0.181
0.180936
0.180932
0.180978
0.180871
0.180775
0.18074
0.180772
0.180624
0.180484
0.180404
0.180424
0.180231
0.18004
0.17991
0.179919
0.179676
0.179431
0.17925
0.179252
0.178968
0.178681
0.178464
0.178275
0.17816
0.177866
0.17765
0.17748
0.17739
0.177134
0.176966
0.176864
0.176808
0.176648
0.17659
0.176622
0.176616
0.176612
0.17672
0.17694
0.176995
0.177175
0.177466
0.177878
0.178002
0.178333
0.178734
0.179245
0.179425
0.17978
0.180129
0.18055
0.180927
0.180943
0.181022
0.181102
0.181135
0.181103
0.180752
0.180313
0.17986
0.179769
0.178943
0.177974
0.177065
0.176141
0.175808
0.174606
0.173554
0.172669
0.172443
0.181977
0.181939
0.181902
0.181891
0.181848
0.181806
0.181799
0.181751
0.181705
0.181665
0.181648
0.1816
0.181554
0.181545
0.181493
0.181443
0.181402
0.181382
0.181332
0.181284
0.181274
0.18122
0.18117
0.18113
0.181109
0.181059
0.181013
0.181006
0.180952
0.180904
0.180866
0.18085
0.180802
0.180759
0.180732
0.180705
0.180664
0.180629
0.180623
0.180578
0.180542
0.180519
0.180504
0.180469
0.18044
0.180429
0.180408
0.180381
0.180363
0.180367
0.180335
0.180317
0.180309
0.180309
0.180287
0.180276
0.180279
0.180273
0.180258
0.180252
0.180261
0.180249
0.180236
0.180229
0.180238
0.180218
0.1802
0.180184
0.180183
0.180154
0.180119
0.180082
0.180091
0.18002
0.179955
0.179885
0.179884
0.179775
0.179669
0.179556
0.179544
0.179393
0.179241
0.179082
0.179058
0.178863
0.178663
0.178459
0.178427
0.178195
0.177958
0.177728
0.177526
0.177441
0.177202
0.176979
0.176797
0.176728
0.176527
0.176356
0.176238
0.176197
0.176083
0.176022
0.176027
0.176026
0.176055
0.176157
0.176329
0.176379
0.176572
0.176849
0.177185
0.177286
0.177609
0.177996
0.178406
0.17854
0.178873
0.179222
0.179539
0.179808
0.179836
0.179941
0.179956
0.179889
0.179849
0.179552
0.179125
0.178594
0.178469
0.177724
0.176849
0.175903
0.17498
0.17469
0.173619
0.172584
0.171708
0.171497
0.181283
0.181248
0.181203
0.18119
0.181153
0.181105
0.181091
0.18105
0.181004
0.180956
0.180941
0.180898
0.180844
0.18083
0.180785
0.180733
0.180684
0.180667
0.180622
0.180567
0.180552
0.180506
0.180454
0.180406
0.180389
0.180344
0.180291
0.180277
0.180232
0.180184
0.180137
0.180123
0.180082
0.180033
0.179996
0.179979
0.179941
0.179898
0.179887
0.179851
0.179813
0.17978
0.179768
0.179739
0.179705
0.179682
0.179669
0.179647
0.17962
0.179616
0.179593
0.179576
0.179559
0.179554
0.179539
0.179526
0.179517
0.179512
0.179503
0.179492
0.179486
0.17948
0.179473
0.179459
0.179451
0.179441
0.179428
0.179404
0.179386
0.179369
0.179339
0.179295
0.179287
0.179232
0.179173
0.179098
0.179081
0.178992
0.178894
0.178778
0.178751
0.178623
0.178482
0.178326
0.178288
0.178121
0.177937
0.177741
0.177693
0.177494
0.177279
0.17706
0.176863
0.176796
0.176581
0.176374
0.176197
0.176143
0.175965
0.175809
0.175695
0.175663
0.175567
0.175516
0.175516
0.175518
0.175555
0.175654
0.175805
0.175849
0.176035
0.17629
0.176585
0.176668
0.176968
0.177315
0.177669
0.177768
0.17807
0.178374
0.178632
0.178822
0.178854
0.178933
0.178909
0.178784
0.178737
0.178452
0.17802
0.177471
0.177326
0.176635
0.175799
0.174881
0.17398
0.173725
0.172726
0.171753
0.170918
0.170724
0.180621
0.180574
0.180542
0.180529
0.18048
0.18044
0.180428
0.180383
0.180332
0.180293
0.180277
0.18022
0.18018
0.180166
0.180114
0.180063
0.18002
0.180003
0.179943
0.179903
0.179889
0.179836
0.179785
0.179742
0.179725
0.179665
0.179627
0.179614
0.179564
0.179513
0.179475
0.17946
0.179406
0.179369
0.179332
0.179316
0.179264
0.179237
0.179225
0.179182
0.179144
0.179118
0.179106
0.179063
0.179041
0.179017
0.179006
0.178965
0.178956
0.178949
0.178926
0.178897
0.178892
0.178886
0.178865
0.17885
0.178845
0.178841
0.178819
0.178814
0.178808
0.178804
0.178777
0.178777
0.178765
0.178759
0.178723
0.178718
0.178694
0.178683
0.178629
0.178608
0.178593
0.178545
0.178464
0.178413
0.17839
0.178311
0.178194
0.178106
0.178073
0.177959
0.177803
0.177677
0.177634
0.177485
0.177289
0.177131
0.177078
0.176902
0.176679
0.176502
0.176315
0.176261
0.176042
0.175876
0.175712
0.175668
0.175492
0.175369
0.175265
0.175241
0.175148
0.175115
0.17512
0.175125
0.17516
0.175257
0.175402
0.175441
0.175614
0.175839
0.176114
0.176183
0.176456
0.17674
0.17707
0.177144
0.177413
0.177638
0.177873
0.178004
0.178033
0.178061
0.178014
0.177855
0.177802
0.177509
0.177062
0.176526
0.176373
0.175719
0.174882
0.174041
0.173174
0.172949
0.171994
0.171108
0.170331
0.170157
0.180036
0.179993
0.179958
0.179945
0.179899
0.179858
0.179844
0.179801
0.179753
0.179712
0.179698
0.179646
0.179603
0.179588
0.179538
0.179489
0.179444
0.179429
0.179375
0.179331
0.179316
0.179266
0.179216
0.179172
0.179158
0.179104
0.179063
0.179047
0.179001
0.178953
0.178913
0.1789
0.178851
0.178812
0.178771
0.17876
0.178714
0.178682
0.178669
0.178631
0.178595
0.178565
0.178556
0.178517
0.178494
0.178465
0.178459
0.178425
0.178411
0.1784
0.178381
0.178356
0.178346
0.17834
0.178322
0.178308
0.178298
0.178295
0.178277
0.17827
0.178259
0.178257
0.178236
0.178232
0.178214
0.178212
0.178183
0.178172
0.17814
0.178136
0.178091
0.178062
0.178042
0.178002
0.177931
0.177875
0.177847
0.177777
0.177672
0.177582
0.177545
0.177444
0.177304
0.177179
0.177134
0.177
0.176826
0.176672
0.176619
0.176462
0.176266
0.176097
0.175921
0.175878
0.175689
0.175533
0.175382
0.175347
0.175196
0.175085
0.174993
0.174974
0.174899
0.174875
0.174885
0.174893
0.174933
0.175028
0.175165
0.175201
0.175365
0.175572
0.175819
0.175877
0.176124
0.17638
0.176661
0.176715
0.176949
0.177139
0.177319
0.177398
0.177422
0.177418
0.177339
0.177148
0.17709
0.176792
0.176343
0.175809
0.175654
0.175032
0.174242
0.173435
0.172609
0.17241
0.171529
0.17071
0.169996
0.169841
0.179565
0.179529
0.179488
0.179475
0.179439
0.179396
0.179377
0.179343
0.179299
0.17925
0.17924
0.179196
0.179149
0.179131
0.179092
0.179044
0.178993
0.178983
0.178938
0.178889
0.178871
0.178831
0.178784
0.178733
0.178723
0.178679
0.178633
0.178614
0.178578
0.178534
0.178487
0.178477
0.178439
0.178398
0.178351
0.178347
0.17831
0.178272
0.178258
0.17823
0.178197
0.17816
0.178153
0.178127
0.1781
0.178065
0.178065
0.178043
0.178021
0.178008
0.177997
0.177979
0.177961
0.177954
0.177945
0.177933
0.177917
0.177914
0.177907
0.177898
0.177881
0.177881
0.177872
0.177861
0.177838
0.177841
0.177824
0.177804
0.177769
0.17777
0.177738
0.177701
0.177679
0.177645
0.177589
0.177525
0.177497
0.177435
0.177346
0.177251
0.177217
0.177125
0.177004
0.176878
0.176837
0.176715
0.176565
0.176414
0.176366
0.176223
0.176056
0.175896
0.175737
0.1757
0.175539
0.175396
0.175265
0.175234
0.175109
0.17501
0.174937
0.174921
0.174863
0.174848
0.17487
0.174879
0.174924
0.175019
0.175156
0.175191
0.175342
0.175537
0.175762
0.175816
0.176034
0.176265
0.176501
0.176549
0.176742
0.176904
0.177029
0.177073
0.177085
0.177059
0.176945
0.176728
0.176669
0.176364
0.175921
0.175385
0.175237
0.174639
0.173903
0.173128
0.172358
0.172176
0.171373
0.170618
0.169984
0.169846
0.179248
0.179217
0.179173
0.179162
0.179132
0.179089
0.179069
0.179041
0.179
0.178949
0.178942
0.178906
0.178856
0.178839
0.178806
0.178762
0.178707
0.178703
0.178664
0.178613
0.178597
0.178564
0.178519
0.178467
0.178462
0.178425
0.178377
0.17836
0.17833
0.17829
0.178242
0.178235
0.178203
0.178163
0.178118
0.178118
0.178087
0.178049
0.178037
0.178014
0.177984
0.177949
0.177944
0.177924
0.177898
0.177868
0.177869
0.177853
0.17783
0.177821
0.177812
0.177798
0.177782
0.177778
0.177772
0.177762
0.17775
0.177749
0.177745
0.177737
0.177726
0.177727
0.177721
0.177711
0.177696
0.177697
0.177683
0.177665
0.177641
0.177639
0.177612
0.177577
0.177566
0.177529
0.177477
0.17742
0.177403
0.177339
0.177257
0.177173
0.177152
0.177058
0.176948
0.176836
0.176812
0.176689
0.17655
0.17642
0.176394
0.176252
0.176096
0.175962
0.175842
0.175797
0.175645
0.175531
0.175441
0.175403
0.17528
0.17521
0.17518
0.175158
0.175094
0.175099
0.175162
0.175168
0.175194
0.175294
0.17546
0.175499
0.175617
0.175792
0.176029
0.176092
0.176261
0.176451
0.176679
0.176741
0.176879
0.176987
0.177088
0.177122
0.177115
0.17704
0.176906
0.176695
0.176633
0.176297
0.175855
0.175351
0.175225
0.174625
0.173917
0.173211
0.172528
0.172342
0.171581
0.170918
0.1704
0.170275
0.179178
0.179142
0.179109
0.179099
0.17906
0.179022
0.179015
0.178973
0.178932
0.178894
0.178882
0.178839
0.178798
0.178788
0.178744
0.178701
0.178661
0.178648
0.178605
0.178563
0.178553
0.178509
0.178467
0.178427
0.178415
0.178373
0.178333
0.178324
0.178284
0.178244
0.178208
0.178199
0.178161
0.178126
0.178093
0.178083
0.178049
0.17802
0.178013
0.177983
0.177954
0.177928
0.177923
0.177897
0.177875
0.177854
0.17785
0.17783
0.177815
0.17781
0.177797
0.177784
0.177774
0.177771
0.177762
0.177753
0.177747
0.177746
0.17774
0.177735
0.177728
0.177729
0.177721
0.177715
0.177702
0.177704
0.17769
0.177676
0.17765
0.177652
0.177625
0.177594
0.177577
0.177549
0.177499
0.177444
0.17742
0.177368
0.177292
0.177208
0.177176
0.1771
0.176996
0.176885
0.176844
0.176746
0.176619
0.176485
0.176435
0.176327
0.17619
0.17605
0.175902
0.175891
0.175769
0.175647
0.175518
0.175515
0.175433
0.175355
0.175275
0.175282
0.175272
0.175272
0.175275
0.175296
0.175386
0.175487
0.175589
0.175618
0.175805
0.175989
0.176163
0.176191
0.176422
0.176628
0.176805
0.176814
0.176999
0.177126
0.177194
0.177178
0.177192
0.177138
0.17699
0.176745
0.176684
0.176375
0.175937
0.175413
0.175267
0.174713
0.174036
0.173321
0.1726
0.172464
0.171788
0.171128
0.170534
0.170428
0.179133
0.179099
0.179071
0.179063
0.179026
0.178994
0.178985
0.178951
0.178912
0.178879
0.17887
0.178828
0.178795
0.178786
0.178747
0.178708
0.178673
0.178664
0.178622
0.178589
0.178579
0.17854
0.178503
0.17847
0.178462
0.178421
0.178391
0.178382
0.178348
0.178312
0.178285
0.178278
0.178242
0.178217
0.178187
0.178184
0.178151
0.178133
0.178127
0.178102
0.178078
0.178063
0.178061
0.178035
0.178025
0.178008
0.178011
0.17799
0.17799
0.177985
0.17798
0.177967
0.177972
0.177971
0.177966
0.177964
0.177967
0.177971
0.177965
0.177971
0.177971
0.177978
0.177967
0.177977
0.177967
0.177978
0.17796
0.177965
0.177941
0.177953
0.177921
0.177912
0.177893
0.177881
0.177826
0.177796
0.17777
0.177736
0.177656
0.177602
0.177569
0.177513
0.177407
0.17733
0.177287
0.177215
0.177087
0.176993
0.176942
0.176864
0.176726
0.176633
0.1765
0.176507
0.176385
0.176311
0.176202
0.176214
0.176131
0.1761
0.176041
0.176061
0.17605
0.176086
0.17611
0.176139
0.176228
0.176342
0.176462
0.176495
0.176678
0.176843
0.177029
0.17705
0.177272
0.177428
0.177615
0.177607
0.177781
0.177848
0.177918
0.177862
0.177884
0.177792
0.177641
0.177379
0.177319
0.177013
0.176569
0.176074
0.175922
0.175418
0.174751
0.174127
0.173456
0.173356
0.172731
0.172187
0.171669
0.171586
0.179417
0.179376
0.179365
0.179361
0.179317
0.179298
0.179296
0.179261
0.179223
0.179208
0.179201
0.179149
0.179137
0.179133
0.179091
0.179057
0.17904
0.179032
0.178979
0.178971
0.178967
0.178924
0.178893
0.17888
0.178874
0.17882
0.178817
0.178815
0.17878
0.178746
0.178743
0.17874
0.17869
0.17869
0.178673
0.178671
0.178627
0.178641
0.178642
0.178613
0.178597
0.178605
0.178608
0.178569
0.178586
0.178585
0.178591
0.178553
0.17859
0.178593
0.17859
0.178571
0.17861
0.178616
0.178606
0.178613
0.178645
0.178655
0.178635
0.178665
0.178687
0.178702
0.17867
0.178717
0.178725
0.178743
0.178699
0.17875
0.178741
0.178761
0.178701
0.178745
0.178733
0.178734
0.178653
0.17868
0.178662
0.178643
0.178538
0.178547
0.178521
0.178483
0.178351
0.178341
0.178307
0.178256
0.178101
0.178084
0.178041
0.17799
0.177825
0.177814
0.17771
0.177732
0.177582
0.177589
0.177512
0.177538
0.17743
0.177474
0.177451
0.177485
0.177456
0.177546
0.17761
0.177651
0.177729
0.177865
0.178026
0.178067
0.178243
0.178381
0.178613
0.178634
0.178848
0.178929
0.179175
0.17916
0.179328
0.179297
0.179421
0.179347
0.179377
0.179223
0.179093
0.17884
0.178785
0.178466
0.178009
0.177578
0.17743
0.176968
0.176263
0.175795
0.17519
0.175127
0.174517
0.174133
0.17371
0.173653
0.180182
0.180117
0.180145
0.180147
0.18008
0.180088
0.180101
0.18006
0.180017
0.180034
0.180029
0.179948
0.179979
0.179986
0.179931
0.179909
0.179919
0.179912
0.179829
0.179869
0.179877
0.179821
0.179804
0.179819
0.179815
0.179729
0.179779
0.179789
0.179748
0.179715
0.17975
0.179753
0.179675
0.179719
0.179725
0.179722
0.179652
0.179723
0.179734
0.179695
0.179691
0.179738
0.179747
0.179677
0.179744
0.179768
0.179777
0.1797
0.179808
0.179825
0.179824
0.17979
0.179889
0.179905
0.179886
0.179908
0.179984
0.180004
0.17996
0.180032
0.180089
0.180112
0.180041
0.180153
0.180191
0.180216
0.180121
0.180257
0.180276
0.180302
0.180187
0.180326
0.180331
0.180345
0.18021
0.180338
0.180338
0.180335
0.180176
0.180291
0.180283
0.180262
0.180075
0.180177
0.180161
0.180131
0.179918
0.180022
0.18
0.179975
0.179746
0.179865
0.179805
0.179839
0.179626
0.179762
0.179731
0.17977
0.179612
0.179767
0.179798
0.179848
0.179792
0.17996
0.180083
0.18014
0.180207
0.180378
0.180606
0.180661
0.180834
0.180948
0.18126
0.181292
0.181503
0.18148
0.181849
0.181843
0.182014
0.181841
0.182094
0.182028
0.182069
0.181836
0.181758
0.181543
0.1815
0.181162
0.180686
0.18036
0.180227
0.179804
0.178998
0.178774
0.178257
0.178232
0.177603
0.177433
0.177135
0.177106
0.181647
0.18154
0.18163
0.181641
0.181542
0.181591
0.181621
0.181574
0.181528
0.181584
0.181583
0.181446
0.181553
0.181575
0.181508
0.1815
0.181544
0.181538
0.181401
0.181523
0.181545
0.181478
0.181478
0.18153
0.18153
0.181384
0.181522
0.18155
0.181504
0.181477
0.181558
0.18157
0.181455
0.181562
0.181598
0.181595
0.181489
0.181641
0.181668
0.181623
0.181638
0.181733
0.181752
0.181646
0.18178
0.181842
0.181854
0.181711
0.181933
0.181972
0.181976
0.181933
0.182104
0.182139
0.182114
0.182161
0.182294
0.182328
0.182262
0.182389
0.182496
0.18253
0.182414
0.182614
0.182699
0.182732
0.182561
0.182825
0.182889
0.182921
0.182711
0.183004
0.183041
0.183073
0.182853
0.183135
0.183165
0.183181
0.182946
0.183211
0.183236
0.183233
0.182964
0.183225
0.183243
0.183235
0.182925
0.183207
0.183222
0.183224
0.182882
0.183203
0.183206
0.183253
0.182946
0.183263
0.1833
0.183355
0.18314
0.183435
0.183548
0.183617
0.183536
0.183805
0.18402
0.184101
0.184161
0.184391
0.184726
0.184809
0.184988
0.185097
0.185538
0.185599
0.185822
0.185677
0.186256
0.186282
0.186477
0.186109
0.186605
0.186598
0.186657
0.186335
0.186352
0.186227
0.186209
0.185843
0.185355
0.185192
0.185091
0.184708
0.183713
0.183863
0.183473
0.183494
0.182808
0.182927
0.182804
0.182813
0.184146
0.184014
0.184155
0.184179
0.18406
0.184146
0.1842
0.184149
0.18411
0.184204
0.184209
0.184005
0.184207
0.18425
0.184178
0.184191
0.184273
0.184272
0.184066
0.184295
0.184339
0.184266
0.184291
0.184385
0.184392
0.184175
0.184427
0.184481
0.184436
0.184424
0.18456
0.184585
0.184449
0.184617
0.184699
0.184696
0.184578
0.184807
0.184859
0.184812
0.184859
0.185014
0.185048
0.184923
0.185128
0.185243
0.185262
0.18508
0.18541
0.185485
0.1855
0.185466
0.18572
0.185783
0.185759
0.185845
0.186053
0.186109
0.186034
0.186226
0.186405
0.186455
0.186315
0.18661
0.186766
0.18681
0.186593
0.186984
0.187118
0.187158
0.186841
0.187332
0.187421
0.187478
0.187206
0.187642
0.187725
0.187764
0.187485
0.187906
0.187982
0.188003
0.187684
0.188107
0.188179
0.188199
0.187824
0.18829
0.188364
0.188402
0.187915
0.188505
0.18861
0.18867
0.188289
0.188807
0.188957
0.189031
0.188767
0.189241
0.189487
0.189585
0.189478
0.189899
0.190272
0.190394
0.190454
0.190792
0.191319
0.191456
0.19166
0.191799
0.192475
0.192597
0.192865
0.192618
0.193523
0.193626
0.193894
0.193328
0.194188
0.194332
0.194432
0.194004
0.194198
0.194259
0.194293
0.193883
0.193399
0.193499
0.193467
0.193122
0.191916
0.192537
0.192337
0.192417
0.191649
0.192143
0.192281
0.192347
0.1882
0.188072
0.188251
0.188292
0.188164
0.188287
0.188375
0.188321
0.188295
0.18844
0.188456
0.188292
0.188502
0.188574
0.188495
0.188538
0.188674
0.188682
0.188521
0.188764
0.188838
0.188761
0.188822
0.188979
0.188997
0.188823
0.189098
0.189191
0.189146
0.189165
0.189374
0.189421
0.189277
0.189516
0.189664
0.189664
0.189556
0.189873
0.189965
0.189919
0.190013
0.190255
0.190313
0.190179
0.190471
0.190669
0.190696
0.190531
0.190954
0.191084
0.191112
0.191104
0.191474
0.191583
0.191561
0.191708
0.192031
0.192122
0.19204
0.192326
0.19262
0.192696
0.192541
0.192962
0.193232
0.193295
0.193067
0.193598
0.193846
0.193897
0.193628
0.19422
0.194392
0.194487
0.194212
0.194818
0.194985
0.195061
0.194767
0.195381
0.195544
0.195598
0.195252
0.195883
0.196047
0.196107
0.195698
0.196391
0.196566
0.196658
0.19619
0.19697
0.197241
0.197324
0.196875
0.197674
0.198017
0.198126
0.197791
0.198556
0.199037
0.199191
0.199049
0.19973
0.200391
0.20059
0.200665
0.201206
0.202091
0.202331
0.202609
0.202848
0.203951
0.204198
0.204579
0.204281
0.205708
0.205964
0.206395
0.205686
0.207057
0.207505
0.207681
0.207149
0.207642
0.208035
0.208167
0.207701
0.207241
0.207737
0.207826
0.207514
0.20611
0.207267
0.207347
0.207503
0.206637
0.207587
0.208099
0.208247
0.194656
0.194512
0.19477
0.194843
0.194686
0.194877
0.195021
0.194959
0.194951
0.195181
0.195215
0.195027
0.19533
0.195452
0.195358
0.195446
0.195671
0.195692
0.195513
0.195865
0.195993
0.1959
0.196016
0.196274
0.196311
0.196115
0.196512
0.19667
0.196622
0.19668
0.197014
0.197096
0.196923
0.197284
0.197538
0.197541
0.197429
0.197902
0.198059
0.198007
0.198171
0.198559
0.198658
0.198493
0.198932
0.199263
0.199304
0.199118
0.199733
0.199954
0.200001
0.200021
0.200593
0.200777
0.200752
0.200994
0.201518
0.201668
0.201558
0.202011
0.202502
0.202624
0.202418
0.20307
0.203535
0.203631
0.203338
0.204149
0.204589
0.204663
0.204328
0.205236
0.205549
0.205714
0.205374
0.20633
0.206641
0.206786
0.206427
0.207417
0.207728
0.20785
0.207413
0.208448
0.208767
0.208906
0.208394
0.209531
0.209876
0.210076
0.209485
0.210752
0.211306
0.211444
0.210859
0.212167
0.212837
0.213021
0.212574
0.213841
0.214721
0.214981
0.2148
0.215929
0.217082
0.217423
0.217554
0.21846
0.219958
0.220385
0.220834
0.221286
0.223109
0.223577
0.224195
0.2239
0.226173
0.226697
0.227439
0.226594
0.228774
0.229731
0.230052
0.229415
0.230362
0.231258
0.231557
0.231014
0.230586
0.231604
0.231889
0.231584
0.229897
0.231713
0.232154
0.232421
0.231404
0.232877
0.233863
0.234132
0.20491
0.204693
0.205128
0.205255
0.205018
0.205343
0.205585
0.205502
0.205506
0.205895
0.205961
0.205672
0.206181
0.20639
0.206253
0.206414
0.206797
0.20684
0.206565
0.207155
0.207372
0.207237
0.207443
0.207879
0.207947
0.20764
0.208304
0.208571
0.208507
0.208614
0.209172
0.209316
0.20904
0.209645
0.210071
0.210085
0.209903
0.210692
0.210958
0.210876
0.211151
0.211798
0.211968
0.211691
0.212425
0.212976
0.213051
0.212731
0.213765
0.214135
0.214217
0.214244
0.21521
0.215521
0.21548
0.215887
0.216766
0.217027
0.216843
0.217606
0.218427
0.218641
0.218296
0.219393
0.220175
0.220348
0.21986
0.221235
0.221986
0.222126
0.221581
0.223134
0.223671
0.223984
0.223446
0.225091
0.22563
0.225928
0.225378
0.227099
0.227645
0.227924
0.227275
0.229079
0.229643
0.229962
0.229192
0.231174
0.231784
0.232205
0.231317
0.233496
0.234497
0.234769
0.233898
0.236122
0.237301
0.237648
0.237004
0.239129
0.240632
0.241097
0.240874
0.242747
0.24466
0.245257
0.245528
0.247035
0.249486
0.250225
0.251004
0.251796
0.254704
0.255512
0.256569
0.256289
0.259863
0.260777
0.262058
0.261043
0.264416
0.266055
0.266633
0.265909
0.26742
0.268912
0.269458
0.268833
0.268397
0.269983
0.270523
0.270213
0.268059
0.270646
0.271457
0.271909
0.270635
0.27269
0.274167
0.274611
0.221303
0.220854
0.221693
0.221915
0.221461
0.222081
0.222494
0.22236
0.222355
0.223057
0.223178
0.222574
0.223569
0.223925
0.223685
0.22397
0.224642
0.22473
0.224136
0.225278
0.225646
0.225405
0.225768
0.226524
0.226657
0.22599
0.227268
0.227717
0.22761
0.227772
0.228755
0.229009
0.228448
0.229567
0.230273
0.230324
0.229902
0.231351
0.231797
0.231647
0.232107
0.23322
0.233525
0.232957
0.234298
0.235208
0.235372
0.234639
0.236578
0.237191
0.237356
0.237334
0.239029
0.239555
0.239483
0.24016
0.241641
0.242098
0.241739
0.243068
0.244421
0.244822
0.244132
0.246093
0.247366
0.247722
0.24672
0.249238
0.250457
0.250779
0.24965
0.252515
0.253374
0.254009
0.25293
0.255934
0.256798
0.257427
0.256366
0.259483
0.260361
0.260992
0.259803
0.26307
0.263976
0.264692
0.263303
0.266852
0.267814
0.26869
0.267065
0.270944
0.272548
0.27314
0.271604
0.275462
0.277317
0.278016
0.276979
0.280515
0.282842
0.283705
0.283445
0.286465
0.289386
0.290416
0.290994
0.293361
0.297007
0.298198
0.299557
0.300799
0.305056
0.306299
0.308085
0.307789
0.313009
0.314356
0.316441
0.315202
0.320028
0.322307
0.323297
0.322561
0.32465
0.326621
0.3275
0.326887
0.326346
0.328391
0.329189
0.328968
0.326007
0.329508
0.330543
0.331359
0.329704
0.332431
0.334204
0.3349
0.247723
0.246649
0.248376
0.248755
0.24788
0.249098
0.249691
0.249596
0.249531
0.250729
0.25101
0.249157
0.251678
0.252222
0.251905
0.252403
0.253452
0.253731
0.252232
0.25465
0.255201
0.254895
0.255526
0.256688
0.257051
0.25499
0.258078
0.258713
0.25872
0.258942
0.260527
0.261032
0.259938
0.262053
0.262978
0.263353
0.262344
0.265016
0.265668
0.265615
0.266388
0.268092
0.268722
0.267669
0.27015
0.271355
0.271963
0.270137
0.273946
0.27472
0.275364
0.275169
0.277953
0.278739
0.27891
0.280016
0.282191
0.283038
0.282585
0.284879
0.286698
0.287625
0.286389
0.289887
0.29149
0.292497
0.290371
0.295078
0.296546
0.297635
0.294397
0.30048
0.301366
0.303053
0.300703
0.306143
0.307027
0.308755
0.306632
0.311999
0.31288
0.314667
0.312445
0.317936
0.318802
0.320757
0.318192
0.324141
0.324996
0.327205
0.323547
0.330756
0.332495
0.334195
0.3319
0.337932
0.33988
0.341597
0.340596
0.345747
0.348228
0.349988
0.35053
0.354742
0.357847
0.359568
0.361517
0.364751
0.368608
0.370201
0.373252
0.375178
0.379768
0.381075
0.384622
0.384703
0.390631
0.391649
0.395292
0.394509
0.400077
0.401842
0.403694
0.40421
0.406312
0.407271
0.408503
0.409147
0.408677
0.409293
0.409961
0.41068
0.408375
0.410473
0.410762
0.412433
0.412598
0.4141
0.41451
0.415479
0.288591
0.287824
0.289447
0.289968
0.289635
0.291031
0.291062
0.292102
0.292131
0.293119
0.294083
0.293272
0.295291
0.295503
0.296237
0.296933
0.297504
0.298802
0.297955
0.300211
0.300481
0.301371
0.302251
0.302858
0.304302
0.303483
0.306049
0.306075
0.307704
0.308153
0.309367
0.310585
0.310437
0.312924
0.312757
0.31511
0.314545
0.31723
0.317602
0.319424
0.320595
0.321608
0.323196
0.323424
0.326368
0.326291
0.32904
0.328348
0.331966
0.331687
0.335049
0.335323
0.337759
0.338433
0.341162
0.342799
0.343915
0.345587
0.347376
0.350237
0.3505
0.353117
0.353866
0.357742
0.357519
0.360972
0.360925
0.365424
0.364934
0.369091
0.368719
0.373363
0.37199
0.377438
0.37708
0.381558
0.380324
0.385965
0.385696
0.389968
0.388724
0.394518
0.394264
0.398426
0.397012
0.403003
0.402841
0.407153
0.405428
0.411625
0.411818
0.416367
0.415502
0.420571
0.421747
0.426135
0.425221
0.429653
0.432573
0.436606
0.435898
0.439529
0.444751
0.448242
0.447731
0.450325
0.457368
0.460686
0.460521
0.461926
0.469875
0.473196
0.473569
0.473585
0.481229
0.484381
0.486068
0.484629
0.49118
0.495121
0.496786
0.495079
0.498286
0.503712
0.503678
0.499947
0.501134
0.505752
0.505538
0.500623
0.500021
0.503161
0.50365
0.500419
0.4979
0.500964
0.505141
0.503273
0.499704
0.500788
0.393151
0.39327
0.395588
0.397123
0.396585
0.398077
0.401321
0.400386
0.401103
0.404556
0.404981
0.404913
0.40724
0.409968
0.40909
0.4103
0.414471
0.414358
0.414533
0.417456
0.420171
0.419311
0.420762
0.425436
0.425481
0.425626
0.428728
0.432144
0.431281
0.432615
0.437582
0.438624
0.43836
0.441143
0.44671
0.445446
0.446274
0.450773
0.453724
0.452931
0.454864
0.460825
0.461782
0.461599
0.464788
0.471122
0.470219
0.471015
0.475526
0.479736
0.479118
0.480647
0.48663
0.48942
0.488684
0.491003
0.497912
0.499412
0.498942
0.502045
0.509258
0.509643
0.509714
0.513393
0.520558
0.520021
0.520624
0.524715
0.531688
0.530428
0.53137
0.535793
0.541052
0.540727
0.541812
0.54643
0.551313
0.550802
0.551861
0.556462
0.561128
0.56044
0.561345
0.565657
0.570269
0.569511
0.570291
0.574151
0.578889
0.578175
0.578796
0.582102
0.587939
0.586584
0.586906
0.589638
0.59545
0.594696
0.594437
0.59698
0.602968
0.602967
0.602191
0.604539
0.610651
0.611455
0.610511
0.612379
0.618398
0.620028
0.619302
0.620482
0.625627
0.628039
0.627449
0.628376
0.631459
0.634649
0.633876
0.633718
0.634358
0.637087
0.636456
0.633685
0.632462
0.633671
0.633721
0.629337
0.626004
0.625609
0.626402
0.621859
0.618458
0.61641
0.616254
0.6148
0.612129
0.610708
0.611323
0.610984
0.546466
0.544336
0.550884
0.553432
0.549881
0.553696
0.560275
0.556932
0.556854
0.565141
0.565052
0.562087
0.568172
0.572971
0.569278
0.570834
0.579634
0.578388
0.575713
0.582853
0.587202
0.583481
0.585332
0.594487
0.593578
0.590579
0.59762
0.602893
0.59954
0.599994
0.60948
0.610303
0.606558
0.612036
0.620572
0.617354
0.615285
0.624118
0.627834
0.624287
0.625851
0.635463
0.635979
0.632167
0.637699
0.64618
0.643908
0.641088
0.649186
0.654129
0.651597
0.650512
0.659908
0.662647
0.659252
0.660717
0.669853
0.670864
0.667009
0.670816
0.678994
0.678656
0.674823
0.680128
0.687271
0.685912
0.682332
0.688375
0.694594
0.692511
0.689142
0.695453
0.700019
0.698334
0.695065
0.701291
0.70519
0.703295
0.699994
0.705853
0.709308
0.707263
0.703793
0.709046
0.712247
0.710163
0.706521
0.711073
0.714185
0.71218
0.708408
0.712205
0.715094
0.713546
0.70973
0.712743
0.715496
0.71448
0.710716
0.712988
0.715767
0.715298
0.711889
0.713112
0.715974
0.716017
0.713269
0.713109
0.716044
0.71655
0.714461
0.712849
0.715549
0.716432
0.714595
0.711978
0.713517
0.714655
0.712464
0.708944
0.708261
0.707144
0.706198
0.701539
0.698415
0.695988
0.695271
0.690013
0.684823
0.681671
0.681225
0.67607
0.670499
0.66749
0.664731
0.663492
0.659994
0.658667
0.657356
0.656837
0.719193
0.722468
0.721461
0.722513
0.728354
0.727931
0.726418
0.732321
0.734784
0.73248
0.73504
0.739193
0.738663
0.738515
0.744825
0.745946
0.74405
0.747085
0.75106
0.750049
0.750249
0.75646
0.757393
0.755602
0.758224
0.762568
0.761467
0.761301
0.766765
0.768937
0.766684
0.768324
0.774156
0.772689
0.772311
0.775542
0.779535
0.777121
0.777591
0.782791
0.783778
0.781922
0.783354
0.788852
0.787003
0.786594
0.788811
0.792719
0.790458
0.790496
0.793841
0.796602
0.793812
0.794346
0.798221
0.798545
0.796616
0.797411
0.801539
0.799851
0.798683
0.799593
0.803444
0.800635
0.799866
0.800784
0.803873
0.800681
0.800042
0.800887
0.803235
0.799825
0.799689
0.799851
0.80167
0.797973
0.797871
0.797658
0.798994
0.795086
0.794959
0.794309
0.795171
0.79112
0.790953
0.789899
0.790417
0.786322
0.786115
0.784728
0.78504
0.780983
0.779363
0.779135
0.779324
0.775437
0.773748
0.77346
0.773383
0.769918
0.768128
0.767818
0.76717
0.764311
0.762342
0.762033
0.760752
0.758494
0.756243
0.75595
0.754129
0.752257
0.749486
0.74918
0.746756
0.744893
0.741023
0.740602
0.737306
0.734424
0.729457
0.725481
0.724408
0.719704
0.714423
0.709518
0.708456
0.703047
0.697508
0.692279
0.691328
0.686091
0.681243
0.676431
0.672539
0.671407
0.668778
0.667107
0.664694
0.664048
0.959114
0.967588
0.958449
0.958577
0.966896
0.960298
0.958468
0.962028
0.964073
0.958725
0.959871
0.968818
0.959578
0.958868
0.962969
0.961635
0.957937
0.959278
0.966841
0.957898
0.957418
0.960782
0.958967
0.955389
0.956332
0.963248
0.954502
0.953791
0.955461
0.955412
0.950908
0.951211
0.956087
0.949405
0.947021
0.948123
0.951499
0.944367
0.94398
0.944823
0.942762
0.938954
0.939031
0.941815
0.935736
0.932999
0.933381
0.936141
0.928767
0.928076
0.926945
0.926393
0.921183
0.920746
0.919775
0.916806
0.912837
0.912494
0.911768
0.907198
0.903627
0.903297
0.902828
0.897063
0.893545
0.893177
0.892553
0.8863
0.882725
0.88229
0.880943
0.874871
0.873944
0.87075
0.868642
0.862945
0.86204
0.858655
0.855967
0.850623
0.849718
0.846205
0.843107
0.83799
0.83706
0.833401
0.829939
0.825058
0.824098
0.820399
0.816726
0.812099
0.808166
0.807413
0.80352
0.799221
0.79527
0.794513
0.790392
0.786205
0.782113
0.781322
0.777
0.772695
0.768406
0.76756
0.763085
0.758459
0.75403
0.753112
0.748512
0.743316
0.738781
0.737731
0.732867
0.726233
0.722007
0.720742
0.715484
0.707853
0.703617
0.697956
0.696777
0.690187
0.684702
0.679083
0.67795
0.67234
0.666491
0.661656
0.660568
0.655751
0.64909
0.646285
0.641769
0.640865
0.637261
0.635886
0.631419
0.630435
)
;

boundaryField
{
    inlet
    {
        type            turbulentIntensityKineticEnergyInlet;
        intensity       0.03;
        value           nonuniform List<scalar> 0();
    }
    outlet
    {
        type            zeroGradient;
    }
    front
    {
        type            empty;
    }
    back
    {
        type            empty;
    }
    hub
    {
        type            fixedValue;
        value           nonuniform List<scalar> 0();
    }
    tip
    {
        type            kqRWallFunction;
        value           nonuniform List<scalar> 
140
(
0.959114
0.967588
0.958449
0.958577
0.966896
0.960298
0.958468
0.962028
0.964073
0.958725
0.959871
0.968818
0.959578
0.958868
0.962969
0.961635
0.957937
0.959278
0.966841
0.957898
0.957418
0.960782
0.958967
0.955389
0.956332
0.963248
0.954502
0.953791
0.955461
0.955412
0.950908
0.951211
0.956087
0.949405
0.947021
0.948123
0.951499
0.944367
0.94398
0.944823
0.942762
0.938954
0.939031
0.941815
0.935736
0.932999
0.933381
0.936141
0.928767
0.928076
0.926945
0.926393
0.921183
0.920746
0.919775
0.916806
0.912837
0.912494
0.911768
0.907198
0.903627
0.903297
0.902828
0.897063
0.893545
0.893177
0.892553
0.8863
0.882725
0.88229
0.880943
0.874871
0.873944
0.87075
0.868642
0.862945
0.86204
0.858655
0.855967
0.850623
0.849718
0.846205
0.843107
0.83799
0.83706
0.833401
0.829939
0.825058
0.824098
0.820399
0.816726
0.812099
0.808166
0.807413
0.80352
0.799221
0.79527
0.794513
0.790392
0.786205
0.782113
0.781322
0.777
0.772695
0.768406
0.76756
0.763085
0.758459
0.75403
0.753112
0.748512
0.743316
0.738781
0.737731
0.732867
0.726233
0.722007
0.720742
0.715484
0.707853
0.703617
0.697956
0.696777
0.690187
0.684702
0.679083
0.67795
0.67234
0.666491
0.661656
0.660568
0.655751
0.64909
0.646285
0.641769
0.640865
0.637261
0.635886
0.631419
0.630435
)
;
    }
    procBoundary5to1
    {
        type            processor;
        value           nonuniform List<scalar> 
65
(
0.232688
0.232134
0.229167
0.228603
0.225893
0.223279
0.222797
0.220288
0.219818
0.217485
0.215196
0.214774
0.212527
0.212074
0.210003
0.20789
0.207513
0.205501
0.203575
0.203212
0.201309
0.199587
0.199213
0.197511
0.197185
0.195719
0.194287
0.194004
0.192767
0.191552
0.190482
0.190242
0.189194
0.188223
0.188015
0.187113
0.186227
0.185406
0.185215
0.184427
0.18364
0.182887
0.182696
0.181992
0.181296
0.180635
0.180048
0.179572
0.17925
0.179189
0.179141
0.179425
0.180192
0.181657
0.184153
0.188204
0.194651
0.204895
0.221268
0.247578
0.287707
0.39323
0.547708
0.715718
0.957012
)
;
    }
    procBoundary5to6
    {
        type            processor;
        value           nonuniform List<scalar> 
155
(
2.91304
2.90072
2.87296
2.83522
2.78218
2.761
2.6974
3.04406
3.06881
3.31532
3.2722
3.24385
3.23326
3.22798
3.20077
3.1837
3.18949
3.19108
3.17726
3.16274
3.17048
3.17048
3.34237
3.35745
3.46738
3.48447
3.58923
3.58923
3.67146
3.67146
3.83406
3.83406
3.92534
3.92534
4.56906
4.54831
4.48384
4.40232
4.32499
4.30055
4.2231
4.13722
4.05665
4.05665
4.64928
4.70209
4.70459
4.7227
4.69978
4.69978
4.52604
4.56008
4.56008
4.33968
4.41851
4.41851
3.83427
3.83427
3.59229
3.59229
3.0204
2.90123
2.34146
2.20573
1.63726
1.13027
0.235956
0.236279
0.236548
0.236663
0.236943
0.237189
0.237303
0.23752
0.237746
0.237937
0.238026
0.238215
0.238374
0.238464
0.238593
0.238734
0.238891
0.238951
0.239049
0.239227
0.23933
0.239412
0.239578
0.239825
0.2399
0.240002
0.240372
0.240573
0.240769
0.241155
0.24188
0.242117
0.242567
0.2438
0.245296
0.24563
0.247096
0.25016
0.25126
0.253842
0.2582
0.264445
0.266243
0.271215
0.280771
0.291052
0.293538
0.301423
0.31633
0.32173
0.330901
0.340553
0.355974
0.361044
0.365205
0.371914
0.380403
0.383099
0.376356
0.37617
0.374985
0.374672
0.358861
0.35466
0.348676
0.346785
0.330329
0.329469
0.326863
0.325671
0.315381
0.32117
0.325102
0.324213
0.320284
0.335021
0.341512
0.349345
0.355973
0.391883
0.406766
0.440979
0.485759
0.580794
0.618627
0.716815
0.843668
1.02523
1.02523
)
;
    }
    procBoundary5to7
    {
        type            processor;
        value           nonuniform List<scalar> 
104
(
2.62658
2.55103
2.52528
2.4534
2.38368
2.43762
2.46022
2.57415
2.59449
2.61521
2.73313
2.75764
2.87918
2.90493
3.0308
3.05784
3.05784
3.10032
3.10032
3.07168
2.99217
2.91952
2.85751
2.83749
2.81179
2.91082
3.00904
3.03916
3.13813
3.16702
3.26615
3.29279
3.38843
3.41241
3.49868
3.5195
3.58918
3.63534
3.64755
3.66107
3.66018
3.63011
3.612
3.53404
3.40741
3.36863
3.18835
3.12993
2.90779
2.64099
2.56555
2.25947
2.16797
1.86504
1.54532
1.46532
1.17061
0.917481
0.852898
0.638686
0.489521
0.447782
0.343114
0.323973
0.267111
0.232452
0.22627
0.208813
0.197953
0.191565
0.189873
0.185557
0.182536
0.181755
0.179485
0.177538
0.175945
0.175464
0.174096
0.172861
0.171813
0.171487
0.17066
0.169971
0.169475
0.169231
0.169301
0.169756
0.170047
0.171279
0.173411
0.176926
0.182692
0.192286
0.208253
0.234209
0.274794
0.335257
0.417475
0.506153
0.608352
0.653915
0.660568
0.625429
)
;
    }
}


// ************************************************************************* //
