/*--------------------------------*- C++ -*----------------------------------*\
| =========                 |                                                 |
| \\      /  F ield         | OpenFOAM: The Open Source CFD Toolbox           |
|  \\    /   O peration     | Version:  v2012                                 |
|   \\  /    A nd           | Website:  www.openfoam.com                      |
|    \\/     M anipulation  |                                                 |
\*---------------------------------------------------------------------------*/
FoamFile
{
    version     2.0;
    format      ascii;
    class       volScalarField;
    location    "1e-06";
    object      p;
}
// * * * * * * * * * * * * * * * * * * * * * * * * * * * * * * * * * * * * * //

dimensions      [1 -1 -2 0 0 0 0];


internalField   nonuniform List<scalar> 
10098
(
298173
299060
298309
299076
304298
305956
303901
305594
310118
312822
310950
313269
298072
298855
298252
299125
304319
305823
303855
305640
310180
312787
310910
313305
297963
298833
298313
299120
304242
305806
303942
305662
310196
312802
311014
313333
283676
286915
287983
287219
287488
290626
290744
291169
291925
293871
294142
294840
297809
298530
298183
299125
304060
305484
303720
305563
310207
312625
310868
313375
283177
286389
287839
287069
287083
290148
290625
291117
291678
293552
294071
294978
297808
298336
298174
299327
304222
305499
303799
305739
310418
312709
310879
313418
283224
286480
287848
286941
287088
290272
290636
290871
291608
293643
294095
294893
297684
298289
298237
299323
304103
305465
303881
305754
310322
312707
310989
313450
283048
286221
287906
287040
286930
289982
290619
291104
291475
293366
294011
295003
297585
298008
298145
299386
304133
305301
303788
305813
310415
312642
310912
313493
283078
286315
287855
286845
286917
290111
290616
290644
291399
293508
294035
294901
297457
298009
298235
299351
303997
305306
303934
305839
310308
312657
311073
313532
283223
282893
286066
287894
286943
286755
289826
290588
290937
291249
293232
293931
294993
297346
297716
298125
299405
304017
305128
303851
305895
310393
312588
311021
313577
284635
283017
282961
286223
287793
286679
286762
290029
290557
290438
291181
293479
293966
294834
297203
297783
298251
299294
303830
305176
304070
305913
310232
312618
311251
313619
283411
284727
283111
282788
285981
287820
286773
286609
289749
290525
290602
290981
293192
293851
294913
297075
297484
298136
299348
303837
304986
304002
305970
310308
312537
311216
313671
280572
283594
284499
282809
282916
286222
287664
286399
286635
290061
290484
290082
290909
293585
293904
294654
296901
297641
298325
299184
303589
305083
304314
305984
310064
312580
311535
313720
316445
275748
275953
278152
279450
277831
278013
280923
282167
280286
280436
283439
284617
282935
282802
286010
287726
286543
286531
289823
290485
290294
290822
293339
293800
294760
296773
297351
298218
299230
303521
304881
304253
306057
310127
312482
311506
313779
316735
316042
317742
320576
323157
319929
321379
275121
275832
277820
278550
277054
277734
280580
281277
279401
280051
283123
283821
281979
282328
285773
287100
285575
286012
289714
290097
289314
290242
293401
293661
294259
296448
297424
298377
299048
303336
305082
304696
306127
309957
312590
311914
313806
316329
315703
317631
320398
322633
319298
320967
275630
276739
278419
278712
277576
278672
281220
281432
279847
280989
283833
284000
282296
283180
286538
287315
285698
286682
290516
290354
289246
290705
294253
293870
294146
296362
297734
298597
298820
302936
305080
304865
305939
309540
312498
312260
313892
316363
316006
318153
320801
322895
319745
321663
275473
276267
278263
278818
277543
278315
281034
281536
279912
280699
283574
284061
282397
282917
286192
287305
285788
286458
290139
290277
289328
290477
293579
293690
294252
296198
297322
298453
298959
302940
304832
304811
306102
309593
312319
312205
313949
316558
315905
317845
320800
323024
319726
321437
275654
276164
275450
276669
278485
278538
277434
278637
281194
281184
279710
280968
283733
283716
282112
283108
286391
287069
285441
286561
290432
290191
288916
290502
294386
293789
294043
296037
297605
298704
298817
302648
305026
305203
306153
309305
312396
312686
314054
316439
315883
318067
320960
322926
319623
321590
272058
272800
275489
276391
275329
276112
278303
278743
277461
278221
280989
281393
279865
280667
283468
283877
282352
282858
286043
287137
285686
286376
290032
290148
289146
290341
293395
293614
294233
295914
297110
298509
299023
302667
304672
305054
306369
309356
312102
312553
314108
316682
315797
317711
320964
323097
319662
321347
272126
272845
272093
273074
275732
276412
275316
276329
278511
278659
277372
278399
281123
281176
279701
280801
283530
283610
282126
282953
286113
286914
285424
286434
290141
290047
288878
290362
294096
293712
294145
295783
297323
298742
299010
302401
304842
305445
306547
309135
312157
313036
314278
316683
315764
317864
321142
323062
319563
321459
271641
272022
273225
271930
272384
275552
276684
275202
275719
278300
278903
277390
277933
280892
281405
279889
280453
283246
283829
282440
282704
285746
287044
285785
286267
289703
290042
289238
290235
293308
293540
294418
295707
296754
298483
299265
302426
304369
305198
306798
309176
311723
312836
314332
316955
315635
317426
321146
323260
319618
321154
268362
271887
272137
273244
271913
272520
275719
276746
275153
275839
278479
278902
277299
278033
280993
281274
279724
280527
283286
283600
282215
282753
285771
286801
285533
286290
289684
289905
288992
290178
293541
293599
294349
295576
296945
298715
299316
302170
304570
305684
307129
308984
311783
313375
314568
317017
315581
317544
321358
323266
319518
321218
268242
271308
272051
273653
271814
271895
275572
277056
275067
275248
278282
279169
277344
277541
280755
281544
279932
280173
282987
283856
282584
282539
285398
286994
285993
286181
289226
289986
289500
290195
292931
293474
294749
295595
296334
298397
299629
302193
303986
305332
307403
309007
311235
313100
314610
317367
315399
317009
321366
323472
319602
320832
268173
271546
272106
273444
271685
272127
275682
276897
274893
275407
278410
279023
277157
277701
280902
281329
279671
280287
283072
283545
282240
282605
285463
286669
285570
286185
289255
289776
289048
290059
293135
293490
294444
295388
296628
298692
299657
301852
304281
306008
307793
308734
311306
313790
314882
317289
315314
317162
321609
323446
319445
320910
268321
271162
272228
274105
271822
271738
275731
277417
275057
274968
278438
279525
277403
277324
280776
281749
280061
280025
282855
283927
282777
282500
285153
286993
286231
286223
288847
289997
289802
290236
292603
293573
295185
295615
296083
298390
300140
301950
303691
305591
308149
308880
310780
313450
314974
318133
315256
316592
321665
323853
319662
320649
266753
270050
271014
272364
270144
270851
274573
275756
273508
274103
277403
278028
275925
276444
279954
280466
278725
279255
282211
282793
281526
281771
284635
285997
284974
285465
288375
289207
288555
289424
292221
292724
293979
294730
295933
298273
299638
301037
303486
305851
307965
307791
309959
313509
314452
316779
314053
315806
321127
322778
318348
319650
267992
271516
271867
272849
271498
272525
275557
276303
274715
275687
278466
278663
277024
277944
280994
280956
279518
280543
283194
283172
282078
282892
285570
286302
285282
286402
289333
289544
288638
290184
293405
293562
294004
295132
296966
298887
299798
301074
304217
306909
308621
308046
310655
314975
315409
317813
315163
317027
322306
323558
319428
320906
268143
270892
271748
273263
271470
271869
275272
276500
274572
275011
278038
278828
276980
277304
280547
281137
279626
279993
282728
283359
282381
282481
285040
286424
285747
286161
288727
289551
289289
290196
292566
293286
294679
295204
296205
298561
300395
301128
303431
306411
308976
308076
309854
314311
315247
318086
314781
316056
322003
323717
319404
320205
208269
209313
209642
210237
211242
211477
211989
212900
213498
213642
214124
215132
215204
215652
216586
217147
217225
217705
218767
218817
219276
220278
220860
220962
221464
222580
222666
223155
224178
224797
224965
225492
226507
227093
227330
227874
228877
229145
229662
230569
231159
231550
232074
232896
233484
233947
234472
235222
235755
236292
236954
237638
238134
238684
239425
240200
240558
241131
242106
243019
243128
243760
245149
246166
245951
246664
248518
249563
249129
249870
252477
251879
252494
254763
255977
255494
256174
258571
259804
259427
260138
262478
263742
263268
263983
266262
267663
266882
267601
270193
270990
272203
271033
271727
274734
275847
274278
275058
277825
278448
276796
277440
280516
280839
279422
280150
282778
283067
282133
282627
285116
286097
285435
286208
288794
289285
288897
290155
292793
293267
294195
294995
296574
298818
300403
300802
303755
307094
309332
307788
309948
315048
315573
318222
314760
316237
322310
323740
319238
320381
207282
208352
208732
209382
210412
210693
211264
212196
212818
213000
213528
214543
214650
215137
216081
216654
216762
217274
218335
218414
218903
219903
220496
220622
221145
222251
222360
222870
223891
224512
224698
225238
226248
226837
227093
227646
228641
228918
229448
230352
230945
231349
231889
232700
233282
233762
234314
235055
235597
236165
236835
237511
238033
238626
239366
240140
240519
241152
242121
243006
243125
243809
245185
246191
245981
246750
248614
249704
249216
249954
252546
251951
252601
254862
256068
255635
256274
258646
259836
259545
260228
262530
263761
263540
264173
266368
267825
267408
268097
270276
271333
272826
271530
271844
274814
276308
274585
274854
277685
278811
277056
277135
280251
281155
279740
279854
282466
283361
282577
282442
284761
286327
286023
286153
288369
289420
289625
290307
292254
293281
294987
295164
295989
298593
301003
300917
303021
306700
309710
307913
309278
314532
315580
318613
314560
315472
322073
324053
319311
319947
206221
207300
207741
208421
209466
209807
210394
211342
211996
212247
212805
213817
213983
214485
215432
216027
216193
216725
217777
217905
218405
219396
220004
220177
220719
221810
221962
222478
223488
224122
224345
224898
225896
226497
226785
227357
228349
228649
229193
230095
230700
231124
231684
232500
233097
233594
234167
234917
235459
236043
236737
237403
237935
238543
239296
240047
240451
241093
242060
242922
243084
243805
245123
246080
245925
246701
248476
249483
249028
249772
252196
251616
252418
254666
255807
255399
256086
258412
259521
259265
259981
262195
263307
263142
263763
265828
267028
266770
267519
269288
270289
271597
270760
271202
273805
275290
273973
274483
277052
278181
276672
277074
279963
280743
279429
279899
282385
283025
282255
282504
284805
286007
285655
286161
288398
289192
289186
290160
292374
293282
294391
294889
296301
298945
301173
300620
303246
307384
310050
307590
309306
315096
315697
318563
314410
315611
322206
323994
319016
320131
205291
206415
206875
207610
208706
209053
209704
210712
211388
211651
212253
213304
213470
214023
215014
215617
215787
216349
217426
217545
218087
219112
219721
219892
220454
221562
221701
222248
223281
223911
224129
224697
225706
226303
226590
227165
228166
228455
229009
229919
230520
230935
231504
232325
232912
233408
234000
234761
235282
235889
236617
237271
237792
238446
239231
239965
240375
241105
242090
242929
243104
243896
245238
246169
246049
246906
248710
249728
249436
250352
252854
252253
252765
254990
256098
255630
256320
258622
259699
259412
260105
262298
263383
263278
263914
265939
267125
267093
267827
269562
270640
272030
271395
271683
274126
275826
274616
274697
277178
278802
277306
277104
279882
281348
280082
279803
282172
283581
283006
282472
284474
286466
286527
286268
287954
289511
290225
290485
291825
293418
296006
295325
295705
298744
302019
300968
302587
307117
310671
308143
308939
314835
316142
319390
314616
315073
322275
324612
319509
319866
203958
205078
205593
206346
207429
207856
208506
209490
210205
210510
211145
212184
212424
212970
213944
214585
214791
215389
216454
216637
217170
218189
218832
219033
219627
220733
220936
221472
222502
223168
223428
224018
225033
225662
225977
226597
227614
227946
228506
229451
230092
230532
231128
231985
232609
233113
233733
234533
235063
235679
236428
237100
237610
238253
239047
239777
240150
240854
241806
242610
242719
243482
244753
245613
245398
246239
247907
248767
248232
249128
251379
250895
251601
253848
254994
254595
255208
257584
258719
258513
259164
261420
262487
262422
263130
265199
266267
266308
266979
268612
269600
270713
270463
270874
272850
274271
273502
273917
275913
277233
276039
276383
278810
279890
278784
279138
281410
282349
281737
281862
284032
285472
285293
285648
287720
288792
288977
289806
291810
292944
294214
294132
295488
298537
301205
299259
301457
306638
309432
305741
306750
313386
314354
317165
312647
313788
320890
322709
317535
318451
203246
204403
204980
205768
206880
207355
208058
209077
209827
210201
210848
211903
212189
212779
213766
214431
214694
215282
216354
216574
217138
218152
218810
219061
219651
220735
220961
221521
222537
223197
223473
224065
225067
225695
226019
226624
227617
227943
228526
229432
230059
230488
231083
231931
232552
233043
233659
234479
234984
235609
236390
237074
237586
238258
239091
239843
240247
240965
241981
242822
243028
243799
245120
246039
245993
246824
248527
249514
249297
250187
252558
251994
252612
254714
255772
255408
256128
258333
259340
259119
259845
261939
262881
262853
263646
265540
266401
266571
267314
268863
269695
270583
270759
271337
272864
273875
273858
274488
275948
276976
276618
277235
279013
279936
279452
280129
281908
282636
282341
282855
284670
285758
285714
286469
288386
289170
289236
290443
292700
293652
295252
294923
296697
299833
302473
300438
302937
308582
311044
307360
308795
316204
316185
318561
314508
315529
322185
323843
319139
320276
202228
203393
204012
204842
205959
206480
207232
208248
209018
209428
210118
211173
211502
212130
213109
213788
214086
214712
215778
216031
216626
217632
218300
218580
219198
220276
220529
221114
222121
222788
223091
223703
224697
225332
225683
226305
227294
227635
228227
229140
229776
230211
230820
231673
232302
232799
233432
234265
234768
235410
236209
236894
237400
238090
238938
239687
240093
240834
241849
242684
242897
243701
245007
245904
245879
246742
248392
249333
249113
250004
252209
251771
252468
254532
255588
255247
255947
258109
259128
258937
259633
261700
262651
262674
263441
265308
266118
266433
267130
268641
269502
270419
270784
271345
272754
273896
274139
274640
276003
277278
277145
277489
279068
280359
279980
280214
281765
282981
282842
282875
284405
286018
286264
286492
287994
289365
289863
290500
292100
293567
295659
294634
295699
299439
302674
300058
301792
308015
310979
307150
307836
314814
315817
318548
314328
314860
321782
323876
319251
319780
201206
202377
203045
203892
205024
205592
206348
207390
208190
208661
209368
210428
210803
211442
212435
213137
213488
214129
215189
215486
216094
217103
217786
218111
218739
219809
220098
220693
221698
222380
222716
223341
224331
224982
225358
225992
226987
227346
227953
228874
229526
229972
230597
231470
232116
232615
233259
234122
234615
235260
236097
236796
237292
237978
238861
239611
240020
240745
241774
242599
242835
243610
244902
245779
245806
246634
248234
249151
249000
249856
251972
251609
252319
254314
255358
255086
255809
257904
258910
258771
259487
261499
262415
262487
263282
265050
265888
266199
266938
268390
269174
269967
270472
271091
272222
273086
273636
274190
275110
276124
276467
276945
278056
279255
279364
279842
281040
282231
282386
282749
284047
285544
285895
286423
287858
289229
289594
290452
292380
293842
295859
294699
296173
300270
303265
300069
301948
308515
311015
306775
307591
315110
315612
317996
314060
314895
321490
323251
318860
319887
200318
201524
202205
203097
204267
204843
205655
206738
207556
208033
208777
209873
210252
210938
211967
212681
213036
213706
214793
215092
215737
216771
217462
217784
218430
219524
219801
220424
221452
222133
222465
223105
224110
224760
225132
225772
226779
227127
227745
228682
229331
229765
230397
231283
231927
232418
233075
233956
234430
235092
235959
236663
237141
237851
238769
239521
239923
240690
241767
242583
242830
243656
244966
245844
245894
246763
248386
249302
249176
250050
252179
251782
252522
254526
255560
255247
255986
258064
259054
258868
259580
261587
262474
262531
263301
265031
265887
266172
266878
268302
269075
269871
270481
271087
272137
273008
273804
274375
275197
276286
276972
277417
278290
279626
280060
280347
281253
282721
283122
283166
284146
285994
286606
286756
287843
289628
290238
290733
292186
294062
297130
294872
295788
300475
303817
300368
301735
308824
311653
308206
308542
315453
316087
318631
314609
314908
321584
323755
319618
319959
199038
200231
200954
201854
203006
203642
204446
205504
206349
206863
207634
208714
209155
209838
210851
211595
211986
212689
213765
214121
214761
215790
216510
216864
217544
218631
218967
219581
220606
221323
221695
222355
223366
224048
224450
225130
226149
226540
227168
228127
228814
229271
229924
230840
231516
232008
232693
233607
234090
234751
235634
236360
236828
237524
238441
239193
239566
240301
241350
242143
242337
243126
244383
245211
245193
246034
247556
248400
248197
249089
251094
250800
251470
253430
254500
254270
254927
257007
258051
257939
258607
260640
261668
261818
262558
264354
265227
265577
266298
267813
268625
269427
270175
270861
271861
272642
273655
274256
274878
275791
276806
277297
277826
278969
279744
280210
280733
282033
282644
283017
283749
285386
285957
286455
287477
289206
289451
290117
291797
293427
295707
292781
294341
299459
302224
297784
299227
306804
308911
303979
304401
313033
313975
316163
312604
313542
319854
321586
317738
318581
198383
199604
200375
201303
202482
203153
203999
205093
205967
206538
207317
208417
208900
209618
210655
211425
211866
212564
213651
214040
214709
215742
216481
216875
217540
218624
218983
219624
220641
221355
221738
222396
223403
224090
224501
225165
226185
226575
227211
228162
228846
229298
229948
230866
231546
232031
232697
233635
234110
234774
235674
236406
236879
237581
238544
239323
239728
240470
241573
242409
242681
243468
244770
245653
245758
246583
248130
249052
249001
249831
251820
251584
252315
254193
255214
255025
255771
257726
258692
258586
259334
261232
262195
262228
262979
264665
265481
265818
266552
267949
268666
269385
270095
270788
271682
272345
273392
274069
274562
275313
276523
277179
277488
278406
279565
280253
280544
281669
282610
283300
283910
285390
286035
286914
288121
289747
289737
290859
293275
294771
297428
295123
296504
301615
304141
300187
301738
309258
311087
307556
308420
315158
315344
317119
314273
315148
320651
322183
319211
320285
197444
198665
199462
200426
201603
202306
203195
204279
205164
205757
206575
207675
208191
208949
209978
210763
211231
211966
213050
213468
214171
215195
215941
216357
217052
218130
218509
219176
220190
220913
221318
221997
222996
223692
224122
224805
225822
226225
226879
227831
228523
228982
229648
230569
231255
231746
232433
233377
233849
234532
235446
236182
236651
237370
238340
239119
239524
240291
241385
242214
242496
243311
244596
245468
245587
246439
247951
248848
248817
249677
251615
251407
252150
253998
255016
254860
255599
257528
258489
258398
259136
261017
261979
262006
262737
264425
265271
265621
266325
267719
268457
269201
269935
270608
271501
272177
273280
273949
274444
275197
276561
277216
277473
278449
279779
280450
280619
281831
282947
283597
284024
285615
286334
287084
288090
289920
289871
290857
293017
294646
297337
294328
295774
301406
304039
299965
301172
308813
310744
306881
307419
314652
315179
317176
314476
314960
320302
322222
319667
320161
196502
197718
198555
199518
200697
201440
202318
203421
204330
204980
205806
206907
207469
208229
209271
210077
210602
211348
212427
212888
213594
214621
215384
215847
216553
217625
218041
218712
219723
220463
220908
221597
222596
223307
223773
224462
225481
225907
226569
227529
228234
228713
229391
230328
231027
231532
232226
233192
233664
234346
235285
236031
236506
237220
238210
238988
239405
240154
241251
242081
242388
243170
244447
245306
245472
246294
247762
248641
248670
249506
251369
251228
251967
253748
254751
254664
255409
257267
258214
258190
258973
260765
261699
261809
262586
264212
265064
265426
266175
267542
268273
269019
269740
270475
271373
272041
273132
273865
274362
275070
276462
277175
277357
278201
279648
280385
280430
281506
282755
283518
283858
285366
286176
287043
288130
289982
289851
290896
293309
294812
297359
294443
295806
301162
303588
299643
300892
308160
309808
306510
307154
314011
314404
316065
313924
314655
319365
321049
319113
320008
195727
196963
197792
198795
200013
200737
201667
202818
203729
204371
205236
206372
206919
207731
208819
209630
210148
210925
212036
212480
213227
214295
215057
215508
216235
217336
217727
218429
219481
220218
220646
221354
222379
223087
223534
224234
225271
225673
226356
227343
228041
228500
229195
230153
230844
231333
232048
233033
233474
234185
235162
235903
236351
237098
238130
238903
239302
240100
241254
242063
242364
243206
244510
245359
245524
246390
247901
248772
248798
249659
251560
251360
252147
253971
254954
254813
255579
257462
258416
258313
259044
260863
261828
261906
262636
264260
265086
265407
266106
267448
268179
268928
269615
270290
271195
271864
272933
273636
274130
274827
276256
277002
277169
277984
279533
280366
280400
281426
282788
283688
284022
285429
286221
287262
288441
290276
289917
291129
293771
295370
297851
295164
296772
302867
305179
301396
302448
309873
311238
307509
307809
314358
314913
316599
314713
314962
319502
321513
320137
320386
194575
195787
196645
197651
198827
199606
200534
201628
202561
203229
204111
205226
205833
206641
207691
208530
209077
209883
210976
211480
212226
213266
214057
214539
215298
216387
216844
217539
218572
219349
219817
220542
221563
222300
222772
223513
224556
225002
225687
226679
227418
227898
228609
229582
230304
230795
231533
232538
233004
233702
234674
235440
235889
236616
237633
238417
238791
239561
240676
241480
241736
242548
243801
244622
244728
245578
247007
247837
247815
248703
250509
250387
251071
252828
253852
253802
254481
256320
257327
257372
258101
259992
260959
261105
261791
263482
264390
264784
265493
266954
267758
268556
269337
270094
271075
271803
272968
273707
274302
275056
276546
277314
277546
278361
279950
280793
280789
281755
283102
284019
284204
285488
286178
287225
288190
289878
289327
290367
292783
294071
296110
292677
294175
299384
301051
296718
297950
305784
307877
304830
305272
312292
313074
314533
313535
314162
318178
319707
319099
319823
194012
195237
196137
197147
198341
199156
200097
201229
202186
202916
203801
204925
205574
206404
207477
208337
208945
209744
210838
211381
212143
213191
213999
214529
215281
216365
216852
217574
218605
219378
219864
220586
221601
222345
222841
223557
224594
225046
225737
226728
227465
227954
228661
229638
230372
230873
231589
232607
233078
233785
234778
235552
236023
236759
237808
238612
239030
239803
240954
241792
242125
242929
244213
245080
245298
246127
247566
248453
248557
249377
251155
251110
251855
253541
254523
254533
255279
257005
257983
258052
258799
260513
261378
261529
262291
263880
264736
265070
265799
267139
267860
268609
269286
270031
270969
271647
272675
273435
274030
274742
276094
276893
277191
277978
279481
280359
280498
281464
282806
283781
284179
285488
286243
287361
288580
290327
289983
291178
293866
295327
297659
295164
296793
302508
304629
301170
302360
308998
309998
306947
307499
313483
313868
314994
314360
314915
318238
319448
319633
320501
193245
194476
195384
196420
197619
198448
199425
200555
201527
202255
203166
204304
204967
205831
206909
207786
208394
209222
210332
210884
211679
212733
213554
214083
214856
215955
216448
217197
218235
219018
219507
220245
221267
222019
222509
223240
224291
224744
225452
226450
227197
227680
228402
229388
230124
230618
231353
232389
232848
233575
234585
235366
235823
236580
237644
238457
238865
239662
240824
241666
241995
242825
244118
244988
245209
246062
247512
248396
248507
249368
251129
251085
251882
253579
254526
254520
255309
257051
257971
257972
258684
260417
261333
261511
262220
263764
264630
264954
265656
266999
267729
268481
269148
269861
270814
271500
272506
273237
273865
274582
275903
276703
277035
277815
279297
280214
280402
281346
282667
283734
284204
285473
286182
287428
288703
290435
290038
291356
294107
295565
297774
295311
296999
302537
304411
300941
302117
308799
310046
307196
307618
313426
313883
314966
314641
315001
318126
319364
320205
320809
192203
193400
194316
195345
196521
197372
198325
199440
200414
201167
202088
203207
203900
204753
205824
206707
207346
208194
209287
209876
210663
211715
212548
213106
213903
214992
215529
216270
217311
218116
218639
219395
220423
221188
221705
222476
223526
224008
224720
225735
226503
227004
227743
228745
229498
229999
230759
231807
232275
232986
234007
234798
235254
235995
237062
237862
238252
239025
240172
240986
241286
242095
243349
244168
244356
245199
246584
247410
247504
248389
250084
250084
250792
252437
253423
253481
254189
255916
256899
257026
257769
259509
260430
260667
261412
262995
263897
264289
265035
266460
267276
268092
268806
269610
270651
271414
272451
273268
273999
274787
276111
276952
277403
278232
279670
280581
280850
281771
282996
284007
284467
285596
286202
287302
288444
289952
289432
290492
292960
294201
296074
293344
294869
299933
301536
298133
299296
305910
307435
305025
305612
311568
312396
313559
313801
314468
317400
318477
320001
320801
191706
192928
193875
194910
196107
196980
197961
199103
200102
200893
201818
202962
203685
204563
205655
206568
207236
208077
209196
209809
210618
211684
212542
213137
213924
215026
215568
216325
217371
218185
218721
219471
220508
221294
221814
222553
223623
224107
224829
225849
226625
227129
227860
228879
229648
230148
230884
231962
232432
233157
234199
235009
235480
236229
237328
238159
238579
239357
240544
241400
241745
242547
243847
244722
244975
245794
247224
248110
248273
249093
250793
250837
251606
253209
254174
254255
255024
256693
257609
257709
258475
260126
260993
261154
261905
263432
264295
264653
265394
266734
267467
268228
268867
269648
270641
271350
272273
273066
273801
274564
275759
276591
277108
277944
279270
280179
280595
281573
282767
283780
284430
285664
286359
287475
288839
290499
290219
291411
294051
295495
297556
295447
296916
301895
303652
300855
302005
307836
309081
306781
307505
312702
313161
313974
314310
314939
317282
317894
319825
320752
191011
192219
193174
194239
195420
196315
197330
198446
199449
200250
201205
202336
203085
203994
205069
205989
206676
207551
208658
209299
210137
211188
212053
212662
213479
214570
215139
215924
216955
217773
218326
219100
220123
220914
221451
222217
223276
223777
224520
225527
226308
226824
227574
228584
229355
229868
230628
231700
232182
232929
233966
234778
235257
236031
237123
237957
238386
239188
240361
241217
241582
242409
243683
244560
244846
245692
247084
247970
248180
249027
250674
250762
251551
253120
254065
254184
254962
256597
257513
257637
258356
259940
260822
261067
261838
263334
264148
264519
265239
266573
267322
268091
268731
269485
270492
271214
272120
272893
273661
274426
275579
276415
276986
277820
279092
280033
280514
281489
282632
283707
284434
285632
286286
287509
288900
290490
290233
291539
294178
295551
297554
295631
297155
301940
303610
301053
302185
307812
308989
306948
307601
312548
313030
313900
314384
314859
317119
317720
320048
320777
190089
191267
192225
193262
194426
195325
196300
197422
198423
199247
200195
201312
202076
202964
204045
204966
205682
206560
207656
208316
209139
210199
211070
211708
212532
213623
214218
214989
216037
216870
217450
218234
219267
220064
220628
221415
222478
222997
223735
224766
225561
226090
226853
227882
228658
229181
229957
231039
231520
232247
233311
234129
234597
235351
236456
237273
237686
238469
239634
240458
240797
241607
242862
243691
243949
244790
246147
246976
247166
248039
249655
249753
250470
252017
252987
253143
253881
255496
256457
256646
257404
259037
259989
260251
260999
262532
263443
263870
264639
266012
266816
267655
268322
269175
270277
271067
271982
272829
273712
274540
275674
276549
277229
278101
279325
280255
280822
281767
282809
283811
284571
285669
286175
287239
288592
289978
289563
290580
293051
294238
295895
293857
295255
299741
301205
298711
299865
305414
306806
305053
305858
310885
311770
312855
313618
314473
316832
317576
320325
321241
189648
190856
191833
192881
194068
194992
195998
197132
198164
199001
199954
201107
201893
202808
203907
204863
205584
206459
207595
208274
209126
210208
211105
211741
212560
213676
214275
215072
216129
216983
217561
218341
219398
220223
220768
221530
222633
223149
223900
224942
225759
226278
227032
228089
228894
229398
230152
231284
231761
232511
233594
234437
234911
235679
236813
237674
238098
238879
240096
240972
241330
242131
243445
244334
244619
245432
246848
247741
247961
248766
250408
250517
251307
252833
253784
253935
254716
256294
257226
257380
258146
259701
260601
260818
261589
263073
263910
264233
264995
266344
267098
267903
268508
269301
270361
271112
271937
272745
273615
274417
275452
276311
277045
277929
279067
279987
280670
281697
282713
283713
284626
285858
286447
287541
289036
290619
290436
291581
294121
295516
297380
295773
297072
301481
303038
300955
302095
307113
308309
306632
307508
311985
312527
313315
314026
314773
316690
317049
319726
320639
189014
190189
191170
192245
193405
194334
195369
196476
197490
198345
199332
200453
201257
202202
203278
204223
204975
205890
206991
207696
208576
209629
210520
211188
212045
213132
213760
214584
215616
216464
217070
217879
218907
219722
220307
221111
222177
222718
223496
224515
225322
225872
226652
227681
228478
229018
229808
230909
231410
232184
233246
234083
234580
235371
236482
237329
237781
238595
239771
240628
241028
241861
243123
243992
244333
245179
246529
247402
247690
248536
250102
250279
251064
252544
253488
253701
254478
256003
256931
257152
257901
259404
260313
260609
261351
262768
263613
264013
264787
266106
266870
267703
268325
269108
270181
270948
271765
272567
273471
274284
275281
276154
276940
277817
278907
279863
280606
281603
282561
283623
284581
285750
286294
287477
289021
290470
290298
291577
294063
295284
297062
295662
297075
301128
302651
300814
301941
306686
307919
306526
307318
311571
312230
313194
313925
314543
316533
317036
319766
320492
188387
189551
190549
191596
192754
193700
194704
195828
196854
197744
198716
199837
200665
201594
202684
203638
204428
205333
206433
207165
208036
209102
210002
210708
211560
212646
213299
214113
215159
216021
216658
217468
218507
219334
219953
220746
221815
222377
223150
224184
225002
225574
226355
227399
228210
228769
229554
230665
231173
231936
233020
233863
234372
235158
236283
237133
237603
238404
239581
240437
240859
241675
242936
243801
244167
244996
246332
247199
247512
248347
249875
250080
250866
252314
253251
253501
254282
255778
256707
256959
257745
259208
260091
260389
261185
262611
263493
263898
264685
265976
266759
267606
268208
269030
270138
270924
271706
272553
273514
274346
275301
276191
277042
277937
278967
279916
280749
281754
282657
283675
284707
285858
286387
287495
289079
290464
290322
291462
293920
295098
296792
295570
296871
300723
302178
300564
301727
306193
307433
306226
307179
311194
311904
312917
313627
314468
316429
317007
319637
320536
187917
189085
190064
191137
192307
193228
194269
195412
196429
197303
198300
199438
200248
201212
202325
203279
204052
204982
206103
206814
207719
208813
209712
210397
211270
212382
213009
213858
214937
215795
216410
217239
218303
219130
219724
220536
221628
222164
222965
224031
224846
225394
226196
227265
228071
228611
229413
230552
231030
231827
232950
233792
234276
235087
236252
237102
237547
238379
239613
240471
240867
241712
243008
243873
244214
245066
246443
247313
247602
248437
250019
250180
250993
252488
253417
253632
254427
255928
256825
257024
257811
259304
260222
260511
261287
262692
263558
263938
264702
266008
266780
267611
268158
268938
270078
270864
271594
272399
273378
274205
275123
276014
276890
277785
278774
279749
280635
281635
282499
283595
284723
285861
286331
287543
289231
290636
290436
291703
294294
295519
297153
296011
297386
301254
302681
301115
302257
306636
307872
306668
307505
311366
312106
313107
313696
314330
316283
316878
319436
320152
187235
188368
189348
190411
191542
192481
193508
194597
195610
196485
197483
198588
199426
200381
201451
202406
203190
204134
205225
205968
206869
207925
208832
209533
210424
211511
212178
213019
214066
214941
215577
216418
217460
218296
218902
219745
220825
221395
222190
223234
224069
224632
225443
226499
227316
227858
228686
229815
230322
231102
232201
233054
233548
234349
235486
236340
236785
237602
238794
239644
240031
240872
242123
242971
243303
244170
245496
246342
246637
247518
249028
249235
249989
251433
252384
252651
253415
254928
255894
256185
256945
258445
259374
259707
260473
261936
262855
263293
264054
265429
266274
267149
267751
268598
269768
270590
271350
272214
273268
274135
275045
275956
276917
277841
278798
279769
280687
281682
282440
283471
284576
285685
286051
287146
288711
290019
289769
290830
293180
294294
295791
294525
295881
299526
300893
299391
300540
304871
306196
305221
306081
310121
311096
312269
313170
314047
316196
316975
319756
320634
186906
188043
189051
190098
191234
192198
193214
194331
195361
196282
197270
198381
199247
200200
201290
202263
203095
204023
205120
205897
206796
207865
208789
209539
210417
211504
212202
213047
214099
214977
215650
216483
217531
218383
219032
219852
220928
221519
222318
223370
224210
224804
225611
226673
227507
228089
228897
230030
230555
231345
232455
233315
233844
234650
235799
236666
237158
237979
239181
240050
240499
241334
242589
243460
243862
244708
246026
246898
247261
248096
249583
249842
250638
252033
252964
253274
254093
255508
256417
256734
257543
258962
259851
260196
260997
262370
263244
263666
264460
265758
266546
267395
267948
268772
269923
270730
271417
272262
273320
274174
275019
275944
276947
277880
278771
279732
280753
281758
282534
283556
284783
285934
286388
287481
289184
290532
290469
291599
294008
295158
296769
295893
297164
300616
302017
300854
302006
305926
307156
306322
307270
310833
311613
312683
313359
314222
316153
316809
319179
320073
186502
187633
188624
189693
190831
191774
192816
193937
194957
195859
196867
197987
198837
199817
200918
201884
202700
203652
204763
205520
206444
207532
208455
209186
210084
211191
211865
212735
213813
214690
215343
216199
217264
218113
218744
219579
220679
221250
222073
223149
223990
224563
225386
226475
227307
227866
228692
229852
230350
231164
232305
233169
233670
234497
235679
236545
237012
237850
239084
239954
240375
241225
242518
243392
243768
244625
245980
246849
247179
248019
249540
249765
250579
252030
252958
253228
254033
255498
256418
256690
257472
258920
259825
260136
260915
262315
263213
263614
264382
265695
266495
267348
267866
268662
269841
270645
271307
272135
273227
274080
274897
275818
276853
277783
278640
279624
280703
281695
282423
283497
284791
285933
286321
287493
289243
290589
290446
291645
294127
295308
296829
295954
297280
300755
302115
300949
302087
305991
307254
306409
307297
310819
311655
312716
313323
314085
316055
316754
319053
319852
185995
187101
188091
189150
190256
191214
192245
193319
194339
195240
196246
197338
198207
199180
200244
201217
202036
202992
204081
204866
205786
206841
207772
208512
209420
210506
211215
212079
213124
214017
214686
215543
216590
217452
218086
218947
220034
220633
221449
222503
223362
223948
224776
225851
226693
227253
228101
229248
229777
230575
231694
232569
233086
233900
235056
235931
236402
237236
238439
239308
239732
240584
241838
242702
243075
243949
245263
246121
246461
247345
248825
249101
249862
251276
252219
252548
253321
254767
255697
256028
256805
258270
259199
259570
260338
261763
262670
263104
263871
265240
266075
266952
267514
268368
269570
270395
271072
271938
273073
273955
274757
275694
276784
277739
278544
279518
280629
281635
282292
283327
284589
285735
286059
287131
288802
290110
289972
290993
293308
294431
295898
294976
296294
299598
300941
299852
301004
304828
306134
305456
306369
309996
310957
312118
312928
313882
315976
316792
319181
320110
185652
186747
187746
188783
189882
190846
191855
192943
193966
194888
195880
196970
197851
198811
199885
200861
201707
202649
203734
204533
205445
206509
207443
208208
209106
210190
210911
211768
212826
213720
214409
215265
216316
217181
217842
218694
219776
220386
221200
222268
223126
223727
224556
225635
226479
227063
227905
229052
229589
230383
231514
232391
232923
233738
234904
235778
236268
237100
238309
239178
239621
240470
241728
242592
242990
243859
245166
246027
246386
247263
248724
249018
249795
251197
252142
252485
253265
254695
255630
255978
256759
258193
259121
259498
260281
261684
262600
263045
263829
265169
265996
266877
267409
268266
269477
270310
270951
271830
272996
273887
274644
275588
276725
277681
278453
279433
280601
281608
282235
283241
284611
285716
286037
287079
288825
290085
289998
291016
293347
294462
295894
295106
296394
299616
300918
299962
301129
304825
306093
305500
306467
309918
310894
312066
312784
313816
315890
316766
318954
319946
185364
186471
187479
188518
189623
190605
191625
192707
193747
194674
195664
196771
197667
198637
199715
200712
201559
202503
203609
204419
205344
206414
207368
208135
209032
210138
210869
211742
212803
213723
214416
215273
216342
217228
217882
218718
219835
220450
221273
222351
223229
223832
224660
225761
226631
227208
228033
229218
229759
230571
231709
232608
233142
233963
235147
236043
236536
237366
238596
239492
239943
240780
242065
242954
243361
244206
245542
246424
246796
247634
249117
249408
250217
251607
252545
252873
253688
255105
256028
256352
257162
258575
259484
259834
260639
262024
262914
263317
264121
265445
266246
267101
267615
268442
269643
270458
271079
271939
273117
274003
274730
275662
276837
277810
278550
279519
280742
281790
282423
283408
284832
286000
286373
287418
289180
290537
290529
291598
293879
295066
296544
295911
297136
300291
301604
300798
301959
305462
306688
306127
307145
310397
311276
312337
313016
314013
315958
316718
318704
319688
185064
186152
187154
188209
189297
190271
191310
192376
193402
194330
195341
196427
197326
198316
199375
200365
201220
202185
203271
204092
205036
206089
207038
207816
208738
209822
210567
211462
212506
213418
214127
215005
216049
216932
217610
218474
219565
220197
221040
222099
222977
223598
224443
225523
226390
226994
227843
229002
229564
230396
231518
232410
232964
233806
234968
235858
236378
237230
238432
239324
239806
240659
241910
242799
243245
244104
245399
246281
246697
247551
248990
249320
250134
251491
252421
252795
253613
254990
255912
256283
257092
258473
259376
259766
260567
261921
262809
263244
264040
265338
266134
267002
267523
268335
269533
270362
270978
271837
273017
273914
274632
275569
276758
277730
278461
279444
280684
281729
282340
283373
284798
285940
286321
287435
289197
290486
290505
291633
293897
295005
296480
295954
297199
300214
301537
300856
302013
305373
306603
306166
307172
310291
311189
312333
312978
313927
315893
316722
318588
319538
184717
185783
186776
187807
188879
189847
190858
191920
192934
193864
194859
195930
196828
197795
198854
199834
200693
201650
202724
203547
204473
205530
206473
207255
208172
209249
209996
210874
211927
212836
213547
214423
215472
216349
217030
217902
218988
219622
220452
221522
222397
223017
223865
224953
225814
226414
227274
228429
228988
229801
230938
231832
232381
233209
234383
235271
235776
236621
237832
238711
239176
240032
241284
242154
242580
243455
244750
245613
246008
246892
248325
248664
249452
250827
251775
252156
252951
254355
255297
255672
256466
257873
258809
259210
260004
261391
262313
262760
263550
264883
265718
266600
267111
267973
269208
270058
270662
271557
272790
273707
274396
275349
276588
277566
278253
279231
280514
281542
282083
283092
284527
285646
285952
286974
288744
289984
289947
290938
293183
294274
295654
295077
296323
299292
300579
299898
301066
304435
305724
305347
306385
309585
310622
311849
312539
313659
315759
316737
318607
319675
184495
185567
186574
187602
188681
189661
190676
191745
192769
193719
194710
195791
196705
197679
198747
199739
200618
201570
202657
203495
204428
205492
206449
207253
208166
209256
210014
210905
211962
212881
213614
214488
215547
216441
217140
217996
219099
219748
220591
221664
222552
223194
224038
225135
226014
226634
227479
228653
229223
230056
231194
232097
232665
233505
234682
235580
236115
236962
238175
239071
239569
240414
241675
242565
243024
243880
245178
246062
246494
247341
248776
249121
249944
251291
252229
252613
253439
254808
255737
256113
256940
258308
259219
259612
260430
261773
262667
263092
263904
265199
266002
266869
267368
268198
269425
270264
270852
271731
272965
273878
274551
275495
276757
277742
278416
279391
280715
281766
282326
283343
284818
285975
286327
287376
289166
290455
290509
291568
293788
294905
296332
295930
297120
299998
301295
300775
301933
305103
306354
306032
307112
310095
311035
312195
312813
313884
315870
316767
318431
319500
184262
185323
186319
187359
188427
189398
190428
191485
192503
193442
194449
195522
196429
197419
198481
199469
200339
201309
202392
203223
204175
205236
206189
206989
207919
209008
209762
210669
211727
212644
213372
214264
215323
216215
216911
217786
218891
219536
220395
221473
222359
222996
223860
224958
225834
226454
227315
228494
229057
229905
231052
231956
232519
233373
234555
235455
235984
236842
238063
238959
239451
240314
241576
242464
242922
243788
245094
245973
246404
247263
248701
249045
249870
251223
252164
252549
253373
254744
255678
256055
256875
258243
259162
259556
260359
261703
262606
263026
263821
265118
265927
266799
267286
268105
269351
270195
270767
271641
272898
273815
274469
275419
276705
277686
278343
279335
280681
281729
282266
283304
284815
285951
286284
287375
289187
290455
290483
291585
293812
294920
296312
295934
297153
300010
301284
300797
301959
305100
306344
306048
307116
310038
311025
312201
312779
313813
315838
316774
318348
319395
183999
185042
186032
187059
188108
189081
190093
191130
192143
193076
194071
195131
196042
197017
198062
199049
199917
200885
201953
202794
203734
204782
205737
206536
207466
208539
209310
210207
211251
212174
212906
213794
214844
215738
216435
217322
218414
219071
219922
220994
221887
222525
223389
224480
225360
225977
226852
228018
228599
229431
230572
231482
232049
232895
234072
234972
235500
236360
237571
238463
238949
239819
241069
241954
242403
243287
244570
245447
245873
246762
248176
248550
249350
250704
251652
252062
252863
254246
255187
255590
256390
257777
258704
259119
259910
261276
262187
262631
263415
264743
265566
266451
266943
267804
269065
269927
270493
271399
272683
273614
274244
275209
276527
277519
278139
279126
280494
281545
282038
283044
284566
285688
285983
287008
288803
290042
290068
291065
293257
294341
295709
295292
296526
299315
300590
300123
301292
304418
305697
305465
306540
309535
310585
311825
312460
313603
315720
316736
318347
319447
183801
184835
185827
186844
187890
188858
189859
190904
191911
192855
193844
194898
195812
196783
197835
198813
199698
200662
201724
202571
203507
204560
205511
206325
207254
208323
209098
209994
211048
211967
212709
213600
214655
215547
216258
217145
218235
218897
219749
220828
221720
222371
223237
224331
225211
225842
226716
227882
228469
229302
230452
231359
231935
232786
233967
234867
235406
236264
237478
238370
238869
239741
240989
241874
242336
243220
244502
245381
245821
246709
248116
248499
249301
250652
251599
252017
252826
254198
255138
255549
256354
257725
258652
259071
259862
261216
262133
262573
263357
264680
265506
266395
266875
267741
269009
269876
270427
271338
272638
273574
274188
275156
276498
277489
278095
279084
280490
281531
282013
283018
284578
285684
285976
286996
288823
290042
290085
291081
293275
294351
295698
295343
296566
299317
300571
300169
301339
304409
305676
305483
306576
309500
310561
311824
312412
313587
315721
316743
318253
319372
183620
184660
185658
186672
187720
188702
189704
190748
191766
192714
193703
194768
195694
196667
197717
198713
199604
200562
201637
202495
203439
204493
205458
206284
207208
208291
209077
209981
211035
211968
212723
213614
214677
215588
216307
217179
218289
218962
219823
220906
221811
222473
223336
224443
225340
225980
226843
228027
228622
229471
230617
231538
232124
232980
234164
235077
235629
236488
237710
238616
239131
239990
241247
242146
242634
243497
244789
245679
246140
246999
248419
248801
249634
250965
251909
252321
253155
254505
255437
255837
256663
258009
258929
259331
260149
261479
262377
262799
263609
264910
265725
266605
267084
267926
269199
270060
270607
271502
272815
273751
274356
275311
276673
277675
278278
279260
280687
281750
282241
283248
284821
285965
286285
287318
289137
290393
290483
291525
293677
294771
296139
295890
297068
299755
301015
300711
301875
304825
306078
305914
307048
309847
310862
312078
312651
313786
315865
316830
318241
319337
183456
184482
185471
186497
187535
188506
189521
190556
191565
192509
193510
194562
195480
196470
197516
198500
199390
200364
201431
202285
203242
204293
205252
206074
207015
208095
208876
209796
210849
211778
212534
213438
214494
215400
216126
217016
218119
218794
219669
220748
221653
222318
223195
224299
225192
225838
226717
227898
228491
229352
230501
231422
232008
232878
234061
234970
235528
236397
237616
238518
239040
239915
241164
242060
242555
243427
244717
245606
246077
246945
248357
248743
249579
250907
251852
252272
253104
254445
255378
255783
256605
257945
258864
259273
260083
261406
262314
262742
263544
264841
265658
266548
267023
267859
269139
270006
270548
271439
272762
273700
274299
275259
276634
277635
278226
279224
280663
281719
282202
283230
284816
285946
286257
287325
289155
290384
290467
291542
293695
294774
296120
295900
297094
299751
300998
300728
301891
304796
306058
305925
307056
309805
310843
312081
312653
313746
315853
316835
318176
319286
183279
184292
185276
186287
187311
188281
189281
190300
191304
192240
193230
194273
195194
196168
197199
198186
199069
200037
201096
201954
202898
203940
204901
205721
206658
207726
208519
209426
210471
211402
212156
213060
214111
215018
215737
216637
217730
218411
219278
220355
221263
221925
222804
223902
224796
225438
226327
227498
228104
228950
230098
231022
231612
232470
233653
234566
235118
235988
237200
238101
238616
239497
240738
241637
242119
243007
244285
245173
245632
246526
247922
248333
249145
250479
251426
251862
252672
254023
254960
255381
256183
257542
258467
258893
259689
261034
261950
262395
263185
264509
265343
266241
266708
267581
268876
269753
270279
271197
272542
273492
274065
275039
276441
277449
278004
279001
280464
281520
281965
282970
284569
285689
285970
286986
288816
290027
290104
291095
293238
294306
295637
295375
296589
299214
300467
300193
301361
304282
305567
305460
306593
309406
310498
311778
312376
313545
315713
316802
318131
319271
183139
184143
185127
186132
187151
188118
189113
190135
191130
192074
193063
194098
195020
195993
197027
198006
198899
199865
200917
201779
202725
203770
204724
205554
206493
207556
208353
209261
210309
211238
212001
212906
213961
214864
215595
216497
217586
218274
219142
220224
221130
221802
222683
223784
224677
225327
226220
227390
228000
228847
230002
230923
231519
232384
233570
234479
235039
235910
237126
238028
238551
239432
240675
241573
242062
242951
244228
245119
245589
246482
247870
248289
249102
250433
251378
251817
252627
253971
254904
255330
256135
257486
258413
258843
259642
260985
261904
262347
263137
264461
265296
266199
266657
267533
268835
269717
270233
271155
272511
273464
274027
275005
276420
277432
277978
278974
280460
281509
281951
282955
284579
285686
285970
286983
288833
290023
290115
291108
293250
294308
295625
295406
296614
299206
300449
300218
301386
304266
305548
305467
306616
309398
310496
311784
312339
313556
315730
316821
318066
319203
183003
184011
185003
186001
187024
188001
188992
190017
191019
191974
192959
194000
194931
195903
196940
197927
198834
199796
200856
201729
202677
203723
204686
205534
206464
207537
208346
209257
210308
211246
212026
212929
213987
214904
215655
216541
217643
218344
219219
220299
221213
221904
222784
223891
224795
225465
226343
227525
228143
229007
230154
231082
231696
232565
233744
234665
235248
236117
237328
238239
238787
239658
240903
241806
242327
243200
244475
245374
245874
246738
248131
248549
249387
250691
251630
252069
252904
254220
255148
255574
256405
257729
258646
259074
259902
261212
262123
262562
263379
264678
265500
266401
266872
267724
269025
269904
270428
271331
272690
273647
274217
275179
276604
277622
278177
279167
280664
281727
282186
283191
284815
285942
286259
287287
289120
290328
290462
291497
293597
294655
295989
295864
297031
299563
300811
300667
301830
304612
305886
305839
307026
309699
310776
312072
312566
313771
315897
316956
318130
319214
182891
183888
184869
185879
186897
187858
188862
189886
190876
191824
192819
193855
194774
195762
196799
197777
198680
199653
200707
201570
202534
203584
204540
205381
206326
207399
208192
209121
210182
211113
211884
212800
213864
214775
215520
216422
217527
218214
219106
220199
221107
221790
222681
223796
224697
225363
226254
227439
228043
228923
230087
231010
231610
232492
233687
234602
235173
236054
237276
238184
238726
239603
240859
241761
242272
243152
244439
245336
245825
246693
248096
248496
249341
250656
251591
252016
252853
254182
255111
255524
256356
257689
258614
259028
259852
261177
262094
262518
263333
264643
265470
266372
266830
267677
268996
269874
270384
271292
272671
273620
274176
275148
276594
277602
278142
279150
280669
281718
282156
283187
284836
285947
286235
287293
289146
290344
290445
291509
293625
294677
295984
295867
297049
299577
300813
300671
301837
304618
305898
305838
307030
309699
310798
312110
312514
313778
315925
316964
318100
319170
182779
183766
184739
185741
186744
187704
188701
189703
190692
191630
192622
193649
194565
195544
196567
197545
198436
199410
200458
201322
202276
203311
204272
205104
206050
207119
207919
208836
209884
210823
211589
212500
213559
214472
215204
216119
217219
217910
218794
219879
220794
221471
222363
223476
224377
225029
225934
227119
227730
228592
229752
230686
231283
232156
233349
234271
234832
235710
236936
237844
238366
239257
240514
241408
241902
242800
244086
244973
245443
246341
247740
248146
248958
250283
251237
251667
252474
253818
254766
255185
255990
257347
258291
258707
259511
260861
261796
262224
263015
264355
265203
266100
266545
267428
268768
269642
270132
271061
272466
273420
273946
274928
276405
277419
277921
278927
280473
281529
281924
282935
284603
285724
285972
286983
288846
290059
290135
291119
293236
294322
295593
295418
296625
299172
300400
300224
301390
304217
305524
305450
306624
309369
310537
311877
312228
313599
315824
316900
318022
319097
182676
183664
184641
185632
186631
187598
188586
189585
190579
191520
192501
193524
194452
195424
196443
197426
198326
199291
200334
201210
202160
203193
204160
204999
205941
207005
207816
208730
209777
210720
211493
212405
213462
214382
215123
216034
217131
217838
218717
219798
220722
221410
222300
223408
224320
224982
225885
227061
227689
228550
229707
230642
231254
232126
233314
234239
234816
235694
236910
237826
238362
239251
240493
241398
241904
242800
244070
244967
245446
246341
247719
248151
248959
250272
251216
251669
252477
253811
254751
255192
255997
257344
258277
258718
259521
260861
261787
262232
263024
264361
265198
266109
266551
267430
268761
269653
270135
271068
272470
273438
273958
274941
276420
277445
277943
278944
280495
281561
281961
282966
284637
285757
286028
287031
288890
290084
290208
291185
293286
294346
295649
295504
296703
299195
300443
300309
301472
304253
305553
305517
306704
309412
310566
311941
312251
313646
315869
316956
318022
319082
182590
183568
184546
185534
186527
187494
188477
189475
190462
191407
192390
193409
194334
195303
196325
197303
198204
199170
200213
201090
202037
203072
204036
204882
205823
206882
207699
208613
209662
210603
211384
212296
213350
214271
215020
215932
217024
217737
218619
219703
220626
221319
222210
223319
224234
224900
225805
226980
227616
228477
229635
230569
231190
232062
233250
234179
234757
235634
236852
237771
238309
239196
240438
241343
241850
242749
244014
244910
245393
246289
247658
248097
248903
250217
251162
251620
252428
253760
254699
255149
255953
257299
258235
258677
259480
260822
261751
262199
262990
264324
265166
266083
266517
267402
268736
269632
270107
271041
272452
273428
273935
274917
276410
277441
277930
278929
280495
281563
281960
282957
284641
285758
286033
287026
288891
290078
290216
291182
293274
294332
295637
295507
296703
299170
300425
300309
301471
304231
305538
305506
306711
309399
310569
311956
312254
313657
315904
317001
318008
319078
182509
183486
184462
185445
186436
187402
188381
189378
190365
191310
192287
193305
194234
195201
196219
197196
198102
199065
200107
200987
201935
202969
203931
204781
205721
206784
207603
208517
209563
210507
211293
212205
213262
214184
214936
215845
216944
217659
218543
219629
220554
221251
222142
223256
224172
224842
225744
226927
227562
228425
229586
230526
231146
232018
233208
234138
234719
235599
236820
237738
238279
239162
240408
241311
241821
242711
243981
244875
245361
246250
247629
248062
248875
250182
251133
251588
252401
253732
254680
255123
255935
257275
258222
258658
259465
260804
261739
262178
262977
264312
265158
266074
266504
267383
268735
269629
270095
271026
272458
273427
273929
274909
276421
277453
277933
278926
280509
281580
281971
282963
284657
285782
286053
287041
288905
290103
290238
291203
293282
294354
295642
295534
296716
299176
300427
300329
301488
304230
305553
305514
306737
309402
310603
311989
312278
313677
315962
317060
318006
319079
182439
183411
184388
185364
186350
187318
188293
189283
190271
191217
192185
193203
194134
195097
196111
197092
197997
198955
199998
200878
201823
202855
203826
204674
205608
206674
207492
208404
209451
210400
211182
212093
213153
214080
214832
215736
216845
217558
218440
219528
220459
221155
222045
223165
224083
224750
225648
226846
227476
228339
229501
230447
231063
231935
233131
234066
234643
235519
236746
237663
238201
239079
240331
241230
241735
242619
243899
244788
245269
246156
247550
247974
248790
250101
251060
251507
252325
253658
254614
255047
255863
257207
258161
258588
259399
260742
261689
262115
262915
264256
265112
266026
266444
267324
268697
269586
270043
270972
272425
273394
273885
274861
276393
277425
277894
278884
280489
281564
281939
282925
284633
285766
286021
287003
288868
290082
290200
291161
293229
294321
295590
295489
296660
299128
300373
300275
301434
304173
305514
305453
306689
309352
310588
311976
312252
313658
315990
317096
317972
319059
182362
183339
184323
185298
186283
187261
188237
189221
190218
191167
192136
193157
194097
195062
196073
197066
197973
198926
199979
200870
201814
202844
203824
204675
205605
206682
207515
208433
209474
210437
211231
212137
213201
214144
214902
215794
216915
217642
218528
219610
220557
221266
222150
223270
224208
224890
225768
226975
227621
228495
229643
230599
231233
232107
233291
234239
234836
235702
236918
237854
238411
239266
240511
241431
241953
242809
244087
245002
245505
246354
247747
248186
249025
250305
251257
251724
252563
253861
254812
255267
256101
257414
258361
258804
259634
260943
261883
262326
263145
264451
265296
266238
266668
267504
268873
269790
270254
271146
272597
273591
274091
275037
276564
277626
278114
279081
280670
281773
282181
283158
284838
285990
286295
287285
289104
290320
290503
291501
293503
294571
295898
295859
296976
299383
300670
300646
301783
304441
305788
305787
307040
309615
310831
312282
312540
313889
316195
317323
318114
319179
182320
183284
184257
185243
186225
187184
188172
189163
190141
191090
192072
193082
194010
194989
196003
196976
197891
198862
199895
200778
201741
202769
203732
204592
205540
206601
207425
208362
209405
210349
211147
212071
213127
214055
214829
215742
216842
217565
218470
219554
220483
221200
222103
223214
224135
224836
225737
226922
227561
228454
229611
230548
231182
232078
233259
234185
234791
235676
236882
237795
238363
239241
240467
241363
241907
242786
244041
244935
245464
246336
247703
248131
248990
250281
251214
251674
252535
253845
254775
255222
256079
257402
258329
258763
259612
260936
261856
262282
263122
264449
265274
266190
266644
267506
268853
269745
270230
271154
272586
273550
274066
275054
276567
277589
278084
279102
280689
281746
282152
283182
284872
285975
286264
287307
289146
290314
290470
291512
293546
294572
295859
295856
297021
299389
300636
300630
301812
304458
305760
305757
307053
309639
310826
312267
312552
313963
316248
317330
318071
319219
182280
183239
184209
185183
186158
187116
188094
189074
190050
190996
191969
192973
193902
194868
195875
196851
197755
198717
199754
200635
201583
202611
203576
204427
205370
206430
207253
208175
209220
210167
210958
211877
212935
213860
214619
215536
216639
217361
218253
219342
220273
220979
221880
222999
223918
224598
225508
226698
227337
228213
229374
230320
230946
231827
233017
233947
234534
235412
236627
237536
238078
238958
240197
241090
241605
242491
243763
244654
245148
246040
247424
247859
248689
249996
250952
251412
252240
253570
254525
254966
255792
257136
258088
258521
259341
260686
261632
262058
262863
264209
265068
265985
266404
267286
268665
269556
270004
270944
272409
273380
273858
274846
276397
277432
277883
278891
280512
281582
281945
282953
284672
285792
286044
287043
288900
290095
290227
291198
293241
294314
295589
295512
296689
299101
300358
300289
301459
304164
305502
305453
306718
309357
310626
312089
312328
313788
316168
317286
317940
319105
182237
183196
184169
185136
186110
187073
188044
189022
190004
190948
191915
192919
193855
194817
195823
196801
197708
198667
199702
200592
201536
202561
203529
204384
205324
206386
207217
208136
209178
210130
210926
211839
212899
213832
214594
215509
216611
217343
218231
219320
220260
220970
221867
222988
223914
224599
225507
226697
227347
228219
229377
230327
230958
231833
233020
233953
234541
235412
236624
237537
238084
238956
240194
241100
241618
242501
243771
244674
245172
246059
247436
247889
248712
250007
250969
251446
252269
253587
254545
255004
255826
257160
258112
258561
259372
260709
261658
262097
262901
264237
265095
266025
266434
267312
268694
269597
270034
270966
272439
273424
273890
274874
276432
277476
277920
278926
280553
281632
281995
283000
284720
285844
286108
287103
288948
290145
290307
291268
293291
294363
295667
295585
296749
299146
300428
300362
301534
304213
305562
305520
306788
309397
310681
312197
312406
313874
316269
317393
317955
319127
182200
183160
184136
185095
186066
187036
188001
188973
189957
190903
191863
192870
193809
194763
195766
196748
197656
198610
199646
200541
201480
202504
203477
204334
205268
206328
207168
208080
209119
210077
210876
211785
212849
213786
214544
215460
216566
217303
218185
219276
220219
220933
221825
222949
223886
224566
225470
226664
227325
228189
229345
230298
230935
231802
232987
233923
234511
235374
236585
237508
238050
238915
240158
241071
241582
242460
243736
244649
245140
246022
247405
247873
248683
249973
250943
251434
252245
253559
254526
254996
255806
257135
258096
258557
259359
260689
261645
262095
262887
264218
265088
266031
266424
267293
268689
269608
270027
270950
272436
273436
273885
274863
276434
277492
277922
278916
280559
281651
282003
282998
284727
285862
286128
287108
288944
290153
290336
291272
293274
294362
295697
295583
296734
299139
300451
300362
301525
304202
305579
305529
306784
309372
310693
312269
312441
313922
316353
317482
317944
319118
182173
183132
184110
185061
186032
187004
187965
188934
189917
190866
191818
192826
193771
194719
195723
196708
197614
198562
199603
200502
201433
202458
203430
204290
205218
206283
207131
208037
209075
210036
210838
211740
212806
213751
214507
215420
216530
217272
218149
219242
220191
220906
221794
222923
223866
224543
225442
226643
227312
228166
229323
230280
230917
231776
232961
233902
234489
235344
236558
237486
238024
238883
240130
241055
241559
242428
243712
244639
245120
245990
247381
247867
248667
249947
250926
251430
252232
253537
254514
254997
255797
257116
258088
258560
259349
260671
261640
262103
262885
264201
265085
266051
266422
267276
268688
269629
270025
270932
272438
273460
273888
274850
276437
277516
277926
278908
280564
281677
282019
282998
284732
285888
286155
287115
288940
290172
290375
291281
293257
294364
295744
295590
296717
299135
300483
300375
301521
304194
305604
305550
306794
309344
310708
312351
312493
313983
316456
317575
317930
319104
182148
183108
184088
185035
186006
186979
187936
188903
189888
190834
191782
192793
193743
194686
195686
196671
197580
198521
199563
200471
201399
202422
203397
204256
205177
206246
207101
207999
209038
210003
210808
211707
212772
213723
214476
215384
216501
217248
218119
219214
220170
220885
221769
222901
223852
224528
225418
226624
227303
228152
229301
230264
230903
231755
232938
233887
234470
235316
236532
237470
238005
238854
240108
241043
241543
242402
243694
244630
245105
245960
247367
247863
248655
249923
250917
251430
252221
253519
254509
254999
255790
257097
258085
258564
259345
260655
261640
262112
262882
264183
265086
266076
266424
267258
268690
269652
270027
270915
272440
273485
273892
274835
276440
277546
277934
278896
280569
281710
282037
282998
284738
285920
286184
287123
288934
290199
290416
291292
293238
294375
295802
295595
296695
299133
300524
300393
301513
304187
305636
305576
306809
309308
310723
312433
312559
314060
316578
317667
317908
319080
182124
183085
184066
185010
185980
186958
187913
188876
189865
190813
191756
192764
193716
194657
195656
196646
197556
198493
199536
200446
201367
202389
203372
204229
205148
206218
207074
207971
209007
209980
210784
211676
212748
213703
214451
215354
216479
217232
218098
219191
220156
220872
221748
222888
223847
224515
225399
226615
227297
228136
229280
230252
230893
231732
232915
233875
234458
235292
236512
237461
237992
238826
240090
241036
241528
242372
243680
244626
245091
245933
247356
247858
248643
249900
250910
251431
252214
253499
254506
255009
255786
257077
258086
258580
259343
260637
261642
262128
262884
264168
265088
266107
266425
267231
268696
269688
270031
270889
272446
273524
273899
274816
276445
277587
277947
278883
280575
281751
282057
282996
284743
285961
286216
287131
288927
290234
290462
291303
293220
294395
295874
295598
296668
299135
300577
300416
301504
304181
305673
305610
306831
309267
310732
312506
312643
314162
316721
317751
317871
319045
182102
183066
184052
184988
185957
186939
187890
188851
189845
190793
191728
192741
193701
194633
195628
196628
197537
198465
199515
200432
201345
202363
203354
204211
205116
206195
207062
207946
208978
209961
210771
211649
212725
213694
214437
215327
216464
217225
218076
219169
220149
220867
221724
222873
223848
224509
225375
226605
227294
228119
229255
230243
230887
231708
232893
233866
234448
235263
236491
237456
237982
238795
240072
241035
241520
242337
243667
244638
245085
245897
247348
247868
248636
249872
250909
251448
252207
253471
254508
255030
255785
257053
258088
258602
259344
260613
261650
262159
262887
264144
265103
266157
266434
267202
268712
269743
270042
270860
272459
273579
273912
274797
276460
277643
277962
278870
280581
281803
282078
282994
284748
286011
286250
287138
288920
290277
290509
291311
293207
294417
295961
295598
296644
299155
300638
300443
301499
304177
305711
305649
306866
309228
310729
312557
312750
314307
316888
317811
317813
318999
182078
183047
184043
184962
185935
186929
187873
188825
189829
190784
191697
192719
193693
194609
195604
196614
197525
198434
199495
200426
201321
202340
203342
204200
205084
206176
207055
207924
208955
209951
210765
211620
212707
213692
214423
215296
216450
217226
218055
219151
220147
220867
221702
222861
223853
224502
225340
226595
227304
228101
229227
230234
230889
231683
232870
233865
234447
235234
236473
237463
237978
238758
240060
241058
241517
242292
243661
244670
245080
245850
247348
247895
248631
249840
250912
251480
252208
253446
254520
255066
255786
257027
258111
258647
259352
260586
261672
262206
262896
264112
265122
266237
266450
267164
268737
269818
270058
270832
272487
273653
273929
274786
276488
277713
277980
278863
280609
281866
282098
282995
284767
286068
286281
287160
288922
290330
290555
291329
293206
294445
296045
295596
296633
299188
300696
300474
301521
304201
305747
305689
306919
309196
310720
312581
312885
314504
317089
317840
317734
318937
182052
183033
184047
184938
185917
186924
187857
188800
189817
190781
191668
192700
193688
194584
195579
196603
197520
198402
199480
200423
201294
202316
203328
204196
205051
206155
207047
207894
208927
209935
210761
211584
212686
213691
214411
215261
216436
217230
218030
219130
220144
220870
221666
222846
223867
224497
225298
226581
227308
228076
229201
230229
230901
231652
232846
233866
234447
235195
236455
237485
237980
238714
240048
241086
241515
242239
243654
244709
245081
245798
247347
247916
248622
249810
250921
251509
252201
253418
254537
255095
255785
257005
258127
258676
259353
260564
261692
262232
262913
264100
265116
266245
266443
267132
268755
269853
270057
270812
272516
273682
273914
274784
276519
277729
277942
278855
280631
281896
282075
282993
284785
286112
286277
287165
288922
290376
290558
291329
293207
294463
296055
295530
296624
299204
300696
300488
301531
304197
305774
305720
306977
309152
310691
312475
313048
314749
317320
317840
317639
318841
182017
183026
184094
184917
185909
186960
187854
188777
189814
190812
191607
192691
193772
194577
195571
196638
197558
198364
199489
200509
201293
202313
203372
204249
205005
206194
207197
207927
208935
210005
210841
211574
212716
213797
214457
215243
216487
217336
218032
219131
220218
220952
221651
222875
223978
224559
225262
226639
227451
228112
229203
230306
231013
231661
232864
233972
234551
235190
236491
237611
238073
238701
240102
241235
241601
242214
243724
244889
245162
245725
247441
248157
248714
249799
251022
251728
252294
253414
254646
255319
255880
256998
258242
258919
259457
260548
261811
262514
263021
264009
265234
266685
266591
267102
268882
270219
270213
270801
272635
274045
274117
274752
276583
278091
278223
278847
280674
282227
282380
283078
284827
286323
286548
287283
288966
290539
290856
291461
293252
294603
296540
295789
296502
299244
301167
300890
301619
304223
305934
306011
307119
309130
310765
312771
313338
315119
317630
317796
317560
318717
182011
183003
184076
184902
185893
186923
187838
188763
189783
190802
191603
192659
193698
194547
195549
196568
197516
198346
199437
200419
201251
202295
203310
204202
205001
206122
207042
207854
208899
209879
210746
211532
212647
213645
214367
215225
216388
217210
217970
219105
220078
220829
221608
222807
223798
224433
225249
226541
227237
228016
229192
230155
230836
231601
232841
233787
234367
235155
236451
237398
237883
238690
240040
240986
241427
242250
243644
244602
245009
245835
247348
247747
248571
249921
250901
251347
252175
253552
254514
254928
255772
257162
258107
258497
259349
260755
261690
262047
262908
264339
265144
266129
266425
267379
268851
269733
270013
271120
272734
273686
273886
275077
276790
277634
277787
279209
280997
281723
281764
283285
285230
285940
285829
287265
289409
290323
290066
291283
293828
294573
295785
295436
297170
299581
300303
300154
301956
304676
305365
305123
307162
309722
310525
311589
313471
315927
318053
317100
317138
318910
182009
182993
184029
184964
185861
186913
187834
188691
189754
190673
191581
192627
193647
194566
195473
196544
197445
198331
199428
200384
201263
202220
203305
204148
204990
206105
207032
207843
208837
209922
210700
211531
212582
213724
214355
215158
216423
217202
217926
219012
220151
220819
221584
222733
223894
224424
225181
226558
227250
227972
229117
230238
230877
231500
232719
233932
234436
235058
236332
237566
237953
238611
239968
241123
241478
242160
243622
244732
245025
245697
247376
247812
248560
249839
250955
251421
252144
253454
254589
255018
255729
257044
258184
258617
259310
260617
261748
262201
262891
264152
265145
266382
266479
267109
268790
269931
270124
270782
272557
273910
274117
274696
276514
277987
278156
278718
280582
282135
282201
282784
284741
286279
286269
286929
289037
290462
290372
291190
293382
294407
296080
295696
296497
299140
300828
300768
301296
304037
305822
305868
306809
309166
310526
311741
313819
315641
318073
317331
317453
317993
181967
183087
184133
184873
185759
187082
187905
188604
190071
191048
191671
192737
193825
194545
195382
196979
197817
198359
199587
200614
201243
202142
203774
204558
205029
206255
207266
207881
208739
210358
211207
211534
212661
214155
214581
215065
216685
217564
217942
218967
220686
221350
221566
222824
224400
224726
225146
226791
227623
228090
229022
230645
231453
231548
232691
234480
235022
235033
236400
238184
238430
238562
240105
241746
241844
242132
243818
245313
245330
245662
247620
248323
248821
249796
251207
251987
252378
253373
254840
255626
255949
256939
258412
259215
259522
260512
261938
262732
263107
264072
265298
266810
266693
267015
268905
270391
270385
270667
272619
274350
274410
274687
276628
278577
278577
278819
280682
282632
282747
282987
284751
286612
286933
287160
289030
290691
291045
291479
293505
294584
296483
296013
296649
299254
301030
300937
301358
303806
305839
306145
306994
309078
310626
311829
314560
316309
318817
317387
317432
317608
182452
182966
183712
185456
186240
186469
188067
189389
189501
190404
192123
192835
193365
195108
196158
196217
197277
198905
199585
200113
201912
202938
202987
203944
205609
206373
206731
208470
209698
209732
210348
212299
213043
213192
214570
216017
216561
216761
218731
219866
219867
220504
222453
223232
223304
224536
226010
226815
226846
228578
230168
230244
230371
232372
233630
233625
234095
236022
237035
237028
237835
239618
240474
240526
241546
243141
243993
244231
245273
246680
247699
247464
248942
250915
251186
251008
252538
254534
254745
254541
256102
258105
258299
258084
259625
261639
261861
261625
263134
265153
265308
265762
266645
268204
269048
269264
270271
271926
272906
273081
274117
275843
277147
277437
278137
279715
281500
281886
282085
283547
285876
286242
285929
287366
290230
290569
289811
291507
294608
294714
295314
295937
297642
299640
300098
300629
301860
304778
305415
305418
307164
310056
310572
310188
313287
315318
317337
315320
317048
317170
183448
182990
182644
186168
186211
185652
188152
189717
189497
190057
193240
192843
192170
195295
196219
196054
197108
199939
199577
198931
202081
202944
202798
203783
206659
206363
205519
208475
209737
209619
210016
212986
213045
212492
214537
216595
216525
215919
218788
219780
219720
220317
222984
223206
222755
224500
226827
226751
225807
228468
230242
230125
229875
232278
233441
233462
233942
236112
236847
236677
237760
240022
240364
240010
241495
243837
243885
243359
245175
247421
247567
246495
248813
251486
251026
250135
252382
255004
254581
253789
255943
258559
258135
257367
259477
262157
261693
260851
262993
265749
265141
264849
266504
268706
268874
268481
270227
272043
272714
272725
274106
275543
276845
277334
278231
279350
281137
281934
282245
283241
285496
286223
286113
287141
290328
290445
289503
291371
294837
294564
294694
295916
297179
299276
299963
300610
301488
304218
305271
305471
306985
310213
310727
309813
316175
317588
320058
316370
317685
316975
)
;

boundaryField
{
    inlet
    {
        type            calculated;
        value           nonuniform List<scalar> 0();
    }
    outlet
    {
        type            calculated;
        value           nonuniform List<scalar> 0();
    }
    front
    {
        type            empty;
    }
    back
    {
        type            empty;
    }
    hub
    {
        type            calculated;
        value           nonuniform List<scalar> 0();
    }
    tip
    {
        type            calculated;
        value           nonuniform List<scalar> 
140
(
183448
182990
182644
186168
186211
185652
188152
189717
189497
190057
193240
192844
192170
195295
196219
196054
197108
199939
199577
198931
202081
202944
202798
203783
206659
206363
205520
208475
209738
209619
210016
212986
213045
212492
214537
216595
216525
215919
218788
219780
219720
220317
222984
223206
222755
224500
226827
226751
225808
228468
230243
230125
229875
232278
233441
233462
233942
236113
236848
236677
237760
240022
240364
240010
241495
243837
243885
243359
245175
247421
247567
246495
248813
251486
251026
250135
252382
255004
254581
253789
255943
258559
258135
257367
259477
262157
261693
260851
262993
265749
265141
264849
266505
268706
268874
268481
270227
272043
272714
272725
274106
275543
276845
277334
278231
279350
281137
281934
282245
283241
285496
286223
286113
287141
290329
290445
289503
291371
294837
294564
294694
295916
297179
299276
299963
300610
301488
304218
305271
305471
306985
310213
310727
309813
316175
317588
320058
316370
317685
316975
)
;
    }
    procBoundary5to1
    {
        type            processor;
        value           nonuniform List<scalar> 
65
(
207560
206510
205416
204432
203065
202336
201273
200238
199307
198009
197346
196370
195434
194624
193464
192909
192120
191083
190590
189874
188978
188532
187875
187279
186790
186120
185810
185390
184898
184577
184291
183982
183657
183442
183196
182949
182764
182585
182412
182252
182119
181990
181868
181765
181674
181593
181518
181455
181380
181327
181299
181262
181235
181214
181191
181173
181159
181152
181149
181165
181156
181112
181312
180896
180597
)
;
    }
    procBoundary5to6
    {
        type            processor;
        value           nonuniform List<scalar> 
155
(
298273
299079
298250
299058
304395
305977
303842
294661
294734
283506
286848
287722
286889
287350
290620
290621
290933
291905
293994
294213
294707
294707
283489
283255
283173
283271
283123
283123
284791
284791
283604
283604
280362
280362
275720
276193
278143
279263
277748
278181
281025
282017
280172
280172
276879
276031
276213
275369
276338
276338
272275
273483
273483
271926
272836
272836
272301
272301
268339
268339
267461
267856
267634
268269
266752
267133
209325
210340
210614
211162
212149
212330
212815
213687
214263
214339
214799
215796
215826
216237
217166
217704
217739
218196
219272
219278
219719
220717
221294
221353
221844
222970
223032
223494
224527
225140
225286
225785
226821
227400
227609
228129
229155
229400
229888
230804
231409
231766
232254
233097
233719
234117
234582
235398
235948
236406
237054
237820
238305
238741
239509
240402
240702
241104
242162
243213
243224
243645
245132
246360
246013
246491
248477
249905
249218
249737
252573
252228
252556
254597
256185
255974
256272
258466
260134
259947
260432
262703
264313
263974
264460
266750
268480
267852
267852
)
;
    }
    procBoundary5to7
    {
        type            processor;
        value           nonuniform List<scalar> 
104
(
305605
310115
312815
310882
313286
315962
316067
316015
316221
316324
316285
316467
316401
316581
316462
316649
316649
316041
316041
317884
320552
323017
319892
321427
326509
326284
326960
326814
327002
326825
326969
326763
326930
326757
326983
326811
326111
327372
326978
327263
326933
327066
326797
325543
326933
326368
326130
325903
324264
325192
324635
323774
323615
322415
322279
322178
321541
320980
320920
321165
320361
320350
320413
320043
320856
320279
320123
320677
320622
320401
320372
320686
320498
320458
320657
320658
320626
320638
320732
320767
320821
320855
320912
320961
321015
321073
321121
321246
321340
321350
321446
321535
321634
321749
321888
322063
322286
322562
322919
323723
323648
324308
323891
327164
)
;
    }
}


// ************************************************************************* //
