/*--------------------------------*- C++ -*----------------------------------*\
| =========                 |                                                 |
| \\      /  F ield         | OpenFOAM: The Open Source CFD Toolbox           |
|  \\    /   O peration     | Version:  v2012                                 |
|   \\  /    A nd           | Website:  www.openfoam.com                      |
|    \\/     M anipulation  |                                                 |
\*---------------------------------------------------------------------------*/
FoamFile
{
    version     2.0;
    format      ascii;
    class       volScalarField;
    location    "1e-06";
    object      p_rgh;
}
// * * * * * * * * * * * * * * * * * * * * * * * * * * * * * * * * * * * * * //

dimensions      [1 -1 -2 0 0 0 0];


internalField   nonuniform List<scalar> 
10098
(
297170
298049
297289
298047
303260
304909
302844
304529
309042
311737
309855
312164
297069
297844
297232
298096
303281
304776
302799
304574
309104
311702
309815
312200
296961
297821
297293
298091
303204
304759
302885
304596
309121
311717
309918
312227
282767
285999
287060
286289
286550
289680
289790
290207
290956
292893
293156
293846
296806
297518
297162
298096
303022
304436
302664
304497
309131
311540
309773
312270
282268
285473
286915
286138
286144
289202
289671
290155
290708
292574
293085
293983
296805
297325
297153
298298
303184
304451
302742
304673
309343
311624
309783
312313
282315
285563
286925
286010
286150
289326
289682
289909
290638
292665
293108
293899
296681
297278
297217
298293
303064
304418
302825
304688
309246
311622
309893
312344
282139
285305
286982
286109
285992
289036
289665
290142
290506
292388
293024
294008
296581
296997
297125
298356
303095
304253
302731
304747
309340
311557
309817
312388
282169
285399
286931
285914
285978
289165
289662
289683
290429
292530
293048
293906
296454
296998
297214
298322
302959
304258
302877
304773
309232
311572
309978
312426
282321
281984
285149
286970
286012
285816
288880
289634
289975
290278
292254
292945
293998
296343
296704
297104
298375
302979
304080
302794
304828
309317
311502
309926
312471
283740
282115
282052
285306
286869
285748
285823
289083
289603
289476
290211
292501
292980
293839
296199
296771
297230
298265
302791
304128
303013
304847
309156
311532
310155
312513
282522
283832
282208
281879
285065
286897
285842
285670
288802
289571
289640
290011
292214
292864
293918
296071
296472
297115
298318
302798
303938
302945
304903
309231
311451
310121
312566
279690
282705
283604
281907
282007
285305
286740
285468
285696
289114
289530
289119
289939
292607
292917
293659
295897
296628
297305
298154
302550
304035
303257
304918
308987
311494
310439
312614
315329
274923
275122
277315
278606
276982
277158
280061
281298
279410
279554
282550
283722
282032
281893
285093
286802
285611
285592
288877
289531
289332
289852
292360
292813
293765
295769
296339
297197
298200
302482
303833
303196
304990
309051
311396
310410
312673
315619
314915
316605
319428
321999
318760
320198
274296
275001
276982
277706
276205
276878
279718
280408
278526
279170
282234
282925
281077
281419
284857
286176
284643
285073
288768
289143
288352
289272
292422
292674
293264
295444
296412
297356
298018
302297
304033
303638
305060
308881
311504
310818
312700
315213
314576
316494
319251
321475
318128
319787
274805
275907
277581
277868
276726
277816
280358
280563
278972
280107
282944
283105
281394
282271
285621
286391
284767
285743
289570
289399
288283
289735
293274
292883
293151
295358
296722
297576
297790
301897
304032
303807
304872
308463
311411
311164
312786
315246
314880
317016
319654
321737
318576
320482
274648
275436
277425
277975
276694
277459
280171
280668
279036
279817
282685
283165
281494
282007
285275
286380
284857
285519
289192
289322
288366
289506
292600
292703
293256
295194
296309
297432
297929
301901
303784
303754
305035
308516
311233
311109
312843
315442
314778
316707
319652
321865
318557
320256
274840
275345
274625
275838
277648
277695
276584
277781
280332
280315
278834
280086
282844
282820
281209
282198
285474
286145
284509
285622
289484
289236
287953
289531
293407
292802
293047
295033
296592
297683
297787
301609
303978
304145
305086
308228
311309
311589
312948
315323
314756
316930
319812
321767
318454
320409
271255
271992
274675
275571
274504
275280
277466
277900
276612
277365
280126
280524
278989
279785
282579
282981
281449
281948
285126
286213
284754
285436
289085
289193
288184
289371
292416
292627
293238
294910
296098
297488
297993
301628
303623
303996
305302
308280
311015
311456
313002
315566
314670
316574
319816
321938
318492
320166
271334
272048
271290
272266
274918
275592
274490
275497
277674
277816
276522
277543
280261
280307
278826
279919
282641
282714
281223
282043
285195
285989
284492
285494
289193
289092
287916
289392
293117
292725
293149
294779
296310
297720
297979
301361
303793
304387
305479
308059
311070
311940
313172
315566
314637
316727
319994
321903
318393
320278
270854
271230
272428
271127
271575
274737
275865
274377
274887
277462
278060
276540
277077
280030
280536
279013
279571
282357
282933
281537
281794
284829
286119
284853
285328
288756
289087
288275
289264
292329
292553
293422
294702
295741
297461
298235
301386
303320
304140
305731
308099
310636
311739
313225
315839
314508
316288
319998
322101
318448
319973
267581
271100
271345
272447
271111
271712
274905
275926
274327
275008
277641
278058
276449
277177
280131
280405
278848
279645
282397
282704
281312
281842
284854
285876
284601
285350
288737
288950
288029
289207
292561
292612
293353
294572
295932
297693
298286
301130
303521
304625
306062
307907
310696
312278
313461
315900
314454
316406
320210
322106
318348
320036
267461
270522
271259
272856
271011
271087
274758
276236
274241
274416
277444
278325
276493
276684
279892
280675
279056
279290
282098
282959
281681
281629
284480
286069
285060
285241
288279
289031
288537
289224
291951
292487
293753
294591
295321
297375
298598
301154
302937
304273
306335
307930
310148
312003
313503
316250
314272
315871
320217
322313
318431
319650
267391
270759
271314
272646
270882
271318
274868
276077
274067
274575
277572
278179
276307
276845
280039
280460
278795
279404
282182
282649
281336
281694
284545
285744
284638
285245
288307
288820
288085
289088
292156
292502
293448
294383
295615
297670
298627
300812
303232
304949
306725
307656
310219
312694
313775
316172
314186
316024
320460
322287
318274
319729
267540
270375
271436
273307
271019
270930
274917
276596
274230
274136
277600
278681
276552
276467
279913
280879
279185
279142
281966
283030
281874
281590
284235
286068
285298
285283
287899
289041
288839
289264
291623
292585
294189
294610
295069
297368
299109
300910
302642
304533
307082
307803
309693
312353
313867
317015
314129
315454
320517
322694
318492
319467
265972
269263
270222
271566
269341
270043
273758
274935
272682
273271
276565
277184
275075
275587
279090
279597
277849
278372
281321
281897
280622
280860
283717
285072
284041
284524
287427
288251
287591
288453
291241
291736
292983
293725
294919
297250
298607
299997
302437
304792
306897
306713
308871
312412
313345
315661
312925
314668
319978
321619
317178
318468
267211
270729
271074
272051
270694
271716
274743
275483
273889
274855
277627
277819
276173
277087
280131
280086
278642
279660
282304
282276
281174
281982
284652
285377
284349
285461
288385
288588
287675
289213
292425
292574
293007
294127
295952
297864
298766
300034
303167
305850
307553
306968
309568
313878
314302
316696
314036
315889
321157
322399
318257
319724
267361
270105
270955
272465
270666
271060
274457
275679
273745
274178
277200
277983
276130
276447
279684
280267
278750
279110
281838
282463
281477
281570
284122
285499
284814
285221
287779
288595
288325
289224
291586
292298
293682
294199
295191
297539
299364
300088
302381
305353
307908
306998
308767
313213
314140
316968
313653
314918
320854
322557
318233
319023
207868
208908
209234
209825
210827
211059
211567
212474
213069
213210
213688
214692
214760
215205
216135
216692
216767
217244
218302
218348
218803
219801
220379
220478
220976
222088
222170
222655
223674
224289
224453
224976
225987
226569
226802
227342
228341
228604
229117
230021
230607
230993
231513
232330
232914
233372
233893
234639
235168
235700
236358
237037
237529
238075
238811
239581
239936
240504
241474
242382
242486
243114
244498
245510
245291
245999
247848
248889
248450
249186
251788
251184
251795
254059
255268
254780
255455
257846
259075
258693
259398
261734
262992
262512
263223
265496
266892
266105
266819
269406
270197
271405
270230
270917
273919
275027
273451
274225
276987
277603
275946
276582
279653
279969
278545
279267
281888
282170
281230
281716
284197
285171
284502
285267
287845
288329
287933
289183
291813
292279
293199
293989
295561
297796
299372
299762
302705
306036
308264
306710
308861
313950
314466
317104
313632
315098
321160
322580
318067
319199
206881
207947
208324
208970
209997
210274
210842
211770
212389
212567
213092
214103
214206
214690
215630
216199
216304
216812
217870
217944
218430
219426
220015
220137
220657
221759
221864
222370
223387
224004
224186
224722
225728
226312
226565
227114
228105
228378
228904
229803
230392
230792
231327
232134
232712
233187
233736
234472
235010
235573
236239
236910
237428
238016
238752
239522
239896
240525
241489
242369
242483
243163
244534
245535
245321
246085
247944
249029
248537
249269
251856
251257
251902
254158
255359
254920
255555
257922
259107
258811
259488
261785
263011
262784
263412
265602
267053
266632
267315
269488
270540
272028
270726
271035
273999
275488
273758
274021
276846
277966
276206
276277
279388
280285
278863
278970
281576
282464
281673
281531
283843
285401
285089
285212
287421
288464
288661
289335
291274
292292
293990
294158
294976
297571
299971
299876
301972
305641
308641
306835
308190
313434
314472
317495
313432
314334
320924
322892
318140
318765
205819
206895
207332
208010
209051
209389
209972
210917
211567
211814
212369
213377
213539
214038
214981
215573
215734
216263
217311
217435
217931
218919
219523
219692
220231
221317
221466
221977
222984
223614
223832
224382
225376
225973
226256
226824
227813
228109
228648
229546
230147
230567
231123
231934
232527
233020
233589
234334
234872
235451
236141
236803
237330
237934
238682
239429
239828
240465
241428
242285
242442
243159
244472
245425
245265
246036
247806
248808
248348
249087
251507
250922
251719
253961
255098
254685
255366
257688
258792
258531
259242
261450
262556
262387
263003
265062
266256
265994
266737
268501
269496
270799
269956
270393
272990
274469
273146
273650
276213
277336
275821
276217
279099
279873
278552
279015
281495
282128
281350
281592
283887
285081
284722
285220
287450
288236
288222
289188
291394
292294
293394
293884
295287
297922
300141
299579
302197
306325
308981
306512
308218
313999
314589
317445
313281
314473
321057
322833
317844
318948
204889
206010
206467
207199
208291
208635
209282
210286
210959
211218
211816
212864
213026
213575
214563
215163
215328
215887
216960
217076
217613
218635
219240
219407
219966
221069
221205
221748
222776
223403
223617
224181
225186
225779
226061
226633
227629
227914
228464
229370
229967
230378
230943
231760
232342
232834
233422
234177
234694
235297
236020
236671
237187
237836
238617
239347
239752
240477
241458
242292
242462
243249
244587
245513
245388
246240
248040
249053
248756
249668
252164
251558
252065
254285
255388
254915
255601
257898
258970
258677
259365
261553
262633
262523
263153
265173
266353
266316
267044
268774
269847
271232
270591
270874
273310
275005
273789
273864
276339
277957
276455
276247
279018
280477
279205
278920
281281
282683
282102
281560
283556
285540
285594
285327
287005
288554
289261
289513
290845
292429
295009
294319
294691
297721
300987
299927
301537
306057
309603
307064
307851
313737
315034
318272
313488
313934
321125
323451
318337
318684
203557
204673
205185
205934
207014
207437
208083
209064
209776
210077
210708
211744
211980
212523
213493
214130
214333
214927
215988
216168
216697
217712
218351
218548
219138
220240
220440
220971
221998
222660
222915
223501
224512
225137
225449
226065
227078
227405
227961
228902
229539
229975
230566
231419
232039
232539
233154
233950
234476
235087
235831
236499
237005
237643
238433
239158
239526
240226
241174
241973
242077
242835
244102
244957
244738
245573
247237
248092
247552
248443
250689
250200
250901
253143
254285
253881
254488
256859
257989
257778
258424
260675
261736
261666
262369
264433
265496
265531
266196
267824
268807
269914
269659
270064
272035
273450
272675
273084
275074
276388
275188
275526
277946
279019
277907
278254
280520
281451
280832
280951
283113
284546
284359
284707
286771
287836
288012
288834
290830
291955
293216
293126
294473
297514
300173
298218
300407
305578
308363
304663
305662
312288
313246
316047
311518
312649
319740
321549
316363
317268
202845
203998
204572
205356
206465
206936
207636
208651
209397
209768
210411
211463
211746
212331
213314
213977
214235
214820
215888
216104
216665
217675
218329
218576
219162
220243
220464
221020
222033
222688
222960
223549
224546
225170
225490
226091
227080
227402
227981
228882
229506
229930
230521
231365
231981
232468
233080
233896
234397
235017
235794
236473
236981
237648
238476
239224
239623
240337
241349
242185
242386
243153
244468
245383
245332
246159
247857
248838
248617
249502
251868
251300
251913
254009
255063
254693
255408
257609
258610
258384
259105
261194
262130
262098
262885
264774
265629
265794
266532
268075
268902
269784
269955
270527
272048
273053
273031
273655
275109
276131
275766
276378
278149
279065
278575
279245
281018
281739
281437
281943
283751
284832
284781
285528
287437
288213
288271
289471
291719
292663
294254
293918
295683
298810
301441
299396
301887
307523
309975
306281
307707
315106
315077
317443
313379
314390
321035
322682
317967
319093
201826
202988
203603
204430
205544
206061
206810
207822
208588
208995
209681
210733
211058
211682
212658
213333
213627
214250
215312
215561
216153
217154
217818
218095
218708
219783
220032
220613
221616
222280
222578
223187
224176
224807
225154
225772
226757
227094
227682
228591
229223
229654
230258
231107
231732
232225
232853
233681
234180
234818
235612
236293
236794
237480
238324
239068
239469
240206
241216
242046
242255
243054
244356
245248
245218
246076
247721
248658
248433
249319
251519
251076
251768
253827
254878
254532
255227
257384
258398
258202
258893
260955
261900
261918
262679
264542
265346
265656
266347
267853
268708
269620
269979
270535
271939
273074
273311
273807
275163
276432
276294
276631
278203
279488
279102
279330
280874
282083
281937
281963
283486
285092
285330
285551
287045
288409
288899
289528
291119
292578
294662
293628
294684
298416
301642
299017
300742
306956
309910
306071
306748
313715
314709
317429
313199
313721
320632
322715
318079
318597
200804
201972
202636
203480
204608
205172
205926
206964
207760
208228
208931
209987
210359
210995
211983
212682
213029
213666
214723
215016
215620
216625
217304
217626
218250
219316
219601
220192
221193
221871
222203
222824
223810
224457
224829
225459
226450
226805
227408
228325
228972
229414
230035
230903
231545
232040
232680
233538
234027
234668
235500
236195
236687
237368
238246
238992
239396
240117
241141
241962
242192
242963
244251
245122
245145
245968
247563
248476
248320
249171
251282
250914
251619
253609
254648
254371
255089
257179
258180
258035
258747
260754
261664
261731
262521
264283
265116
265422
266155
267602
268381
269168
269667
270281
271406
272264
272808
273357
274271
275278
275615
276087
277192
278384
278487
278958
280149
281333
281481
281837
283128
284617
284961
285481
286909
288272
288630
289479
291399
292852
294861
293693
295158
299247
302233
299028
300898
307455
309946
305696
306502
314011
314503
316877
312931
313755
320340
322090
317688
318703
199916
201119
201796
202684
203852
204423
205232
206312
207126
207599
208340
209432
209808
210490
211515
212226
212577
213243
214327
214622
215263
216293
216981
217298
217941
219031
219304
219923
220947
221624
221952
222588
223589
224235
224603
225239
226242
226586
227199
228132
228777
229207
229835
230716
231356
231843
232495
233372
233842
234499
235362
236061
236535
237240
238155
238902
239299
240061
241134
241946
242188
243009
244315
245188
245233
246097
247715
248626
248495
249365
251489
251087
251822
253821
254850
254532
255266
257339
258324
258132
258839
260841
261723
261774
262539
264264
265115
265394
266095
267514
268281
269072
269676
270276
271321
272187
272977
273541
274357
275440
276120
276559
277425
278755
279183
279462
280362
281823
282216
282254
283227
285067
285671
285814
286894
288671
289273
289760
291205
293073
296133
293866
294773
299451
302785
299327
300685
307764
310584
307127
307453
314354
314978
317512
313480
313768
320433
322593
318446
318776
198636
199825
200545
201441
202590
203223
204023
205078
205919
206430
207197
208273
208710
209390
210400
211140
211527
212226
213298
213651
214287
215312
216028
216378
217054
218138
218470
219080
220101
220814
221182
221838
222845
223523
223921
224597
225612
225999
226622
227577
228260
228712
229361
230273
230945
231433
232114
233023
233502
234159
235037
235758
236222
236914
237826
238574
238942
239672
240717
241505
241695
242479
243731
244554
244532
245368
246885
247724
247516
248403
250404
250105
250769
252725
253790
253555
254207
256281
257321
257204
257866
259895
260917
261062
261797
263587
264454
264799
265515
267024
267831
268627
269370
270051
271045
271820
272827
273423
274039
274945
275954
276439
276961
278098
278866
279326
279841
281135
281738
282104
282830
284459
285022
285513
286527
288249
288486
289144
290815
292437
294709
291774
293326
298435
301191
296742
298176
305744
307841
302900
303312
311935
312866
315044
311474
312402
318704
320425
316565
317397
197981
199198
199966
200890
202066
202733
203575
204667
205537
206104
206880
207976
208455
209170
210203
210970
211407
212101
213184
213570
214235
215264
215999
216389
217050
218130
218485
219123
220135
220846
221225
221879
222882
223565
223972
224631
225648
226033
226665
227612
228292
228740
229385
230299
230975
231455
232118
233051
233521
234181
235077
235804
236272
236971
237929
238703
239104
239841
240939
241771
242038
242820
244118
244996
245097
245917
247459
248376
248320
249145
251130
250889
251615
253488
254503
254309
255050
257001
257961
257850
258593
260486
261444
261472
262217
263898
264709
265040
265769
267160
267872
268585
269290
269978
270866
271523
272564
273235
273722
274467
275671
276321
276623
277535
278687
279368
279653
280770
281705
282388
282991
284463
285101
285972
287171
288789
288772
289886
292293
293781
296430
294116
295489
300591
303108
299145
300687
308198
310017
306476
307331
314059
314235
316000
313143
314008
319500
321021
318038
319101
197041
198259
199053
200013
201187
201886
202771
203852
204734
205323
206138
207234
207746
208501
209526
210307
210772
211503
212583
212998
213696
214717
215459
215871
216563
217637
218012
218675
219684
220404
220805
221480
222475
223166
223593
224271
225284
225683
226333
227281
227969
228424
229086
230002
230684
231171
231853
232793
233261
233939
234849
235580
236045
236760
237725
238499
238899
239662
240752
241576
241854
242663
243944
244811
244925
245772
247279
248172
248136
248991
250924
250711
251449
253292
254306
254144
254879
256803
257758
257662
258395
260270
261227
261249
261975
263657
264498
264843
265541
266930
267663
268401
269130
269797
270685
271355
272452
273115
273604
274351
275709
276357
276608
277577
278901
279565
279728
280933
282041
282684
283105
284688
285399
286142
287140
288962
288906
289883
292035
293656
296339
293322
294759
300382
303006
298923
300121
307753
309674
305801
306329
313553
314070
316056
313346
313820
319151
321060
318494
318977
196099
197312
198146
199105
200281
201020
201895
202994
203899
204546
205368
206466
207024
207781
208819
209621
210142
210884
211960
212417
213119
214142
214902
215361
216063
217131
217544
218210
219218
219954
220394
221079
222075
222782
223244
223929
224943
225365
226023
226979
227680
228154
228828
229761
230456
230956
231646
232608
233076
233753
234687
235430
235899
236609
237595
238368
238780
239525
240618
241443
241745
242522
243795
244649
244810
245628
247091
247964
247989
248821
250678
250532
251266
253042
254041
253948
254688
256542
257483
257453
258232
260018
260947
261052
261824
263445
264291
264648
265391
266753
267479
268219
268934
269664
270557
271219
272304
273031
273522
274224
275609
276316
276492
277329
278770
279500
279539
280608
281850
282606
282938
284438
285241
286100
287181
289024
288885
289923
292328
293822
296360
293436
294791
300138
302555
298600
299840
307099
308738
305430
306065
312911
313294
314945
312794
313514
318214
319887
317940
318824
195324
196557
197382
198382
199597
200317
201244
202391
203299
203937
204798
205930
206474
207282
208366
209174
209689
210462
211569
212009
212752
213816
214575
215022
215745
216842
217229
217927
218976
219709
220132
220837
221857
222561
223005
223700
224733
225131
225810
226793
227487
227941
228632
229585
230272
230758
231468
232449
232885
233592
234564
235301
235744
236487
237514
238283
238677
239471
240620
241424
241721
242558
243857
244702
244862
245723
247229
248096
248116
248973
250869
250664
251446
253265
254243
254097
254858
256736
257685
257577
258302
260116
261076
261149
261873
263493
264313
264629
265322
266659
267384
268128
268809
269479
270378
271042
272104
272802
273290
273980
275403
276143
276303
277113
278655
279481
279508
280527
281882
282775
283102
284502
285286
286319
287491
289318
288952
290155
292789
294380
296853
294157
295756
301842
304145
300354
301397
308812
310168
306429
306719
313258
313803
315479
313583
313822
318350
320351
318964
319202
194172
195380
196235
197238
198411
199186
200110
201200
202130
202795
203673
204784
205388
206192
207239
208073
208617
209419
210508
211009
211751
212788
213575
214053
214808
215893
216346
217038
218066
218839
219303
220024
221041
221774
222242
222979
224018
224459
225141
226129
226863
227339
228046
229014
229733
230219
230953
231953
232415
233109
234076
234838
235282
236005
237018
237796
238166
238931
240042
240841
241093
241900
243149
243965
244066
244911
246336
247161
247134
248017
249818
249691
250370
252122
253141
253086
253760
255594
256596
256636
257359
259245
260207
260348
261029
262715
263617
264006
264710
266165
266964
267756
268531
269282
270258
270980
272140
272872
273461
274210
275693
276455
276681
277489
279072
279907
279897
280856
282197
283106
283284
284561
285243
286283
287240
288920
288361
289393
291801
293080
295111
291670
293159
298360
300017
295676
296898
304723
306806
303750
304182
311192
311964
313413
312404
313021
317027
318545
317926
318639
193609
194830
195727
196734
197924
198735
199674
200801
201755
202482
203363
204483
205128
205955
207024
207881
208485
209280
210371
210910
211668
212712
213516
214042
214791
215870
216354
217072
218099
218868
219350
220068
221079
221819
222311
223023
224055
224504
225191
226177
226910
227395
228098
229071
229800
230297
231008
232022
232489
233192
234180
234950
235416
236147
237192
237991
238405
239174
240320
241154
241482
242281
243560
244422
244636
245460
246894
247776
247875
248691
250464
250413
251154
252835
253812
253817
254558
256278
257252
257316
258057
259766
260626
260771
261529
263113
263963
264292
265015
266350
267066
267809
268480
269220
270152
270825
271846
272600
273189
273895
275241
276033
276326
277106
278602
279474
279606
280565
281900
282868
283259
284560
285308
286418
287629
289369
289017
290204
292884
294337
296661
294156
295777
301483
303595
300127
301308
307937
308928
305867
306408
312383
312758
313874
313229
313774
317086
318285
318460
319317
192841
194069
194973
196007
197202
198028
199001
200127
201096
201820
202728
203862
204521
205382
206456
207330
207934
208758
209865
210412
211203
212254
213071
213596
214366
215460
215950
216694
217729
218508
218993
219727
220745
221493
221979
222706
223753
224201
224905
225899
226642
227121
227839
228820
229552
230042
230773
231804
232258
232981
233986
234763
235216
235968
237028
237836
238240
239032
240190
241027
241352
242177
243465
244330
244546
245395
246840
247719
247825
248682
250437
250389
251180
252873
253814
253804
254587
256324
257240
257235
257942
259670
260581
260753
261458
262996
263857
264175
264872
266209
266934
267681
268342
269050
269997
270677
271677
272403
273025
273735
275050
275843
276169
276943
278418
279329
279509
280447
281761
282821
283284
284545
285247
286485
287753
289477
289072
290382
293125
294574
296775
294304
295983
301512
303377
299899
301065
307737
308975
306116
306527
312326
312773
313846
313510
313860
316974
318201
319031
319625
191799
192993
193906
194931
196103
196951
197901
199012
199982
200732
201650
202765
203455
204304
205371
206250
206886
207730
208820
209405
210187
211236
212065
212619
213413
214498
215031
215767
216805
217606
218125
218877
219901
220662
221175
221941
222987
223465
224173
225184
225948
226445
227180
228177
228925
229422
230178
231222
231686
232392
233409
234195
234647
235383
236446
237241
237627
238395
239537
240347
240642
241447
242696
243510
243694
244532
245912
246733
246822
247702
249393
249388
250090
251730
252711
252765
253468
255190
256167
256289
257027
258762
259678
259909
260649
262227
263123
263510
264250
265671
266481
267292
268000
268798
269834
270591
271622
272433
273158
273940
275257
276092
276537
277360
278791
279695
279958
280872
282089
283094
283546
284668
285267
286359
287493
288993
288465
289518
291977
293210
295074
292336
293852
298907
300502
297090
298244
304849
306364
303945
304522
310467
311285
312438
312670
313327
316248
317314
318827
319616
191302
192521
193464
194496
195690
196559
197537
198675
199670
200458
201379
202520
203239
204113
205202
206111
206775
207613
208728
209337
210143
211205
212059
212650
213433
214532
215069
215823
216865
217675
218207
218953
219986
220768
221283
222018
223084
223564
224282
225298
226070
226569
227296
228311
229075
229571
230303
231377
231842
232563
233601
234406
234873
235617
236711
237538
237953
238727
239910
240761
241102
241898
243193
244064
244313
245127
246551
247433
247591
248406
250102
250141
250904
252502
253463
253539
254302
255967
256877
256972
257733
259379
260240
260396
261142
262664
263521
263874
264610
265944
266672
267427
268060
268836
269823
270527
271444
272231
272960
273717
274905
275731
276242
277071
278390
279293
279702
280673
281860
282866
283509
284736
285424
286531
287888
289540
289252
290436
293068
294504
296557
294439
295899
300869
302617
299812
300953
306774
308010
305700
306414
311601
312051
312853
313179
313798
316130
316731
318651
319566
190608
191812
192764
193824
195003
195894
196905
198018
199017
199815
200766
201894
202639
203545
204616
205532
206215
207086
208190
208827
209661
210709
211569
212175
212988
214075
214641
215421
216449
217262
217811
218582
219601
220387
220920
221682
222737
223234
223972
224976
225753
226265
227010
228015
228782
229291
230047
231115
231592
232335
233367
234175
234649
235419
236507
237336
237761
238558
239726
240577
240938
241760
243029
243901
244183
245024
246412
247293
247498
248340
249982
250065
250849
252413
253353
253467
254240
255870
256781
256900
257613
259192
260069
260309
261075
262565
263375
263739
264454
265783
266526
267290
267924
268673
269674
270390
271291
272057
272820
273579
274726
275555
276120
276947
278213
279147
279621
280589
281725
282793
283513
284704
285350
286565
287949
289531
289266
290564
293195
294559
296554
294623
296138
300914
302576
300010
301132
306749
307918
305867
306511
311448
311919
312779
313253
313717
315966
316556
318874
319591
189685
190860
191815
192847
194008
194903
195875
196994
197991
198811
199756
200870
201630
202514
203591
204509
205222
206095
207188
207843
208664
209719
210586
211221
212041
213128
213719
214487
215530
216359
216935
217715
218745
219538
220097
220880
221939
222454
223188
224214
225005
225530
226289
227313
228086
228604
229376
230453
230930
231653
232712
233525
233990
234739
235840
236652
237061
237839
239000
239818
240153
240958
242208
243033
243286
244122
245474
246298
246484
247352
248963
249055
249768
251310
252275
252426
253159
254769
255725
255909
256661
258290
259236
259493
260236
261763
262669
263091
263854
265221
266020
266854
267515
268363
269459
270243
271152
271993
272870
273693
274820
275688
276362
277228
278445
279368
279929
280867
281902
282897
283649
284740
285238
286295
287640
289019
288596
289605
292068
293247
294895
292849
294238
298715
300170
297667
298813
304352
305735
303972
304767
309784
310659
311734
312487
313331
315679
316412
319151
320055
189244
190449
191422
192467
193650
194571
195573
196703
197732
198565
199515
200664
201447
202358
203454
204406
205123
205994
207127
207802
208650
209728
210621
211253
212069
213180
213776
214569
215622
216472
217046
217822
218875
219696
220237
220995
222093
222606
223352
224391
225203
225718
226468
227521
228321
228821
229570
230698
231170
231916
232995
233834
234303
235067
236196
237053
237472
238248
239461
240332
240685
241482
242791
243675
243956
244763
246175
247063
247278
248078
249716
249820
250605
252125
253072
253217
253994
255566
256493
256642
257403
258953
259847
260060
260825
262304
263136
263453
264210
265553
266302
267102
267701
268489
269543
270288
271107
271909
272773
273569
274598
275451
276179
277056
278187
279101
279776
280797
281806
282798
283704
284929
285510
286597
288084
289660
289468
290606
293137
294524
296380
294764
296054
300455
302003
299911
301042
306050
307237
305551
306416
310884
311416
312194
312894
313631
315537
315885
318551
319453
188610
189781
190759
191831
192986
193913
194944
196047
197058
197909
198893
200010
200810
201752
202824
203765
204514
205425
206522
207224
208099
209149
210036
210701
211553
212636
213261
214081
215109
215952
216555
217360
218384
219195
219776
220576
221638
222175
222948
223963
224766
225312
226088
227112
227905
228441
229227
230323
230820
231589
232647
233479
233972
234759
235865
236707
237154
237964
239135
239988
240384
241211
242469
243334
243670
244511
245856
246724
247008
247848
249409
249582
250361
251837
252776
252984
253755
255275
256199
256414
257158
258655
259559
259851
260587
261999
262839
263233
264001
265316
266074
266901
267518
268295
269363
270124
270936
271731
272629
273436
274426
275294
276073
276944
278026
278977
279712
280703
281653
282709
283659
284821
285357
286533
288069
289510
289331
290601
293080
294293
296062
294653
296057
300102
301616
299770
300888
305623
306847
305444
306227
310469
311119
312072
312793
313400
315380
315872
318591
319306
187983
189143
190138
191181
192336
193278
194278
195399
196422
197308
198276
199394
200218
201144
202230
203181
203967
204868
205964
206693
207559
208622
209518
210221
211068
212150
212799
213610
214652
215510
216143
216949
217983
218807
219422
220211
221276
221833
222602
223632
224445
225013
225790
226830
227636
228191
228972
230079
230582
231341
232421
233259
233764
234545
235666
236512
236977
237773
238946
239797
240214
241025
242282
243142
243503
244328
245658
246521
246829
247659
249183
249382
250163
251606
252538
252783
253559
255050
255974
256221
257002
258459
259337
259630
260421
261842
262718
263118
263899
265185
265963
266805
267401
268217
269319
270100
270876
271717
272672
273498
274447
275330
276175
277063
278087
279029
279856
280853
281749
282760
283785
284929
285450
286550
288127
289504
289355
290486
292936
294106
295792
294561
295853
299697
301143
299519
300673
305130
306360
305144
306088
310092
310792
311795
312495
313325
315276
315843
318462
319350
187512
188677
189652
190722
191889
192806
193844
194983
195997
196867
197861
198995
199801
200762
201871
202821
203590
204517
205634
206341
207243
208333
209228
209909
210779
211886
212509
213354
214429
215284
215895
216720
217779
218602
219192
220000
221088
221620
222417
223479
224289
224833
225631
226696
227498
228033
228831
229965
230439
231232
232351
233188
233667
234474
235635
236480
236921
237748
238977
239830
240222
241063
242353
243214
243550
244398
245769
246635
246919
247749
249326
249483
250290
251780
252704
252914
253704
255200
256092
256286
257067
258556
259468
259752
260522
261923
262783
263158
263917
265217
265984
266810
267351
268125
269259
270039
270763
271563
272536
273356
274268
275153
276022
276911
277894
278862
279741
280734
281591
282680
283801
284931
285394
286598
288279
289676
289468
290727
293310
294526
296152
295002
296368
300227
301645
300070
301203
305572
306799
305586
306413
310264
310994
311985
312564
313187
315129
315713
318261
318966
186831
187960
188936
189996
191123
192059
193082
194168
195177
196049
197043
198145
198979
199930
200996
201948
202728
203668
204756
205495
206393
207445
208347
209045
209932
211015
211679
212515
213559
214429
215061
215898
216936
217769
218370
219209
220285
220851
221642
222682
223512
224071
224878
225930
226743
227280
228104
229228
229732
230507
231601
232450
232939
233735
234868
235718
236158
236971
238158
239003
239386
240222
241468
242312
242639
243501
244822
245664
245954
246830
248335
248537
249286
250726
251671
251933
252692
254200
255161
255446
256201
257696
258620
258948
259708
261167
262080
262512
263269
264638
265478
266347
266943
267785
268949
269766
270519
271377
272425
273286
274190
275095
276049
276967
277917
278882
279793
280781
281532
282555
283654
284755
285114
286201
287758
289058
288801
289853
292196
293301
294790
293516
294863
298500
299858
298346
299486
303807
305123
304139
304989
309019
309984
311147
312037
312904
315042
315810
318580
319447
186501
187635
188639
189683
190815
191775
192788
193901
194928
195845
196830
197937
198799
199749
200836
201805
202633
203557
204650
205424
206319
207384
208304
209051
209924
211008
211702
212543
213591
214465
215134
215964
217007
217855
218500
219316
220387
220975
221770
222817
223653
224243
225046
226104
226933
227511
228314
229443
229964
230750
231855
232711
233235
234037
235181
236044
236531
237348
238545
239409
239854
240684
241934
242800
243198
244039
245352
246219
246577
247407
248890
249144
249935
251325
252251
252556
253370
254779
255683
255995
256800
258213
259097
259437
260232
261600
262469
262886
263674
264967
265749
266593
267140
267958
269104
269905
270586
271426
272477
273326
274164
275083
276079
277005
277891
278845
279859
280857
281625
282641
283861
285004
285451
286536
288232
289572
289500
290623
293023
294165
295768
294883
296145
299589
300981
299808
300951
304863
306083
305239
306177
309731
310500
311561
312226
313078
314999
315644
318003
318886
186097
187225
188212
189277
190412
191352
192390
193508
194524
195422
196427
197544
198390
199366
200463
201426
202238
203186
204293
205047
205967
207051
207970
208698
209591
210694
211364
212231
213305
214178
214827
215679
216740
217585
218212
219043
220139
220706
221524
222596
223433
224002
224821
225905
226733
227288
228109
229265
229759
230568
231705
232564
233061
233883
235061
235923
236385
237219
238448
239313
239729
240575
241864
242732
243104
243956
245306
246170
246495
247330
248846
249067
249876
251322
252245
252509
253310
254770
255685
255951
256728
258171
259070
259377
260150
261545
262438
262833
263596
264904
265698
266545
267058
267848
269022
269820
270476
271298
272384
273231
274042
274957
275985
276909
277759
278737
279808
280793
281514
282581
283868
285003
285384
286548
288290
289629
289478
290669
293142
294315
295828
294944
296261
299728
301079
299903
301033
304927
306181
305326
306205
309717
310542
311594
312190
312942
314901
315589
317877
318665
185590
186692
187679
188734
189837
190791
191819
192889
193905
194803
195806
196894
197760
198728
199789
200758
201574
202526
203611
204393
205309
206360
207287
208023
208928
210010
210715
211575
212616
213505
214170
215023
216066
216924
217553
218410
219494
220089
220900
221950
222805
223386
224210
225281
226119
226674
227519
228661
229185
229980
231093
231964
232477
233286
234438
235309
235775
236604
237803
238667
239086
239934
241183
242042
242410
243280
244588
245442
245777
246656
248131
248402
249159
250567
251506
251829
252597
254038
254963
255289
256061
257521
258444
258810
259573
260993
261894
262324
263084
264448
265278
266150
266706
267554
268750
269570
270241
271101
272230
273106
273901
274832
275916
276864
277663
278630
279734
280733
281384
282411
283666
284804
285121
286186
287849
289149
289003
290017
292323
293437
294896
293966
295275
298570
299905
298806
299949
303764
305061
304373
305276
308893
309845
310995
311795
312738
314821
315626
318005
318922
185246
186338
187333
188367
189463
190423
191429
192513
193532
194451
195440
196526
197403
198359
199430
200402
201244
202183
203264
204060
204967
206028
206958
207719
208613
209693
210411
211264
212318
213207
213893
214744
215791
216652
217310
218157
219235
219841
220651
221715
222569
223166
223990
225065
225905
226484
227322
228465
228998
229787
230914
231786
232313
233124
234286
235155
235641
236468
237672
238537
238975
239819
241073
241932
242326
243190
244491
245348
245702
246574
248030
248319
249092
250489
251428
251766
252541
253966
254896
255239
256015
257444
258366
258738
259515
260914
261824
262264
263042
264377
265199
266074
266600
267452
268658
269485
270120
270992
272153
273038
273789
274726
275857
276807
277571
278544
279706
280706
281326
282325
283688
284785
285099
286133
287871
289124
289029
290039
292361
293468
294892
294096
295375
298589
299881
298917
300074
303761
305019
304417
305374
308815
309781
310943
311650
312672
314735
315601
317777
318758
184958
186062
187066
188102
189204
190182
191199
192277
193313
194237
195224
196327
197219
198185
199260
200253
201097
202036
203139
203945
204866
205932
206883
207646
208539
209641
210369
211238
212295
213210
213900
214753
215817
216700
217349
218182
219294
219905
220724
221798
222672
223270
224094
225191
226056
226629
227449
228630
229167
229975
231108
232003
232532
233349
234528
235420
235908
236734
237959
238851
239296
240129
241410
242293
242696
243536
244867
245745
246112
246944
248423
248709
249513
250899
251832
252154
252964
254376
255294
255613
256418
257826
258729
259074
259873
261254
262138
262536
263334
264653
265449
266297
266806
267627
268823
269633
270248
271102
272273
273154
273875
274800
275968
276935
277668
278630
279847
280888
281514
282492
283908
285069
285435
286472
288227
289576
289560
290621
292894
294072
295542
294900
296117
299263
300567
299752
300904
304398
305614
305044
306051
309294
310162
311214
311882
312869
314803
315552
317527
318500
184658
185743
186741
187793
188878
189848
190884
191946
192968
193893
194900
195982
196878
197864
198919
199906
200757
201718
202801
203618
204558
205607
206553
207327
208245
209325
210066
210957
211997
212905
213610
214485
215525
216403
217077
217937
219024
219652
220491
221545
222420
223037
223877
224952
225815
226416
227260
228414
228972
229800
230917
231805
232354
233192
234349
235235
235751
236597
237795
238683
239160
240008
241254
242139
242579
243434
244724
245602
246012
246861
248296
248620
249430
250782
251707
252076
252888
254261
255178
255544
256347
257723
258621
259006
259801
261150
262032
262463
263253
264545
265336
266199
266714
267521
268713
269536
270147
270999
272174
273064
273776
274707
275889
276855
277579
278555
279789
280827
281431
282457
283874
285009
285383
286489
288243
289524
289535
290656
292911
294011
295478
294944
296180
299186
300500
299810
300958
304309
305529
305082
306078
309188
310075
311210
311843
312783
314738
315555
317411
318350
184311
185373
186363
187391
188459
189423
190431
191490
192500
193426
194418
195485
196379
197343
198399
199375
200230
201183
202254
203073
203995
205048
205987
206765
207679
208752
209495
210369
211418
212323
213030
213902
214947
215820
216497
217365
218447
219077
219903
220969
221839
222455
223299
224383
225239
225834
226691
227841
228396
229205
230337
231227
231771
232594
233764
234648
235148
235989
237195
238069
238529
239381
240628
241494
241915
242785
244075
244933
245324
246202
247631
247965
248748
250118
251061
251437
252227
253625
254563
254933
255721
257123
258054
258450
259238
260620
261537
261978
262763
264091
264920
265796
266302
267158
268388
269232
269830
270719
271946
272857
273539
274487
275719
276690
277371
278343
279619
280639
281174
282176
283603
284715
285013
286028
287790
289022
288977
289961
292197
293280
294652
294066
295303
298263
299542
298851
300011
303370
304650
304263
305291
308481
309508
310725
311404
312514
314603
315571
317430
318486
184089
185158
186161
187186
188261
189237
190249
191314
192335
193281
194269
195346
196257
197227
198291
199279
200155
201103
202187
203021
203950
205010
205963
206764
207673
208758
209513
210399
211453
212368
213096
213967
215022
215912
216607
217459
218558
219202
220041
221110
221994
222632
223472
224565
225439
226055
226896
228065
228630
229459
230593
231491
232055
232891
234063
234956
235487
236329
237538
238429
238922
239763
241019
241904
242359
243210
244503
245382
245810
246652
248082
248421
249239
250581
251514
251893
252715
254078
255002
255374
256195
257558
258464
258851
259664
261002
261891
262310
263117
264406
265204
266065
266558
267384
268605
269438
270020
270893
272121
273028
273694
274633
275888
276866
277534
278502
279820
280864
281416
282426
283894
285043
285388
286429
288212
289494
289539
290590
292802
293911
295330
294919
296101
298970
300257
299728
300877
304038
305280
304948
306018
308991
309921
311071
311678
312739
314714
315601
317253
318311
183856
184913
185906
186943
188007
188974
190001
191055
192069
193004
194007
195077
195981
196967
198025
199009
199876
200842
201921
202748
203696
204754
205703
206499
207426
208510
209261
210164
211218
212131
212855
213743
214798
215685
216378
217248
218349
218991
219845
220919
221801
222434
223293
224387
225259
225874
226732
227906
228465
229308
230451
231350
231909
232758
233936
234831
235355
236209
237425
238316
238804
239662
240920
241803
242257
243117
244418
245293
245719
246573
248006
248346
249166
250513
251449
251829
252648
254015
254943
255315
256130
257493
258407
258795
259593
260932
261830
262244
263033
264325
265128
265995
266476
267290
268530
269369
269934
270803
272054
272965
273613
274557
275836
276811
277461
278446
279785
280826
281357
282387
283891
285020
285345
286428
288233
289493
289513
290607
292826
293925
295309
294923
296133
298981
300246
299751
300903
304034
305269
304964
306022
308934
309911
311077
311644
312667
314682
315607
317170
318207
183592
184632
185618
186642
187688
188657
189666
190699
191709
192638
193630
194686
195593
196565
197606
198589
199454
200418
201482
202319
203256
204299
205251
206046
206972
208042
208808
209701
210742
211660
212389
213273
214319
215208
215901
216785
217872
218526
219372
220439
221329
221962
222822
223909
224784
225398
226268
227429
228006
228834
229971
230876
231439
232280
233452
234348
234872
235727
236934
237821
238302
239167
240412
241292
241737
242617
243895
244767
245188
246072
247481
247850
248645
249995
250938
251342
252138
253516
254452
254850
255645
257027
257949
258358
259144
260504
261410
261849
262627
263950
264768
265647
266133
266989
268244
269100
269661
270561
271839
272763
273388
274346
275657
276643
277256
278237
279598
280642
281128
282127
283642
284757
285044
286061
287849
289080
289098
290087
292271
293346
294706
294281
295506
298286
299552
299076
300236
303353
304622
304381
305446
308431
309471
310700
311325
312458
314564
315569
317169
318258
183394
184425
185413
186427
187470
188434
189431
190473
191477
192417
193402
194453
195363
196331
197378
198353
199234
200194
201253
202096
203028
204078
205025
205835
206760
207825
208596
209488
210539
211454
212192
213079
214129
215018
215724
216607
217693
218351
219199
220273
221161
221808
222670
223759
224636
225262
226132
227293
227876
228705
229850
230753
231324
232170
233347
234243
234777
235630
236840
237727
238222
239089
240332
241213
241670
242549
243827
244701
245136
246019
247421
247799
248596
249942
250884
251297
252101
253468
254403
254809
255608
256975
257896
258310
259095
260444
261356
261791
262570
263887
264707
265591
266065
266926
268188
269049
269595
270500
271793
272723
273331
274293
275628
276613
277212
278195
279593
280628
281103
282101
283653
284752
285037
286049
287869
289080
289115
290103
292288
293356
294694
294331
295546
298288
299532
299122
300283
303343
304601
304398
305481
308395
309446
310699
311277
312442
314565
315575
317075
318183
183213
184250
185245
186255
187300
188277
189276
190316
191331
192276
193261
194322
195245
196214
197261
198253
199140
200094
201166
202020
202960
204011
204972
205793
206713
207793
208575
209475
210525
211454
212205
213092
214151
215058
215773
216641
217747
218416
219273
220352
221252
221910
222769
223872
224764
225400
226259
227439
228029
228873
230016
230931
231514
232365
233544
234453
235000
235855
237072
237973
238484
239338
240591
241485
241968
242826
244113
244998
245454
246309
247723
248101
248929
250255
251194
251601
252430
253775
254701
255096
255917
257259
258173
258570
259382
260707
261600
262016
262821
264117
264926
265801
266275
267110
268377
269233
269774
270663
271970
272900
273499
274447
275803
276799
277395
278370
279791
280846
281331
282330
283896
285033
285345
286371
288182
289431
289513
290546
292690
293776
295136
294878
296047
298726
299977
299663
300818
303759
305002
304829
305953
308742
309747
310953
311516
312640
314708
315662
317062
318148
183049
184071
185057
186080
187114
188082
189093
190125
191130
192070
193068
194116
195030
196017
197059
198040
198926
199896
200960
201809
202763
203811
204765
205584
206521
207597
208374
209290
210339
211264
212016
212916
213968
214870
215592
216478
217577
218248
219119
220194
221094
221755
222628
223727
224617
225257
226133
227309
227897
228754
229899
230815
231397
232263
233441
234346
234899
235763
236978
237875
238392
239262
240507
241398
241888
242756
244041
244926
245392
246254
247662
248043
248874
250197
251136
251552
252379
253715
254643
255043
255859
257194
258108
258511
259316
260634
261537
261959
262756
264047
264859
265743
266213
267043
268318
269179
269715
270600
271917
272849
273442
274396
275764
276759
277343
278335
279766
280816
281292
282312
283892
285014
285317
286378
288200
289421
289496
290564
292708
293779
295117
294888
296073
298722
299960
299680
300834
303730
304982
304840
305961
308700
309728
310956
311517
312600
314696
315668
316997
318096
182872
183881
184862
185869
186890
187856
188852
189868
190869
191801
192787
193827
194745
195714
196742
197725
198605
199569
200625
201478
202419
203457
204414
205230
206163
207227
208016
208920
209961
210888
211638
212538
213585
214488
215203
216098
217188
217865
218727
219801
220704
221362
222236
223330
224220
224857
225742
226909
227511
228352
229496
230415
231001
231855
233033
233941
234489
235354
236562
237458
237969
238844
240081
240975
241452
242336
243609
244492
244947
245835
247227
247633
248440
249769
250710
251141
251947
253292
254224
254640
255437
256791
257710
258131
258922
260262
261172
261612
262397
263715
264543
265437
265898
266765
268054
268926
269446
270358
271697
272641
273208
274176
275570
276572
277121
278111
279567
280617
281055
282052
283643
284757
285030
286038
287861
289064
289133
290116
292251
293310
294633
294363
295568
298184
299429
299145
300304
303216
304491
304374
305497
308301
309383
310653
311240
312399
314556
315634
316952
318081
182732
183732
184713
185714
186730
187693
188684
189703
190695
191635
192620
193652
194570
195540
196570
197545
198435
199397
200445
201303
202246
203287
204237
205064
205998
207057
207851
208754
209799
210724
211483
212384
213435
214334
215061
215958
217043
217727
218591
219669
220571
221239
222115
223212
224101
224747
225635
226801
227406
228250
229400
230316
230908
231768
232949
233855
234409
235276
236487
237385
237903
238779
240018
240911
241396
242280
243551
244438
244903
245791
247174
247588
248396
249722
250662
251096
251901
253240
254168
254589
255389
256735
257656
258081
258875
260213
261126
261564
262349
263667
264497
265394
265847
266717
268014
268890
269400
270316
271666
272612
273169
274141
275550
276555
277094
278084
279563
280605
281040
282037
283654
284754
285029
286036
287878
289060
289144
290129
292262
293313
294621
294394
295593
298176
299410
299170
300329
303200
304472
304381
305520
308292
309381
310658
311204
312409
314573
315653
316887
318013
182595
183600
184588
185583
186603
187576
188563
189585
190584
191535
192516
193554
194481
195449
196483
197466
198369
199328
200384
201253
202198
203240
204199
205043
205969
207039
207843
208750
209798
210732
211508
212407
213460
214374
215121
216003
217100
217798
218668
219744
220654
221340
222216
223319
224219
224884
225758
226936
227550
228409
229551
230475
231084
231949
233124
234040
234619
235483
236689
237595
238138
239005
240245
241144
241660
242528
243799
244692
245188
246047
247435
247848
248681
249980
250914
251348
252178
253489
254412
254833
255659
256978
257889
258312
259135
260439
261345
261778
262590
263884
264700
265596
266061
266908
268203
269076
269595
270491
271845
272796
273359
274315
275733
276745
277293
278277
279767
280823
281274
282272
283889
285009
285319
286339
288165
289365
289491
290518
292609
293659
294985
294851
296010
298532
299772
299619
300772
303545
304810
304753
305930
308594
309661
310947
311429
312624
314739
315787
316951
318024
182484
183477
184454
185461
186475
187433
188433
189454
190441
191384
192377
193408
194324
195308
196342
197316
198215
199184
200234
201094
202054
203100
204053
204890
205831
206900
207689
208614
209672
210598
211366
212278
213338
214245
214985
215883
216985
217667
218555
219644
220548
221226
222113
223224
224121
224783
225669
226850
227449
228325
229485
230403
230998
231876
233066
233977
234543
235420
236637
237541
238077
238950
240201
241098
241605
242480
243762
244654
245139
246002
247399
247795
248635
249945
250875
251295
252127
253451
254374
254783
255609
256937
257858
258265
259084
260405
261315
261735
262544
263849
264670
265567
266020
266860
268174
269046
269550
270452
271825
272768
273318
274284
275723
276725
277259
278259
279771
280813
281245
282269
283910
285014
285295
286345
288191
289380
289473
290529
292637
293681
294980
294854
296027
298547
299774
299623
300780
303551
304821
304753
305934
308593
309682
310984
311378
312631
314768
315796
316921
317980
182371
183354
184324
185323
186322
187279
188272
189270
190257
191191
192179
193202
194115
195090
196110
197084
197971
198941
199986
200846
201796
202827
203785
204613
205555
206620
207416
208329
209374
210308
211070
211978
213032
213941
214669
215580
216676
217362
218243
219324
220234
220907
221795
222903
223801
224448
225349
226530
227135
227993
229149
230078
230671
231539
232728
233646
234202
235075
236297
237201
237718
238604
239856
240745
241235
242128
243409
244291
244757
245650
247044
247445
248252
249572
250521
250946
251748
253087
254030
254443
255243
256595
257533
257945
258744
260088
261018
261440
262226
263561
264404
265295
265734
266612
267946
268814
269298
270222
271621
272568
273087
274063
275534
276542
277037
278036
279575
280625
281012
282016
283677
284791
285031
286035
287890
289095
289163
290139
292248
293326
294589
294405
295604
298141
299361
299175
300332
303150
304448
304364
305528
308263
309421
310750
311092
312452
314666
315732
316842
317906
182268
183252
184226
185213
186209
187173
188157
189153
190143
191081
192058
193078
194002
194970
195985
196965
197861
198822
199862
200734
201680
202709
203672
204508
205446
206505
207313
208223
209266
210205
210974
211882
212935
213851
214587
215495
216587
217291
218166
219243
220162
220846
221731
222835
223743
224400
225299
226471
227095
227952
229104
230034
230642
231510
232693
233614
234185
235060
236271
237182
237713
238598
239835
240735
241237
242128
243393
244285
244760
245649
247022
247449
248253
249561
250500
250948
251751
253080
254015
254450
255251
256592
257520
257955
258753
260088
261009
261448
262235
263566
264397
265303
265740
266613
267939
268825
269301
270228
271624
272586
273099
274076
275549
276567
277059
278053
279597
280656
281050
282048
283711
284823
285087
286083
287934
289120
289236
290205
292298
293350
294644
294491
295681
298164
299403
299261
300414
303186
304476
304431
305608
308306
309450
310815
311114
312499
314711
315787
316842
317891
182181
183157
184131
185115
186105
187068
188048
189042
190026
190967
191947
192962
193884
194849
195867
196841
197739
198701
199740
200614
201557
202588
203548
204390
205327
206383
207196
208106
209150
210088
210865
211773
212823
213740
214485
215393
216481
217190
218067
219147
220066
220755
221642
222746
223657
224319
225219
226390
227021
227878
229031
229962
230577
231445
232629
233553
234127
234999
236212
237127
237660
238543
239780
240680
241183
242077
243337
244228
244706
245597
246962
247396
248197
249505
250446
250899
251702
253028
253963
254407
255206
256547
257478
257915
258712
260049
260972
261415
262200
263529
264366
265278
265706
266585
267913
268804
269273
270200
271606
272575
273077
274053
275539
276564
277045
278038
279597
280658
281048
282038
283714
284825
285092
286077
287934
289114
289244
290202
292286
293336
294632
294494
295681
298139
299385
299260
300413
303164
304461
304419
305614
308293
309453
310830
311117
312509
314746
315832
316828
317886
182101
183074
184047
185026
186013
186976
187952
188945
189928
190870
191844
192858
193783
194747
195761
196734
197636
198596
199634
200510
201455
202484
203443
204289
205225
206285
207100
208010
209052
209992
210774
211682
212734
213653
214401
215305
216401
217111
217991
219073
219994
220687
221573
222683
223594
224260
225158
226337
226967
227826
228982
229919
230534
231401
232587
233512
234089
234964
236180
237094
237630
238509
239750
240648
241154
242039
243304
244193
244674
245558
246932
247360
248168
249470
250417
250866
251674
253000
253943
254381
255187
256523
257464
257896
258697
260030
260960
261394
262188
263517
264358
265268
265692
266566
267913
268801
269260
270185
271611
272575
273070
274044
275550
276575
277049
278035
279611
280675
281059
282044
283731
284848
285112
286092
287948
289139
289265
290223
292294
293358
294637
294520
295694
298145
299387
299280
300430
303162
304476
304427
305641
308295
309486
310862
311140
312530
314803
315890
316826
317888
182031
182999
183972
184945
185928
186892
187864
188850
189835
190776
191742
192756
193683
194642
195653
196630
197532
198486
199525
200401
201343
202371
203338
204182
205113
206175
206989
207897
208940
209884
210663
211570
212626
213549
214297
215197
216301
217010
217888
218972
219899
220591
221476
222592
223506
224168
225062
226255
226881
227739
228898
229839
230451
231318
232509
233440
234012
234884
236106
237019
237552
238425
239672
240567
241067
241946
243221
244106
244582
245464
246853
247272
248083
249390
250344
250786
251598
252926
253877
254305
255115
256455
257403
257825
258631
259969
260910
261331
262125
263461
264312
265220
265633
266507
267875
268758
269208
270132
271579
272541
273026
273996
275521
276547
277009
277992
279590
280659
281027
282006
283706
284832
285080
286054
287911
289117
289228
290181
292240
293324
294585
294475
295638
298097
299332
299226
300375
303105
304436
304366
305592
308246
309472
310849
311114
312510
314831
315927
316791
317868
181953
182927
183907
184879
185860
186835
187808
188788
189781
190727
191692
192709
193646
194608
195615
196604
197507
198457
199506
200393
201334
202359
203335
204183
205109
206182
207012
207925
208962
209921
210711
211613
212673
213613
214367
215254
216371
217094
217976
219053
219996
220701
221581
222696
223631
224308
225182
226385
227026
227895
229039
229991
230621
231490
232669
233613
234206
235067
236278
237210
237761
238613
239853
240767
241285
242136
243409
244320
244818
245662
247049
247484
248318
249593
250540
251002
251836
253129
254075
254524
255354
256661
257603
258041
258865
260170
261104
261541
262355
263656
264495
265431
265856
266687
268050
268962
269419
270305
271751
272738
273232
274172
275692
276748
277229
278189
279772
280867
281268
282238
283912
285056
285353
286336
288147
289356
289530
290520
292514
293574
294893
294845
295953
298352
299629
299596
300725
303373
304711
304700
305943
308508
309714
311155
311403
312741
315036
316153
316933
317987
181911
182872
183841
184823
185803
186757
187742
188730
189704
190649
191628
192634
193558
194534
195544
196513
197425
198392
199422
200301
201260
202284
203243
204100
205044
206101
206921
207854
208894
209833
210627
211547
212600
213523
214294
215202
216298
217017
217918
218998
219922
220635
221534
222641
223557
224254
225151
226332
226966
227855
229007
229939
230569
231461
232637
233559
234160
235041
236242
237150
237714
238587
239808
240699
241239
242113
243364
244253
244777
245644
247006
247429
248283
249569
250497
250952
251808
253113
254038
254480
255332
256649
257571
258000
258843
260162
261077
261497
262332
263653
264473
265383
265832
266689
268030
268916
269395
270313
271740
272697
273207
274188
275695
276711
277199
278210
279790
280840
281239
282262
283945
285040
285322
286357
288189
289349
289497
290531
292557
293575
294853
294842
295998
298357
299596
299580
300753
303390
304682
304669
305956
308532
309709
311140
311414
312814
315089
316160
316890
318027
181871
182826
183793
184764
185736
186689
187664
188641
189614
190555
191525
192525
193451
194413
195416
196389
197289
198248
199281
200158
201102
202126
203087
203934
204873
205930
206749
207667
208708
209651
210438
211353
212407
213328
214083
214996
216095
216813
217701
218786
219712
220414
221311
222425
223340
224016
224922
226107
226742
227613
228770
229711
230333
231210
232395
233321
233903
234776
235986
236891
237429
238304
239538
240426
240936
241817
243085
243971
244460
245347
246726
247157
247982
249284
250235
250689
251513
252838
253788
254224
255044
256383
257329
257758
258572
259912
260853
261273
262073
263413
264266
265179
265592
266469
267842
268727
269169
270103
271562
272527
272998
273981
275525
276553
276998
277999
279613
280676
281032
282033
283745
284857
285102
286093
287942
289130
289254
290217
292252
293317
294583
294498
295666
298069
299318
299239
300400
303095
304425
304365
305620
308249
309509
310961
311190
312640
315009
316116
316759
317913
181827
182783
183753
184717
185687
186646
187614
188589
189567
190508
191470
192472
193403
194362
195364
196338
197242
198197
199228
200115
201055
202076
203040
203892
204828
205886
206713
207627
208666
209614
210406
211315
212371
213300
214058
214969
216067
216794
217678
218763
219699
220405
221297
222415
223336
224016
224920
226106
226752
227619
228773
229718
230344
231216
232398
233327
233910
234777
235984
236892
237434
238302
239535
240436
240949
241827
243093
243991
244484
245367
246739
247187
248005
249295
250252
250724
251541
252854
253807
254261
255078
256406
257353
257797
258603
259935
260878
261312
262110
263441
264293
265219
265622
266494
267871
268768
269199
270125
271592
272570
273031
274009
275559
276598
277034
278033
279654
280726
281082
282080
283793
284909
285166
286153
287991
289180
289334
290287
292302
293366
294661
294570
295726
298114
299387
299312
300475
303144
304484
304432
305691
308290
309564
311069
311268
312725
315109
316223
316774
317934
181791
182748
183720
184676
185643
186609
187571
188539
189519
190462
191419
192422
193357
194307
195307
196285
197190
198140
199172
200064
200999
202019
202988
203842
204771
205827
206664
207571
208607
209561
210356
211261
212320
213253
214008
214919
216021
216755
217633
218719
219658
220368
221256
222375
223308
223984
224883
226073
226729
227589
228740
229689
230322
231184
232365
233297
233880
234738
235945
236863
237400
238261
239498
240407
240914
241787
243058
243966
244452
245329
246708
247170
247975
249261
250226
250711
251517
252827
253788
254253
255058
256382
257337
257793
258590
259915
260865
261310
262097
263422
264287
265224
265612
266475
267865
268778
269191
270109
271589
272582
273025
273997
275561
276613
277036
278024
279660
280745
281090
282077
283800
284927
285186
286159
287986
289188
289363
290290
292285
293364
294691
294568
295711
298107
299409
299312
300466
303133
304501
304441
305686
308265
309576
311141
311303
312773
315194
316311
316763
317926
181763
182719
183694
184641
185609
186578
187535
188501
189480
190425
191374
192378
193320
194263
195264
196245
197148
198092
199129
200025
200952
201973
202941
203797
204722
205782
206627
207528
208563
209519
210318
211216
212278
213219
213971
214879
215985
216723
217596
218685
219629
220340
221225
222349
223287
223961
224855
226051
226716
227566
228718
229671
230304
231158
232338
233275
233857
234708
235918
236841
237374
238228
239470
240391
240891
241754
243034
243956
244432
245297
246683
247164
247960
249234
250208
250708
251504
252804
253776
254254
255049
256362
257329
257796
258580
259896
260861
261318
262094
263404
264283
265244
265609
266458
267864
268799
269189
270090
271591
272607
273029
273983
275564
276637
277040
278015
279665
280771
281105
282078
283805
284953
285212
286165
287982
289207
289401
290299
292267
293366
294738
294575
295694
298102
299441
299324
300461
303125
304526
304462
305696
308236
309590
311223
311354
312834
315297
316404
316749
317911
181738
182695
183671
184615
185582
186552
187505
188469
189451
190393
191337
192345
193291
194230
195227
196208
197114
198051
199089
199993
200917
201936
202908
203763
204680
205745
206596
207490
208526
209487
210287
211182
212244
213190
213939
214844
215956
216699
217566
218656
219609
220320
221199
222327
223273
223945
224831
226033
226707
227552
228697
229654
230290
231137
232316
233260
233839
234680
235892
236824
237355
238199
239449
240379
240874
241728
243015
243947
244417
245267
246669
247160
247947
249210
250199
250707
251493
252786
253771
254256
255042
256344
257326
257799
258575
259880
260860
261326
262092
263387
264285
265269
265611
266440
267866
268822
269191
270073
271593
272632
273032
273969
275567
276666
277048
278004
279670
280803
281124
282077
283811
284985
285241
286173
287976
289233
289442
290310
292248
293377
294795
294579
295671
298101
299483
299343
300453
303118
304557
304488
305710
308200
309605
311304
311420
312911
315418
316496
316726
317887
181714
182671
183649
184590
185557
186530
187482
188442
189427
190372
191311
192316
193264
194201
195197
196183
197089
198023
199062
199968
200885
201903
202883
203736
204651
205717
206569
207462
208495
209463
210263
211152
212219
213171
213914
214813
215934
216683
217545
218634
219594
220306
221177
222313
223268
223932
224812
226024
226701
227535
228675
229643
230280
231114
232292
233248
233826
234655
235871
236815
237342
238171
239430
240372
240859
241698
243001
243942
244403
245239
246658
247155
247935
249187
250192
250708
251486
252765
253768
254265
255037
256323
257327
257815
258573
259862
260862
261343
262093
263371
264286
265299
265612
266413
267871
268858
269195
270048
271599
272670
273039
273949
275572
276708
277061
277990
279675
280844
281143
282075
283815
285025
285273
286180
287969
289269
289488
290322
292230
293397
294867
294583
295644
298102
299535
299365
300444
303111
304594
304522
305733
308159
309614
311378
311504
313013
315560
316580
316689
317852
181692
182652
183635
184567
185533
186512
187459
188416
189407
190352
191283
192292
193249
194177
195169
196165
197070
197995
199040
199954
200863
201877
202865
203718
204619
205694
206557
207438
208465
209444
210250
211124
212196
213161
213900
214786
215919
216676
217522
218612
219587
220301
221154
222299
223269
223926
224788
226013
226698
227519
228650
229634
230273
231089
232270
233239
233816
234626
235850
236810
237332
238139
239412
240371
240850
241663
242988
243955
244396
245203
246649
247165
247928
249159
250191
250725
251479
252738
253769
254287
255036
256299
257329
257838
258575
259838
260870
261373
262095
263347
264301
265350
265621
266383
267887
268913
269206
270018
271611
272725
273051
273930
275586
276763
277076
277977
279682
280896
281164
282073
283820
285075
285307
286187
287962
289311
289535
290329
292217
293419
294954
294583
295620
298122
299596
299392
300438
303107
304632
304561
305768
308120
309610
311429
311611
313157
315728
316640
316631
317806
181668
182634
183626
184542
185511
186502
187442
188390
189391
190342
191252
192270
193241
194153
195144
196150
197058
197963
199021
199948
200838
201854
202853
203707
204587
205675
206550
207415
208442
209434
210244
211095
212178
213159
213886
214755
215905
216677
217501
218593
219585
220301
221131
222287
223274
223919
224752
226003
226707
227501
228622
229624
230275
231064
232247
233238
233814
234597
235832
236817
237328
238102
239400
240393
240847
241618
242982
243986
244391
245156
246649
247192
247922
249126
250194
250756
251479
252712
253782
254323
255037
256273
257351
257883
258582
259810
260892
261420
262104
263315
264320
265429
265637
266346
267913
268988
269222
269990
271638
272799
273069
273919
275615
276834
277094
277970
279709
280960
281184
282074
283838
285132
285337
286209
287964
289363
289581
290347
292216
293446
295038
294580
295609
298155
299654
299423
300460
303131
304668
304600
305821
308087
309601
311452
311746
313354
315928
316669
316552
317743
181642
182619
183630
184518
185493
186496
187426
188365
189379
190340
191223
192251
193236
194127
195119
196139
197053
197931
199005
199945
200812
201830
202838
203702
204553
205654
206542
207384
208414
209418
210240
211059
212157
213157
213873
214720
215891
216681
217476
218572
219582
220304
221095
222271
223288
223913
224710
225989
226711
227475
228596
229619
230287
231034
232223
233238
233814
234558
235813
236839
237329
238058
239388
240421
240845
241565
242974
244025
244392
245105
246649
247212
247913
249096
250203
250785
251473
252685
253799
254351
255036
256251
257367
257911
258583
259789
260912
261446
262122
263303
264314
265437
265629
266313
267930
269022
269221
269969
271668
272828
273053
273917
275645
276849
277056
277961
279731
280989
281161
282072
283856
285177
285333
286214
287964
289410
289584
290347
292216
293464
295047
294514
295599
298170
299654
299436
300470
303127
304695
304631
305878
308043
309572
311346
311908
313599
316160
316668
316457
317647
181606
182612
183676
184496
185485
186532
187423
188343
189376
190370
191161
192242
193319
194121
195111
196174
197090
197893
199014
200031
200811
201827
202882
203756
204508
205692
206692
207417
208422
209488
210320
211049
212187
213263
213919
214702
215942
216787
217478
218573
219656
220386
221080
222300
223399
223975
224674
226047
226855
227511
228597
229696
230398
231043
232241
233344
233919
234553
235849
236965
237422
238046
239442
240570
240932
241539
243045
244205
244473
245031
246742
247454
248005
249085
250304
251004
251566
252680
253907
254575
255130
256244
257482
258154
258687
259772
261030
261727
262230
263212
264431
265877
265777
266283
268058
269388
269377
269958
271786
273190
273256
273885
275710
277210
277336
277953
279774
281320
281465
282157
283899
285387
285604
286332
288007
289573
289881
290478
292261
293604
295533
294773
295477
298211
300125
299838
300559
303153
304854
304922
306020
308021
309646
311642
312199
313969
316470
316624
316377
317523
181600
182589
183659
184481
185468
186495
187406
188328
189344
190360
191157
192209
193245
194090
195089
196105
197049
197875
198962
199940
200769
201808
202820
203708
204503
205621
206536
207344
208385
209361
210225
211006
212118
213112
213829
214683
215842
216660
217416
218547
219516
220262
221037
222232
223219
223849
224661
225949
226640
227415
228586
229545
230222
230982
232217
233159
233734
234518
235809
236751
237232
238035
239380
240321
240757
241576
242965
243918
244320
245141
246649
247043
247862
249207
250182
250624
251447
252818
253775
254183
255023
256407
257347
257732
258579
259979
260909
261261
262116
263542
264341
265321
265611
266560
268026
268903
269176
270277
271885
272831
273025
274209
275916
276754
276900
278315
280097
280816
280849
282363
284301
285004
284885
286314
288450
289356
289091
290300
292837
293574
294777
294420
296145
298547
299261
299102
300895
303606
304285
304034
306063
308613
309406
310459
312331
314777
316892
315928
315955
317716
181599
182579
183612
184543
185436
186485
187402
188256
189315
190231
191136
192177
193194
194110
195012
196080
196977
197860
198953
199905
200780
201734
202815
203654
204492
205603
206527
207333
208323
209405
210178
211006
212052
213191
213817
214616
215877
216652
217371
218453
219589
220252
221013
222158
223315
223841
224593
225965
226653
227371
228511
229628
230262
230881
232096
233304
233803
234421
235690
236919
237302
237956
239308
240457
240808
241485
242942
244048
244336
245003
246677
247108
247851
249125
250236
250697
251415
252719
253850
254273
254979
256289
257424
257852
258539
259841
260967
261414
262099
263354
264342
265574
265665
266290
267965
269100
269288
269939
271708
273055
273256
273828
275640
277106
277269
277825
279681
281227
281287
281863
283812
285343
285325
285977
288078
289495
289398
290207
292391
293408
295073
294679
295473
298106
299785
299716
300235
302967
304742
304779
305710
308057
309407
310611
312679
314491
316912
316159
316270
316798
181556
182673
183715
184452
185334
186654
187474
188168
189632
190605
191225
192288
193372
194088
194922
196515
197349
197888
199112
200134
200760
201656
203284
204064
204531
205753
206760
207371
208226
209840
210685
211008
212131
213622
214043
214523
216139
217014
217388
218408
220124
220783
220995
222249
223820
224142
224557
226198
227026
227488
228416
230035
230838
230928
232067
233852
234389
234395
235758
237537
237779
237906
239444
241081
241174
241457
243139
244628
244640
244968
246921
247619
248112
249082
250488
251263
251648
252638
254101
254881
255199
256184
257652
258449
258752
259736
261157
261945
262315
263274
264495
266001
265879
266196
268080
269560
269548
269824
271770
273495
273549
273819
275754
277696
277690
277925
279782
281724
281833
282066
283822
285676
285989
286208
288071
289724
290070
290496
292513
293584
295475
294997
295624
298220
299987
299885
300297
302735
304759
305056
305894
307969
309506
310699
313420
315158
317655
316215
316249
316413
182041
182551
183294
185034
185815
186041
187635
188954
189062
189961
191677
192385
192912
194651
195697
195752
196809
198434
199109
199634
201429
202451
202497
203450
205111
205871
206225
207960
209184
209214
209827
211773
212514
212658
214032
215475
216015
216211
218176
219308
219304
219937
221882
222657
222724
223952
225421
226222
226248
227976
229562
229634
229756
231752
233006
232997
233462
235384
236393
236381
237184
238962
239813
239860
240875
242465
243313
243547
244584
245985
247000
246760
248233
250201
250467
250284
251808
253799
254005
253796
255352
257350
257538
257318
258854
260863
261079
260838
262342
264356
264505
264953
265831
267384
268222
268433
269434
271083
272057
272225
273255
274975
276273
276556
277250
278821
280599
280979
281170
282625
284947
285305
284985
286414
289271
289602
288836
290523
293617
293714
294306
294920
296617
298606
299055
299577
300799
303707
304334
304328
306065
308947
309452
309058
312147
314167
316176
314148
315865
315975
183037
182575
182226
185746
185786
185224
187720
189281
189058
189615
192794
192394
191717
194838
195758
195590
196640
199467
199102
198452
201598
202458
202307
203288
206160
205860
205013
207965
209223
209101
209494
212460
212515
211958
213999
216053
215979
215369
218233
219221
219157
219750
222412
222630
222175
223916
226238
226158
225210
227866
229636
229514
229260
231658
232817
232833
233309
235475
236205
236030
237108
239365
239703
239344
240824
243162
243205
242674
244485
246726
246867
245791
248103
250772
250307
249410
251652
254270
253841
253044
255193
257804
257375
256601
258706
261381
260911
260064
262200
264951
264337
264041
265690
267886
268049
267649
269390
271200
271864
271869
273244
274675
275971
276453
277343
278456
280236
281026
281330
282318
284567
285287
285169
286190
289369
289478
288528
290387
293845
293564
293686
294899
296153
298242
298920
299558
300427
303147
304191
304381
305885
309104
309607
308683
315034
316437
318896
315198
316502
315780
)
;

boundaryField
{
    inlet
    {
        type            fixedFluxPressure;
        gradient        nonuniform List<scalar> 0();
        value           nonuniform List<scalar> 0();
    }
    outlet
    {
        type            prghPressure;
        p               nonuniform List<scalar> 0();
        value           nonuniform List<scalar> 0();
    }
    front
    {
        type            empty;
    }
    back
    {
        type            empty;
    }
    hub
    {
        type            zeroGradient;
    }
    tip
    {
        type            zeroGradient;
    }
    procBoundary5to1
    {
        type            processor;
        value           nonuniform List<scalar> 
65
(
207163
206112
205018
204033
202667
201938
200875
199840
198909
197610
196947
195971
195035
194224
193064
192509
191720
190683
190190
189473
188577
188132
187475
186878
186388
185719
185409
184989
184496
184175
183889
183579
183254
183039
182793
182546
182361
182182
182008
181849
181715
181585
181463
181360
181269
181188
181113
181050
180975
180921
180894
180856
180829
180808
180785
180767
180753
180745
180742
180758
180748
180704
180904
180488
180189
)
;
    }
    procBoundary5to6
    {
        type            processor;
        value           nonuniform List<scalar> 
155
(
297271
298067
297230
298029
303357
304930
302786
293667
293739
282597
285932
286799
285958
286412
289674
289667
289971
290935
293017
293227
293713
293713
282587
282353
282271
282369
282221
282221
283896
283896
282716
282716
279480
279480
274895
275362
277306
278420
276899
277325
280163
281148
279297
279297
276060
275212
275393
274555
275518
275518
271472
272675
272675
271135
272039
272039
271515
271515
267558
267558
266685
267080
266858
267493
265976
266356
208924
209935
210206
210751
211735
211912
212394
213261
213834
213906
214363
215356
215383
215791
216715
217250
217281
217735
218807
218809
219246
220240
220814
220868
221355
222478
222536
222994
224024
224632
224775
225270
226302
226876
227081
227597
228619
228860
229344
230255
230856
231210
231693
232531
233150
233543
234003
234815
235360
235815
236458
237220
237701
238132
238895
239783
240079
240477
241530
242576
242582
242999
244482
245705
245353
245826
247808
249231
248539
249052
251884
251533
251857
253893
255476
255260
255553
257742
259404
259213
259692
261959
263563
263219
263699
265985
267709
267076
267076
)
;
    }
    procBoundary5to7
    {
        type            processor;
        value           nonuniform List<scalar> 
104
(
304539
309040
311730
309787
312181
314847
314952
314900
315106
315209
315169
315351
315285
315465
315346
315533
315533
314915
314915
316747
319405
321859
318723
320246
325317
325092
325768
325622
325809
325633
325777
325570
325737
325564
325791
325618
324918
326179
325784
326070
325739
325873
325603
324349
325739
325174
324935
324708
323069
323997
323440
322579
322420
321219
321083
320982
320344
319783
319724
319968
319164
319152
319216
318845
319658
319081
318925
319478
319423
319202
319172
319486
319298
319258
319456
319457
319425
319436
319531
319565
319620
319653
319709
319759
319812
319871
319918
320043
320136
320147
320242
320330
320430
320544
320683
320859
321081
321356
321714
322517
322442
323102
322685
325957
)
;
    }
}


// ************************************************************************* //
