/*--------------------------------*- C++ -*----------------------------------*\
| =========                 |                                                 |
| \\      /  F ield         | OpenFOAM: The Open Source CFD Toolbox           |
|  \\    /   O peration     | Version:  v2012                                 |
|   \\  /    A nd           | Website:  www.openfoam.com                      |
|    \\/     M anipulation  |                                                 |
\*---------------------------------------------------------------------------*/
FoamFile
{
    version     2.0;
    format      ascii;
    class       volScalarField;
    location    "1e-06";
    object      totalP;
}
// * * * * * * * * * * * * * * * * * * * * * * * * * * * * * * * * * * * * * //

dimensions      [1 -1 -2 0 0 0 0];


internalField   nonuniform List<scalar> 
10098
(
300035
300931
300233
301093
306453
308153
306190
307981
312636
315387
313565
315876
299982
300781
300261
301218
306527
308070
306225
308110
312757
315399
313595
315999
300207
301074
300590
301501
306775
308378
306597
308417
313099
315754
314003
316299
286641
289703
290647
289749
289958
292979
293027
293411
294141
296055
296334
297070
300097
300825
300558
301587
306643
308102
306462
308411
313166
315617
313927
316443
286218
289295
290645
289675
289612
292592
293034
293432
293937
295806
296373
297285
300140
300691
300646
301878
306854
308169
306629
308693
313433
315747
314013
316593
286851
289896
291120
290056
290131
293166
293441
293617
294321
296304
296753
297581
300428
301033
301054
302224
307130
308529
307068
309048
313726
316146
314487
316951
286788
289795
291357
290265
290061
293001
293582
293954
294258
296127
296806
297797
300395
300837
301085
302403
307232
308438
307087
309237
313898
316147
314508
317120
287531
290518
291886
290694
290680
293688
294079
294027
294739
296771
297278
298161
300769
301311
301597
302793
307571
308913
307660
309670
314246
316630
315096
317546
287946
287480
290461
292143
290926
290623
293557
294242
294447
294671
296617
297339
298385
300737
301119
301635
302988
307675
308822
307712
309879
314425
316637
315159
317739
290496
288617
288412
291387
292755
291426
291404
294448
294832
294605
295291
297483
297930
298799
301206
301764
302280
303393
308059
309434
308445
310386
314805
317221
315895
318247
289777
290875
288882
288401
291380
293051
291683
291378
294358
295041
294927
295189
297347
298022
299041
301172
301589
302347
303619
308166
309348
308540
310629
314991
317228
316001
318481
288313
290980
291627
289635
289567
292554
293762
292241
292347
295517
295763
295217
295963
298505
298758
299489
301748
302454
303170
304085
308609
310128
309475
311230
315397
317937
316931
319089
321765
285970
286125
288158
289156
287083
287136
289825
290781
288426
288411
291170
292102
289960
289641
292631
294165
292579
292390
295511
296076
295621
295989
298441
298925
299793
301726
302311
303293
304343
308656
310046
309613
311534
315590
317940
317070
319380
322203
321325
322993
325733
328119
324579
325913
287064
287612
289270
289730
287869
288338
290819
291230
288978
289411
292100
292509
290305
290443
293540
294600
292768
293037
296455
296628
295659
296468
299467
299631
300185
302348
303280
304243
304949
309336
311100
310830
312330
316234
318880
318243
320087
322543
321760
323597
326179
328232
324614
326135
289586
290398
291549
291612
290200
291005
292996
292956
291091
291980
294250
294130
292147
292822
295645
296112
294257
295112
298496
298043
296803
298215
301465
300870
301147
303392
304656
305391
305678
309966
312114
311893
313033
316779
319777
319469
320983
323436
322957
324946
327290
329226
325827
327572
289778
290386
291975
292205
290490
291035
293348
293522
291460
292014
294480
294632
292540
292820
295720
296512
294628
295091
298461
298338
297160
298142
301059
301036
301530
303392
304453
305571
306098
310145
312034
312129
313486
317027
319737
319650
321317
323835
322979
324815
327547
329556
325929
327472
293058
293216
292117
292993
294236
293953
292484
293365
295353
295025
293203
294183
296368
296019
294065
294823
297548
297883
295930
296886
300263
299713
298222
299722
303262
302442
302633
304605
306031
306985
307131
311106
313464
313631
314645
317891
320991
321173
322411
324717
323988
325991
328562
330315
326710
328481
291012
291471
293575
294071
292430
292990
294671
294726
292911
293419
295721
295763
293734
294281
296642
296684
294671
294906
297689
298416
296532
296969
300281
300079
298799
299773
302609
302640
303166
304694
305806
307154
307677
311352
313331
313828
315202
318190
320879
321326
322764
325209
324057
325854
328842
330725
326899
328396
295494
295593
294235
294691
296649
296816
295205
295814
297357
297046
295300
295960
298084
297743
295855
296649
298795
298503
296606
297165
299752
300184
298291
299104
302275
301852
300380
301741
305072
304445
304742
306304
307660
308909
309171
312676
315066
315644
316784
319381
322369
323076
324153
326399
325245
327132
330058
331703
327842
329513
296496
296176
296752
294613
294735
297189
297804
295594
295844
297802
297939
295780
296039
298468
298574
296487
296774
299097
299291
297357
297320
299941
300845
299090
299275
302339
302325
301174
301885
304709
304711
305448
306500
307440
309080
309855
312991
314880
315815
317441
319725
322161
323215
324539
326969
325301
326954
330359
332180
328076
329399
297793
300320
299850
300200
298138
298172
300593
300958
298721
298949
300873
300705
298535
298855
301182
300988
298957
299420
301586
301490
299640
299884
302335
302980
301248
301778
304621
304510
303212
304239
307157
306965
307499
308594
309735
311313
311853
314763
317067
318116
319522
321256
323960
325287
326253
328442
326688
328399
331814
333375
329198
330644
298285
300582
300578
301443
298612
298335
301217
302061
299184
299064
301401
301712
299103
298989
301624
301950
299668
299607
301937
302400
300512
300142
302589
303798
302225
302076
304753
305174
304255
304594
307074
307395
308452
308954
309571
311542
312723
315152
316850
318277
320303
321651
323692
325419
326697
329151
326723
328175
332166
333918
329501
330496
302266
304585
304359
304835
302228
302074
304779
305219
302448
302475
304702
304618
302076
302167
304678
304548
302332
302581
304759
304783
302970
303020
305330
306139
304544
304907
307445
307642
306483
307296
309931
310050
310720
311472
312460
314324
315158
317312
319591
321184
322796
323449
325844
327951
328713
330742
328332
329886
333864
335279
330779
331952
303067
305096
305423
306389
302925
302506
305717
306621
303187
302799
305579
305967
302875
302466
305354
305780
303266
302911
305301
305954
304058
303433
305740
307239
305784
305398
307712
308611
307860
307858
310014
310861
312139
312088
312451
314740
316360
317838
319440
321406
323832
324035
325645
328097
329352
332015
328519
329681
334367
336114
331245
331955
305527
307770
307915
308322
305094
305234
308028
308402
305252
305351
307785
307680
304769
304815
307572
307493
305099
305236
307566
307678
305855
305755
308100
309047
307526
307727
310162
310651
309589
310204
312623
312884
313859
314353
315321
317459
318647
319883
322135
324292
326069
325416
327299
330347
330795
332645
329320
330736
335483
336659
331603
332557
310331
312692
312105
312365
310212
310482
312412
312471
310121
310449
312139
311681
309375
309714
311761
311182
309238
309825
311598
311128
309642
310143
312056
312362
311019
311966
314188
313980
312850
314347
316968
316713
317058
318140
319612
321076
321899
323158
326055
328168
329449
328421
330777
334235
333976
335904
332680
334031
338491
339267
334562
335643
310964
312862
312953
313606
310798
310707
313106
313533
310603
310595
312663
312710
309957
309831
312245
312216
309972
309951
312029
312158
310580
310323
312385
313319
312142
312234
314387
314818
314196
314789
316859
317290
318491
318693
319492
321644
323318
323761
325807
328497
330591
329020
330386
334211
334480
336718
332637
333544
338770
339931
334879
335307
271919
272806
272962
273477
274312
274362
274785
275510
275960
275898
276291
277098
276958
277312
278034
278433
278291
278680
279527
279359
279726
280510
280930
280817
281230
282138
282018
282423
283245
283719
283700
284157
284993
285458
285548
286037
286904
287058
287541
288344
288880
289212
289730
290505
291087
291548
292084
292835
293382
293943
294613
295323
295826
296386
297115
297883
298184
298723
299604
300426
300355
300883
302038
302837
302274
302795
304231
304909
303969
304438
306496
305291
305625
307242
307947
306799
307186
308928
309680
308705
309157
310908
311762
310738
311219
312890
313867
312442
312902
314773
315009
315555
313665
313800
315952
316299
313931
314145
315982
315832
313410
313500
315691
315364
313316
313605
315462
315249
313794
313953
315788
316363
315249
315805
317793
317960
317216
318358
320496
320713
321434
322109
323355
325295
326707
326904
329550
332316
334005
331708
333489
337632
337412
339329
335116
336042
341270
342058
336855
337553
270973
271884
272091
272658
273518
273610
274098
274838
275311
275289
275724
276539
276434
276831
277559
277968
277860
278276
279124
278986
279385
280166
280595
280508
280941
281841
281744
282172
282991
283467
283467
283937
284768
285234
285344
285843
286701
286864
287360
288160
288696
289039
289572
290336
290907
291378
291944
292682
293235
293823
294504
295200
295727
296329
297061
297824
298142
298747
299628
300419
300353
300943
302090
302874
302313
302902
304356
305083
304085
304568
306621
305428
305786
307429
308136
307055
307389
309149
309868
308995
309401
311172
312001
311259
311617
313287
314341
313355
313744
315364
315880
316761
314633
314592
316744
317519
314823
314708
316644
317031
314309
313965
316264
316532
314302
314029
315994
316384
314928
314422
316272
317405
316549
316328
318183
318883
318700
319008
320725
321515
323030
322810
323466
325893
328148
327618
329416
332717
335156
332453
333293
337784
338065
340321
335302
335820
341612
342955
337320
337529
269618
270542
270822
271419
272302
272468
272966
273742
274254
274318
274787
275612
275582
275991
276742
277183
277148
277589
278440
278364
278773
279564
280018
279994
280450
281346
281305
281738
282564
283061
283109
283594
284425
284910
285060
285579
286441
286630
287138
287942
288490
288852
289402
290168
290747
291226
291808
292547
293088
293686
294381
295060
295584
296199
296939
297674
298012
298627
299508
300276
300255
300886
301984
302727
302236
302842
304236
304904
303976
304477
306404
305260
305790
307468
308156
307145
307557
309316
310006
309214
309694
311422
312196
311583
311992
313628
314594
313939
314527
315895
316649
317541
316249
316364
318498
319367
317417
317503
319383
319769
317523
317434
319546
319644
317669
317715
319495
319601
318268
318175
319889
320678
319838
320102
321823
322333
321930
322743
324548
325276
326128
326445
327542
329927
331898
330958
333212
336700
338662
335214
336438
341172
340943
342898
337845
338477
344175
345193
339376
339994
268722
269687
269984
270644
271568
271738
272319
273135
273669
273740
274257
275116
275086
275561
276340
276791
276756
277231
278104
278021
278484
279295
279753
279722
280204
281115
281064
281540
282376
282870
282912
283417
284253
284737
284880
285406
286276
286453
286976
287781
288325
288674
289233
289999
290565
291041
291638
292381
292898
293522
294242
294902
295416
296077
296837
297551
297900
298603
299488
300236
300234
300936
302048
302776
302323
303017
304432
305127
304359
305047
307053
305919
306176
307827
308489
307439
307865
309608
310272
309467
309926
311649
312391
311854
312265
313917
314869
314478
315027
316431
317243
318313
317168
317282
319271
320489
318513
318352
320223
321196
318746
318207
320349
321181
318997
318364
320216
321136
319750
318840
320490
322135
321498
320838
322277
323636
323825
323613
324841
326387
328683
327454
327710
330698
333730
331930
333185
337269
340159
336400
336565
341597
342123
344376
338451
338518
344917
346469
340273
340186
267116
268091
268446
269113
270046
270301
270862
271683
272263
272389
272933
273799
273851
274307
275098
275593
275609
276114
276994
276984
277427
278258
278756
278772
279279
280205
280228
280682
281538
282075
282172
282693
283550
284070
284253
284817
285709
285933
286455
287301
287883
288256
288836
289635
290230
290702
291321
292097
292607
293227
293960
294629
295111
295752
296514
297215
297507
298176
299035
299742
299667
300338
301401
302061
301529
302207
303530
304085
303113
303784
305577
304586
305043
306772
307509
306576
306932
308788
309539
308858
309287
311094
311843
311396
311941
313666
314522
314305
314871
316263
317134
318079
317628
317911
319724
320860
319746
319947
321578
322403
320641
320629
322469
322983
321265
321247
322902
323343
322192
321978
323633
324650
324030
324112
325768
326509
326392
326992
328706
329630
330724
330357
331438
334178
336493
333890
335625
339983
341873
337014
337416
342892
342889
344754
339193
339756
345871
346905
340794
341193
266125
267140
267562
268271
269237
269550
270170
271029
271652
271847
272417
273304
273412
273919
274728
275258
275330
275841
276736
276770
277254
278085
278607
278673
279191
280103
280155
280644
281492
282030
282145
282678
283526
284051
284239
284800
285670
285888
286437
287241
287809
288161
288740
289522
290109
290554
291168
291949
292423
293045
293796
294462
294930
295591
296379
297088
297396
298078
298988
299728
299743
300434
301542
302273
301917
302612
303982
304690
304057
304757
306704
305675
306073
307687
308364
307496
307993
309702
310343
309671
310206
311868
312499
312110
312759
314342
315016
314966
315643
316992
317726
318564
318688
319199
320644
321648
321581
322098
323366
324246
323672
324030
325365
325966
325146
325511
326689
327043
326398
326648
327852
328596
328252
328868
330209
330707
330562
331752
333515
334205
335672
335177
336524
339094
341270
338475
340426
344865
346309
341407
342277
348267
347174
348628
343631
343973
349525
350426
344891
345483
265149
266173
266637
267385
268354
268710
269381
270236
270875
271112
271715
272603
272753
273297
274098
274638
274753
275294
276181
276251
276765
277588
278116
278219
278757
279663
279743
280256
281094
281638
281784
282334
283174
283703
283925
284494
285361
285592
286148
286959
287532
287891
288479
289264
289855
290307
290930
291722
292189
292827
293590
294254
294714
295392
296188
296890
297204
297905
298809
299540
299573
300290
301384
302091
301774
302495
303816
304480
303865
304562
306349
305452
305935
307530
308207
307370
307848
309533
310189
309554
310058
311709
312346
312010
312630
314224
314853
314944
315562
316902
317670
318529
318828
319378
320747
321877
322048
322531
323803
324940
324542
324747
326039
327016
326198
326200
327338
328170
327557
327313
328465
329717
329557
329508
330714
331793
332015
332354
333767
335029
336953
335465
336261
339579
342283
338659
339837
345015
346919
341742
341747
347487
347416
349180
343855
343870
349751
351062
345433
345464
263850
264882
265407
266173
267160
267576
268248
269139
269813
270122
270747
271645
271853
272409
273233
273803
273983
274541
275430
275554
276082
276917
277468
277625
278176
279080
279207
279730
280577
281139
281326
281890
282733
283283
283533
284118
284990
285243
285811
286630
287215
287582
288184
288981
289583
290026
290657
291466
291913
292545
293336
293999
294439
295104
295921
296615
296921
297603
298513
299231
299285
299978
301063
301759
301509
302207
303498
304159
303639
304318
306046
305256
305762
307324
308022
307284
307798
309446
310113
309546
310077
311689
312310
312039
312724
314233
314892
314997
315677
316974
317693
318449
318950
319577
320746
321683
322329
322924
323956
325026
325401
325844
326960
328066
328028
328374
329369
330349
330219
330406
331388
332678
332691
333081
334158
335395
335412
336160
337718
339049
340685
339060
340110
343605
345805
341461
342712
348004
349377
343727
343909
350063
349550
350916
346002
346219
351826
352783
347519
348027
263004
264069
264604
265421
266441
266860
267603
268520
269211
269523
270188
271118
271328
271941
272789
273371
273551
274141
275056
275181
275754
276605
277165
277313
277887
278813
278926
279487
280345
280909
281088
281671
282524
283072
283315
283906
284790
285029
285612
286440
287022
287373
287982
288787
289386
289819
290458
291283
291707
292359
293170
293837
294256
294947
295791
296484
296787
297509
298460
299171
299240
299983
301082
301786
301563
302304
303618
304284
303790
304494
306241
305429
305986
307548
308243
307475
308020
309645
310301
309691
310224
311835
312433
312171
312840
314295
314973
315061
315704
316981
317687
318445
319036
319674
320760
321706
322588
323235
324173
325354
326075
326551
327472
328780
329053
329271
330080
331391
331462
331333
332164
333828
334052
333953
334895
336537
336785
336932
338241
339957
342681
339691
340298
344373
346946
342184
342936
348810
350535
345619
345253
350922
350563
352076
346889
346751
352528
353923
348719
348605
261467
262530
263112
263928
264948
265434
266153
267070
267793
268152
268838
269767
270046
270645
271501
272117
272344
272962
273878
274069
274627
275494
276085
276279
276880
277811
277990
278531
279405
280007
280237
280832
281703
282285
282565
283189
284090
284373
284957
285812
286430
286800
287422
288257
288880
289307
289969
290820
291242
291881
292703
293384
293779
294446
295285
295973
296233
296917
297845
298528
298544
299247
300311
300967
300689
301402
302645
303250
302704
303426
305081
304396
304876
306436
307191
306535
306994
308657
309388
308880
309369
311033
311804
311664
312275
313798
314507
314685
315351
316724
317474
318249
319007
319722
320774
321651
322820
323521
324339
325427
326659
327252
328018
329281
330165
330667
331294
332611
333153
333476
334153
335733
336079
336482
337319
338985
338836
339338
340677
342119
343809
340120
341207
345497
347299
341546
342317
348561
349532
343227
342977
350325
350328
351609
347117
347535
352958
353984
349301
349667
260550
261645
262280
263131
264180
264710
265477
266432
267192
267608
268314
269268
269596
270238
271121
271771
272048
272674
273607
273836
274431
275306
275926
276157
276755
277689
277896
278470
279338
279945
280183
280786
281654
282244
282527
283145
284048
284327
284922
285766
286380
286737
287357
288188
288809
289215
289859
290725
291127
291765
292594
293272
293658
294329
295203
295910
296192
296884
297858
298582
298670
299381
300489
301208
301055
301771
303043
303743
303359
304047
305703
305100
305665
307164
307890
307299
307875
309435
310106
309620
310214
311752
312471
312217
312869
314309
314969
315126
315818
317073
317729
318421
319144
319865
320807
321568
322781
323555
324243
325203
326694
327481
328063
329222
330654
331450
331944
333240
334332
335069
335706
337221
337836
338713
339730
341221
340933
341957
343902
344944
347046
343902
344775
348829
350408
345159
346075
352193
352927
348147
348478
353957
353260
354303
350733
351078
355757
356738
353137
353770
259655
260752
261413
262298
263344
263904
264715
265658
266426
266869
267607
268561
268922
269602
270477
271139
271449
272104
273034
273293
273921
274786
275410
275668
276291
277217
277444
278045
278909
279521
279784
280403
281263
281859
282167
282796
283695
283987
284599
285442
286060
286425
287057
287887
288513
288926
289583
290453
290850
291506
292344
293024
293406
294092
294970
295673
295958
296672
297635
298350
298458
299191
300281
300988
300861
301599
302839
303514
303167
303878
305487
304917
305501
306978
307703
307152
307723
309263
309929
309465
310048
311583
312300
312053
312699
314147
314826
314999
315652
316914
317589
318304
319040
319749
320686
321454
322707
323481
324169
325121
326753
327553
328101
329315
330911
331716
332143
333534
334789
335501
336051
337690
338345
339062
339989
341698
341315
342112
343893
345090
347183
343265
344236
348847
350526
345129
345709
352020
352866
347748
347701
353784
353465
354727
351221
351322
355929
357300
354013
354132
258454
259547
260260
261143
262196
262806
263604
264575
265372
265883
266631
267592
268009
268691
269588
270276
270653
271323
272252
272565
273194
274072
274718
275033
275668
276593
276865
277466
278337
278969
279278
279907
280772
281386
281732
282368
283268
283583
284199
285051
285680
286062
286703
287545
288178
288599
289260
290141
290530
291178
292035
292716
293096
293769
294660
295356
295647
296340
297302
298015
298148
298851
299936
300634
300563
301277
302484
303151
302882
303581
305132
304654
305236
306675
307405
306947
307530
309032
309704
309328
309966
311442
312163
312018
312703
314092
314789
314978
315681
316918
317587
318299
319022
319783
320719
321465
322696
323523
324199
325092
326744
327604
328078
329178
330928
331822
332169
333485
334949
335822
336351
337983
338779
339660
340688
342468
341963
342842
344819
345876
347780
343962
344856
349205
350688
345487
346134
352127
352766
348309
348440
354238
353945
354978
352266
352630
356809
358052
355629
356201
257716
258827
259529
260461
261547
262134
263000
264004
264803
265301
266093
267084
267484
268230
269160
269854
270220
270924
271884
272176
272859
273765
274412
274709
275370
276322
276566
277212
278111
278740
279028
279681
280565
281176
281498
282147
283064
283353
283996
284866
285487
285846
286505
287361
287986
288388
289068
289966
290321
291006
291887
292563
292914
293627
294548
295238
295513
296259
297267
297962
298090
298856
299961
300655
300582
301345
302592
303259
302983
303716
305309
304777
305430
306894
307610
307105
307729
309246
309931
309481
310090
311607
312365
312172
312805
314192
314872
315020
315671
316884
317554
318266
318941
319650
320590
321329
322526
323322
323989
324859
326544
327429
327877
328938
330795
331783
332110
333364
334963
335978
336501
338014
338826
339882
341010
342728
342046
343094
345299
346412
348313
344712
345883
350962
352379
347325
347808
353981
354385
349490
349277
354829
354727
355801
353268
353280
357364
358993
357022
357023
256332
257432
258165
259092
260152
260801
261648
262619
263445
263976
264779
265765
266230
266959
267874
268600
269003
269731
270686
271045
271715
272614
273291
273630
274315
275267
275583
276209
277105
277777
278112
278774
279665
280306
280658
281341
282267
282601
283236
284118
284778
285156
285822
286696
287347
287745
288440
289356
289729
290386
291266
291961
292304
292984
293896
294591
294834
295541
296520
297207
297289
298017
299088
299753
299629
300370
301558
302189
301883
302634
304152
303715
304253
305693
306470
306085
306615
308126
308894
308636
309234
310826
311586
311483
312072
313539
314307
314546
315207
316536
317273
318037
318809
319587
320584
321375
322656
323477
324216
325124
326840
327744
328228
329268
331140
332141
332423
333614
335187
336229
336618
338034
338739
339811
340741
342343
341453
342329
344330
345181
346661
342376
343435
347694
348494
343001
343662
350316
351510
347465
347436
353532
353721
354725
353309
353704
357369
358694
357818
358357
255519
256633
257416
258353
259431
260126
260991
262002
262856
263457
264269
265266
265783
266539
267480
268233
268703
269431
270391
270796
271487
272397
273097
273488
274173
275122
275474
276131
277029
277701
278055
278719
279605
280256
280630
281293
282213
282552
283194
284073
284729
285111
285775
286647
287305
287706
288380
289302
289674
290337
291229
291925
292283
292970
293904
294615
294895
295609
296615
297336
297491
298219
299316
300030
300023
300755
301957
302654
302485
303187
304691
304351
304966
306351
307103
306799
307412
308831
309586
309364
309995
311428
312107
312031
312718
314088
314803
314979
315667
316876
317532
318238
318899
319658
320605
321330
322452
323280
323997
324839
326384
327298
327812
328790
330539
331554
331941
333100
334642
335726
336300
337713
338496
339629
340813
342459
341822
342860
345171
346212
348039
344737
345971
350779
352119
347596
348288
353852
354053
350088
350237
355379
355256
355996
355077
355438
358539
359692
359841
360619
254798
255919
256709
257673
258755
259460
260368
261371
262239
262836
263675
264684
265213
266008
266948
267718
268186
268942
269917
270329
271057
271969
272681
273069
273776
274738
275095
275782
276681
277363
277719
278399
279289
279946
280312
280989
281922
282260
282920
283802
284466
284841
285519
286396
287056
287449
288140
289076
289433
290120
291022
291724
292068
292778
293722
294441
294712
295449
296463
297188
297343
298095
299199
299919
299918
300674
301886
302583
302426
303169
304659
304325
304999
306393
307112
306795
307462
308894
309593
309305
309916
311388
312121
312062
312685
314012
314742
314909
315566
316781
317446
318154
318794
319526
320483
321212
322302
323099
323843
324683
326188
327096
327634
328599
330319
331365
331788
332917
334437
335610
336238
337607
338344
339617
340839
342470
341790
342982
345340
346379
348094
344851
346154
350795
351908
347397
348098
353731
354199
350449
350472
355483
355442
356138
355492
355730
358668
359866
360646
361217
253518
254610
255418
256371
257439
258174
259051
260054
260926
261559
262405
263404
263971
264749
265696
266474
266985
267758
268723
269181
269895
270818
271544
271972
272698
273658
274065
274738
275652
276356
276754
277447
278351
279020
279421
280132
281064
281434
282091
282994
283676
284071
284759
285653
286325
286723
287433
288377
288739
289400
290314
291019
291359
292044
292991
293692
293945
294651
295653
296346
296475
297202
298273
298944
298922
299664
300825
301471
301314
302079
303518
303242
303823
305198
305973
305747
306332
307788
308572
308435
309067
310555
311299
311315
311973
313352
314125
314372
315072
316372
317119
317890
318575
319386
320417
321213
322316
323189
324007
324898
326374
327310
327929
328913
330545
331570
332034
333109
334487
335590
336180
337388
337998
339107
340201
341619
340824
341742
343861
344730
346136
342680
343839
348099
349007
344670
345381
351057
351881
348679
348901
354132
354520
355355
355378
355933
358764
359887
361543
362388
252790
253913
254752
255718
256812
257574
258485
259516
260421
261091
261949
262979
263580
264389
265361
266174
266711
267490
268486
268970
269714
270652
271411
271873
272599
273578
273991
274688
275607
276325
276732
277426
278339
279033
279428
280117
281071
281440
282111
283015
283707
284095
284780
285687
286373
286759
287450
288421
288777
289454
290382
291105
291448
292144
293116
293848
294119
294836
295873
296610
296775
297505
298621
299353
299391
300126
301335
302051
301965
302687
304145
303931
304594
305933
306703
306513
307178
308584
309312
309158
309833
311240
311942
311892
312583
313922
314661
314865
315568
316777
317440
318151
318753
319537
320510
321239
322212
323047
323850
324693
326009
326917
327573
328530
330012
331013
331591
332687
333996
335076
335831
337114
337787
338896
340208
341769
341217
342269
344583
345671
347306
344515
345678
349915
351061
347415
348185
353160
353790
350774
351195
355721
355785
356313
356486
357015
359276
359994
362177
363197
252138
253247
254096
255089
256168
256951
257895
258901
259808
260491
261373
262391
263018
263857
264811
265630
266191
266995
267980
268493
269263
270188
270950
271431
272180
273147
273588
274310
275214
275933
276361
277075
277974
278670
279087
279795
280737
281123
281812
282703
283398
283800
284498
285395
286081
286485
287192
288155
288523
289220
290141
290865
291218
291936
292900
293632
293917
294654
295676
296411
296605
297352
298444
299177
299259
300012
301187
301903
301877
302618
304026
303861
304542
305851
306601
306454
307127
308505
309232
309103
309729
311087
311815
311857
312556
313860
314548
314768
315441
316651
317329
318048
318646
319405
320389
321127
322074
322886
323718
324559
325825
326730
327432
328384
329806
330831
331461
332552
333807
334946
335759
337004
337636
338862
340179
341669
341145
342334
344633
345649
347232
344668
345884
349942
351008
347634
348396
353198
353765
351024
351371
355691
355781
356364
356657
357073
359268
359967
362521
363374
250982
252064
252925
253891
254955
255751
256654
257673
258581
259297
260174
261181
261833
262649
263616
264441
265041
265848
266826
267366
268121
269059
269833
270351
271107
272078
272552
273258
274185
274921
275382
276104
277016
277721
278170
278895
279842
280248
280929
281845
282552
282969
283677
284591
285282
285693
286412
287382
287748
288418
289365
290089
290432
291125
292100
292813
293083
293796
294811
295514
295685
296415
297491
298180
298240
298989
300137
300807
300773
301542
302931
302789
303397
304709
305498
305409
306044
307423
308215
308179
308849
310263
311062
311129
311804
313155
313948
314230
314950
316198
316935
317723
318343
319192
320262
321056
321995
322872
323797
324681
325900
326832
327609
328574
329912
330912
331593
332624
333746
334797
335615
336735
337201
338250
339520
340794
340123
341009
343166
344023
345302
342673
343786
347623
348548
345323
346134
350947
351799
349423
349950
354409
354953
355777
356389
357181
359498
360343
363364
364429
250332
251452
252330
253313
254407
255230
256169
257203
258149
258873
259765
260814
261487
262338
263327
264192
264790
265607
266631
267190
267982
268946
269749
270259
271023
272023
272501
273241
274177
274939
275392
276119
277055
277789
278210
278923
279911
280310
281009
281935
282664
283061
283768
284707
285424
285804
286512
287529
287884
288583
289542
290292
290630
291343
292341
293099
293367
294090
295152
295910
296089
296823
297959
298710
298790
299530
300743
301482
301475
302200
303628
303508
304213
305505
306289
306199
306899
308243
309017
308953
309650
310988
311743
311771
312488
313789
314513
314694
315429
316654
317335
318079
318629
319414
320430
321176
322010
322838
323731
324572
325667
326570
327377
328327
329546
330517
331288
332376
333434
334466
335418
336655
337171
338239
339645
341116
340666
341686
343931
345025
346532
344364
345435
349249
350328
347573
348434
352775
353494
351255
351908
355851
356076
356643
357233
357917
359778
360244
363208
364261
249730
250817
251702
252709
253777
254605
255571
256581
257507
258255
259172
260190
260883
261760
262729
263580
264218
265063
266054
266642
267455
268394
269189
269739
270529
271502
272010
272770
273685
274438
274925
275672
276583
277305
277774
278517
279468
279893
280614
281517
282234
282667
283392
284304
285010
285435
286168
287153
287532
288249
289191
289931
290295
291025
292004
292743
293048
293795
294819
295555
295787
296543
297629
298359
298510
299271
300420
301138
301218
301971
303325
303279
303970
305228
306000
305979
306663
307968
308736
308742
309412
310713
311478
311589
312266
313516
314251
314517
315253
316452
317138
317909
318473
319248
320273
321032
321853
322673
323594
324444
325494
326407
327255
328198
329362
330367
331184
332238
333238
334331
335312
336480
336956
338117
339557
340888
340458
341626
343813
344730
346154
344236
345411
348884
349927
347452
348300
352401
353154
351213
351775
355537
355883
356620
357212
357791
359736
360337
363322
364199
248889
249966
250876
251857
252925
253777
254713
255743
256685
257475
258381
259401
260127
260989
261974
262839
263523
264362
265354
265976
266781
267736
268544
269139
269925
270899
271438
272189
273121
273892
274412
275163
276084
276820
277326
278059
279014
279461
280176
281094
281822
282278
283002
283929
284648
285090
285818
286810
287196
287899
288862
289604
289981
290705
291696
292438
292761
293495
294519
295255
295512
296253
297340
298070
298251
298999
300140
300859
300972
301720
303046
303041
303736
304974
305752
305781
306475
307764
308543
308594
309305
310578
311327
311450
312193
313461
314235
314500
315247
316419
317126
317908
318445
319254
320307
321074
321845
322701
323663
324514
325502
326419
327310
328245
329324
330307
331186
332223
333143
334178
335211
336340
336786
337861
339333
340592
340203
341227
343406
344299
345671
343970
345061
348386
349413
347222
348136
352024
352839
351135
351886
355453
355889
356692
357281
358076
359998
360656
363523
364561
248450
249531
250420
251431
252509
253334
254318
255358
256292
257063
257997
259032
259737
260642
261644
262509
263171
264039
265050
265649
266496
267472
268279
268847
269661
270658
271168
271962
272919
273685
274180
274954
275896
276631
277107
277862
278838
279258
280008
280951
281675
282103
282853
283799
284514
284932
285679
286699
287052
287800
288790
289535
289881
290637
291661
292404
292699
293471
294546
295286
295513
296290
297408
298141
298292
299069
300248
300975
301056
301814
303195
303144
303880
305155
305928
305924
306643
307928
308679
308679
309406
310708
311497
311605
312326
313565
314324
314564
315289
316471
317168
317934
318408
319182
320264
321028
321738
322555
323531
324375
325322
326237
327148
328082
329116
330120
331043
332072
332952
334065
335180
336295
336684
337873
339431
340710
340267
341447
343736
344673
345997
344383
345558
348900
349917
347778
348690
352496
353326
351626
352268
355692
356170
356958
357401
358014
359934
360603
363374
364226
247588
248643
249535
250533
251582
252428
253390
254391
255323
256100
257032
258044
258781
259669
260642
261511
262190
263067
264057
264692
265528
266479
267296
267886
268712
269692
270246
271023
271961
272744
273266
274044
274973
275719
276211
276992
277959
278415
279149
280079
280823
281268
282019
282959
283683
284106
284872
285883
286266
286984
287959
288713
289073
289809
290811
291558
291856
292604
293646
294378
294603
295367
296452
297170
297321
298106
299247
299952
300053
300845
302162
302167
302836
304085
304891
304957
305645
306968
307792
307890
308578
309895
310697
310864
311570
312875
313688
313994
314711
315964
316731
317541
318071
318899
320003
320802
321537
322403
323438
324309
325231
326159
327137
328084
329063
330053
330988
331995
332740
333776
334860
335934
336197
337254
338694
339880
339386
340339
342418
343276
344479
342777
343935
347110
348101
346085
347006
350819
351771
350360
351031
354666
355391
356385
357167
358007
360099
360948
363934
364939
247077
248136
249063
250047
251102
251981
252933
253963
254915
255746
256670
257690
258461
259351
260345
261235
261968
262833
263830
264505
265340
266305
267142
267787
268602
269584
270173
270955
271899
272688
273250
274023
274958
275720
276258
277018
277981
278459
279200
280136
280885
281362
282111
283054
283795
284257
285006
286018
286419
287148
288133
288892
289286
290030
291043
291802
292147
292903
293954
294705
294995
295759
296847
297590
297818
298588
299723
300458
300634
301389
302690
302756
303473
304680
305471
305587
306336
307568
308342
308473
309216
310461
311229
311411
312158
313380
314153
314441
315194
316373
317082
317861
318339
319141
320222
320994
321646
322486
323512
324357
325198
326133
327133
328071
328964
329935
330954
331952
332696
333714
334899
336000
336342
337391
338964
340182
339883
340907
343060
343965
345303
344021
345120
348136
349194
347560
348513
351962
352854
351612
352398
355588
356144
357042
357609
358432
360311
361019
363567
364571
246699
247752
248662
249670
250725
251582
252567
253597
254539
255348
256295
257323
258077
258999
259998
260882
261596
262487
263496
264149
265016
265995
266831
267452
268290
269289
269853
270669
271631
272420
272959
273758
274706
275466
275980
276758
277745
278201
278970
279925
280675
281128
281897
282862
283602
284037
284806
285845
286217
286978
287985
288750
289113
289884
290923
291684
292001
292779
293858
294612
294869
295655
296778
297526
297723
298510
299680
300415
300552
301319
302655
302691
303436
304687
305477
305551
306295
307569
308357
308441
309164
310434
311221
311368
312098
313345
314144
314408
315137
316327
317050
317832
318266
319046
320154
320922
321541
322366
323424
324267
325075
326004
327032
327965
328822
329815
330887
331870
332566
333636
334876
335968
336247
337384
338987
340204
339830
340946
343153
344086
345341
344066
345229
348268
349295
347659
348613
352049
352985
351731
352462
355621
356242
357127
357603
358344
360268
361014
363470
364375
246043
247078
247988
248985
250016
250890
251859
252853
253797
254609
255552
256559
257335
258245
259219
260111
260833
261724
262719
263402
264259
265215
266061
266696
267540
268525
269127
269928
270868
271673
272231
273026
273965
274738
275260
276058
277036
277522
278276
279218
279986
280453
281220
282179
282928
283366
284152
285179
285583
286319
287312
288087
288469
289218
290240
291009
291334
292100
293156
293911
294177
294956
296050
296791
296994
297791
298931
299658
299817
300620
301923
302013
302696
303927
304738
304883
305585
306855
307660
307819
308534
309830
310642
310857
311568
312843
313651
313958
314684
315935
316691
317498
317978
318807
319929
320714
321341
322195
323285
324149
324929
325866
326936
327881
328667
329642
330732
331722
332330
333347
334549
335637
335839
336863
338393
339573
339202
340124
342188
343088
344303
343008
344162
347070
348105
346589
347555
350951
351953
350909
351668
354954
355709
356716
357412
358332
360360
361218
363752
364778
245549
246573
247499
248476
249500
250387
251335
252344
253294
254133
255064
256069
256863
257760
258746
259643
260396
261277
262268
262972
263821
264787
265638
266302
267139
268122
268741
269536
270490
271296
271880
272673
273616
274394
274947
275736
276708
277208
277961
278916
279683
280169
280937
281897
282649
283113
283892
284920
285333
286064
287069
287847
288245
288996
290027
290796
291142
291907
292969
293726
294014
294793
295893
296637
296869
297664
298801
299534
299719
300520
301808
301925
302626
303852
304670
304834
305546
306807
307622
307802
308522
309794
310610
310834
311563
312821
313642
313959
314702
315923
316671
317479
317925
318755
319884
320669
321251
322114
323227
324090
324813
325749
326852
327787
328524
329497
330628
331605
332170
333156
334451
335487
335682
336671
338272
339402
339092
340011
342100
342998
344195
343057
344194
347047
348064
346713
347710
351011
351998
351064
351892
355026
355815
356837
357446
358441
360449
361353
363663
364738
245136
246176
247111
248093
249128
250033
250994
252000
252971
253812
254746
255773
256581
257492
258484
259405
260156
261044
262060
262774
263640
264614
265489
266151
266993
268000
268629
269444
270402
271237
271820
272622
273582
274382
274920
275704
276713
277214
277982
278946
279735
280216
280990
281972
282749
283199
283970
285036
285450
286204
287214
288016
288411
289174
290221
291013
291358
292129
293212
293998
294289
295066
296193
296964
297202
297985
299152
299911
300105
300879
302195
302312
303057
304272
305086
305238
305996
307243
308048
308206
308966
310216
311016
311214
311975
313213
314007
314282
315052
316253
316972
317752
318176
318977
320089
320854
321408
322251
323365
324216
324895
325816
326944
327887
328576
329534
330708
331716
332271
333231
334573
335669
335901
336894
338510
339738
339503
340480
342527
343507
344757
343786
344886
347689
348738
347557
348575
351703
352669
351788
352691
355639
356336
357259
357833
358793
360661
361443
363533
364585
244853
245876
246806
247803
248822
249719
250701
251691
252646
253492
254442
255448
256261
257191
258164
259078
259841
260744
261741
262467
263351
264309
265176
265854
266715
267701
268343
269178
270120
270947
271549
272367
273304
274100
274669
275471
276454
276975
277758
278705
279492
279996
280781
281742
282515
283000
283787
284826
285262
286034
287029
287821
288240
289021
290048
290832
291210
291997
293054
293834
294164
294950
296045
296815
297099
297890
299018
299775
300023
300806
302078
302235
302981
304170
304974
305174
305929
307142
307945
308150
308903
310128
310920
311160
311910
313124
313915
314221
314977
316157
316871
317664
318095
318881
319989
320765
321315
322155
323271
324131
324799
325724
326863
327803
328484
329453
330640
331643
332178
333186
334523
335590
335835
336899
338509
339665
339461
340505
342532
343430
344678
343831
344945
347612
348668
347624
348638
351633
352602
351849
352734
355568
356285
357286
357816
358738
360633
361479
363434
364450
244384
245385
246311
247285
248289
249184
250137
251127
252071
252923
253859
254851
255667
256574
257551
258455
259227
260123
261110
261841
262707
263672
264534
265220
266077
267058
267705
268521
269476
270299
270908
271723
272667
273457
274033
274843
275821
276346
277115
278075
278858
279364
280152
281124
281890
282372
283169
284204
284640
285390
286403
287197
287613
288377
289420
290202
290567
291347
292416
293183
293500
294289
295389
296142
296412
297217
298350
299091
299325
300137
301408
301581
302300
303512
304338
304553
305283
306528
307353
307569
308305
309563
310390
310645
311388
312638
313465
313785
314533
315749
316502
317307
317726
318557
319700
320493
321024
321897
323058
323932
324561
325497
326676
327613
328240
329198
330417
331393
331848
332828
334170
335205
335371
336339
337956
339064
338810
339712
341729
342620
343785
342902
344021
346666
347703
346682
347712
350741
351788
351118
352042
354970
355838
356927
357507
358592
360616
361602
363546
364672
244051
245062
246002
246976
247989
248899
249856
250854
251813
252684
253619
254625
255458
256373
257360
258279
259071
259966
260968
261715
262590
263563
264442
265149
266005
267000
267661
268493
269451
270288
270915
271733
272687
273496
274087
274887
275883
276421
277206
278168
278968
279493
280279
281260
282046
282544
283332
284386
284832
285605
286618
287422
287856
288637
289680
290475
290868
291654
292725
293513
293859
294643
295753
296529
296831
297624
298762
299528
299798
300582
301858
302040
302801
303985
304806
305024
305794
307003
307820
308038
308814
310030
310837
311083
311856
313061
313862
314158
314933
316108
316827
317616
318018
318819
319949
320727
321236
322091
323246
324109
324713
325637
326830
327766
328368
329322
330571
331565
332027
333012
334386
335455
335661
336655
338291
339450
339287
340261
342259
343182
344402
343704
344783
347349
348412
347569
348606
351453
352480
351878
352859
355579
356357
357383
357893
358929
360833
361731
363454
364571
243836
244835
245766
246751
247752
248654
249629
250614
251565
252428
253376
254373
255201
256134
257114
258027
258811
259722
260719
261460
262356
263324
264199
264903
265774
266769
267424
268275
269231
270066
270689
271524
272477
273284
273871
274687
275686
276221
277023
277988
278785
279305
280111
281090
281874
282373
283175
284234
284673
285464
286483
287289
287717
288512
289560
290356
290743
291542
292619
293407
293750
294551
295661
296436
296737
297540
298686
299448
299717
300512
301793
301975
302740
303929
304753
304972
305739
306951
307772
307992
308760
309976
310791
311038
311795
313002
313811
314102
314858
316035
316761
317555
317941
318732
319881
320665
321154
322006
323183
324050
324634
325563
326777
327710
328295
329264
330532
331520
331963
332968
334372
335423
335611
336651
338302
339439
339254
340278
342277
343188
344375
343706
344814
347360
348403
347596
348639
351462
352484
351908
352876
355542
356370
357410
357870
358876
360823
361759
363382
364477
243475
244460
245385
246357
247344
248248
249204
250174
251122
251980
252917
253905
254737
255654
256622
257536
258321
259229
260214
260967
261848
262809
263686
264392
265262
266244
266917
267755
268704
269544
270174
271003
271951
272760
273353
274178
275165
275714
276505
277468
278271
278795
279598
280574
281362
281861
282674
283722
284180
284950
285969
286780
287216
287999
289046
289842
290234
291029
292103
292886
293228
294032
295136
295907
296206
297024
298153
298914
299185
300007
301267
301485
302219
303418
304251
304501
305242
306472
307301
307552
308297
309537
310361
310634
311376
312607
313425
313743
314484
315694
316433
317240
317632
318460
319621
320420
320901
321779
322978
323853
324407
325345
326586
327523
328063
329022
330307
331294
331683
332652
334065
335098
335243
336211
337849
338959
338774
339687
341662
342560
343729
343034
344155
346651
347706
346939
347988
350815
351883
351390
352365
355113
356007
357120
357641
358750
360779
361792
363444
364585
243180
244156
245087
246050
247034
247937
248882
249861
250805
251677
252610
253592
254430
255344
256319
257227
258031
258936
259917
260678
261555
262523
263398
264121
264990
265969
266650
267487
268447
269284
269927
270759
271713
272521
273128
273955
274941
275496
276289
277259
278062
278600
279406
280385
281175
281687
282500
283549
284015
284786
285813
286622
287069
287858
288909
289707
290110
290905
291982
292767
293124
293932
295035
295810
296123
296943
298074
298840
299127
299950
301206
301435
302174
303373
304207
304469
305219
306440
307273
307534
308284
309511
310337
310615
311357
312578
313403
313716
314460
315663
316404
317213
317592
318422
319588
320389
320850
321730
322940
323816
324346
325287
326542
327475
327993
328951
330266
331237
331610
332575
334019
335032
335174
336135
337804
338892
338731
339643
341624
342519
343676
343052
344168
346639
347684
346995
348053
350837
351904
351461
352458
355145
356058
357194
357668
358807
360853
361864
363403
364557
242914
243898
244836
245797
246786
247703
248651
249630
250586
251464
252399
253394
254244
255161
256137
257064
257873
258776
259772
260545
261432
262401
263292
264025
264894
265888
266580
267427
268386
269240
269894
270729
271692
272520
273132
273949
274957
275522
276326
277301
278117
278665
279471
280464
281269
281789
282595
283663
284136
284925
285949
286773
287228
288026
289079
289892
290307
291108
292191
292993
293363
294164
295277
296068
296405
297210
298351
299129
299437
300239
301510
301739
302515
303693
304527
304783
305565
306764
307589
307839
308617
309819
310639
310899
311675
312868
313675
313969
314742
315921
316649
317447
317822
318630
319796
320588
321040
321906
323122
323993
324508
325434
326705
327643
328149
329100
330430
331418
331792
332759
334212
335260
335424
336401
338061
339188
339071
340035
341979
342897
344079
343567
344650
347064
348126
347543
348607
351280
352341
351935
352983
355550
356419
357510
357971
359070
361055
362002
363430
364555
242761
243730
244661
245635
246612
247520
248482
249453
250399
251272
252218
253200
254043
254979
255949
256864
257673
258590
259578
260346
261249
262213
263097
263829
264713
265703
266390
267255
268211
269061
269716
270563
271518
272342
272964
273795
274795
275363
276181
277150
277967
278518
279337
280326
281128
281655
282475
283539
284010
284814
285839
286663
287118
287931
288981
289791
290212
291022
292103
292900
293280
294095
295198
295987
296333
297147
298285
299064
299383
300192
301455
301689
302468
303644
304478
304743
305521
306713
307539
307793
308566
309762
310581
310847
311614
312803
313619
313918
314681
315857
316588
317395
317764
318567
319740
320538
320983
321845
323071
323945
324453
325384
326666
327601
328098
329064
330402
331384
331751
332740
334202
335234
335392
336407
338072
339171
339050
340053
341993
342895
344055
343578
344675
347060
348109
347562
348626
351258
352328
351951
352996
355518
356412
357522
357976
359041
361055
362018
363369
364506
242505
243465
244391
245349
246317
247223
248170
249128
250071
250937
251872
252849
253696
254614
255573
256492
257296
258207
259189
259963
260850
261810
262697
263428
264307
265288
265988
266837
267791
268642
269299
270143
271096
271920
272538
273377
274369
274944
275752
276724
277542
278094
278912
279898
280701
281227
282054
283111
283595
284381
285409
286236
286697
287495
288551
289362
289782
290590
291668
292464
292841
293658
294760
295550
295889
296715
297846
298624
298936
299768
301019
301281
302032
303220
304057
304342
305096
306301
307133
307407
308157
309375
310200
310488
311236
312450
313274
313593
314340
315544
316292
317107
317468
318304
319490
320295
320723
321607
322853
323734
324213
325153
326458
327396
327852
328813
330173
331151
331476
332436
333910
334932
335058
336015
337683
338767
338643
339555
341493
342391
343542
343031
344148
346512
347574
347035
348103
350762
351860
351521
352566
355157
356107
357261
357744
358882
360951
362013
363336
364492
242288
243239
244167
245120
246083
246990
247931
248892
249828
250705
251640
252608
253459
254377
255340
256251
257068
257978
258953
259733
260623
261587
262467
263211
264092
265068
265776
266625
267583
268433
269100
269947
270905
271725
272356
273198
274186
274770
275578
276556
277373
277935
278757
279745
280547
281084
281915
282971
283460
284247
285284
286107
286577
287381
288441
289250
289677
290488
291571
292369
292756
293575
294679
295470
295818
296646
297778
298560
298886
299718
300962
301235
301988
303175
304012
304302
305056
306257
307085
307367
308120
309333
310161
310452
311205
312417
313244
313559
314308
315511
316259
317078
317428
318266
319458
320265
320679
321566
322819
323699
324163
325106
326420
327358
327799
328758
330135
331103
331421
332379
333876
334881
335008
335963
337652
338712
338607
339522
341463
342355
343496
343035
344150
346489
347547
347060
348131
350758
351859
351551
352615
355179
356139
357299
357741
358925
360989
362040
363271
364422
242079
243036
243973
244921
245889
246806
247744
248709
249653
250543
251475
252449
253311
254228
255196
256117
256947
257856
258839
259632
260525
261489
262381
263142
264017
265005
265723
266577
267539
268399
269083
269929
270890
271726
272376
273205
274206
274803
275620
276595
277423
278002
278825
279819
280633
281187
282009
283075
283574
284379
285406
286239
286725
287536
288589
289411
289861
290673
291750
292558
292968
293783
294888
295686
296065
296882
298012
298803
299159
299967
301218
301489
302271
303432
304265
304553
305337
306511
307336
307615
308399
309585
310403
310692
311476
312655
313474
313784
314562
315740
316471
317287
317647
318464
319650
320452
320871
321739
322990
323872
324337
325264
326583
327524
327968
328922
330307
331283
331613
332574
334067
335090
335248
336218
337891
338970
338905
339866
341769
342663
343824
343462
344544
346828
347897
347502
348575
351110
352207
351935
353044
355503
356442
357611
357984
359152
361163
362179
363327
364421
241973
242917
243845
244805
245766
246668
247623
248585
249516
250398
251341
252310
253160
254096
255060
255972
256800
257717
258695
259479
260390
261356
262241
262995
263884
264871
265574
266450
267417
268270
268945
269806
270771
271601
272244
273089
274094
274676
275514
276497
277319
277890
278725
279726
280538
281088
281921
282991
283475
284301
285341
286169
286641
287469
288533
289350
289787
290613
291699
292507
292909
293731
294845
295643
296011
296836
297977
298768
299110
299925
301184
301439
302233
303400
304229
304505
305293
306476
307301
307569
308355
309547
310375
310648
311431
312623
313447
313741
314518
315705
316442
317258
317603
318415
319619
320421
320824
321698
322967
323842
324293
325231
326568
327500
327931
328902
330303
331267
331579
332568
334080
335087
335219
336224
337909
338976
338882
339879
341791
342676
343813
343460
344558
346836
347894
347502
348581
351113
352217
351932
353046
355501
356463
357648
357924
359150
361183
362181
363289
364367
241794
242732
243651
244603
245552
246454
247400
248344
249276
250149
251088
252050
252898
253823
254777
255690
256507
257424
258399
259184
260082
261038
261928
262675
263564
264549
265259
266121
267079
267941
268611
269465
270428
271261
271893
272748
273750
274337
275164
276143
276973
277539
278373
279375
280188
280724
281568
282642
283133
283936
284977
285817
286288
287102
288168
288995
289424
290242
291337
292145
292531
293362
294482
295274
295627
296465
297610
298393
298718
299558
300818
301081
301837
303018
303868
304153
304906
306106
306954
307231
307986
309203
310050
310331
311089
312304
313150
313450
314199
315414
316174
316986
317317
318161
319385
320183
320562
321454
322748
323626
324043
324987
326353
327291
327679
328643
330072
331042
331307
332271
333802
334821
334910
335863
337560
338647
338530
339441
341357
342284
343390
342983
344101
346407
347464
347045
348118
350703
351841
351547
352639
355169
356204
357418
357638
358963
361069
362101
363186
364263
241624
242563
243487
244428
245376
246285
247221
248164
249101
249978
250906
251867
252726
253646
254597
255517
256341
257251
258222
259020
259914
260870
261766
262521
263406
264387
265110
265967
266927
267793
268472
269326
270290
271129
271771
272622
273622
274226
275046
276024
276862
277441
278271
279271
280093
280641
281483
282548
283058
283860
284899
285740
286227
287040
288104
288932
289378
290197
291284
292098
292501
293330
294436
295239
295607
296444
297573
298366
298704
299540
300780
301070
301821
302994
303835
304142
304896
306090
306930
307229
307984
309193
310030
310335
311091
312299
313134
313450
314199
315412
316160
316984
317312
318150
319366
320177
320549
321441
322731
323619
324028
324970
326337
327281
327663
328621
330053
331029
331297
332253
333787
334802
334914
335857
337551
338621
338551
339454
341359
342265
343402
343033
344143
346401
347479
347108
348178
350724
351854
351603
352707
355202
356222
357467
357645
358993
361089
362128
363149
364207
241465
242396
243322
244260
245202
246113
247045
247987
248918
249801
250732
251688
252547
253464
254419
255332
256161
257073
258043
258843
259736
260694
261587
262350
263235
264213
264942
265799
266762
267626
268314
269168
270129
270970
271621
272474
273468
274080
274903
275885
276721
277307
278139
279139
279964
280518
281363
282426
282945
283746
284788
285628
286125
286937
288003
288834
289284
290101
291192
292010
292415
293243
294351
295153
295525
296364
297490
298281
298626
299462
300696
300993
301742
302917
303759
304073
304828
306021
306860
307168
307922
309133
309973
310278
311034
312245
313083
313401
314148
315359
316111
316939
317258
318101
319317
320131
320493
321385
322682
323575
323968
324910
326287
327234
327603
328558
330002
330979
331241
332188
333733
334745
334860
335792
337493
338554
338502
339394
341293
342197
343340
342989
344099
346336
347424
347074
348145
350674
351813
351567
352689
355164
356199
357453
357615
358971
361085
362131
363084
364147
241311
242239
243165
244100
245039
245951
246880
247821
248752
249637
250563
251518
252382
253296
254248
255162
255997
256906
257876
258680
259573
260530
261424
262192
263076
264058
264791
265648
266607
267476
268169
269024
269987
270831
271485
272335
273338
273952
274778
275761
276601
277189
278022
279028
279855
280412
281255
282327
282846
283649
284693
285540
286037
286849
287918
288751
289205
290026
291117
291937
292344
293170
294282
295085
295457
296290
297420
298213
298559
299390
300633
300927
301683
302851
303701
304013
304773
305965
306814
307117
307878
309083
309933
310234
310994
312200
313044
313354
314109
315318
316073
316901
317211
318050
319281
320093
320441
321331
322644
323531
323916
324854
326246
327193
327551
328499
329957
330936
331189
332131
333684
334702
334813
335740
337439
338512
338458
339350
341237
342156
343286
342959
344057
346290
347378
347048
348119
350631
351788
351535
352675
355126
356191
357441
357589
358941
361086
362131
363014
364077
241163
242088
243015
243943
244880
245794
246718
247654
248587
249471
250389
251348
252213
253123
254072
254992
255825
256730
257701
258506
259397
260353
261256
262021
262901
263886
264618
265473
266435
267308
267998
268853
269820
270669
271322
272169
273181
273793
274618
275603
276451
277038
277870
278881
279712
280263
281105
282192
282706
283510
284555
285409
285901
286716
287788
288629
289075
289895
290993
291814
292217
293038
294156
294957
295322
296150
297292
298081
298421
299253
300512
300797
301557
302729
303588
303893
304658
305852
306710
307002
307769
308977
309836
310126
310891
312100
312956
313251
314007
315221
315986
316809
317106
317946
319197
320002
320337
321226
322557
323442
323811
324746
326156
327103
327444
328390
329867
330849
331082
332019
333584
334611
334703
335624
337325
338415
338343
339231
341109
342050
343163
342842
343934
346179
347264
346933
348006
350518
351693
351416
352569
355019
356117
357364
357492
358853
361043
362090
362891
363965
241003
241936
242869
243795
244732
245656
246581
247513
248456
249344
250263
251225
252100
253012
253960
254892
255725
256628
257612
258425
259316
260272
261183
261950
262828
263825
264571
265433
266390
267279
267977
268830
269801
270666
271322
272162
273187
273810
274640
275622
276484
277081
277912
278923
279773
280338
281164
282260
282787
283604
284637
285501
286008
286827
287889
288742
289206
290019
291107
291945
292364
293169
294280
295097
295480
296286
297425
298238
298598
299397
300655
300952
301739
302882
303733
304054
304844
306006
306859
307168
307956
309134
309985
310287
311073
312252
313100
313405
314182
315364
316116
316963
317267
318069
319314
320142
320479
321336
322664
323568
323941
324850
326255
327227
327580
328506
329969
330974
331233
332163
333704
334748
334882
335814
337473
338566
338552
339479
341298
342218
343383
343125
344170
346359
347483
347223
348280
350715
351894
351669
352842
355206
356282
357583
357687
358995
361158
362216
362921
363971
240945
241863
242788
243726
244658
245564
246505
247441
248364
249254
250185
251134
251998
252928
253874
254786
255632
256548
257510
258320
259230
260181
261075
261855
262748
263728
264467
265350
266305
267174
267880
268749
269712
270560
271239
272094
273096
273719
274569
275549
276393
277002
277849
278850
279682
280273
281114
282188
282709
283549
284587
285430
285941
286783
287838
288669
289147
289977
291053
291866
292304
293127
294216
295011
295422
296246
297360
298152
298545
299361
300590
300878
301689
302839
303669
303986
304801
305970
306799
307105
307918
309102
309930
310226
311034
312223
313048
313340
314143
315340
316069
316892
317229
318049
319268
320073
320440
321322
322626
323501
323899
324844
326228
327161
327532
328506
329957
330916
331184
332168
333707
334699
334829
335819
337487
338525
338494
339474
341315
342184
343314
343106
344191
346331
347416
347186
348285
350698
351829
351609
352829
355193
356232
357530
357673
359032
361163
362180
362850
363979
240807
241722
242643
243570
244497
245401
246332
247258
248181
249068
249988
250934
251799
252715
253657
254572
255406
256315
257282
258089
258984
259937
260833
261604
262491
263472
264209
265077
266036
266909
267608
268470
269436
270283
270946
271804
272812
273433
274268
275255
276101
276700
277543
278554
279384
279954
280803
281883
282406
283225
284269
285122
285626
286450
287516
288352
288811
289631
290718
291530
291941
292763
293869
294662
295042
295870
297005
297795
298152
298986
300236
300531
301309
302476
303332
303648
304428
305618
306475
306774
307553
308758
309614
309909
310684
311893
312747
313038
313802
315017
315782
316606
316905
317741
318994
319796
320124
321017
322355
323237
323593
324536
325959
326903
327226
328186
329673
330645
330867
331825
333394
334405
334495
335438
337124
338194
338139
339044
340894
341817
342935
342653
343746
345937
347035
346741
347824
350296
351465
351197
352379
354792
355916
357229
357321
358727
360950
361998
362573
363714
240650
241566
242490
243410
244336
245247
246170
247096
248024
248909
249825
250772
251644
252555
253498
254414
255252
256157
257125
257940
258830
259781
260681
261457
262341
263324
264070
264933
265891
266768
267473
268329
269299
270152
270818
271674
272683
273313
274143
275132
275988
276589
277428
278443
279280
279854
280700
281782
282315
283129
284171
285029
285535
286354
287419
288257
288717
289531
290615
291430
291846
292660
293767
294571
294955
295779
296915
297714
298077
298904
300149
300461
301231
302387
303250
303583
304355
305534
306396
306711
307485
308680
309538
309846
310612
311813
312670
312972
313733
314937
315702
316536
316824
317655
318911
319722
320037
320921
322267
323159
323501
324438
325868
326819
327132
328089
329581
330561
330780
331733
333303
334319
334419
335355
337030
338105
338076
338972
340801
341727
342874
342587
343667
345846
346969
346677
347759
350206
351384
351120
352302
354681
355819
357177
357233
358645
360882
361928
362406
363550
240478
241397
242323
243235
244161
245077
245993
246915
247845
248733
249642
250593
251467
252370
253311
254233
255072
255972
256941
257761
258646
259597
260502
261279
262156
263139
263894
264749
265706
266590
267297
268149
269123
269979
270644
271499
272512
273147
273971
274961
275820
276426
277259
278278
279124
279694
280536
281623
282165
282972
284011
284872
285385
286195
287259
288099
288559
289364
290450
291272
291684
292490
293603
294413
294792
295610
296753
297559
297916
298737
299990
300314
301072
302222
303096
303440
304201
305376
306246
306570
307333
308522
309389
309707
310464
311656
312521
312832
313581
314778
315556
316398
316669
317490
318760
319583
319879
320752
322112
323015
323339
324267
325710
326672
326968
327913
329419
330409
330615
331558
333136
334161
334261
335183
336847
337936
337927
338796
340604
341549
342723
342407
343474
345663
346812
346497
347568
350013
351217
350939
352104
354458
355631
357039
357054
358478
360748
361790
362164
363307
240287
241206
242135
243038
243965
244884
245796
246714
247645
248536
249437
250391
251270
252166
253110
254033
254870
255764
256741
257562
258440
259393
260297
261077
261949
262938
263699
264548
265503
266390
267100
267945
268923
269786
270447
271300
272317
272955
273775
274769
275631
276239
277068
278092
278942
279510
280347
281441
281989
282787
283827
284692
285204
286005
287069
287914
288373
289169
290259
291085
291493
292292
293411
294231
294602
295411
296563
297381
297727
298536
299798
300138
300886
302026
302909
303265
304016
305181
306062
306397
307150
308328
309207
309532
310276
311460
312338
312658
313396
314577
315370
316231
316479
317283
318570
319410
319681
320537
321916
322839
323139
324050
325506
326486
326761
327692
329209
330218
330411
331337
332918
333963
334061
334962
336614
337726
337733
338573
340353
341320
342536
342180
343221
345423
346606
346269
347321
349759
350992
350704
351856
354164
355379
356842
356821
358254
360564
361588
361849
362988
240061
240981
241911
242812
243738
244658
245566
246484
247416
248304
249200
250159
251042
251933
252872
253796
254637
255523
256502
257332
258206
259157
260063
260843
261706
262701
263467
264310
265266
266156
266869
267710
268687
269555
270213
271062
272085
272728
273542
274536
275406
276013
276838
277864
278722
279287
280115
281215
281772
282562
283596
284465
284979
285772
286835
287685
288140
288927
290018
290854
291258
292048
293173
294001
294368
295166
296325
297152
297492
298285
299562
299911
300650
301778
302676
303039
303779
304936
305828
306169
306912
308077
308970
309301
310036
311206
312099
312426
313152
314315
315128
316009
316232
317015
318319
319178
319425
320260
321656
322600
322875
323766
325238
326241
326491
327400
328931
329964
330139
331044
332628
333697
333788
334667
336302
337446
337463
338271
340018
341015
342273
341862
342873
345095
346316
345951
346973
349408
350675
350374
351509
353758
355022
356537
356495
357938
360291
361276
361417
362549
239782
240703
241635
242532
243458
244383
245288
246202
247138
248027
248919
249873
250760
251649
252587
253516
254356
255239
256217
257050
257916
258867
259781
260558
261420
262413
263181
264022
264975
265872
266583
267418
268400
269273
269925
270768
271798
272447
273255
274247
275124
275732
276547
277581
278447
279003
279825
280932
281491
282271
283298
284176
284691
285470
286532
287393
287847
288620
289715
290560
290959
291733
292866
293706
294063
294846
296019
296854
297183
297962
299254
299608
300339
301455
302367
302736
303467
304608
305517
305870
306596
307744
308657
309000
309714
310866
311777
312115
312825
313968
314794
315703
315893
316646
317980
318865
319077
319880
321305
322277
322517
323379
324872
325906
326121
327000
328546
329611
329757
330637
332222
333324
333398
334249
335863
337049
337067
337838
339548
340584
341884
341398
342372
344620
345884
345480
346465
348897
350202
349886
351004
353180
354489
356052
356013
357473
359868
360783
360795
361922
239430
240353
241290
242178
243102
244032
244933
245844
246785
247674
248557
249515
250410
251289
252224
253162
254001
254874
255857
256698
257555
258501
259423
260198
261045
262048
262825
263652
264601
265508
266224
267042
268029
268914
269560
270389
271431
272085
272877
273869
274761
275368
276163
277206
278086
278633
279435
280554
281121
281885
282902
283795
284310
285070
286132
287006
287456
288209
289311
290171
290563
291312
292459
293313
293660
294414
295609
296467
296775
297521
298840
299210
299922
301012
301950
302332
303039
304155
305093
305459
306161
307281
308219
308577
309269
310389
311332
311685
312365
313475
314340
315276
315422
316131
317509
318424
318587
319343
320808
321814
322005
322829
324353
325418
325582
326427
327987
329089
329191
330042
331626
332767
332810
333628
335217
336451
336455
337180
338858
339928
341276
340690
341634
343919
345212
344759
345705
348133
349472
349141
350248
352340
353681
355279
355286
356786
359206
360003
359890
361020
238961
239891
240836
241706
242635
243575
244467
245369
246321
247214
248074
249042
249948
250811
251745
252692
253532
254383
255381
256231
257070
258017
258948
259722
260546
261562
262349
263160
264107
265025
265743
266536
267535
268432
269065
269875
270934
271599
272367
273361
274267
274874
275644
276698
277590
278124
278895
280041
280619
281355
282360
283272
283792
284522
285586
286478
286923
287645
288757
289637
290015
290728
291900
292782
293100
293807
295042
295929
296197
296897
298263
298648
299326
300383
301358
301757
302429
303511
304490
304865
305529
306614
307603
307967
308619
309695
310690
311050
311690
312747
313666
314645
314721
315367
316810
317757
317853
318555
320075
321109
321233
322019
323578
324670
324766
325576
327163
328287
328325
329148
330738
331908
331900
332701
334254
335534
335504
336194
337834
338930
340311
339621
340544
342866
344167
343668
344596
347021
348364
348018
349131
351128
352494
354097
354208
355773
358208
358819
358589
359725
238318
239264
240220
241061
241999
242946
243826
244718
245683
246582
247413
248395
249309
250149
251086
252044
252886
253708
254726
255580
256394
257345
258283
259064
259855
260889
261679
262466
263413
264344
265067
265826
266844
267752
268372
269155
270239
270911
271647
272645
273565
274171
274898
275977
276888
277400
278127
279308
279888
280593
281591
282526
283049
283734
284801
285713
286148
286826
287959
288869
289218
289878
291086
291992
292274
292921
294210
295121
295347
295981
297408
297786
298433
299453
300478
300867
301502
302549
303580
303936
304569
305616
306653
306997
307619
308655
309702
310035
310662
311671
312608
313567
313621
314226
315726
316658
316707
317374
318948
319952
320015
320801
322390
323442
323462
324289
325896
327011
326967
327798
329392
330579
330487
331286
332814
334145
334026
334703
336319
337445
338771
337986
338949
341294
342553
342045
342958
345365
346734
346366
347498
349383
350784
352260
352633
354282
356729
357081
356749
357869
237392
238380
239373
240144
241104
242082
242923
243792
244779
245706
246438
247501
248474
249226
250158
251156
251997
252736
253821
254726
255454
256399
257379
258168
258849
259997
260860
261533
262448
263439
264164
264826
265894
266857
267419
268125
269291
269993
270624
271614
272601
273208
273827
274961
275929
276394
277004
278305
278928
279527
280474
281488
282024
282601
283668
284658
285079
285634
286810
287788
288099
288635
289920
290886
291107
291616
293026
293997
294130
294578
296220
296670
297177
298058
299226
299673
300189
301102
302275
302689
303199
304108
305296
305710
306201
307078
308295
308726
309192
309958
311161
312354
312124
312512
314198
315305
315148
315614
317324
318524
318428
318949
320619
321936
321869
322386
324016
325395
325310
325909
327420
328764
328706
329350
330757
332218
332183
332703
334184
335420
337032
336024
336575
339055
340721
340153
340740
343048
344543
344312
345298
346982
348491
350159
350544
352259
354641
354633
354293
355348
236121
237088
238089
238859
239808
240759
241637
242481
243450
244405
245129
246144
247083
247888
248805
249750
250635
251374
252415
253281
254065
255007
255939
256755
257455
258515
259299
260070
260983
261882
262647
263345
264369
265238
265892
266619
267698
268370
269075
270054
270920
271560
272237
273319
274162
274715
275385
276580
277083
277827
278792
279660
280174
280870
281913
282731
283174
283860
284978
285768
286138
286810
288004
288767
289104
289764
291019
291776
292084
292724
294108
294256
295078
296138
297030
297222
298045
299122
299996
300155
300996
302081
302939
303075
303929
305027
305876
305975
306847
307967
308677
309443
309653
310406
311721
312388
312573
313493
314910
315657
315743
316774
318233
318885
318904
320194
321665
322206
322084
323505
325085
325611
325293
326666
328417
329156
328612
329804
331944
332464
333403
332869
334396
336411
336901
336562
338219
340516
340968
340547
342497
344636
345237
346056
347831
350190
352080
351025
351075
352722
233015
233954
234903
235760
236622
237596
238397
239228
240224
241021
241870
242858
243775
244583
245444
246433
247186
248020
249039
249871
250637
251533
252522
253197
253979
255002
255790
256474
257391
258374
258968
259717
260669
261684
262111
262867
264007
264600
265203
266185
267200
267644
268323
269350
270362
270655
271351
272585
273065
273640
274657
275648
276039
276541
277623
278687
278921
279441
280569
281633
281739
282311
283511
284478
284544
285154
286446
287354
287355
287965
289472
289646
290220
291333
292319
292508
293065
294206
295214
295358
295907
297056
298074
298223
298755
299900
300913
301090
301618
302716
303594
304608
304425
305007
306537
307467
307370
307963
309601
310745
310644
311143
312823
314094
313928
314389
316101
317469
317169
317630
319405
320784
320385
320895
322794
324070
323599
324227
326184
327061
328431
327670
328367
330810
332255
331807
332213
334775
336382
336062
336853
339006
340251
341136
342979
344874
347294
346421
346377
346820
228245
229388
230232
230862
231796
232978
233589
234318
235746
236475
237051
238142
239016
239563
240426
241935
242499
243014
244250
245023
245488
246400
247927
248413
248844
250076
250818
251245
252090
253631
254152
254398
255528
256801
256924
257407
258990
259528
259754
260746
262343
262648
262782
264029
265356
265354
265745
267364
267830
268107
268955
270524
270930
270890
271967
273614
273764
273673
274999
276553
276430
276484
278001
279345
279092
279326
280988
282142
281825
282119
284056
284349
284654
285485
286917
287269
287484
288336
289829
290185
290343
291192
292700
293079
293229
294081
295551
295935
296153
296979
298257
299415
299033
299320
301228
302384
302100
302328
304295
305724
305485
305691
307614
309311
308973
309127
310915
312694
312417
312554
314178
315967
315832
315933
317618
319284
319142
319412
321225
322322
323809
323011
323557
326078
327597
327156
327482
329813
331759
331698
332431
334352
335954
336725
339277
341130
343772
342154
342062
342127
222490
222948
223610
225274
225899
226045
227617
228736
228755
229634
231223
231850
232248
233929
234750
234719
235742
237226
237809
238201
239924
240702
240655
241559
243088
243730
243934
245595
246571
246472
247028
248872
249383
249438
250694
251980
252347
252438
254306
255158
255030
255581
257426
257928
257912
258997
260333
260951
260823
262457
263787
263670
263707
265600
266553
266406
266766
268597
269280
269181
269835
271526
272067
272043
272882
274377
274966
275105
275954
277250
278045
277657
279046
280805
280888
280577
282015
283801
283818
283506
284978
286780
286785
286473
287931
289759
289802
289469
290901
292748
292731
293117
293837
295330
295929
296106
296947
298541
299226
299388
300260
301923
302916
303162
303710
305216
306706
306974
307040
308417
310478
310635
310216
311556
314183
314263
313400
314989
317875
317710
318233
318650
320274
321939
322349
322734
323893
326585
327065
327016
328680
331383
331702
331211
334205
336352
338201
336280
337988
337980
211078
210170
210139
213593
213208
212871
215332
216704
216300
216966
220092
219164
218834
221867
222535
222326
223377
226156
225272
224952
227998
228600
228410
229367
232206
231359
230841
233678
234747
234463
234888
237812
237388
237059
238946
240952
240437
240058
242810
243568
243413
243962
246592
246346
246087
247652
249961
249345
248686
251210
252845
252443
252274
254582
255515
255437
255846
257966
258360
258237
259172
261420
261298
261135
262429
264778
264279
264049
265658
267909
267519
266728
268913
271519
270591
269959
272082
274637
273775
273227
275266
277820
276970
276448
278446
281076
280176
279599
281630
284349
283288
283308
284797
287022
286725
286625
288213
290035
290334
290525
291768
293187
294216
294749
295532
296612
298189
298919
299142
300080
302162
302714
302569
303516
306569
306333
305508
307276
310638
309949
310296
311373
312605
314462
315179
315742
316579
319184
320136
320332
321782
324909
325093
324249
330528
332122
334405
330923
332235
331367
)
;

boundaryField
{
    inlet
    {
        type            calculated;
        value           nonuniform List<scalar> 0();
    }
    outlet
    {
        type            calculated;
        value           nonuniform List<scalar> 0();
    }
    front
    {
        type            empty;
    }
    back
    {
        type            empty;
    }
    hub
    {
        type            calculated;
        value           nonuniform List<scalar> 0();
    }
    tip
    {
        type            calculated;
        value           nonuniform List<scalar> 
140
(
183449
182991
182645
186169
186212
185653
188153
189718
189498
190058
193241
192845
192171
195296
196220
196055
197109
199940
199578
198932
202082
202945
202799
203784
206660
206364
205521
208476
209739
209620
210017
212987
213046
212493
214538
216596
216526
215920
218789
219781
219721
220318
222985
223207
222756
224501
226828
226752
225809
228469
230244
230126
229876
232279
233442
233463
233943
236114
236849
236678
237761
240023
240365
240011
241496
243838
243886
243360
245176
247422
247568
246496
248814
251487
251027
250136
252383
255005
254582
253790
255944
258560
258136
257368
259478
262158
261694
260852
262994
265750
265142
264850
266506
268707
268875
268482
270228
272044
272715
272726
274107
275544
276846
277335
278232
279351
281138
281935
282246
283242
285497
286224
286114
287142
290330
290446
289504
291372
294838
294565
294695
295917
297180
299277
299964
300611
301489
304219
305272
305472
306986
310214
310728
309814
316176
317589
320059
316371
317686
316976
)
;
    }
    procBoundary5to1
    {
        type            processor;
        value           nonuniform List<scalar> 
65
(
271286
270284
268894
267944
266308
265288
264278
262964
262074
260521
259585
258664
257465
256690
255301
254489
253749
252474
251742
251072
249942
249280
248661
247846
247387
246539
246044
245650
245007
244533
244118
243829
243380
243052
242826
242479
242196
241930
241769
241531
241318
241115
240999
240830
240670
240516
240367
240225
240066
240000
239874
239721
239559
239375
239150
238877
238533
238082
237463
236593
235336
232160
227604
221079
208318
)
;
    }
    procBoundary5to6
    {
        type            processor;
        value           nonuniform List<scalar> 
155
(
299860
300687
299943
300831
306276
307900
305886
296443
296585
286397
289515
290263
289344
289766
292884
292793
293105
294079
296112
296301
296864
296864
286545
286393
286908
287126
287703
287703
289838
289838
289691
289691
286971
286971
285704
286034
287700
288585
286776
287021
289526
290259
288101
288101
287503
288301
290429
290427
291085
291085
290749
291500
291500
292076
292473
292473
296352
296352
293895
293895
297287
298544
302201
303770
306077
309772
273264
274114
274201
274661
275471
275447
275838
276512
276926
276782
277143
277927
277728
278039
278744
279105
278911
279265
280115
279887
280228
280997
281399
281232
281625
282531
282373
282743
283565
284021
283970
284391
285239
285684
285742
286201
287082
287205
287655
288464
289011
289305
289782
290580
291193
291587
292062
292885
293437
293913
294567
295360
295820
296252
297004
297867
298063
298413
299382
300298
300083
300385
301667
302616
301886
302157
303759
304741
303518
303749
306061
305026
305025
306401
307472
306493
306436
307944
309102
308173
308307
309927
311055
309936
310038
311615
312764
311188
311188
)
;
    }
    procBoundary5to7
    {
        type            processor;
        value           nonuniform List<scalar> 
104
(
307743
312353
315087
313231
315647
318581
318749
319004
319271
319439
319762
320031
320387
320671
321054
321367
321367
321241
321241
323005
325515
327820
324458
325865
330842
331172
332470
332532
333459
333518
334550
334608
335850
335984
337460
337659
338395
341271
341390
343565
343766
346040
346388
347370
351068
351151
353327
353759
354504
357819
357913
359395
359847
360635
362265
362568
363287
363675
363829
364718
364331
364416
364765
364450
365441
365022
364894
365549
365589
365444
365428
365801
365665
365634
365866
365896
365882
365890
365977
366000
366034
366054
366072
366069
366055
366031
365980
365990
366033
365888
365793
365642
365433
365131
364679
364000
362999
361530
359473
357348
352572
348981
344708
341627
)
;
    }
}


// ************************************************************************* //
