/*--------------------------------*- C++ -*----------------------------------*\
| =========                 |                                                 |
| \\      /  F ield         | OpenFOAM: The Open Source CFD Toolbox           |
|  \\    /   O peration     | Version:  v2012                                 |
|   \\  /    A nd           | Website:  www.openfoam.com                      |
|    \\/     M anipulation  |                                                 |
\*---------------------------------------------------------------------------*/
FoamFile
{
    version     2.0;
    format      ascii;
    class       volScalarField;
    location    "1e-06";
    object      k;
}
// * * * * * * * * * * * * * * * * * * * * * * * * * * * * * * * * * * * * * //

dimensions      [0 2 -2 0 0 0 0];


internalField   nonuniform List<scalar> 
10295
(
1.76046
1.79989
1.76108
1.79327
1.84398
1.8031
1.831
1.90114
1.84784
1.87467
1.94065
1.88642
1.90667
1.97162
1.91189
1.93348
1.99623
2.06849
1.98985
1.98347
1.95713
2.01714
2.08782
2.23186
2.03684
2.15092
2.51644
2.14027
2.11321
2.10011
2.10997
2.08849
2.10659
2.11135
2.24192
2.04139
2.00595
2.03399
2.07102
2.02642
2.06747
2.06558
2.1128
2.12562
2.06723
2.11551
2.1213
2.32201
2.19442
2.132
2.19572
2.19254
2.20482
2.20051
2.35204
2.1782
2.13266
2.25293
1.60499
1.58424
1.59493
1.64077
1.61503
1.62692
1.67842
1.67132
1.66168
1.71806
1.70602
1.69518
1.74727
1.73315
1.72162
1.7712
1.73844
1.74746
1.78575
1.75553
1.77213
1.81346
1.78723
1.76482
1.8238
1.81442
1.80097
1.8572
1.83574
1.94144
1.87947
1.86279
1.92286
1.87961
1.88547
1.92715
1.89216
1.96359
1.90595
1.91533
1.95843
1.92473
2.00778
1.97383
1.95047
2.00974
1.97122
2.07706
2.03248
2.01038
2.08392
2.04606
2.14479
2.04651
2.00668
2.03585
2.00089
2.12563
1.39669
1.38183
1.39499
1.42521
1.40632
1.41896
1.45554
1.44803
1.44444
1.48492
1.47736
1.4732
1.51268
1.50089
1.4993
1.53271
1.5153
1.53243
1.55791
1.53508
1.55579
1.57514
1.55644
1.58342
1.59144
1.58503
1.64322
1.62211
1.60668
1.65887
1.63793
1.63728
1.67779
1.64675
1.64532
1.69045
1.67539
1.73565
1.68652
1.71761
1.73785
1.71075
1.79096
1.74413
1.74128
1.77482
1.74409
1.83181
1.79059
1.79363
1.843
1.81968
1.90982
1.83029
1.80733
1.79516
1.77149
1.83487
1.37803
1.36801
1.37179
1.40295
1.39181
1.39747
1.42894
1.43285
1.42291
1.45555
1.46022
1.45103
1.4822
1.48547
1.473
1.50617
1.49166
1.49576
1.5261
1.51302
1.50969
1.54669
1.53254
1.52459
1.56532
1.55579
1.56343
1.60659
1.5755
1.60857
1.61317
1.59
1.63258
1.61557
1.61007
1.64993
1.64014
1.66839
1.64683
1.64849
1.68938
1.66939
1.68779
1.70673
1.68531
1.72909
1.70524
1.72605
1.7512
1.72945
1.79489
1.77176
1.81976
1.77685
1.72791
1.74348
1.708
1.76164
1.27477
1.26664
1.27059
1.29561
1.28607
1.29097
1.31767
1.31876
1.31105
1.33931
1.3428
1.3353
1.36468
1.36682
1.35893
1.38748
1.37632
1.37963
1.40193
1.39077
1.39582
1.41999
1.40758
1.40712
1.43275
1.43075
1.44055
1.47569
1.45092
1.48035
1.50384
1.47072
1.50004
1.5024
1.4962
1.52132
1.50932
1.54421
1.52208
1.52728
1.55778
1.54107
1.5641
1.57333
1.55829
1.59166
1.57218
1.58276
1.61279
1.59889
1.65281
1.63356
1.67809
1.64119
1.60118
1.59368
1.56586
1.59319
1.18322
1.17405
1.18152
1.2021
1.1908
1.19709
1.22229
1.21855
1.21343
1.24063
1.2396
1.23442
1.26365
1.25999
1.25787
1.28318
1.27148
1.28177
1.30016
1.28572
1.29922
1.31401
1.30232
1.31897
1.33023
1.32367
1.35523
1.35349
1.34276
1.37251
1.37142
1.36562
1.3847
1.37428
1.39859
1.40083
1.39042
1.43146
1.40046
1.41653
1.43235
1.41698
1.45499
1.44315
1.44021
1.46137
1.44269
1.47858
1.47651
1.47609
1.51151
1.49378
1.54769
1.50081
1.47974
1.4534
1.43411
1.44301
1.16998
1.16463
1.16595
1.18621
1.18076
1.18255
1.20331
1.20818
1.1988
1.21994
1.2277
1.21862
1.24191
1.24949
1.23986
1.26483
1.25765
1.25892
1.2798
1.27164
1.27028
1.29494
1.28615
1.28675
1.31355
1.30655
1.32257
1.3376
1.32276
1.34282
1.35163
1.33726
1.36078
1.35181
1.37881
1.37721
1.36278
1.38663
1.38439
1.37675
1.40204
1.38826
1.40684
1.41462
1.40008
1.42636
1.41141
1.43122
1.44606
1.43158
1.4763
1.46032
1.48613
1.46043
1.42576
1.41456
1.39342
1.40259
1.10194
1.09437
1.09733
1.11764
1.10884
1.11069
1.13347
1.13323
1.12467
1.1484
1.15061
1.1423
1.16786
1.16986
1.16241
1.18723
1.1775
1.18269
1.20272
1.19073
1.19731
1.2153
1.20474
1.21117
1.23152
1.22479
1.23601
1.25206
1.24113
1.26338
1.26426
1.26824
1.2791
1.2652
1.28013
1.29349
1.28074
1.30577
1.29307
1.30122
1.31901
1.30366
1.32446
1.32724
1.31937
1.34058
1.32392
1.34526
1.35781
1.35124
1.37914
1.36202
1.38726
1.35875
1.33224
1.32169
1.30145
1.3063
1.08906
1.08505
1.08286
1.10223
1.09882
1.09741
1.11561
1.12271
1.11138
1.12918
1.13914
1.12786
1.14778
1.15855
1.14558
1.16833
1.16639
1.16099
1.18196
1.17734
1.17027
1.19673
1.18955
1.18285
1.21481
1.20864
1.21395
1.23789
1.22408
1.23693
1.24895
1.23764
1.25695
1.24875
1.24694
1.27423
1.25803
1.27353
1.27111
1.27431
1.30228
1.28831
1.2894
1.30488
1.29125
1.31727
1.3052
1.31367
1.32999
1.30954
1.34572
1.33113
1.34201
1.32756
1.28835
1.29482
1.26519
1.2704
1.02202
1.01375
1.0156
1.03506
1.02616
1.02746
1.04752
1.04821
1.03946
1.05992
1.06286
1.05403
1.07586
1.07905
1.07044
1.09229
1.08286
1.08485
1.10424
1.09479
1.09971
1.11801
1.10629
1.11364
1.13274
1.12719
1.13869
1.15297
1.14822
1.16121
1.16422
1.15711
1.17787
1.16489
1.17483
1.20066
1.17864
1.19735
1.18673
1.19188
1.21331
1.19942
1.21622
1.22761
1.20939
1.22974
1.2149
1.2263
1.24153
1.2301
1.257
1.24053
1.25233
1.23255
1.21375
1.20265
1.18178
1.18527
0.950421
0.937693
0.947535
0.963977
0.949583
0.95703
0.976467
0.970457
0.96742
0.988496
0.98327
0.980869
1.00221
0.997029
0.995823
1.01553
0.99882
1.01068
1.02732
1.0117
1.02695
1.03837
1.02492
1.04487
1.05217
1.04381
1.07108
1.06562
1.06068
1.0838
1.07443
1.07682
1.09691
1.07528
1.09928
1.10081
1.09413
1.11858
1.09374
1.11009
1.12115
1.10609
1.13569
1.12622
1.12399
1.13864
1.12073
1.14947
1.14312
1.14339
1.16032
1.14388
1.16581
1.13471
1.12409
1.10741
1.09437
1.09601
0.936765
0.9284
0.930501
0.948472
0.939692
0.940769
0.95914
0.960339
0.951045
0.969917
0.972505
0.963532
0.983212
0.985894
0.976961
0.996849
0.986912
0.989329
1.00706
0.997025
1.00267
1.01976
1.0081
1.01791
1.03587
1.02588
1.0403
1.0502
1.04092
1.05705
1.05986
1.05183
1.07626
1.05771
1.07064
1.08023
1.07426
1.08704
1.07301
1.08021
1.09593
1.08133
1.09703
1.10271
1.09316
1.1101
1.09456
1.11107
1.11889
1.1106
1.13098
1.11456
1.12896
1.10238
1.08747
1.07949
1.06251
1.06554
0.872979
0.859894
0.869372
0.885186
0.87035
0.877794
0.896063
0.889927
0.886972
0.90639
0.900722
0.898057
0.917758
0.912133
0.910334
0.928834
0.911761
0.922589
0.938569
0.922321
0.935794
0.947536
0.933263
0.951138
0.9594
0.950465
0.973807
0.970645
0.964554
0.98737
0.978907
0.978711
0.995838
0.978097
0.998613
1.00106
0.993258
1.0177
0.993649
1.00785
1.01996
1.00431
1.02831
1.02246
1.01956
1.03431
1.0168
1.04104
1.03802
1.03578
1.05557
1.03964
1.05106
1.0194
1.01383
1.00335
0.991176
0.997077
0.858778
0.849588
0.851744
0.868994
0.859797
0.860602
0.878002
0.87928
0.869774
0.887188
0.889572
0.880046
0.89787
0.900555
0.891179
0.909117
0.899139
0.901285
0.917405
0.906926
0.91226
0.928122
0.916127
0.925698
0.942859
0.932046
0.944461
0.955031
0.944746
0.961484
0.964272
0.955166
0.974021
0.962326
0.97218
0.981518
0.96791
0.992151
0.973904
0.979659
0.994861
0.979748
0.993795
1.00033
0.990572
1.00638
0.991756
1.00625
1.0195
1.0108
1.02361
1.00676
1.01317
0.993901
0.982721
0.978094
0.965897
0.965845
0.796
0.782268
0.792129
0.806878
0.790988
0.799307
0.816314
0.809226
0.807004
0.825125
0.818333
0.816187
0.834397
0.827544
0.826156
0.843135
0.825164
0.835791
0.850558
0.833886
0.846783
0.857681
0.843208
0.859865
0.867286
0.858119
0.878908
0.87586
0.868755
0.892664
0.882518
0.882226
0.896358
0.884595
0.900017
0.901887
0.892134
0.915627
0.895489
0.907209
0.918784
0.903269
0.925206
0.920355
0.917454
0.93197
0.917963
0.941131
0.933957
0.931718
0.944722
0.928618
0.941831
0.912806
0.910562
0.903923
0.893128
0.896211
0.782073
0.772004
0.775212
0.790819
0.780694
0.782604
0.798343
0.798935
0.790149
0.805814
0.807501
0.79875
0.814467
0.816292
0.807824
0.823365
0.812721
0.815819
0.82958
0.818575
0.824585
0.83836
0.826494
0.83564
0.851087
0.840133
0.850534
0.86065
0.849464
0.868455
0.868498
0.859758
0.874936
0.863505
0.873244
0.882615
0.869356
0.884463
0.877469
0.881318
0.894753
0.880193
0.891414
0.903014
0.894675
0.908691
0.890707
0.902214
0.910172
0.902917
0.917001
0.901757
0.906272
0.888495
0.881351
0.88223
0.86519
0.868422
0.721739
0.707253
0.71796
0.731349
0.714472
0.723725
0.739505
0.731058
0.730191
0.746998
0.738625
0.737758
0.754431
0.745888
0.745803
0.761035
0.742434
0.753376
0.766531
0.749856
0.762927
0.772042
0.75763
0.773985
0.778612
0.769712
0.790256
0.784452
0.777967
0.799896
0.788872
0.789866
0.801935
0.785154
0.807785
0.805395
0.796429
0.817538
0.795036
0.814292
0.824598
0.809917
0.831769
0.821172
0.818746
0.831414
0.814745
0.836141
0.830931
0.830336
0.84105
0.825749
0.838478
0.810164
0.813645
0.806217
0.796083
0.801214
0.71042
0.700018
0.703851
0.717636
0.707182
0.709955
0.723712
0.724172
0.716452
0.729922
0.731335
0.72364
0.736932
0.738397
0.731023
0.744054
0.733618
0.737901
0.750819
0.74042
0.745665
0.758498
0.747634
0.752295
0.766211
0.755268
0.76094
0.771892
0.761997
0.775058
0.777817
0.770233
0.782659
0.769849
0.778217
0.788753
0.777163
0.789486
0.778592
0.788138
0.800095
0.786449
0.795988
0.802838
0.794634
0.806901
0.79418
0.801744
0.812306
0.805051
0.816258
0.802855
0.805443
0.789874
0.784144
0.784679
0.772968
0.776334
0.699175
0.694876
0.689733
0.705081
0.701926
0.696574
0.710158
0.717988
0.703145
0.715767
0.724632
0.709757
0.722384
0.731306
0.715953
0.729204
0.726398
0.72066
0.734118
0.730006
0.725901
0.741963
0.735336
0.733934
0.753354
0.743785
0.747691
0.761913
0.747735
0.759129
0.770081
0.752016
0.767541
0.760012
0.762398
0.777288
0.762079
0.771962
0.769086
0.765732
0.782376
0.771337
0.778113
0.790961
0.774754
0.790015
0.780004
0.785737
0.799748
0.784062
0.798745
0.786257
0.789123
0.780678
0.763858
0.769588
0.753859
0.759286
0.644317
0.633675
0.63832
0.650305
0.639571
0.643364
0.655252
0.654889
0.6488
0.660341
0.660767
0.654633
0.665916
0.666307
0.660383
0.671427
0.660858
0.664982
0.676322
0.665908
0.67062
0.681424
0.670431
0.67512
0.687407
0.679331
0.685113
0.69267
0.683764
0.694126
0.696935
0.689848
0.700736
0.68962
0.695154
0.708169
0.696667
0.706032
0.697458
0.702117
0.714074
0.703043
0.710359
0.718128
0.709752
0.720925
0.710075
0.71729
0.725541
0.71717
0.728719
0.718321
0.716448
0.703789
0.697067
0.701436
0.690754
0.694491
0.631272
0.625253
0.62383
0.63594
0.630947
0.628909
0.640132
0.645617
0.63421
0.644782
0.650966
0.639638
0.650008
0.656138
0.644859
0.655197
0.650324
0.648824
0.65874
0.653266
0.653859
0.665042
0.657353
0.660227
0.673363
0.664246
0.670038
0.678705
0.667652
0.677048
0.685042
0.672624
0.683013
0.674946
0.679216
0.691938
0.678369
0.686596
0.681694
0.682646
0.693605
0.683766
0.691214
0.699999
0.688745
0.699467
0.689798
0.697225
0.706062
0.697507
0.706083
0.693678
0.694401
0.684231
0.67778
0.680819
0.669556
0.673482
0.581715
0.570683
0.576535
0.586889
0.575302
0.580499
0.59114
0.588466
0.584885
0.595311
0.593203
0.589513
0.599661
0.597473
0.594005
0.603752
0.592437
0.597427
0.607221
0.596564
0.601767
0.610308
0.600063
0.605929
0.614552
0.607506
0.614497
0.617736
0.610839
0.619782
0.62243
0.615851
0.624534
0.614008
0.620401
0.628138
0.619982
0.628375
0.618287
0.623826
0.633068
0.623223
0.630817
0.633881
0.628087
0.637318
0.627264
0.635975
0.6405
0.633028
0.640523
0.630223
0.632364
0.619908
0.616809
0.619529
0.611111
0.615502
0.569938
0.562864
0.564798
0.573761
0.567326
0.568598
0.57716
0.580324
0.572816
0.580871
0.58459
0.577169
0.58496
0.588582
0.581362
0.589014
0.582921
0.584714
0.591673
0.585598
0.588744
0.596394
0.588718
0.593163
0.602327
0.594617
0.599637
0.60585
0.597806
0.603788
0.609779
0.602483
0.608766
0.601221
0.605767
0.612964
0.606812
0.610599
0.604828
0.608224
0.615396
0.607217
0.61228
0.618249
0.611312
0.619677
0.612614
0.616724
0.621417
0.614954
0.62056
0.612479
0.611782
0.603395
0.600124
0.601919
0.595358
0.597397
0.51472
0.507746
0.517301
0.521583
0.512385
0.520254
0.527157
0.516115
0.523005
0.53178
0.519592
0.525849
0.535578
0.530256
0.529265
0.539068
0.53403
0.532898
0.542419
0.537295
0.536524
0.545309
0.533146
0.539384
0.547501
0.53644
0.543268
0.549192
0.539538
0.547343
0.551801
0.545652
0.554621
0.553562
0.548613
0.557935
0.553908
0.553371
0.559814
0.549637
0.558039
0.559784
0.555225
0.563621
0.551644
0.558426
0.564396
0.555713
0.564434
0.563723
0.56239
0.567216
0.557576
0.566104
0.564687
0.562305
0.567459
0.558528
0.562959
0.550146
0.550916
0.551111
0.545548
0.548671
0.499992
0.50851
0.501855
0.506089
0.51385
0.506714
0.510437
0.517677
0.510498
0.513688
0.52072
0.513925
0.516719
0.523423
0.525025
0.520154
0.526343
0.528475
0.523626
0.529572
0.531666
0.527004
0.532798
0.526686
0.529556
0.535733
0.529702
0.532542
0.539037
0.532538
0.533494
0.541927
0.535851
0.538294
0.544105
0.538374
0.542565
0.545839
0.541601
0.546134
0.539721
0.540544
0.548083
0.543018
0.547094
0.541511
0.544157
0.549896
0.544306
0.547064
0.552222
0.546125
0.550747
0.54477
0.546898
0.55196
0.546894
0.551262
0.545224
0.54399
0.537829
0.532956
0.538312
0.53177
0.532881
0.491542
0.49477
0.502732
0.496917
0.498126
0.506755
0.50208
0.501536
0.509644
0.505993
0.50462
0.512187
0.509407
0.507658
0.51469
0.51978
0.510986
0.517475
0.522823
0.51422
0.520507
0.525725
0.517279
0.523506
0.520883
0.519412
0.525421
0.522495
0.522331
0.529082
0.52408
0.525666
0.533761
0.527677
0.530751
0.536811
0.528981
0.53398
0.539692
0.532363
0.537261
0.532195
0.533931
0.539916
0.5326
0.540572
0.537286
0.535045
0.542778
0.536735
0.53957
0.543445
0.536155
0.541085
0.535558
0.538763
0.543857
0.537042
0.541698
0.535584
0.535579
0.530061
0.526529
0.528543
0.521892
0.523805
0.461554
0.456968
0.461691
0.466084
0.460269
0.464345
0.470417
0.463707
0.46731
0.47356
0.466369
0.46974
0.476019
0.468854
0.472029
0.47816
0.477824
0.474648
0.480382
0.480488
0.477217
0.482752
0.482795
0.479569
0.484965
0.47829
0.481085
0.486804
0.480438
0.483126
0.48864
0.48257
0.485314
0.491294
0.486858
0.489955
0.493211
0.488354
0.492605
0.493583
0.493133
0.495548
0.489504
0.492045
0.496558
0.491795
0.495401
0.490752
0.495614
0.497984
0.492416
0.495533
0.498036
0.493752
0.498234
0.493203
0.495828
0.498426
0.494494
0.498036
0.492933
0.493919
0.48857
0.486697
0.487001
0.482255
0.483947
0.456076
0.4507
0.454532
0.45955
0.454264
0.457488
0.462789
0.457819
0.460044
0.46504
0.46052
0.46214
0.466955
0.462956
0.464238
0.468836
0.471665
0.466709
0.470931
0.473955
0.469169
0.473233
0.476196
0.47157
0.47546
0.471827
0.47321
0.476886
0.473415
0.47547
0.479448
0.47498
0.477784
0.482807
0.478339
0.480983
0.484769
0.479923
0.482959
0.486172
0.482656
0.485746
0.480951
0.483337
0.486831
0.482694
0.485355
0.482102
0.483829
0.487399
0.483224
0.485434
0.488436
0.484574
0.487178
0.483522
0.48562
0.488466
0.484881
0.486841
0.483936
0.482054
0.477573
0.475868
0.476554
0.472926
0.473289
0.424773
0.421586
0.428265
0.42869
0.423701
0.42958
0.432484
0.425999
0.430921
0.435324
0.427737
0.432145
0.437571
0.429436
0.433527
0.439408
0.436182
0.435345
0.441129
0.438203
0.437226
0.442826
0.439817
0.439072
0.444273
0.436456
0.440439
0.445286
0.438233
0.442464
0.446237
0.440011
0.444756
0.447717
0.443562
0.448668
0.448506
0.445267
0.450288
0.448036
0.447533
0.451733
0.445244
0.449868
0.451132
0.447168
0.45195
0.445378
0.449398
0.452461
0.447351
0.451971
0.451407
0.449699
0.453045
0.447689
0.452004
0.451558
0.450012
0.453166
0.447746
0.44968
0.442923
0.443548
0.443605
0.440088
0.441901
0.420926
0.416937
0.419036
0.423723
0.419289
0.421516
0.426318
0.421696
0.423884
0.428038
0.423495
0.425586
0.429409
0.425186
0.427164
0.4307
0.432128
0.429018
0.432167
0.433895
0.430787
0.433786
0.435489
0.432452
0.435432
0.431875
0.433592
0.436971
0.433524
0.434911
0.438595
0.434997
0.43583
0.440249
0.436849
0.437862
0.44139
0.438067
0.439868
0.441998
0.43889
0.444317
0.438794
0.43907
0.442806
0.439628
0.4413
0.438822
0.439935
0.442899
0.439996
0.440886
0.443618
0.440671
0.442915
0.440065
0.440803
0.444137
0.441596
0.443083
0.439549
0.438486
0.435442
0.433338
0.434643
0.4318
0.432244
0.417197
0.412521
0.415168
0.419271
0.415243
0.416974
0.421243
0.417862
0.418621
0.42261
0.419797
0.420038
0.423856
0.421518
0.421474
0.425149
0.428064
0.423225
0.426609
0.429625
0.424906
0.428161
0.431086
0.42653
0.429656
0.42741
0.427556
0.430587
0.428363
0.42915
0.432254
0.429224
0.430936
0.43485
0.431347
0.433405
0.436331
0.432415
0.434839
0.437577
0.433865
0.436484
0.434081
0.435023
0.43759
0.434004
0.436306
0.434283
0.434706
0.437193
0.434235
0.436404
0.438804
0.435426
0.43738
0.434519
0.43697
0.438285
0.435106
0.43679
0.433881
0.433568
0.430248
0.428929
0.429526
0.426599
0.427111
0.391
0.387916
0.391149
0.393444
0.389441
0.392286
0.395639
0.391019
0.393433
0.397074
0.392157
0.394417
0.398158
0.393256
0.395394
0.399058
0.398599
0.396615
0.400008
0.399793
0.397774
0.401044
0.400798
0.398856
0.402026
0.397645
0.399541
0.402857
0.398778
0.400658
0.403688
0.399899
0.401909
0.405107
0.402277
0.404473
0.406045
0.403095
0.40571
0.405956
0.404036
0.406775
0.404862
0.405457
0.407391
0.404383
0.406696
0.403424
0.405216
0.407852
0.404593
0.4065
0.407616
0.405442
0.408368
0.405334
0.406842
0.407588
0.405548
0.407195
0.404237
0.404564
0.401108
0.400487
0.401144
0.398646
0.399773
0.387396
0.384014
0.385538
0.389039
0.385688
0.387542
0.390553
0.387356
0.388904
0.391494
0.388579
0.389938
0.392301
0.389715
0.390922
0.393092
0.394924
0.39213
0.394004
0.395986
0.393284
0.395056
0.396996
0.394408
0.396133
0.393998
0.395162
0.397172
0.39502
0.396137
0.398269
0.395929
0.396952
0.399475
0.397164
0.397649
0.400389
0.398025
0.399126
0.400958
0.398834
0.400288
0.39825
0.400817
0.401614
0.399136
0.399994
0.398552
0.399506
0.401119
0.399138
0.399696
0.401937
0.400671
0.401053
0.400066
0.399479
0.401455
0.399598
0.400402
0.398619
0.397583
0.395649
0.394498
0.394941
0.393254
0.393385
0.384026
0.379959
0.381407
0.385188
0.382018
0.382505
0.386316
0.383916
0.38355
0.38706
0.3853
0.384509
0.387772
0.386495
0.385473
0.388517
0.39133
0.386621
0.389381
0.392246
0.387709
0.390378
0.393172
0.388751
0.391355
0.390049
0.389299
0.392031
0.390497
0.390289
0.393153
0.390943
0.391633
0.395099
0.392216
0.39347
0.396256
0.39273
0.394734
0.397278
0.393569
0.395957
0.393585
0.394235
0.398218
0.394363
0.395777
0.394524
0.394434
0.39663
0.394231
0.395491
0.398243
0.394688
0.396521
0.394224
0.395404
0.397475
0.394545
0.39603
0.393556
0.393339
0.391132
0.389905
0.390844
0.388282
0.389227
0.361537
0.358859
0.360382
0.362893
0.359857
0.361181
0.364032
0.360862
0.36203
0.364675
0.361533
0.362716
0.365147
0.362175
0.363334
0.365556
0.366229
0.364125
0.366072
0.366911
0.364823
0.366689
0.367487
0.365451
0.36733
0.364871
0.36577
0.367905
0.365574
0.366348
0.368537
0.366295
0.367047
0.369687
0.367917
0.368785
0.370546
0.368348
0.369608
0.370708
0.368792
0.370455
0.368485
0.369291
0.371087
0.370226
0.370739
0.36873
0.369279
0.371976
0.370297
0.371457
0.371585
0.36965
0.371015
0.369316
0.369971
0.371178
0.369442
0.370562
0.368803
0.368499
0.366646
0.365658
0.366377
0.364669
0.365333
0.357893
0.355084
0.356877
0.358805
0.35615
0.357741
0.359645
0.357214
0.358406
0.360152
0.357964
0.35894
0.360619
0.358659
0.359474
0.361099
0.362499
0.36022
0.361682
0.363121
0.360954
0.362336
0.363718
0.361685
0.362964
0.361272
0.362015
0.363318
0.36175
0.362682
0.364064
0.362378
0.363591
0.365342
0.363657
0.364703
0.366024
0.36428
0.365294
0.366529
0.364972
0.365862
0.364382
0.36532
0.36634
0.364853
0.366859
0.366016
0.367019
0.36659
0.365042
0.366065
0.366918
0.365551
0.366301
0.365007
0.365783
0.366582
0.36534
0.36578
0.364436
0.363952
0.36221
0.361657
0.361672
0.360529
0.360836
0.338023
0.335891
0.33893
0.339413
0.336315
0.339074
0.340574
0.336796
0.339182
0.341271
0.337103
0.33929
0.341732
0.337453
0.339497
0.342062
0.340755
0.339991
0.342417
0.341312
0.340496
0.342818
0.34174
0.341034
0.343191
0.339478
0.341389
0.343461
0.340099
0.342043
0.343763
0.340796
0.342867
0.344389
0.342286
0.34438
0.34472
0.34296
0.344935
0.344472
0.343762
0.345309
0.342545
0.344501
0.34541
0.343541
0.345307
0.342415
0.344248
0.345591
0.343319
0.345104
0.345209
0.344219
0.345518
0.343278
0.34496
0.345134
0.344173
0.345093
0.343068
0.343777
0.341035
0.341391
0.341713
0.340198
0.341128
0.334913
0.332772
0.333504
0.335587
0.333339
0.33404
0.336125
0.333908
0.334627
0.336368
0.334271
0.33505
0.336547
0.33465
0.335431
0.336755
0.337665
0.335966
0.337086
0.338106
0.33646
0.337536
0.338528
0.336929
0.338018
0.336594
0.337131
0.338484
0.337113
0.337465
0.338972
0.337606
0.337826
0.339575
0.338245
0.338576
0.340033
0.338606
0.339255
0.340252
0.338805
0.339899
0.338707
0.33888
0.340341
0.339056
0.339618
0.338824
0.339007
0.340208
0.339134
0.339438
0.340467
0.339185
0.34004
0.339056
0.339267
0.3402
0.338966
0.339627
0.338581
0.338056
0.336978
0.336042
0.336624
0.335486
0.335865
0.332221
0.329829
0.331225
0.332658
0.330506
0.331642
0.333086
0.331181
0.331965
0.333329
0.331639
0.332232
0.33358
0.33208
0.332542
0.333875
0.334997
0.333045
0.334258
0.335386
0.33355
0.334699
0.335781
0.334059
0.335116
0.333803
0.334245
0.335297
0.334081
0.33473
0.335854
0.334561
0.335474
0.336806
0.335468
0.336327
0.337309
0.335931
0.336808
0.337717
0.336425
0.337239
0.33608
0.336793
0.337666
0.33641
0.337163
0.336257
0.336751
0.337679
0.336672
0.337306
0.337977
0.336908
0.337525
0.33652
0.337114
0.337707
0.336737
0.337089
0.336028
0.335696
0.334359
0.334006
0.334106
0.333248
0.333516
0.314332
0.312372
0.314173
0.315094
0.312638
0.314252
0.31567
0.312935
0.31432
0.315938
0.313096
0.314382
0.3161
0.313303
0.314522
0.316239
0.315947
0.31489
0.316455
0.316308
0.315252
0.316747
0.316611
0.315641
0.31706
0.314757
0.315865
0.317305
0.315196
0.316324
0.317621
0.315701
0.316874
0.318201
0.31679
0.31799
0.318607
0.317235
0.318423
0.318584
0.317753
0.318796
0.317067
0.318163
0.318947
0.31762
0.318674
0.317
0.317992
0.318954
0.317565
0.318604
0.319034
0.318138
0.31899
0.317613
0.31852
0.318909
0.318088
0.318689
0.317401
0.317689
0.316059
0.31602
0.316241
0.315182
0.315764
0.311425
0.309709
0.310023
0.311731
0.310079
0.310485
0.311984
0.310452
0.310922
0.312058
0.310683
0.3112
0.312133
0.31094
0.311464
0.312268
0.313204
0.311863
0.312519
0.313512
0.312243
0.312874
0.313831
0.312605
0.313246
0.312395
0.31277
0.313612
0.312785
0.313027
0.314024
0.313173
0.313217
0.314506
0.313665
0.313726
0.314911
0.313969
0.314289
0.315174
0.314146
0.314799
0.314106
0.313824
0.31517
0.314362
0.314592
0.314195
0.314348
0.315086
0.31451
0.314523
0.3154
0.314558
0.315048
0.314508
0.314433
0.315173
0.314394
0.314768
0.314138
0.313617
0.31297
0.312156
0.312547
0.311869
0.312005
0.309046
0.306952
0.307947
0.309243
0.307467
0.308175
0.309464
0.307973
0.30837
0.309576
0.308316
0.308549
0.30972
0.308648
0.308779
0.309926
0.310955
0.309175
0.310213
0.311241
0.309573
0.310562
0.311553
0.30998
0.310892
0.309924
0.310113
0.31103
0.310137
0.310548
0.311548
0.31052
0.311149
0.312306
0.311193
0.311847
0.312745
0.311552
0.312285
0.313118
0.311954
0.312688
0.311755
0.312253
0.313063
0.31205
0.312623
0.31201
0.312294
0.312982
0.312098
0.3127
0.313446
0.312518
0.313095
0.312255
0.312718
0.313147
0.312385
0.312758
0.311855
0.311689
0.310773
0.310392
0.310602
0.30983
0.31013
0.293269
0.291672
0.292632
0.293708
0.291959
0.292782
0.294027
0.292243
0.292932
0.294156
0.292411
0.293066
0.294253
0.292609
0.293244
0.294368
0.294645
0.293584
0.294576
0.294929
0.293907
0.294855
0.295194
0.294239
0.295159
0.293866
0.294431
0.295426
0.294226
0.294799
0.295754
0.294611
0.295212
0.296284
0.295407
0.296055
0.296711
0.295722
0.296429
0.296828
0.296074
0.296797
0.295803
0.296361
0.297041
0.296124
0.296787
0.295866
0.296361
0.297138
0.296249
0.296757
0.29721
0.296505
0.297077
0.296256
0.296714
0.297188
0.296483
0.296854
0.29606
0.29607
0.2951
0.294911
0.295061
0.29435
0.294694
0.290793
0.289397
0.290076
0.291021
0.289759
0.290415
0.29124
0.290124
0.290663
0.291351
0.290375
0.290858
0.291489
0.290643
0.29108
0.29168
0.292444
0.291436
0.291954
0.292726
0.291793
0.292279
0.29302
0.292146
0.292601
0.291955
0.29236
0.292898
0.29228
0.292703
0.293268
0.292634
0.293051
0.293691
0.293073
0.29344
0.294056
0.29341
0.29375
0.294342
0.293726
0.294089
0.293572
0.29391
0.294408
0.293865
0.294153
0.293752
0.294084
0.294456
0.293981
0.294238
0.294682
0.294216
0.294479
0.294073
0.294271
0.294613
0.294153
0.294263
0.29378
0.29348
0.292867
0.292551
0.292563
0.292148
0.292201
0.288566
0.286497
0.286965
0.28864
0.287119
0.287161
0.288747
0.28768
0.28738
0.288788
0.288063
0.287611
0.288875
0.2884
0.287878
0.289044
0.290378
0.288271
0.289301
0.29063
0.288644
0.289631
0.290914
0.289004
0.289951
0.289439
0.289149
0.290166
0.28957
0.289565
0.290704
0.289832
0.290093
0.291413
0.290298
0.290751
0.291903
0.290552
0.291238
0.292339
0.290893
0.291731
0.290904
0.29119
0.29222
0.291062
0.291666
0.291215
0.291272
0.292176
0.291227
0.291661
0.292559
0.291437
0.292123
0.291323
0.291746
0.292579
0.291496
0.292
0.291123
0.291093
0.290339
0.290018
0.290457
0.289549
0.289964
0.275173
0.274017
0.274331
0.275491
0.274394
0.274677
0.275756
0.274754
0.275035
0.275903
0.275009
0.275323
0.27605
0.275271
0.275596
0.276223
0.276844
0.275959
0.276476
0.277125
0.276293
0.27679
0.277408
0.276604
0.277119
0.276567
0.276802
0.277438
0.276907
0.277089
0.2778
0.277257
0.277396
0.278324
0.277902
0.278076
0.27879
0.27816
0.278467
0.27903
0.278378
0.27887
0.278428
0.278535
0.27919
0.27866
0.278898
0.278624
0.278738
0.279269
0.278889
0.279008
0.279538
0.278974
0.279326
0.27895
0.279016
0.279451
0.278933
0.279206
0.278787
0.27855
0.278126
0.277691
0.277914
0.277451
0.277637
0.27311
0.271757
0.272515
0.273387
0.272242
0.272815
0.273676
0.272711
0.273078
0.273886
0.273065
0.273321
0.274109
0.273407
0.273589
0.274362
0.275043
0.273963
0.274661
0.275337
0.274333
0.274992
0.275629
0.274683
0.275291
0.27469
0.274887
0.275496
0.27495
0.275294
0.275944
0.275322
0.275778
0.276507
0.275846
0.276305
0.27688
0.276178
0.276668
0.277202
0.276528
0.277006
0.276453
0.2768
0.277316
0.276711
0.277124
0.276709
0.276938
0.277431
0.276902
0.277235
0.277624
0.277076
0.277424
0.276944
0.277232
0.277583
0.277109
0.277332
0.276818
0.276739
0.276159
0.275958
0.276073
0.275608
0.275817
0.261579
0.260531
0.261226
0.262067
0.260948
0.261549
0.262464
0.261345
0.261855
0.262728
0.261649
0.262135
0.262965
0.261959
0.262428
0.263208
0.263507
0.262823
0.263505
0.263846
0.26319
0.263842
0.264161
0.263552
0.264184
0.263414
0.263823
0.264505
0.263792
0.264199
0.264857
0.264176
0.264596
0.265332
0.264811
0.265259
0.26574
0.265145
0.265625
0.265954
0.265492
0.265983
0.265403
0.265787
0.266261
0.265726
0.266142
0.265646
0.265988
0.266453
0.265962
0.266332
0.266675
0.266266
0.266628
0.266161
0.266457
0.266707
0.266324
0.266553
0.266109
0.266107
0.265564
0.265465
0.26558
0.265183
0.265404
0.259625
0.258709
0.259377
0.260016
0.259188
0.2598
0.260392
0.259653
0.260153
0.260684
0.260028
0.260463
0.260978
0.260395
0.260779
0.261289
0.261803
0.261176
0.261634
0.262136
0.261558
0.261984
0.262457
0.261926
0.262317
0.26186
0.262177
0.262567
0.262188
0.262579
0.263002
0.262605
0.263029
0.263517
0.263126
0.263492
0.263879
0.26348
0.26381
0.264186
0.263826
0.26412
0.263777
0.264081
0.264417
0.264079
0.264364
0.264073
0.264314
0.264617
0.264313
0.264553
0.264843
0.264553
0.264727
0.264442
0.264673
0.264848
0.264591
0.264693
0.264385
0.264282
0.263861
0.263746
0.263762
0.263514
0.263611
0.249845
0.248939
0.249987
0.250518
0.249372
0.250332
0.251072
0.249803
0.250646
0.251473
0.250162
0.250945
0.251814
0.250533
0.251269
0.252137
0.252122
0.251706
0.252491
0.252531
0.252117
0.25286
0.252908
0.252536
0.253227
0.252215
0.252865
0.253565
0.252656
0.253301
0.253927
0.253111
0.253759
0.254377
0.25378
0.254413
0.254759
0.25422
0.254807
0.254985
0.254669
0.255167
0.254464
0.255037
0.255441
0.254913
0.255431
0.254747
0.255286
0.255754
0.255194
0.255698
0.255939
0.255601
0.255991
0.255452
0.25588
0.256107
0.255785
0.256053
0.255565
0.255729
0.255076
0.255177
0.255331
0.254939
0.255226
0.248009
0.247309
0.24753
0.248472
0.247838
0.248175
0.24891
0.248343
0.248688
0.249258
0.248764
0.249113
0.249596
0.249181
0.249518
0.249945
0.250478
0.249972
0.250328
0.250866
0.250395
0.250733
0.251245
0.250802
0.251136
0.250857
0.25112
0.251523
0.251256
0.251483
0.251939
0.251665
0.251751
0.252368
0.2521
0.252228
0.252768
0.25246
0.25267
0.253106
0.252772
0.253081
0.252867
0.252912
0.253438
0.253191
0.253359
0.253246
0.253397
0.25374
0.253544
0.253622
0.254016
0.253746
0.253966
0.253792
0.253822
0.254157
0.2539
0.254054
0.253853
0.253688
0.253477
0.253174
0.253415
0.253211
0.253311
0.246592
0.245548
0.246093
0.24701
0.246192
0.246549
0.247424
0.246797
0.24698
0.247776
0.247295
0.247388
0.248128
0.247761
0.247801
0.248499
0.249208
0.24828
0.248896
0.249587
0.24872
0.249306
0.249972
0.249155
0.249707
0.249371
0.249473
0.250046
0.249707
0.249927
0.250543
0.250112
0.250427
0.251105
0.250598
0.250957
0.251546
0.250972
0.251393
0.251952
0.251365
0.251815
0.251423
0.251689
0.252222
0.251736
0.252097
0.251856
0.25201
0.252478
0.252094
0.252363
0.252816
0.252367
0.252708
0.252364
0.252607
0.252993
0.252572
0.252819
0.252453
0.252476
0.252104
0.252045
0.25227
0.251906
0.25216
0.238013
0.237409
0.237767
0.238562
0.237987
0.2383
0.239058
0.238534
0.238821
0.239473
0.239007
0.239302
0.239875
0.239472
0.239767
0.240279
0.240729
0.240273
0.240711
0.241166
0.24074
0.241161
0.241592
0.241188
0.241606
0.241326
0.241557
0.242037
0.24177
0.241981
0.242482
0.24221
0.242414
0.243005
0.242797
0.243029
0.24349
0.243181
0.243475
0.24385
0.243551
0.243921
0.243704
0.243893
0.244315
0.244058
0.244311
0.244167
0.244349
0.244711
0.244507
0.244708
0.245023
0.244778
0.245051
0.244868
0.245019
0.245287
0.245062
0.245263
0.245059
0.245043
0.244831
0.24472
0.24488
0.244671
0.244847
0.236712
0.236023
0.236605
0.23724
0.236657
0.237138
0.237756
0.237266
0.23763
0.238212
0.237798
0.238095
0.238658
0.238309
0.238559
0.239107
0.2396
0.239067
0.239558
0.240039
0.239551
0.240018
0.240479
0.240026
0.240458
0.240171
0.240406
0.240838
0.240585
0.240889
0.24134
0.241053
0.241401
0.241884
0.241578
0.241923
0.242331
0.242008
0.24236
0.242744
0.242432
0.242772
0.242526
0.242804
0.243174
0.242895
0.243197
0.24302
0.243219
0.243562
0.243328
0.24357
0.243872
0.243634
0.243888
0.243682
0.2439
0.244154
0.243939
0.244115
0.243887
0.24392
0.243658
0.24365
0.243794
0.243594
0.243783
0.229477
0.228959
0.229459
0.230108
0.229573
0.230015
0.230679
0.23016
0.23055
0.231175
0.230686
0.231062
0.23165
0.231202
0.231567
0.232117
0.232452
0.232114
0.232599
0.232947
0.23263
0.233093
0.233424
0.233133
0.233581
0.233253
0.23357
0.234049
0.233747
0.234059
0.234527
0.234238
0.234554
0.235066
0.234849
0.235183
0.235566
0.235307
0.235658
0.235965
0.235766
0.236126
0.235888
0.23618
0.236542
0.23632
0.236627
0.236432
0.236702
0.237038
0.23684
0.237114
0.237379
0.23721
0.237475
0.237289
0.237518
0.237744
0.237589
0.237786
0.237598
0.23768
0.237457
0.237482
0.237631
0.23747
0.237658
0.228311
0.227859
0.228386
0.228904
0.228509
0.228985
0.229479
0.229138
0.229539
0.230003
0.229707
0.230064
0.230514
0.230257
0.23058
0.23102
0.231432
0.231123
0.231526
0.23193
0.23165
0.232034
0.23242
0.232165
0.23252
0.232325
0.232603
0.232956
0.2328
0.233116
0.233482
0.233315
0.23365
0.23404
0.233868
0.234184
0.234518
0.234341
0.234646
0.234964
0.234807
0.23509
0.234946
0.235216
0.235515
0.23536
0.235622
0.235521
0.235737
0.236008
0.235875
0.236097
0.23634
0.236221
0.236431
0.236318
0.23652
0.236725
0.236616
0.236762
0.23663
0.236677
0.236508
0.236544
0.236665
0.236555
0.236714
0.222387
0.221967
0.222551
0.223082
0.222604
0.223138
0.223717
0.223222
0.223702
0.22428
0.223791
0.224247
0.224813
0.22435
0.224786
0.225333
0.225593
0.225372
0.225864
0.226141
0.22593
0.2264
0.226668
0.22648
0.226927
0.226581
0.22697
0.227435
0.227126
0.22751
0.227951
0.22767
0.228054
0.228512
0.228311
0.228695
0.22904
0.228834
0.229208
0.22949
0.229355
0.22971
0.229479
0.229824
0.230163
0.22998
0.230312
0.230098
0.230421
0.230752
0.230573
0.230883
0.231137
0.23101
0.231276
0.231105
0.231372
0.231598
0.231479
0.231685
0.231518
0.231661
0.231442
0.231561
0.231729
0.231598
0.231806
0.221336
0.221041
0.221471
0.221974
0.221716
0.222129
0.222588
0.222369
0.222741
0.223153
0.22297
0.223318
0.223705
0.223555
0.223879
0.224252
0.224654
0.224465
0.224805
0.225199
0.225029
0.225356
0.225733
0.225582
0.225889
0.225792
0.22607
0.226387
0.226318
0.226614
0.226948
0.226871
0.227168
0.227531
0.227447
0.227722
0.228052
0.227958
0.228224
0.228541
0.228455
0.228719
0.228655
0.228902
0.229192
0.229119
0.229346
0.229312
0.229528
0.229777
0.229713
0.229915
0.230155
0.230091
0.230288
0.230241
0.230424
0.230631
0.230575
0.23072
0.230652
0.230711
0.230619
0.230679
0.230812
0.230758
0.230904
0.216624
0.216304
0.216916
0.217365
0.216961
0.217534
0.218045
0.217602
0.218127
0.218657
0.218205
0.218703
0.219237
0.2188
0.219275
0.219804
0.220024
0.219894
0.220375
0.220613
0.220485
0.220946
0.221183
0.221071
0.221508
0.221179
0.221604
0.222053
0.221765
0.222182
0.222605
0.222352
0.222764
0.22319
0.223012
0.223416
0.223745
0.223584
0.223967
0.224241
0.224151
0.224501
0.224291
0.224661
0.224992
0.224836
0.225181
0.224974
0.225321
0.225655
0.225498
0.225826
0.226081
0.225983
0.226255
0.2261
0.226391
0.226625
0.22653
0.226751
0.226606
0.226788
0.226589
0.22676
0.226957
0.226843
0.227068
0.2157
0.215508
0.215831
0.216369
0.216207
0.216542
0.217013
0.216882
0.217206
0.217613
0.217512
0.217829
0.218196
0.218126
0.218429
0.218778
0.219174
0.21905
0.219363
0.219754
0.219645
0.219949
0.220325
0.220228
0.220523
0.220498
0.220755
0.22107
0.221061
0.22132
0.221661
0.221642
0.221885
0.222269
0.222238
0.222459
0.222826
0.222778
0.223021
0.223352
0.223297
0.223569
0.223556
0.223762
0.224083
0.224049
0.224259
0.224281
0.224482
0.224742
0.224719
0.224896
0.225167
0.225123
0.225329
0.22532
0.225477
0.225715
0.225679
0.225846
0.225818
0.225882
0.225858
0.225923
0.226092
0.226065
0.226213
0.212036
0.211805
0.212406
0.2128
0.21248
0.213052
0.213511
0.213144
0.213676
0.214162
0.213778
0.214282
0.214781
0.214404
0.214886
0.215387
0.215595
0.21553
0.215991
0.216216
0.216148
0.216591
0.216818
0.216763
0.217182
0.216896
0.217327
0.217758
0.217511
0.217934
0.218339
0.218128
0.218545
0.218945
0.2188
0.219204
0.219524
0.219404
0.219785
0.220055
0.219999
0.220342
0.220162
0.220536
0.22086
0.220736
0.221077
0.220896
0.221248
0.22158
0.221448
0.221773
0.222035
0.221962
0.222238
0.222106
0.222402
0.22264
0.222568
0.222798
0.222677
0.22288
0.22271
0.222909
0.223123
0.223029
0.223262
0.211269
0.21115
0.211397
0.211961
0.211869
0.212152
0.212633
0.212565
0.212856
0.213269
0.213225
0.213514
0.213886
0.213868
0.214152
0.214501
0.214881
0.214803
0.215117
0.215494
0.215426
0.215731
0.216095
0.216035
0.216337
0.216355
0.216602
0.216935
0.216951
0.217181
0.217535
0.217546
0.217722
0.218137
0.21814
0.218319
0.21872
0.218705
0.218952
0.219277
0.219244
0.219529
0.219545
0.219706
0.220066
0.220059
0.220274
0.220327
0.220512
0.220791
0.220801
0.220971
0.22125
0.221229
0.221452
0.221463
0.221589
0.221861
0.221838
0.222026
0.22202
0.222108
0.222116
0.222154
0.222376
0.222365
0.222526
0.210754
0.210489
0.210876
0.211426
0.211241
0.211563
0.212086
0.211966
0.212234
0.212719
0.212647
0.212884
0.21334
0.213305
0.213524
0.213964
0.21443
0.214186
0.214586
0.215043
0.21482
0.215206
0.215651
0.215445
0.215817
0.215781
0.216017
0.216409
0.216367
0.216631
0.217037
0.216966
0.217257
0.217681
0.217581
0.217886
0.218291
0.218162
0.218487
0.218878
0.218739
0.21907
0.218998
0.219272
0.219633
0.219528
0.219817
0.219784
0.220021
0.220341
0.220263
0.220521
0.220826
0.220725
0.220987
0.220922
0.221163
0.221442
0.221348
0.221572
0.221495
0.221661
0.221583
0.221737
0.22196
0.221876
0.222096
0.207809
0.207743
0.208029
0.208521
0.208474
0.208756
0.209214
0.209187
0.209471
0.209875
0.209868
0.210151
0.210523
0.210537
0.210815
0.211165
0.211525
0.211488
0.211806
0.21216
0.212131
0.212443
0.212787
0.212763
0.213072
0.213111
0.213356
0.213692
0.213729
0.213962
0.214311
0.214342
0.214562
0.214947
0.214985
0.215218
0.215564
0.215567
0.215827
0.216133
0.216127
0.216413
0.216443
0.216645
0.216959
0.216969
0.217197
0.217253
0.217443
0.21772
0.217741
0.217935
0.218198
0.218197
0.218421
0.218442
0.218614
0.218844
0.218838
0.21903
0.219036
0.219154
0.219167
0.219254
0.219444
0.219444
0.219609
0.207401
0.207236
0.207614
0.208098
0.207986
0.20832
0.208786
0.208718
0.20901
0.209447
0.209413
0.209682
0.2101
0.210091
0.210345
0.210751
0.211171
0.211025
0.211398
0.211809
0.211678
0.212039
0.212442
0.212322
0.212671
0.212662
0.21292
0.213287
0.213275
0.213552
0.213927
0.213898
0.21419
0.214577
0.214527
0.214829
0.215197
0.215127
0.215438
0.215793
0.215715
0.216025
0.21599
0.21626
0.216591
0.216533
0.216809
0.216796
0.217037
0.217333
0.217292
0.217542
0.217821
0.217769
0.218012
0.217977
0.218213
0.218465
0.218411
0.218621
0.218578
0.218745
0.218697
0.218859
0.219063
0.219014
0.219217
0.205104
0.20508
0.205377
0.205825
0.205814
0.206102
0.206528
0.206533
0.206818
0.207207
0.207228
0.207511
0.207874
0.20791
0.208188
0.208536
0.208877
0.208874
0.209193
0.20953
0.209533
0.209846
0.210173
0.210182
0.210491
0.210543
0.210796
0.211124
0.211174
0.211418
0.211755
0.211801
0.212039
0.212396
0.212446
0.212694
0.213016
0.213039
0.213303
0.21359
0.213609
0.213886
0.213926
0.214142
0.214432
0.214456
0.214686
0.214744
0.21494
0.215202
0.215232
0.215432
0.215677
0.21569
0.21591
0.215939
0.216115
0.216332
0.216343
0.216532
0.216546
0.216678
0.216697
0.2168
0.216981
0.21699
0.217154
0.20362
0.204076
0.203941
0.204342
0.204793
0.204693
0.205058
0.2055
0.205439
0.205769
0.206198
0.206167
0.206466
0.206876
0.20687
0.207152
0.207545
0.207557
0.207827
0.208212
0.208606
0.208517
0.208873
0.20926
0.209182
0.209529
0.209908
0.209839
0.210174
0.210185
0.210453
0.210802
0.210812
0.211094
0.21145
0.211447
0.211739
0.212103
0.212083
0.212379
0.212728
0.212689
0.212989
0.213325
0.21328
0.213575
0.21356
0.213827
0.214138
0.214106
0.214371
0.214371
0.214611
0.214891
0.21487
0.215114
0.215378
0.215349
0.21558
0.215563
0.215791
0.216027
0.215997
0.216199
0.216173
0.216341
0.21631
0.216476
0.216671
0.216641
0.216832
0.201509
0.2019
0.202276
0.202278
0.202611
0.20301
0.203017
0.203313
0.203726
0.203744
0.204029
0.204427
0.204458
0.204739
0.20511
0.205153
0.205433
0.205784
0.205838
0.206113
0.206451
0.206779
0.206801
0.207114
0.207438
0.207464
0.207771
0.208086
0.208116
0.208419
0.208483
0.208736
0.209055
0.209117
0.209364
0.20969
0.209747
0.209988
0.210327
0.210386
0.210634
0.21094
0.210977
0.211236
0.211509
0.211543
0.21181
0.211858
0.212073
0.212349
0.212383
0.212608
0.212671
0.212865
0.213115
0.213153
0.213351
0.213582
0.213605
0.213819
0.213853
0.214028
0.214235
0.214257
0.214441
0.214465
0.214599
0.214627
0.214736
0.214914
0.21493
0.215089
0.201223
0.201641
0.202064
0.201981
0.202357
0.202776
0.202721
0.203067
0.20348
0.203453
0.203773
0.204173
0.204171
0.204469
0.204854
0.20487
0.205154
0.205528
0.205556
0.205829
0.206197
0.206573
0.20652
0.20686
0.207231
0.207186
0.207519
0.207883
0.207843
0.208166
0.20819
0.208462
0.208798
0.208822
0.209104
0.209446
0.209458
0.209745
0.210092
0.210088
0.210378
0.21071
0.21069
0.21098
0.211299
0.211274
0.211557
0.211554
0.211814
0.21211
0.212092
0.212349
0.212356
0.212593
0.212862
0.212851
0.213088
0.213341
0.213325
0.213548
0.213541
0.213761
0.213988
0.213971
0.214166
0.214153
0.214319
0.2143
0.214468
0.214655
0.214635
0.214818
0.199964
0.200335
0.200688
0.200716
0.201041
0.201412
0.201443
0.201736
0.20212
0.202159
0.202443
0.202814
0.202863
0.203143
0.203492
0.203551
0.203827
0.204161
0.204229
0.204498
0.204824
0.205137
0.205179
0.205482
0.205791
0.205836
0.206134
0.206436
0.206483
0.206777
0.206851
0.207101
0.207409
0.207481
0.207726
0.208037
0.208104
0.208342
0.208662
0.208729
0.20897
0.209261
0.20931
0.209561
0.20982
0.209865
0.21012
0.210176
0.210383
0.210646
0.210689
0.210907
0.210974
0.211162
0.2114
0.211444
0.211636
0.211853
0.211887
0.212091
0.21213
0.212301
0.212498
0.212528
0.212706
0.212735
0.212871
0.212905
0.213015
0.213186
0.21321
0.213361
0.199731
0.200128
0.20053
0.200479
0.200836
0.201235
0.201206
0.201539
0.20193
0.201924
0.202235
0.202616
0.20263
0.202922
0.20329
0.203319
0.203599
0.203957
0.203995
0.204267
0.204619
0.204981
0.20495
0.205276
0.205634
0.205608
0.20593
0.206282
0.20626
0.206573
0.206605
0.206875
0.207202
0.207232
0.207511
0.207841
0.20786
0.20814
0.208472
0.208477
0.208758
0.209076
0.209066
0.209346
0.209652
0.209636
0.209908
0.209912
0.210163
0.210448
0.210438
0.210686
0.210697
0.210926
0.211187
0.211181
0.211411
0.211658
0.211644
0.211863
0.211858
0.212071
0.212293
0.21228
0.212471
0.212463
0.212627
0.212614
0.212778
0.212962
0.212948
0.213124
0.198763
0.19912
0.199454
0.199503
0.199831
0.200173
0.200221
0.200525
0.200874
0.200927
0.201224
0.201564
0.201622
0.201909
0.202237
0.202302
0.20258
0.202898
0.202971
0.20324
0.203554
0.203849
0.203907
0.204204
0.204495
0.204556
0.204848
0.205132
0.205197
0.205481
0.205559
0.205811
0.206102
0.20618
0.20643
0.206721
0.206793
0.207039
0.207333
0.207402
0.207642
0.207912
0.207968
0.208214
0.208455
0.208512
0.208751
0.208807
0.209015
0.209257
0.209305
0.209518
0.209581
0.209769
0.209988
0.210033
0.21022
0.210422
0.210462
0.210653
0.210692
0.210862
0.211045
0.211079
0.211249
0.211276
0.211414
0.211443
0.211561
0.211716
0.211741
0.211887
0.197877
0.198258
0.198561
0.198605
0.198974
0.199294
0.199311
0.199672
0.200003
0.200005
0.200357
0.200695
0.200688
0.201028
0.201366
0.201356
0.201687
0.202024
0.202014
0.202336
0.202672
0.20296
0.203
0.203314
0.203602
0.20364
0.203948
0.204234
0.204274
0.204572
0.204574
0.204877
0.205184
0.205192
0.205489
0.205788
0.2058
0.206087
0.20638
0.206398
0.206676
0.206946
0.206961
0.207226
0.207479
0.207501
0.207748
0.207746
0.207996
0.208243
0.208247
0.20848
0.208472
0.208705
0.208939
0.208936
0.209155
0.20937
0.209373
0.209574
0.209566
0.209768
0.209965
0.209966
0.210144
0.210134
0.210297
0.210272
0.21043
0.210601
0.21059
0.210757
0.1977
0.198056
0.198384
0.198442
0.198781
0.199106
0.19916
0.199486
0.199811
0.199867
0.200178
0.200502
0.200561
0.200856
0.201174
0.201239
0.20152
0.201832
0.201903
0.202173
0.202482
0.202766
0.202832
0.203125
0.203404
0.203472
0.203759
0.204032
0.204103
0.204382
0.204456
0.204708
0.204989
0.205063
0.205317
0.205592
0.205662
0.205912
0.206178
0.206241
0.206487
0.206731
0.206789
0.207028
0.207254
0.207314
0.207539
0.207593
0.207804
0.208021
0.20807
0.208276
0.208331
0.208517
0.208719
0.208761
0.208949
0.20913
0.209174
0.209349
0.209387
0.209556
0.209718
0.209759
0.209911
0.209943
0.210071
0.210101
0.210222
0.210356
0.210388
0.210518
0.196828
0.1972
0.197514
0.197562
0.197918
0.198243
0.198273
0.19862
0.198952
0.198972
0.19931
0.199643
0.199657
0.199983
0.200313
0.200325
0.200642
0.200967
0.20098
0.201288
0.201611
0.201899
0.201944
0.202246
0.202531
0.202575
0.202871
0.203151
0.203197
0.203481
0.203502
0.203788
0.204078
0.204103
0.204381
0.204663
0.204689
0.204956
0.205232
0.205263
0.205521
0.205776
0.205801
0.206047
0.206287
0.206315
0.206545
0.206558
0.206788
0.207017
0.207032
0.207247
0.207253
0.207466
0.207681
0.207689
0.20789
0.20809
0.2081
0.208287
0.20829
0.208474
0.208657
0.208665
0.208831
0.20883
0.208979
0.208967
0.209109
0.209267
0.209265
0.209417
0.196677
0.197031
0.197361
0.197419
0.197754
0.198083
0.198138
0.198462
0.198789
0.198848
0.199157
0.19948
0.199543
0.199837
0.200153
0.200219
0.2005
0.20081
0.200881
0.20115
0.201457
0.201739
0.201804
0.202092
0.202369
0.202434
0.202717
0.202987
0.203054
0.203327
0.203399
0.203646
0.203919
0.20399
0.204237
0.204503
0.204569
0.204811
0.205068
0.205128
0.205365
0.205602
0.205656
0.205885
0.206104
0.206159
0.206374
0.206425
0.206628
0.206837
0.206882
0.207079
0.20713
0.207309
0.207502
0.207542
0.207721
0.207896
0.207937
0.208103
0.208139
0.2083
0.208457
0.208495
0.208638
0.20867
0.208793
0.20882
0.20894
0.209067
0.209097
0.20922
0.195879
0.196234
0.196546
0.196602
0.196938
0.19726
0.197303
0.197631
0.197957
0.197995
0.198313
0.198638
0.198673
0.198981
0.1993
0.199335
0.199634
0.199949
0.199985
0.200276
0.200585
0.200867
0.200921
0.201211
0.201489
0.201543
0.201825
0.202097
0.202152
0.202423
0.202461
0.202729
0.203002
0.203043
0.2033
0.203565
0.203605
0.203853
0.204111
0.204153
0.204394
0.204633
0.204668
0.204896
0.205121
0.205159
0.205373
0.205399
0.20561
0.205823
0.205849
0.206046
0.206067
0.206261
0.206459
0.20648
0.206663
0.206847
0.206868
0.207038
0.207054
0.207222
0.20739
0.207406
0.207558
0.207567
0.207705
0.207705
0.207833
0.207976
0.207984
0.208121
0.195765
0.196107
0.196434
0.196488
0.196812
0.197138
0.197194
0.197507
0.197831
0.197889
0.198191
0.19851
0.198572
0.19886
0.199173
0.199239
0.199516
0.199821
0.199892
0.200159
0.200459
0.200746
0.200803
0.201086
0.201366
0.201424
0.2017
0.201974
0.202033
0.202298
0.202365
0.202609
0.202872
0.202937
0.203179
0.203436
0.203497
0.203732
0.203981
0.204035
0.204262
0.204496
0.204543
0.204762
0.204982
0.205027
0.205234
0.205278
0.205476
0.205681
0.205721
0.205908
0.20595
0.206129
0.206315
0.20635
0.206523
0.206697
0.206731
0.20689
0.206922
0.207079
0.207235
0.207265
0.207403
0.207431
0.207551
0.207572
0.207692
0.207817
0.207842
0.207963
0.19508
0.195414
0.195718
0.195782
0.196099
0.196409
0.196465
0.196772
0.197085
0.197139
0.197436
0.197746
0.1978
0.198088
0.198393
0.198448
0.198726
0.199027
0.199083
0.199354
0.19965
0.199919
0.199985
0.200262
0.200526
0.200591
0.200862
0.201119
0.201184
0.201441
0.201496
0.201743
0.201998
0.202054
0.202291
0.202538
0.202591
0.20282
0.20306
0.203114
0.203335
0.203556
0.203602
0.203815
0.20402
0.204068
0.204266
0.204304
0.204498
0.204692
0.20473
0.20491
0.204944
0.20512
0.205299
0.205331
0.205498
0.205663
0.205695
0.205852
0.205877
0.206028
0.206179
0.206206
0.206344
0.206364
0.206487
0.206497
0.206611
0.206738
0.206756
0.206879
0.194982
0.195316
0.19564
0.195685
0.195999
0.196321
0.196368
0.196672
0.19699
0.197042
0.197334
0.197648
0.197704
0.197985
0.198292
0.198351
0.198623
0.198923
0.198985
0.19925
0.199545
0.199836
0.199881
0.200158
0.200441
0.200487
0.200757
0.201032
0.201077
0.201335
0.20139
0.201632
0.201889
0.201941
0.202179
0.202431
0.20248
0.202709
0.202953
0.202996
0.203217
0.203448
0.203482
0.203696
0.203914
0.203945
0.204146
0.204178
0.204373
0.204574
0.204602
0.204784
0.204813
0.204992
0.205175
0.205199
0.205369
0.205541
0.205564
0.20572
0.205739
0.205896
0.206051
0.206071
0.206207
0.206225
0.206345
0.206353
0.206475
0.206602
0.206616
0.206738
0.194335
0.194662
0.194957
0.195029
0.195337
0.195638
0.195702
0.195997
0.196299
0.196361
0.196645
0.196944
0.197008
0.19728
0.197573
0.197639
0.197902
0.198189
0.198257
0.198511
0.198794
0.19905
0.199122
0.199388
0.199639
0.19971
0.199969
0.200209
0.200281
0.200527
0.200591
0.200817
0.201057
0.201122
0.20134
0.201573
0.201632
0.201843
0.202067
0.202125
0.202331
0.202535
0.202586
0.202783
0.202968
0.203023
0.203208
0.203253
0.203428
0.203607
0.20365
0.203816
0.20386
0.204016
0.204181
0.204218
0.20437
0.204517
0.204556
0.2047
0.204731
0.204868
0.205001
0.205036
0.205162
0.205187
0.205296
0.205316
0.205416
0.205528
0.205553
0.205664
0.194196
0.194537
0.194876
0.194894
0.19521
0.195542
0.195568
0.195869
0.196194
0.196227
0.196516
0.196833
0.196873
0.19715
0.197457
0.197501
0.19777
0.19807
0.198116
0.198378
0.198673
0.198969
0.19899
0.199266
0.199555
0.199576
0.199844
0.200123
0.200145
0.200399
0.200435
0.200674
0.200929
0.200962
0.201196
0.201447
0.201476
0.201701
0.201944
0.201966
0.202184
0.202415
0.202428
0.202639
0.202859
0.202867
0.203066
0.203079
0.203271
0.203474
0.203482
0.203663
0.203674
0.203851
0.204035
0.204041
0.204211
0.204385
0.204388
0.204545
0.204548
0.204704
0.204863
0.204865
0.205003
0.205004
0.205127
0.20512
0.205244
0.205375
0.205373
0.205499
0.193502
0.193831
0.194126
0.194199
0.194512
0.194807
0.194873
0.195174
0.195466
0.19553
0.195815
0.196106
0.196172
0.196441
0.196726
0.196794
0.19705
0.19733
0.197401
0.197646
0.197921
0.198166
0.198237
0.198498
0.198735
0.198806
0.199057
0.199284
0.199355
0.199591
0.199658
0.199868
0.200098
0.200163
0.200368
0.200589
0.200648
0.200848
0.201061
0.201118
0.201314
0.201503
0.201552
0.201741
0.201912
0.201965
0.202141
0.202185
0.202348
0.202515
0.202556
0.202715
0.202761
0.202902
0.203057
0.203093
0.203236
0.203371
0.203408
0.203544
0.203576
0.203704
0.203827
0.20386
0.20398
0.204003
0.204105
0.204129
0.204216
0.204325
0.204347
0.204452
0.192755
0.193092
0.193389
0.193436
0.193759
0.19406
0.194093
0.194408
0.19471
0.194735
0.19504
0.195341
0.19536
0.195655
0.19595
0.195966
0.196253
0.196543
0.196559
0.196835
0.197122
0.197383
0.19742
0.197685
0.19794
0.197974
0.198229
0.198472
0.198507
0.198745
0.19876
0.198999
0.199237
0.199255
0.199484
0.199713
0.19973
0.199947
0.200169
0.200188
0.200395
0.2006
0.200613
0.20081
0.201003
0.201018
0.201199
0.201204
0.201386
0.201568
0.201574
0.201741
0.201741
0.201909
0.202078
0.202079
0.202237
0.202395
0.202396
0.202542
0.202539
0.202684
0.20283
0.202829
0.202959
0.202954
0.20307
0.203057
0.203171
0.203294
0.203289
0.203409
0.192622
0.192943
0.193243
0.193308
0.193613
0.19391
0.193973
0.194265
0.194559
0.194624
0.194902
0.195191
0.195257
0.19552
0.195802
0.195869
0.196121
0.196396
0.196466
0.196705
0.196974
0.197222
0.197286
0.197538
0.197776
0.197838
0.198079
0.198307
0.198368
0.198593
0.198655
0.19886
0.199081
0.199139
0.19934
0.199552
0.199608
0.199801
0.200003
0.200053
0.20024
0.200425
0.200469
0.200648
0.200819
0.200864
0.201029
0.20107
0.201227
0.201388
0.201425
0.201575
0.201615
0.201754
0.201901
0.201933
0.20207
0.202204
0.202236
0.202363
0.202391
0.202515
0.202636
0.202664
0.202774
0.202798
0.202893
0.202914
0.203005
0.203105
0.203127
0.203223
0.191906
0.192218
0.192504
0.192564
0.192862
0.193152
0.193204
0.193493
0.193781
0.193829
0.194109
0.194393
0.19444
0.194709
0.194987
0.195032
0.195293
0.195564
0.195609
0.195862
0.196128
0.196374
0.196427
0.196673
0.19691
0.196961
0.197197
0.197423
0.197473
0.197692
0.197731
0.197947
0.198163
0.198204
0.198409
0.198617
0.198655
0.19885
0.199052
0.199089
0.199275
0.199461
0.199492
0.199669
0.199843
0.199873
0.200036
0.20006
0.200221
0.200383
0.200407
0.200556
0.200575
0.200722
0.20087
0.200889
0.201027
0.201166
0.201183
0.201312
0.201326
0.201452
0.201579
0.201593
0.201707
0.201716
0.201818
0.201821
0.201918
0.202024
0.202032
0.202135
0.191804
0.192113
0.192412
0.192462
0.192754
0.193049
0.193101
0.193382
0.193674
0.193727
0.193998
0.194284
0.194338
0.194598
0.194874
0.19493
0.195181
0.19545
0.195508
0.195749
0.196013
0.196268
0.196313
0.196557
0.196802
0.196845
0.197078
0.197311
0.197353
0.197572
0.197617
0.197825
0.198041
0.198083
0.198285
0.198494
0.198535
0.198727
0.198927
0.198963
0.199146
0.199334
0.199363
0.199538
0.199715
0.199742
0.199904
0.19993
0.200088
0.20025
0.200273
0.200421
0.200443
0.200588
0.200734
0.200754
0.200891
0.20103
0.201047
0.201173
0.201188
0.201315
0.201439
0.201455
0.201565
0.201577
0.201675
0.20168
0.201779
0.201881
0.201892
0.201991
0.191136
0.191433
0.191704
0.191774
0.192055
0.192328
0.192391
0.192661
0.192936
0.192998
0.193254
0.193525
0.193588
0.193833
0.194096
0.19416
0.194396
0.194653
0.194718
0.194943
0.195194
0.195419
0.195484
0.195715
0.195932
0.195994
0.196215
0.196419
0.196481
0.196686
0.196744
0.196934
0.197134
0.19719
0.197373
0.197565
0.197615
0.19779
0.197975
0.198024
0.198193
0.19836
0.198403
0.198565
0.198716
0.198762
0.198911
0.198949
0.199091
0.199235
0.199271
0.199405
0.199441
0.199567
0.1997
0.199731
0.199853
0.199972
0.200004
0.200119
0.200146
0.200255
0.200363
0.20039
0.200491
0.200512
0.200601
0.200618
0.2007
0.20079
0.200811
0.200899
0.191001
0.191312
0.191622
0.19164
0.191928
0.192231
0.192254
0.192531
0.192827
0.192856
0.193121
0.193408
0.193441
0.193696
0.193974
0.194009
0.194255
0.194525
0.194561
0.1948
0.195063
0.195327
0.19534
0.195582
0.195833
0.195846
0.196078
0.196318
0.196331
0.196547
0.19657
0.196776
0.196994
0.197014
0.197214
0.197425
0.197443
0.197634
0.197839
0.19785
0.198033
0.198226
0.198231
0.198407
0.198591
0.198593
0.198758
0.198762
0.198922
0.19909
0.199091
0.199241
0.199245
0.199391
0.199544
0.199543
0.199685
0.19983
0.199826
0.199957
0.199954
0.200083
0.200216
0.200211
0.200327
0.200322
0.200426
0.200417
0.20052
0.200631
0.200624
0.20073
0.190346
0.190642
0.190905
0.190976
0.191257
0.19152
0.191584
0.191852
0.192114
0.192177
0.19243
0.192689
0.192753
0.192991
0.193244
0.193311
0.193534
0.193782
0.19385
0.194062
0.194302
0.194514
0.194577
0.1948
0.195002
0.195064
0.195275
0.195466
0.195527
0.195724
0.195782
0.195956
0.196147
0.196205
0.196373
0.196555
0.196606
0.19677
0.196945
0.196993
0.197153
0.197308
0.19735
0.197504
0.197645
0.197689
0.197831
0.197869
0.198002
0.198136
0.198171
0.198299
0.198338
0.198452
0.198577
0.198608
0.198723
0.198833
0.198864
0.198973
0.198999
0.199103
0.199202
0.199229
0.199325
0.199346
0.199429
0.19945
0.199524
0.199608
0.199628
0.199711
0.189607
0.189905
0.190176
0.190227
0.190508
0.19078
0.190821
0.191094
0.191362
0.191399
0.191663
0.191925
0.191958
0.192212
0.192467
0.192498
0.192742
0.19299
0.193019
0.193253
0.193494
0.193717
0.193755
0.193974
0.194187
0.194223
0.194431
0.194636
0.19467
0.194862
0.194887
0.19508
0.195271
0.195297
0.19548
0.195663
0.195687
0.195859
0.196037
0.19606
0.196225
0.19639
0.196408
0.196563
0.196718
0.196735
0.196878
0.196891
0.197033
0.197177
0.197188
0.19732
0.197328
0.197459
0.197592
0.197599
0.197722
0.197846
0.197853
0.197967
0.197972
0.198084
0.198197
0.198201
0.198303
0.198304
0.198396
0.198392
0.198481
0.198577
0.198578
0.19867
0.189492
0.189782
0.190058
0.190114
0.190387
0.190658
0.190713
0.190974
0.19124
0.191295
0.191544
0.191803
0.191858
0.192096
0.192345
0.192401
0.192627
0.192867
0.192923
0.193138
0.19337
0.19359
0.193635
0.193848
0.194058
0.194101
0.194304
0.194503
0.194545
0.194734
0.194777
0.194956
0.19514
0.195181
0.195353
0.195529
0.195568
0.195732
0.195901
0.195936
0.196092
0.196248
0.196278
0.196426
0.196573
0.196602
0.196738
0.196764
0.196897
0.197032
0.197056
0.197179
0.197203
0.197324
0.197446
0.197466
0.197581
0.197695
0.197715
0.19782
0.197836
0.197941
0.198044
0.198061
0.198153
0.198167
0.198249
0.198257
0.198339
0.198425
0.198437
0.19852
0.188745
0.189028
0.189286
0.189352
0.189617
0.189875
0.189936
0.190189
0.190445
0.190505
0.190746
0.190996
0.191054
0.191284
0.191524
0.191583
0.191802
0.192033
0.19209
0.192298
0.192521
0.192722
0.192779
0.192983
0.193174
0.193229
0.193422
0.193603
0.193657
0.193834
0.193883
0.194052
0.194225
0.194272
0.194433
0.194598
0.194641
0.194794
0.194952
0.194994
0.195141
0.195284
0.195321
0.195459
0.195592
0.19563
0.195756
0.195787
0.195911
0.196035
0.196065
0.19618
0.196208
0.196319
0.196432
0.196458
0.196563
0.196667
0.196692
0.19679
0.196812
0.196907
0.197001
0.197023
0.197108
0.197125
0.197202
0.197215
0.197288
0.197366
0.197382
0.197458
0.188618
0.188909
0.1892
0.189223
0.189493
0.189775
0.189801
0.190061
0.190335
0.190365
0.190614
0.190878
0.190909
0.191148
0.191402
0.191433
0.191662
0.191906
0.191937
0.192155
0.19239
0.192621
0.192636
0.19285
0.19307
0.193083
0.193287
0.193497
0.19351
0.193698
0.193717
0.193899
0.194088
0.194105
0.194281
0.194463
0.194478
0.194645
0.19482
0.194831
0.19499
0.195154
0.19516
0.195312
0.195467
0.195471
0.195612
0.195616
0.195753
0.195896
0.195899
0.196027
0.196031
0.196156
0.196286
0.196286
0.196406
0.19653
0.196528
0.196639
0.196638
0.196748
0.19686
0.196858
0.196956
0.196953
0.197043
0.197036
0.197124
0.197218
0.197214
0.197303
0.187946
0.188219
0.188466
0.188535
0.188792
0.189038
0.189102
0.189346
0.18959
0.189652
0.189882
0.190123
0.190187
0.190401
0.190635
0.190699
0.190901
0.191124
0.19119
0.191378
0.191592
0.191781
0.191838
0.192035
0.192214
0.19227
0.192456
0.192625
0.192679
0.192852
0.192907
0.193058
0.193225
0.193276
0.193422
0.19358
0.193627
0.193769
0.19392
0.193963
0.1941
0.194234
0.194272
0.194405
0.194526
0.194564
0.194688
0.194722
0.194835
0.194951
0.194982
0.195092
0.195127
0.195224
0.195331
0.195359
0.195458
0.195552
0.195579
0.195673
0.195696
0.195785
0.19587
0.195894
0.195976
0.195995
0.196067
0.196087
0.196149
0.196221
0.19624
0.19631
0.187256
0.187526
0.187778
0.187827
0.188082
0.18833
0.188372
0.18862
0.188864
0.188902
0.189141
0.189378
0.189413
0.189642
0.18987
0.189903
0.190122
0.190341
0.19037
0.190578
0.190791
0.190989
0.191023
0.191216
0.191405
0.191436
0.19162
0.1918
0.19183
0.191997
0.192021
0.192189
0.192356
0.192379
0.192539
0.192698
0.19272
0.19287
0.193024
0.193045
0.193187
0.19333
0.193347
0.193481
0.193616
0.193631
0.193754
0.193765
0.193889
0.194013
0.194023
0.194136
0.194144
0.194257
0.194371
0.194378
0.194484
0.194592
0.194598
0.194696
0.1947
0.194798
0.194896
0.194899
0.194987
0.194989
0.195068
0.195066
0.195143
0.195226
0.195227
0.195307
0.18715
0.187416
0.18767
0.187722
0.187971
0.188219
0.18827
0.188508
0.188751
0.188801
0.189028
0.189264
0.189314
0.189531
0.189755
0.189803
0.19001
0.190223
0.19027
0.190465
0.190671
0.190868
0.190905
0.191094
0.191281
0.191316
0.191496
0.191673
0.191707
0.191873
0.191907
0.192068
0.192228
0.192262
0.192414
0.192569
0.192599
0.192745
0.192894
0.19292
0.193057
0.193194
0.193218
0.193348
0.193477
0.193498
0.193618
0.193637
0.193756
0.193873
0.193891
0.194
0.194016
0.194124
0.194231
0.194246
0.194348
0.194448
0.194462
0.194554
0.194567
0.19466
0.19475
0.194762
0.194843
0.194853
0.194928
0.194932
0.195007
0.195082
0.19509
0.195164
0.186449
0.186707
0.186942
0.187008
0.187249
0.187483
0.187543
0.187772
0.188003
0.188061
0.188278
0.188502
0.18856
0.188764
0.188977
0.189034
0.189227
0.189428
0.189485
0.189664
0.189859
0.190033
0.190088
0.190267
0.190431
0.190483
0.190651
0.190805
0.190857
0.19101
0.191058
0.191202
0.191351
0.191396
0.191533
0.191674
0.191716
0.191847
0.191981
0.192022
0.192147
0.192268
0.192304
0.192423
0.192533
0.19257
0.192677
0.192708
0.192814
0.192917
0.192948
0.193044
0.193072
0.193166
0.193261
0.193287
0.193377
0.193463
0.193489
0.193571
0.193593
0.193674
0.193753
0.193774
0.193847
0.193865
0.19393
0.193945
0.194007
0.194072
0.19409
0.194153
0.186309
0.18658
0.186852
0.186865
0.187115
0.187379
0.187395
0.187634
0.187887
0.187906
0.188135
0.188378
0.188399
0.188616
0.188847
0.188867
0.189074
0.189292
0.189313
0.189508
0.18972
0.189929
0.189931
0.190123
0.190321
0.190324
0.190505
0.190694
0.190697
0.190864
0.190875
0.191036
0.191204
0.191214
0.191367
0.19153
0.191536
0.191683
0.19184
0.191842
0.191983
0.192129
0.192128
0.192262
0.192401
0.192398
0.192522
0.192521
0.192643
0.192769
0.192766
0.192879
0.192879
0.192989
0.193105
0.193101
0.193208
0.193318
0.193311
0.193409
0.193404
0.193503
0.193603
0.193597
0.193685
0.193678
0.193759
0.19375
0.19383
0.193914
0.193907
0.193987
0.185683
0.185933
0.186162
0.186227
0.186461
0.186688
0.186747
0.186969
0.187191
0.18725
0.18746
0.187676
0.187734
0.187929
0.188133
0.188193
0.188374
0.188568
0.188626
0.188794
0.188981
0.18915
0.189201
0.189371
0.189531
0.189579
0.18974
0.18989
0.189937
0.190085
0.190132
0.190266
0.190409
0.190454
0.190583
0.190719
0.190759
0.190883
0.191012
0.19105
0.191168
0.191286
0.191319
0.191432
0.19154
0.191572
0.191676
0.191706
0.191804
0.191905
0.191932
0.192025
0.192054
0.192141
0.192232
0.192257
0.192341
0.192426
0.192448
0.192528
0.192549
0.192626
0.192701
0.192721
0.192791
0.192808
0.19287
0.192886
0.192944
0.193007
0.193023
0.193085
0.185003
0.185247
0.185476
0.18553
0.185759
0.185983
0.186032
0.186253
0.186471
0.186516
0.186727
0.186937
0.18698
0.187179
0.187378
0.187418
0.187606
0.187795
0.187834
0.188011
0.188193
0.188363
0.188402
0.188569
0.188729
0.188766
0.188922
0.189073
0.189109
0.189251
0.189282
0.189424
0.189564
0.189594
0.189727
0.18986
0.189888
0.190014
0.190142
0.190169
0.190288
0.190406
0.190429
0.19054
0.190651
0.190674
0.190774
0.190793
0.190895
0.190996
0.191014
0.191107
0.191122
0.191216
0.191308
0.191322
0.19141
0.191498
0.19151
0.19159
0.191601
0.19168
0.19176
0.191771
0.191842
0.191851
0.191916
0.191921
0.191984
0.192051
0.192058
0.192122
0.184899
0.185146
0.185389
0.185425
0.185656
0.18589
0.185926
0.186147
0.186372
0.186408
0.186619
0.186834
0.186869
0.187068
0.187272
0.187304
0.187494
0.187688
0.187717
0.187897
0.188082
0.188264
0.188285
0.188456
0.188626
0.188647
0.188807
0.188969
0.188988
0.189137
0.189157
0.189301
0.189447
0.189467
0.189605
0.189744
0.189761
0.189893
0.190026
0.19004
0.190164
0.190289
0.1903
0.190417
0.190535
0.190545
0.190653
0.190661
0.190768
0.190875
0.190883
0.190981
0.190988
0.191086
0.191184
0.191189
0.191282
0.191374
0.191379
0.191463
0.191466
0.191552
0.191635
0.191638
0.191714
0.191717
0.191786
0.191784
0.191853
0.191924
0.191925
0.191993
0.184254
0.184492
0.184702
0.184767
0.184988
0.185199
0.185258
0.185464
0.185672
0.185731
0.185921
0.186123
0.18618
0.186356
0.186548
0.186604
0.186767
0.186948
0.187005
0.187156
0.187329
0.187479
0.187528
0.187687
0.187828
0.187876
0.188026
0.188158
0.188205
0.188342
0.188387
0.188506
0.188639
0.188682
0.188795
0.188921
0.188959
0.189067
0.189187
0.189224
0.18933
0.189435
0.189467
0.18957
0.189664
0.189696
0.189793
0.189822
0.189907
0.19
0.190026
0.190112
0.190142
0.190216
0.1903
0.190323
0.190399
0.190473
0.190494
0.190569
0.190589
0.190657
0.190723
0.190743
0.190808
0.190826
0.190882
0.1909
0.190946
0.191006
0.191022
0.191077
0.183628
0.183863
0.184084
0.184123
0.184344
0.18456
0.184593
0.184806
0.185014
0.185044
0.185246
0.185446
0.185472
0.185663
0.185853
0.185877
0.186058
0.186238
0.18626
0.18643
0.186606
0.186768
0.186792
0.18695
0.187105
0.187127
0.187275
0.187421
0.187443
0.187577
0.187594
0.187731
0.187864
0.187881
0.18801
0.188136
0.188152
0.188274
0.188395
0.18841
0.188525
0.188638
0.188649
0.188757
0.188863
0.188875
0.188971
0.18898
0.189078
0.189176
0.189184
0.189274
0.18928
0.189369
0.18946
0.189465
0.189551
0.189635
0.18964
0.189716
0.189719
0.189797
0.189876
0.189878
0.189947
0.189949
0.190013
0.190012
0.190075
0.190142
0.190142
0.190206
0.183531
0.183759
0.183978
0.184027
0.184239
0.184452
0.184499
0.184701
0.184905
0.18495
0.185141
0.185335
0.185379
0.185558
0.185741
0.185782
0.185953
0.186125
0.186164
0.186324
0.18649
0.186649
0.186682
0.186833
0.186984
0.187014
0.187157
0.187298
0.187327
0.187459
0.187487
0.187615
0.187744
0.187771
0.187892
0.188014
0.188039
0.188155
0.188271
0.188293
0.188402
0.18851
0.188529
0.188632
0.188733
0.18875
0.188845
0.18886
0.188954
0.189047
0.189061
0.189147
0.189159
0.189245
0.18933
0.189341
0.189422
0.189501
0.189511
0.189585
0.189594
0.189668
0.189741
0.189749
0.189815
0.189822
0.189883
0.189887
0.189947
0.190008
0.190014
0.190073
0.182898
0.183118
0.183318
0.18338
0.183586
0.183783
0.183839
0.184032
0.184224
0.184278
0.184457
0.184641
0.184692
0.184859
0.185033
0.185083
0.185239
0.185403
0.185452
0.185597
0.185753
0.185894
0.18594
0.186084
0.186215
0.186259
0.186393
0.186517
0.186559
0.186682
0.186722
0.186836
0.186956
0.186992
0.187101
0.187213
0.187248
0.187351
0.187457
0.18749
0.187589
0.187685
0.187714
0.187807
0.187895
0.187924
0.18801
0.188036
0.188117
0.1882
0.188224
0.188301
0.188324
0.188397
0.188472
0.188493
0.188564
0.188633
0.188654
0.188718
0.188736
0.188801
0.188862
0.18888
0.188938
0.188953
0.189005
0.189019
0.189069
0.189121
0.189135
0.189186
0.182324
0.18255
0.182763
0.18279
0.183002
0.183207
0.183229
0.183432
0.183631
0.183647
0.183841
0.18403
0.184043
0.184227
0.184407
0.184417
0.184591
0.184762
0.184771
0.184935
0.185101
0.185255
0.18527
0.18542
0.185565
0.185578
0.185719
0.185855
0.185869
0.185996
0.186002
0.186132
0.18626
0.186267
0.186389
0.186509
0.186517
0.186632
0.186747
0.186754
0.186863
0.186969
0.186975
0.187077
0.187177
0.187183
0.187274
0.187276
0.18737
0.187463
0.187465
0.187549
0.18755
0.187636
0.187721
0.187721
0.187803
0.187883
0.187884
0.187956
0.187955
0.18803
0.188102
0.188102
0.188168
0.188166
0.188227
0.188223
0.188285
0.188348
0.188346
0.188406
0.182219
0.182432
0.182631
0.182686
0.182884
0.183077
0.183129
0.183315
0.1835
0.18355
0.183724
0.1839
0.183948
0.18411
0.184276
0.184323
0.184475
0.184632
0.184676
0.184818
0.184968
0.18511
0.185148
0.185285
0.185418
0.185454
0.185582
0.185706
0.185741
0.185859
0.185892
0.186005
0.18612
0.186152
0.186259
0.186367
0.186397
0.186499
0.186601
0.186627
0.186723
0.186819
0.186842
0.186933
0.187022
0.187044
0.187128
0.187148
0.18723
0.187312
0.18733
0.187406
0.187423
0.187498
0.187572
0.187587
0.187658
0.187727
0.187741
0.187807
0.187819
0.187884
0.187947
0.187958
0.188016
0.188027
0.18808
0.188089
0.188142
0.188195
0.188204
0.188255
0.181629
0.181835
0.182026
0.182082
0.182273
0.182458
0.18251
0.18269
0.182868
0.182916
0.183084
0.183253
0.183299
0.183456
0.183617
0.18366
0.183807
0.183959
0.184
0.184138
0.184282
0.184416
0.184455
0.184586
0.184712
0.184749
0.184872
0.18499
0.185026
0.185138
0.185171
0.185279
0.185389
0.185421
0.185522
0.185625
0.185655
0.185751
0.185848
0.185876
0.185967
0.186057
0.186083
0.186169
0.186252
0.186276
0.186353
0.186376
0.186453
0.18653
0.18655
0.18662
0.18664
0.186709
0.186779
0.186797
0.186862
0.186927
0.186944
0.187004
0.187019
0.187078
0.187137
0.187152
0.187205
0.187218
0.187267
0.187278
0.187326
0.187375
0.187388
0.187434
0.18152
0.181737
0.181952
0.18197
0.182169
0.182374
0.182393
0.182581
0.182775
0.182794
0.182971
0.183154
0.183173
0.183339
0.183512
0.18353
0.183687
0.18385
0.183867
0.184015
0.184172
0.184324
0.184332
0.184473
0.184617
0.184624
0.184757
0.184893
0.1849
0.185022
0.185032
0.18515
0.185272
0.185282
0.185394
0.185509
0.185517
0.185624
0.185734
0.18574
0.185841
0.185945
0.185948
0.186044
0.186143
0.186143
0.186232
0.186233
0.186321
0.186411
0.186411
0.186492
0.186494
0.186574
0.186656
0.186655
0.186731
0.186809
0.186807
0.186877
0.186876
0.186946
0.187017
0.187015
0.187079
0.187076
0.187135
0.187131
0.187189
0.187251
0.187247
0.187305
0.181031
0.181231
0.181416
0.18147
0.181655
0.181834
0.181885
0.182057
0.182229
0.182277
0.182437
0.182601
0.182648
0.182796
0.18295
0.182996
0.183135
0.18328
0.183324
0.183453
0.183591
0.183719
0.183757
0.183883
0.184003
0.184039
0.184158
0.18427
0.184305
0.184413
0.184448
0.184549
0.184653
0.184686
0.184781
0.18488
0.18491
0.185001
0.185095
0.185123
0.185209
0.185295
0.18532
0.185401
0.185482
0.185504
0.18558
0.185602
0.185675
0.185747
0.185767
0.185835
0.185855
0.18592
0.185986
0.186004
0.186066
0.186127
0.186145
0.186202
0.186218
0.186273
0.18633
0.186344
0.186395
0.186408
0.186455
0.186466
0.186512
0.18656
0.186571
0.186615
0.180341
0.180528
0.180722
0.180902
0.180954
0.181133
0.181308
0.181354
0.181523
0.181689
0.181733
0.181891
0.182049
0.182091
0.182238
0.182387
0.182427
0.182565
0.182705
0.182742
0.182871
0.183006
0.183131
0.183166
0.183287
0.183404
0.183437
0.183552
0.183662
0.183694
0.183798
0.183827
0.183928
0.184031
0.184058
0.184153
0.184249
0.184275
0.184363
0.184454
0.18448
0.184564
0.184648
0.18467
0.184749
0.184827
0.184849
0.184921
0.18494
0.185011
0.185082
0.1851
0.185166
0.185183
0.185247
0.185312
0.185327
0.185389
0.185449
0.185464
0.185519
0.185533
0.185588
0.185642
0.185655
0.185705
0.185716
0.185762
0.185772
0.185817
0.185864
0.185874
0.185917
0.180241
0.180433
0.180636
0.180837
0.180856
0.181042
0.181232
0.181252
0.181427
0.181606
0.181627
0.181791
0.181961
0.181981
0.182135
0.182295
0.182314
0.182459
0.182609
0.182628
0.182764
0.182908
0.183049
0.183058
0.183188
0.18332
0.183329
0.183451
0.183575
0.183585
0.183695
0.183707
0.183816
0.183927
0.183939
0.184041
0.184146
0.184156
0.184253
0.184354
0.184361
0.184453
0.184548
0.184553
0.18464
0.184731
0.184733
0.184814
0.184817
0.184896
0.184979
0.18498
0.185054
0.185057
0.18513
0.185204
0.185205
0.185275
0.185345
0.185345
0.185409
0.185409
0.185473
0.185538
0.185536
0.185594
0.185593
0.185647
0.185645
0.185698
0.185754
0.185752
0.185804
0.17984
0.180017
0.180206
0.180381
0.180432
0.180605
0.180773
0.180819
0.180982
0.181143
0.181187
0.181338
0.181491
0.181534
0.181674
0.181818
0.18186
0.18199
0.182125
0.182166
0.182287
0.182415
0.182535
0.18257
0.182688
0.1828
0.182833
0.182943
0.183048
0.183079
0.18318
0.183212
0.183306
0.183404
0.183434
0.183522
0.183614
0.183641
0.183726
0.183812
0.183838
0.183917
0.183998
0.18402
0.184096
0.18417
0.184191
0.184261
0.184281
0.184348
0.184416
0.184434
0.184498
0.184515
0.184576
0.184638
0.184653
0.184711
0.184769
0.184784
0.184837
0.184851
0.184903
0.184955
0.184968
0.185015
0.185027
0.185072
0.185082
0.185125
0.185169
0.18518
0.185221
0.179415
0.17959
0.179774
0.179941
0.179992
0.180161
0.180324
0.18037
0.180528
0.180683
0.180727
0.180873
0.181021
0.181062
0.181198
0.181338
0.181378
0.181505
0.181636
0.181674
0.181793
0.181917
0.182031
0.182067
0.182181
0.182287
0.182321
0.182427
0.182527
0.182559
0.182657
0.182686
0.182779
0.182873
0.1829
0.182987
0.183075
0.183102
0.183184
0.183267
0.183292
0.183369
0.183445
0.183468
0.183541
0.183612
0.183633
0.1837
0.183719
0.183785
0.18385
0.183868
0.183928
0.183945
0.184004
0.184063
0.184078
0.184134
0.184189
0.184204
0.184255
0.184268
0.184319
0.184369
0.184381
0.184427
0.184439
0.184481
0.184491
0.184533
0.184575
0.184585
0.184625
0.179034
0.179221
0.179408
0.179582
0.179611
0.179785
0.179951
0.179976
0.180141
0.180299
0.180319
0.180476
0.180627
0.180644
0.18079
0.180933
0.180949
0.181087
0.181222
0.181236
0.181366
0.181496
0.181616
0.181634
0.181751
0.181865
0.181881
0.181991
0.182097
0.182114
0.182213
0.182223
0.182325
0.182424
0.182434
0.182528
0.182622
0.182632
0.182721
0.182809
0.182819
0.182902
0.182984
0.182993
0.183071
0.183148
0.183156
0.183226
0.183232
0.183304
0.183374
0.18338
0.183444
0.183448
0.183514
0.183578
0.183582
0.183644
0.183705
0.18371
0.183764
0.183767
0.183824
0.183878
0.183882
0.183931
0.183934
0.18398
0.18398
0.184029
0.184076
0.184078
0.184123
0.178978
0.179149
0.179328
0.179496
0.179539
0.179704
0.179865
0.179906
0.18006
0.180213
0.180251
0.180395
0.180539
0.180577
0.18071
0.180846
0.180882
0.181007
0.181134
0.181169
0.181285
0.181406
0.181522
0.181551
0.181661
0.18177
0.181796
0.1819
0.182001
0.182027
0.182122
0.182147
0.182238
0.18233
0.182355
0.182441
0.182527
0.182549
0.18263
0.182712
0.182732
0.182809
0.182885
0.182903
0.182975
0.183046
0.183063
0.183129
0.183144
0.18321
0.183275
0.183289
0.183348
0.183362
0.183421
0.18348
0.183491
0.183548
0.183603
0.183614
0.183665
0.183674
0.183726
0.183776
0.183785
0.183831
0.183839
0.183883
0.183889
0.183932
0.183975
0.183982
0.184023
0.178622
0.178782
0.178959
0.179115
0.179165
0.179327
0.179478
0.179523
0.179671
0.179818
0.179861
0.179996
0.180137
0.180178
0.180303
0.180437
0.180477
0.180591
0.180717
0.180757
0.180861
0.180981
0.181084
0.18112
0.181228
0.181325
0.181359
0.181459
0.181549
0.181582
0.181675
0.181706
0.181787
0.181877
0.181906
0.181983
0.182067
0.182094
0.182167
0.182244
0.182269
0.18234
0.18241
0.182432
0.182501
0.182563
0.182587
0.182649
0.182669
0.182728
0.182787
0.182807
0.182862
0.182882
0.182932
0.182987
0.183004
0.183054
0.183102
0.183118
0.183167
0.183181
0.183226
0.183269
0.183284
0.183326
0.183339
0.183378
0.183391
0.183426
0.183463
0.183476
0.183511
0.178276
0.178447
0.178618
0.178779
0.178818
0.178976
0.17913
0.179164
0.179313
0.179459
0.17949
0.17963
0.179768
0.179797
0.179928
0.180059
0.180085
0.180209
0.180331
0.180355
0.18047
0.180588
0.180699
0.180723
0.180829
0.180932
0.180954
0.181054
0.18115
0.181172
0.181262
0.18128
0.18137
0.181459
0.181477
0.18156
0.181644
0.18166
0.181739
0.181818
0.181833
0.181907
0.181981
0.181995
0.182063
0.182132
0.182145
0.182208
0.182219
0.182282
0.182345
0.182355
0.182412
0.182422
0.182479
0.182536
0.182544
0.182598
0.182652
0.18266
0.182708
0.182715
0.182764
0.182813
0.18282
0.182864
0.18287
0.182911
0.182915
0.182957
0.182998
0.183003
0.183042
0.178213
0.178379
0.178552
0.17872
0.17875
0.178907
0.179066
0.179095
0.179242
0.179392
0.17942
0.179558
0.179698
0.179726
0.179855
0.179987
0.180013
0.180135
0.180257
0.180282
0.180395
0.180514
0.180628
0.180646
0.180753
0.18086
0.180877
0.180977
0.181078
0.181094
0.181184
0.181203
0.181291
0.181381
0.181398
0.181481
0.181565
0.18158
0.181659
0.18174
0.181752
0.181827
0.181902
0.181913
0.181982
0.182053
0.182063
0.182126
0.182135
0.182199
0.182264
0.182272
0.18233
0.182338
0.182396
0.182453
0.18246
0.182515
0.18257
0.182576
0.182626
0.182631
0.182681
0.182731
0.182735
0.18278
0.182783
0.182826
0.182829
0.182872
0.182915
0.182917
0.182957
0.177908
0.178064
0.17823
0.17838
0.178426
0.178578
0.178723
0.178765
0.178907
0.179045
0.179085
0.179215
0.179347
0.179386
0.179505
0.179629
0.179667
0.179777
0.179894
0.17993
0.180032
0.180143
0.180243
0.180276
0.180376
0.18047
0.1805
0.180594
0.180681
0.180711
0.180797
0.180824
0.180903
0.180986
0.181012
0.181087
0.181164
0.181188
0.181259
0.181331
0.181354
0.181421
0.181486
0.181507
0.181571
0.181631
0.181651
0.181709
0.181728
0.181783
0.181839
0.181856
0.181908
0.181925
0.181974
0.182025
0.18204
0.182087
0.182133
0.182148
0.182192
0.182204
0.182247
0.182289
0.182302
0.182341
0.182352
0.182388
0.182398
0.182433
0.182469
0.182479
0.182512
0.177582
0.177734
0.177897
0.178043
0.178088
0.178236
0.178378
0.178419
0.178556
0.178692
0.17873
0.178856
0.178985
0.179022
0.179138
0.179259
0.179295
0.179403
0.179517
0.17955
0.179651
0.179758
0.179855
0.179887
0.179985
0.180075
0.180105
0.180196
0.18028
0.18031
0.180392
0.180418
0.180496
0.180575
0.180601
0.180674
0.180748
0.180771
0.18084
0.18091
0.180931
0.180997
0.18106
0.181079
0.181142
0.181199
0.181219
0.181276
0.181292
0.181347
0.181401
0.181417
0.181467
0.181482
0.18153
0.18158
0.181593
0.181639
0.181684
0.181697
0.18174
0.181752
0.181793
0.181834
0.181845
0.181883
0.181894
0.181929
0.181938
0.181972
0.182006
0.182016
0.182048
0.177259
0.17742
0.177581
0.177729
0.177764
0.177912
0.178054
0.178084
0.178223
0.178359
0.178384
0.178516
0.178644
0.178667
0.17879
0.17891
0.178931
0.179047
0.17916
0.179179
0.179286
0.179396
0.179496
0.179517
0.179616
0.17971
0.179729
0.179821
0.179909
0.179927
0.18001
0.180024
0.180108
0.180189
0.180203
0.18028
0.180356
0.180369
0.180442
0.180514
0.180527
0.180594
0.180661
0.180673
0.180736
0.180799
0.180809
0.180866
0.180875
0.180932
0.180989
0.180997
0.181049
0.181056
0.181108
0.18116
0.181166
0.181216
0.181264
0.18127
0.181315
0.181319
0.181364
0.181408
0.181413
0.181453
0.181457
0.181494
0.181497
0.181534
0.181572
0.181576
0.181611
0.177193
0.177346
0.177506
0.17766
0.17769
0.177835
0.177981
0.178009
0.178145
0.178283
0.17831
0.178437
0.178566
0.178593
0.17871
0.178831
0.178857
0.178967
0.179079
0.179104
0.179206
0.179313
0.179418
0.179435
0.179533
0.17963
0.179646
0.179737
0.179828
0.179843
0.179925
0.179943
0.180022
0.180103
0.180119
0.180194
0.18027
0.180286
0.180356
0.180428
0.18044
0.180507
0.180575
0.180585
0.180649
0.180712
0.180721
0.180778
0.180787
0.180844
0.1809
0.180909
0.18096
0.180969
0.18102
0.181071
0.181078
0.181126
0.181175
0.181181
0.181224
0.18123
0.181274
0.181318
0.181322
0.181362
0.181366
0.181403
0.181407
0.181444
0.181481
0.181485
0.18152
0.176875
0.17702
0.177175
0.177313
0.177356
0.177498
0.177631
0.177669
0.177801
0.177928
0.177964
0.178085
0.178206
0.17824
0.178351
0.178466
0.178498
0.1786
0.178707
0.178739
0.178834
0.178936
0.179027
0.179056
0.179148
0.179233
0.17926
0.179346
0.179425
0.179451
0.17953
0.179554
0.179626
0.179702
0.179724
0.179793
0.179862
0.179883
0.179948
0.180013
0.180032
0.180094
0.180153
0.180171
0.180229
0.180283
0.180302
0.180354
0.180369
0.18042
0.18047
0.180485
0.180532
0.180546
0.18059
0.180636
0.180648
0.180691
0.180732
0.180745
0.180784
0.180795
0.180833
0.18087
0.180881
0.180917
0.180926
0.180959
0.180967
0.180998
0.18103
0.181038
0.181069
0.176515
0.176655
0.176807
0.17694
0.176983
0.177121
0.177251
0.177288
0.177415
0.177541
0.177575
0.177691
0.17781
0.177843
0.17795
0.178062
0.178095
0.178193
0.178297
0.178329
0.17842
0.178518
0.178605
0.178634
0.178724
0.178805
0.178832
0.178916
0.17899
0.179017
0.179093
0.179118
0.179186
0.179259
0.179282
0.179346
0.179414
0.179435
0.179496
0.17956
0.179579
0.179637
0.179694
0.179712
0.179767
0.179818
0.179837
0.179888
0.179903
0.179951
0.179999
0.180013
0.180058
0.180073
0.180114
0.180159
0.180171
0.180212
0.180251
0.180264
0.180301
0.180312
0.180348
0.180383
0.180394
0.180427
0.180437
0.180467
0.180476
0.180505
0.180534
0.180543
0.180571
0.176126
0.176271
0.176418
0.176554
0.176589
0.176725
0.176854
0.176884
0.177011
0.177134
0.177161
0.17728
0.177396
0.177421
0.177531
0.177641
0.177663
0.177766
0.177869
0.17789
0.177985
0.178083
0.178172
0.178195
0.178282
0.178366
0.178387
0.178468
0.178546
0.178565
0.17864
0.178656
0.178728
0.178801
0.178817
0.178884
0.178951
0.178966
0.179029
0.179092
0.179106
0.179166
0.179224
0.179236
0.179292
0.179346
0.179358
0.179408
0.179418
0.179467
0.179517
0.179527
0.179571
0.179579
0.179624
0.179669
0.179676
0.179719
0.17976
0.179767
0.179806
0.179812
0.17985
0.179887
0.179893
0.179927
0.179932
0.179964
0.179968
0.179999
0.180031
0.180036
0.180065
0.176019
0.176156
0.176308
0.176463
0.176474
0.17661
0.176753
0.176769
0.176893
0.177028
0.177046
0.17716
0.177285
0.177306
0.177411
0.177526
0.177548
0.177645
0.177751
0.177773
0.177863
0.177965
0.178068
0.178073
0.178164
0.178259
0.178264
0.178349
0.178438
0.178443
0.178518
0.178533
0.178604
0.17868
0.178692
0.17876
0.178831
0.178841
0.178905
0.178974
0.17898
0.179042
0.179107
0.17911
0.179169
0.179231
0.179232
0.179286
0.17929
0.179341
0.179396
0.179399
0.179446
0.179452
0.179497
0.179547
0.179549
0.179593
0.17964
0.17964
0.179682
0.179683
0.179723
0.179766
0.179766
0.179803
0.179803
0.179837
0.179839
0.179872
0.179908
0.179907
0.17994
0.175613
0.175749
0.175894
0.176032
0.176059
0.17619
0.17632
0.176347
0.176469
0.176591
0.176617
0.176729
0.176844
0.17687
0.176974
0.177081
0.177106
0.177202
0.177301
0.177325
0.177414
0.177509
0.1776
0.177618
0.177703
0.177787
0.177803
0.177882
0.177961
0.177977
0.178049
0.178066
0.178134
0.178204
0.178221
0.178285
0.17835
0.178365
0.178425
0.178488
0.1785
0.178557
0.178616
0.178626
0.178679
0.178734
0.178743
0.178791
0.178801
0.178849
0.178897
0.178906
0.17895
0.178957
0.179
0.179043
0.179051
0.179092
0.179133
0.179138
0.179176
0.179181
0.179218
0.179256
0.17926
0.179293
0.179298
0.179329
0.179332
0.179362
0.179394
0.179397
0.179426
0.175145
0.17528
0.17542
0.175544
0.17558
0.175712
0.175829
0.175861
0.175984
0.176096
0.176125
0.176238
0.176344
0.176373
0.176475
0.176576
0.176603
0.176697
0.176792
0.176819
0.176904
0.176995
0.177073
0.1771
0.177183
0.177256
0.177281
0.177358
0.177426
0.17745
0.17752
0.17754
0.177604
0.17767
0.17769
0.17775
0.177812
0.177829
0.177888
0.177944
0.17796
0.178016
0.178066
0.178082
0.178133
0.178179
0.178196
0.178241
0.178254
0.178299
0.178341
0.178354
0.178396
0.178407
0.178447
0.178486
0.178496
0.178535
0.178569
0.17858
0.178614
0.178623
0.178657
0.178688
0.178698
0.178728
0.178736
0.178764
0.178771
0.178798
0.178824
0.178832
0.178857
0.17462
0.174749
0.174888
0.175009
0.175045
0.175172
0.175289
0.17532
0.175437
0.17555
0.175579
0.175685
0.175792
0.175821
0.175917
0.176018
0.176047
0.176135
0.17623
0.176257
0.176338
0.176427
0.176505
0.17653
0.176611
0.176683
0.176707
0.176783
0.176849
0.176872
0.17694
0.176962
0.177023
0.177089
0.177109
0.177166
0.177227
0.177246
0.177299
0.177357
0.177374
0.177425
0.177476
0.177491
0.177541
0.177586
0.177602
0.177648
0.177661
0.177703
0.177746
0.177759
0.177799
0.177813
0.177848
0.177889
0.1779
0.177935
0.17797
0.177981
0.178014
0.178024
0.178056
0.178087
0.178097
0.178127
0.178136
0.178163
0.178171
0.178195
0.178222
0.17823
0.178255
0.174058
0.174187
0.174323
0.174445
0.174478
0.174601
0.174721
0.174748
0.174862
0.174976
0.175002
0.175107
0.175215
0.17524
0.175337
0.175437
0.175461
0.175552
0.175645
0.175668
0.175752
0.17584
0.17592
0.175942
0.176022
0.176097
0.176118
0.176192
0.176261
0.176281
0.176348
0.176366
0.17643
0.176496
0.176513
0.176572
0.176633
0.176649
0.176705
0.176763
0.176778
0.17683
0.176883
0.176896
0.176946
0.176995
0.177007
0.177053
0.177064
0.177109
0.177153
0.177164
0.177205
0.177215
0.177255
0.177295
0.177304
0.177342
0.177379
0.177388
0.177422
0.17743
0.177464
0.177498
0.177506
0.177537
0.177544
0.177572
0.177578
0.177606
0.177635
0.177641
0.177667
0.173483
0.173622
0.173758
0.173877
0.173909
0.174035
0.174152
0.174176
0.174295
0.174407
0.174427
0.174539
0.174646
0.174662
0.174767
0.174868
0.174883
0.174981
0.175076
0.175089
0.175181
0.175273
0.175353
0.175373
0.175455
0.175531
0.175549
0.175626
0.175696
0.175714
0.175784
0.175794
0.175865
0.175933
0.175944
0.17601
0.176073
0.176084
0.176145
0.176205
0.176216
0.176273
0.176328
0.176338
0.176392
0.176443
0.176454
0.176502
0.176509
0.176559
0.176605
0.176614
0.176657
0.176662
0.176708
0.176752
0.176758
0.1768
0.176841
0.176847
0.176885
0.176889
0.176928
0.176965
0.17697
0.177004
0.177008
0.177041
0.177043
0.177077
0.17711
0.177113
0.177144
0.172936
0.173087
0.173226
0.173341
0.173374
0.173507
0.17362
0.173642
0.173769
0.173879
0.173893
0.174015
0.174123
0.17413
0.174246
0.17435
0.174355
0.174463
0.174562
0.174565
0.174667
0.174764
0.174843
0.174864
0.174951
0.175026
0.175045
0.175127
0.175198
0.175216
0.17529
0.175294
0.175373
0.175446
0.175451
0.175523
0.175591
0.175598
0.175666
0.175729
0.175737
0.1758
0.175858
0.175867
0.175926
0.175979
0.17599
0.176042
0.176046
0.176101
0.176152
0.176158
0.176208
0.17621
0.176261
0.176309
0.176313
0.17636
0.176404
0.17641
0.176452
0.176455
0.176499
0.176539
0.176544
0.176583
0.176585
0.176623
0.176624
0.176663
0.1767
0.176702
0.176738
0.172797
0.172922
0.173061
0.173198
0.173217
0.173342
0.173471
0.173492
0.173607
0.173728
0.173752
0.173858
0.173971
0.173995
0.174094
0.174199
0.174224
0.174316
0.174414
0.174439
0.174525
0.174619
0.174711
0.174725
0.174809
0.174896
0.17491
0.174989
0.17507
0.175083
0.175156
0.175174
0.175243
0.175314
0.175331
0.175396
0.175464
0.175479
0.175541
0.175606
0.175619
0.175678
0.175739
0.17575
0.175807
0.175864
0.175874
0.175926
0.175937
0.175988
0.17604
0.17605
0.176098
0.176108
0.176153
0.176201
0.17621
0.176254
0.1763
0.176307
0.176349
0.176356
0.176397
0.176439
0.176446
0.176484
0.176491
0.176526
0.176533
0.176569
0.176606
0.176611
0.176645
0.172354
0.172485
0.172624
0.172757
0.172788
0.172916
0.173042
0.173073
0.173192
0.173312
0.173342
0.173453
0.173566
0.173597
0.173699
0.173806
0.173836
0.173933
0.174033
0.174063
0.174152
0.174248
0.17434
0.174364
0.17445
0.174537
0.174559
0.174641
0.174723
0.174745
0.17482
0.174844
0.174916
0.174991
0.175013
0.17508
0.175151
0.175172
0.175237
0.175304
0.175323
0.175385
0.175449
0.175466
0.175525
0.175586
0.175602
0.175657
0.175673
0.175726
0.175782
0.175797
0.175848
0.175863
0.175913
0.175962
0.175976
0.176024
0.176072
0.176084
0.176129
0.176141
0.176185
0.17623
0.17624
0.176282
0.176293
0.176332
0.176344
0.176383
0.176422
0.176432
0.176468
0.172098
0.172229
0.172375
0.172515
0.172552
0.172682
0.172819
0.172856
0.172975
0.173106
0.173145
0.173254
0.173379
0.173418
0.173521
0.173636
0.173676
0.173774
0.173881
0.173921
0.174013
0.174115
0.174215
0.174244
0.174336
0.174431
0.174459
0.174546
0.174636
0.174662
0.174744
0.174778
0.174852
0.174934
0.174966
0.175035
0.175113
0.175143
0.175209
0.175284
0.175311
0.175375
0.175448
0.175471
0.175533
0.175601
0.175621
0.175684
0.175708
0.175763
0.175826
0.175848
0.175901
0.175926
0.175977
0.176034
0.176055
0.176104
0.17616
0.176177
0.176227
0.176246
0.176292
0.176343
0.176359
0.176406
0.176423
0.176466
0.176485
0.176528
0.176574
0.176589
0.176628
0.172182
0.172308
0.172467
0.172628
0.172667
0.172794
0.17296
0.173003
0.173111
0.173274
0.173322
0.173421
0.173572
0.173625
0.17372
0.173856
0.173912
0.174005
0.174126
0.174186
0.174275
0.174386
0.174508
0.174535
0.174636
0.174752
0.174778
0.174874
0.174985
0.17501
0.175102
0.175155
0.175224
0.17532
0.175368
0.175432
0.175529
0.17557
0.175631
0.175728
0.175762
0.175822
0.175918
0.175943
0.176009
0.176096
0.176114
0.176189
0.176226
0.176276
0.17636
0.176385
0.176442
0.176484
0.176532
0.176604
0.176632
0.17668
0.176755
0.176771
0.176831
0.17686
0.176904
0.176973
0.176987
0.177046
0.17707
0.177115
0.177151
0.177191
0.177253
0.17727
0.177317
0.172821
0.17294
0.173122
0.173312
0.173351
0.173474
0.173684
0.173735
0.173811
0.174036
0.174097
0.174172
0.174372
0.174442
0.174524
0.174693
0.174771
0.174856
0.175001
0.175085
0.17517
0.175299
0.17545
0.175472
0.175585
0.175733
0.175754
0.175863
0.176003
0.176021
0.17613
0.176207
0.17627
0.17639
0.176457
0.176507
0.176637
0.176694
0.17673
0.176873
0.176915
0.176956
0.177098
0.177125
0.177193
0.177312
0.177318
0.177418
0.177469
0.177496
0.177625
0.177653
0.177708
0.177778
0.177814
0.177915
0.177953
0.177986
0.178099
0.178106
0.178189
0.178228
0.178256
0.178363
0.178365
0.178449
0.178481
0.17852
0.178584
0.178609
0.178705
0.178719
0.178779
0.174302
0.174425
0.174636
0.174857
0.174902
0.175034
0.175285
0.175346
0.175388
0.17569
0.175767
0.175833
0.17608
0.176168
0.17625
0.176454
0.176553
0.176643
0.176815
0.176921
0.177012
0.177164
0.177343
0.177367
0.177501
0.177677
0.177699
0.177829
0.177996
0.178014
0.178147
0.178243
0.178309
0.178455
0.178539
0.178587
0.178749
0.178819
0.178847
0.17903
0.179082
0.17912
0.179298
0.179331
0.179412
0.179554
0.179559
0.179682
0.179745
0.179741
0.179928
0.179963
0.18003
0.180118
0.180154
0.180281
0.180326
0.180361
0.180501
0.180506
0.180609
0.180657
0.180685
0.180819
0.180818
0.180924
0.180961
0.18101
0.18109
0.18111
0.181236
0.18125
0.181327
0.177015
0.177151
0.177395
0.177654
0.177708
0.177868
0.178155
0.178232
0.178331
0.178632
0.178727
0.178816
0.179091
0.179201
0.179299
0.179534
0.179655
0.17976
0.179962
0.180092
0.180197
0.180377
0.180585
0.180618
0.180779
0.180981
0.181012
0.181168
0.181361
0.181388
0.181546
0.18166
0.181741
0.181912
0.182012
0.182079
0.182261
0.182345
0.182404
0.182595
0.182658
0.182728
0.182914
0.182955
0.18306
0.183218
0.183234
0.183376
0.183449
0.183502
0.183669
0.183711
0.183799
0.183895
0.183949
0.184088
0.184141
0.184205
0.184348
0.184361
0.18448
0.184533
0.184591
0.184726
0.184736
0.184853
0.184897
0.18497
0.185051
0.185101
0.185227
0.185248
0.185337
0.181503
0.181652
0.181938
0.182247
0.182315
0.182502
0.182839
0.182936
0.183056
0.183405
0.183526
0.18363
0.183947
0.184088
0.184199
0.184474
0.184629
0.184746
0.184982
0.185146
0.185266
0.185476
0.185722
0.185764
0.185954
0.186191
0.186232
0.186415
0.186641
0.186678
0.186862
0.187003
0.187097
0.187296
0.187419
0.187501
0.18771
0.187812
0.187888
0.188104
0.188182
0.188271
0.18848
0.188532
0.188656
0.188837
0.188861
0.189023
0.189113
0.18918
0.189367
0.189418
0.189522
0.189635
0.189698
0.189856
0.189921
0.189998
0.19016
0.19018
0.190315
0.19038
0.190449
0.190601
0.190617
0.19075
0.190803
0.19089
0.190987
0.191048
0.191189
0.191216
0.191317
0.188589
0.188732
0.189072
0.189458
0.189534
0.189732
0.190162
0.190283
0.190385
0.190831
0.190989
0.191072
0.191472
0.191659
0.191755
0.192092
0.1923
0.192409
0.19269
0.192912
0.193029
0.193272
0.193579
0.193618
0.193835
0.194134
0.194171
0.194381
0.194666
0.194695
0.194911
0.195105
0.195188
0.195426
0.195594
0.195658
0.195918
0.196057
0.196111
0.196387
0.196486
0.196563
0.196836
0.196892
0.197026
0.19726
0.19727
0.197469
0.197592
0.19764
0.197885
0.197944
0.198054
0.198215
0.198263
0.198463
0.198548
0.198616
0.198833
0.198841
0.19901
0.199098
0.199156
0.19936
0.199363
0.199532
0.199602
0.199692
0.199831
0.199882
0.20007
0.200096
0.200219
0.199679
0.199753
0.200171
0.200693
0.200759
0.200904
0.201529
0.201678
0.201636
0.202317
0.202534
0.202483
0.203072
0.203342
0.203342
0.203801
0.204112
0.204155
0.204507
0.204847
0.204914
0.205197
0.205631
0.205631
0.205872
0.206301
0.206299
0.206534
0.206944
0.206926
0.207185
0.207494
0.207511
0.207824
0.208087
0.208059
0.208437
0.208643
0.208585
0.209022
0.209159
0.20914
0.209585
0.209638
0.209756
0.210116
0.210069
0.21035
0.210541
0.210491
0.210896
0.210962
0.211054
0.211334
0.211317
0.211621
0.211747
0.211754
0.212109
0.212075
0.212317
0.212453
0.212452
0.212789
0.212744
0.212998
0.213098
0.213167
0.213413
0.213402
0.213709
0.213724
0.213891
0.217291
0.217231
0.217759
0.218471
0.218547
0.218495
0.219496
0.2197
0.218928
0.220432
0.220759
0.220327
0.221351
0.221753
0.221526
0.222228
0.222702
0.222604
0.223078
0.223615
0.223589
0.223916
0.224571
0.224506
0.224756
0.225419
0.22535
0.2256
0.226237
0.226133
0.22645
0.226969
0.226846
0.227296
0.227732
0.227484
0.228112
0.228446
0.228033
0.228885
0.229096
0.228744
0.229629
0.22968
0.22971
0.230328
0.230142
0.23058
0.230899
0.230257
0.231308
0.231408
0.231389
0.231928
0.231725
0.23225
0.232454
0.232204
0.232918
0.232764
0.233145
0.233378
0.233109
0.233804
0.233617
0.234047
0.234209
0.234123
0.234637
0.234367
0.234996
0.23497
0.2352
0.243951
0.244317
0.244852
0.245321
0.245882
0.245874
0.246774
0.247247
0.247021
0.248083
0.248486
0.24836
0.249281
0.249654
0.249733
0.250413
0.250792
0.251042
0.25151
0.251913
0.252268
0.252597
0.253118
0.253425
0.253682
0.254229
0.254505
0.254762
0.255284
0.255522
0.255836
0.256299
0.256479
0.256903
0.25735
0.257381
0.25793
0.258344
0.258255
0.258905
0.259244
0.259152
0.259822
0.260056
0.260139
0.260649
0.26076
0.261141
0.261541
0.261474
0.262057
0.262291
0.262351
0.262803
0.262886
0.263296
0.26361
0.263586
0.264088
0.264177
0.264484
0.264807
0.26479
0.265253
0.265323
0.265649
0.265917
0.265981
0.266385
0.266457
0.266853
0.266991
0.267176
0.308985
0.308785
0.309423
0.31119
0.31097
0.311422
0.312795
0.313155
0.31345
0.314458
0.315297
0.315422
0.316193
0.317367
0.31736
0.317999
0.319364
0.319273
0.319829
0.321278
0.321144
0.321649
0.323031
0.322957
0.323431
0.324728
0.324706
0.32517
0.326428
0.326403
0.326868
0.32807
0.328053
0.328535
0.329569
0.329645
0.330164
0.330998
0.331188
0.331774
0.332367
0.332663
0.333399
0.333752
0.334121
0.335053
0.335146
0.335577
0.336306
0.33651
0.337084
0.337504
0.337836
0.338715
0.338769
0.339193
0.339742
0.340004
0.340667
0.340878
0.341257
0.341805
0.342042
0.342658
0.342856
0.34324
0.343707
0.344002
0.344689
0.344835
0.345273
0.3456
0.345887
0.397591
0.39584
0.396894
0.401201
0.399709
0.399492
0.403363
0.403445
0.402501
0.405519
0.406979
0.405634
0.407774
0.410307
0.408785
0.410203
0.413463
0.41189
0.412779
0.41645
0.414883
0.415445
0.419232
0.417728
0.418136
0.421778
0.420409
0.420818
0.424379
0.422955
0.423489
0.426749
0.425379
0.426166
0.428896
0.427708
0.428863
0.430869
0.429968
0.431615
0.432688
0.432199
0.434454
0.434465
0.434523
0.437363
0.436297
0.437042
0.438901
0.438171
0.439829
0.440243
0.440233
0.442886
0.441798
0.442689
0.443871
0.443526
0.445589
0.445095
0.445734
0.447043
0.446662
0.448576
0.448091
0.448818
0.449788
0.449667
0.451756
0.450978
0.452098
0.452365
0.452721
0.504214
0.508969
0.510556
0.509782
0.513075
0.515165
0.515023
0.516954
0.518727
0.520206
0.52091
0.523815
0.525303
0.524954
0.528811
0.530143
0.529052
0.533247
0.534638
0.533156
0.537412
0.538844
0.538011
0.541488
0.542854
0.542094
0.545445
0.546742
0.545967
0.549281
0.550512
0.549432
0.552892
0.55411
0.5535
0.556143
0.557438
0.557563
0.558962
0.560453
0.561552
0.562163
0.56322
0.565311
0.56613
0.565807
0.568296
0.569368
0.569581
0.570338
0.571728
0.573318
0.573908
0.573664
0.575738
0.576848
0.577648
0.577927
0.578592
0.580366
0.581255
0.581903
0.582096
0.582814
0.584331
0.585246
0.586107
0.586377
0.586782
0.587752
0.588868
0.589995
0.590498
0.732904
0.743667
0.745369
0.742766
0.747899
0.757618
0.751187
0.753572
0.767863
0.759605
0.759812
0.774387
0.767989
0.766218
0.778906
0.776275
0.77262
0.783625
0.784254
0.778929
0.788895
0.791626
0.786738
0.794631
0.798163
0.792706
0.800618
0.803824
0.798258
0.806923
0.808672
0.802612
0.81355
0.812826
0.808329
0.820439
0.816475
0.814196
0.826738
0.819773
0.82048
0.830989
0.822844
0.827614
0.83302
0.825787
0.835751
0.833803
0.830909
0.842301
0.834829
0.838298
0.843896
0.835873
0.847002
0.843079
0.842697
0.85114
0.843045
0.851665
0.849662
0.848132
0.856524
0.848484
0.857413
0.854291
0.854472
0.860555
0.85303
0.863513
0.85731
0.862098
0.861669
)
;

boundaryField
{
    inlet
    {
        type            turbulentIntensityKineticEnergyInlet;
        intensity       0.03;
        value           nonuniform List<scalar> 0();
    }
    outlet
    {
        type            zeroGradient;
    }
    front
    {
        type            empty;
    }
    back
    {
        type            empty;
    }
    hub
    {
        type            fixedValue;
        value           nonuniform List<scalar> 
58
(
0.510874
0.510874
0.518262
0.518262
0.518262
0.53319
0.551016
0.551016
0.551016
0.566416
0.566416
0.566416
0.578095
0.578095
0.578095
0.587415
0.587415
0.587415
0.598572
0.598572
0.598572
0.598572
0.598572
0.610815
0.610815
0.610815
0.623528
0.623528
0.623528
0.6365
0.6365
0.6365
0.652217
0.652217
0.652217
0.667919
0.667919
0.667919
0.667919
0.687074
0.687074
0.687074
0.703103
0.703103
0.703103
0.73195
0.73195
0.73195
0.73405
0.73405
0.73405
0.73405
0.840844
0.840844
0.840844
0.943066
0.943066
0.943066
)
;
    }
    tip
    {
        type            kqRWallFunction;
        value           nonuniform List<scalar> 
73
(
0.732904
0.743667
0.745369
0.742766
0.747899
0.757618
0.751187
0.753572
0.767863
0.759605
0.759812
0.774387
0.767989
0.766218
0.778906
0.776275
0.77262
0.783625
0.784254
0.778929
0.788895
0.791626
0.786738
0.794631
0.798163
0.792706
0.800618
0.803824
0.798258
0.806923
0.808672
0.802612
0.81355
0.812826
0.808329
0.820439
0.816475
0.814196
0.826738
0.819773
0.82048
0.830989
0.822844
0.827614
0.83302
0.825787
0.835751
0.833803
0.830909
0.842301
0.834829
0.838298
0.843896
0.835873
0.847002
0.843079
0.842697
0.85114
0.843045
0.851665
0.849662
0.848132
0.856524
0.848484
0.857413
0.854291
0.854472
0.860555
0.85303
0.863513
0.85731
0.862098
0.861669
)
;
    }
    procBoundary2to0
    {
        type            processor;
        value           nonuniform List<scalar> 
150
(
2.23829
2.07265
1.79602
1.72447
1.56466
1.42388
1.37765
1.28555
1.25121
1.16718
1.07979
1.05351
0.979218
0.950994
0.882074
0.855938
0.788037
0.765544
0.747322
0.685292
0.665707
0.607539
0.590576
0.541613
0.528452
0.518959
0.479885
0.470444
0.438293
0.430129
0.424818
0.397513
0.392153
0.387329
0.364
0.359946
0.339675
0.335076
0.332821
0.314834
0.311563
0.309522
0.294112
0.291918
0.289287
0.277336
0.275467
0.265083
0.26343
0.254883
0.253186
0.251903
0.244697
0.243632
0.237534
0.236634
0.231699
0.230873
0.226974
0.226209
0.223179
0.222528
0.222039
0.219619
0.219186
0.217169
0.216814
0.215109
0.214808
0.213386
0.213118
0.211909
0.210748
0.210547
0.209416
0.20925
0.208129
0.207987
0.206894
0.206752
0.205683
0.205501
0.20447
0.203405
0.203243
0.202143
0.202002
0.200916
0.200727
0.199727
0.198672
0.198531
0.197473
0.197302
0.196326
0.195308
0.195171
0.194168
0.193983
0.193098
0.192129
0.191996
0.19109
0.190207
0.190079
0.189198
0.188406
0.188263
0.187445
0.187303
0.186625
0.185926
0.185804
0.18523
0.184634
0.184125
0.184029
0.183521
0.183046
0.182961
0.182521
0.182056
0.181614
0.181523
0.181076
0.180579
0.180069
0.17994
0.17943
0.178863
0.178261
0.177673
0.177147
0.176739
0.17665
0.176477
0.176642
0.177334
0.178799
0.181348
0.185363
0.191349
0.200258
0.213942
0.235273
0.267362
0.346226
0.453369
0.591271
0.862993
)
;
    }
    procBoundary2to3
    {
        type            processor;
        value           nonuniform List<scalar> 
165
(
1.72137
1.56653
1.3774
1.34932
1.25416
1.17028
1.15112
1.08611
1.06793
1.00424
0.939106
0.920421
0.861438
0.84293
0.785052
0.767627
0.712271
0.697401
0.682073
0.632799
0.618444
0.572259
0.558788
0.551213
0.556184
0.565275
0.557778
0.560845
0.560845
0.514679
0.514679
0.497115
0.497115
0.498447
0.498447
0.460014
0.45193
0.426808
0.418122
0.413516
0.390362
0.384711
0.380578
0.359996
0.356042
0.338767
0.333396
0.330825
0.314166
0.31004
0.307779
0.292585
0.289792
0.286903
0.274168
0.272235
0.260957
0.258933
0.249643
0.247202
0.245667
0.237295
0.236064
0.22892
0.227766
0.221962
0.220805
0.216285
0.215165
0.211743
0.210758
0.210188
0.207338
0.206904
0.203961
0.204361
0.204331
0.204673
0.204673
0.203169
0.203169
0.201191
0.200924
0.199653
0.199437
0.198443
0.197499
0.197373
0.196468
0.196356
0.195546
0.195455
0.194769
0.19468
0.194031
0.193897
0.193199
0.192425
0.19233
0.191608
0.19152
0.19086
0.190723
0.190075
0.189316
0.189222
0.188483
0.188351
0.187698
0.186991
0.186902
0.18621
0.186061
0.185452
0.184766
0.184664
0.184041
0.183396
0.183313
0.182693
0.182098
0.182018
0.181432
0.181315
0.180844
0.180844
0.180289
0.18021
0.179785
0.179363
0.179009
0.178929
0.178569
0.178238
0.178175
0.177859
0.177535
0.177228
0.177156
0.17683
0.176471
0.176092
0.175988
0.175577
0.175108
0.174584
0.174025
0.173461
0.172926
0.172763
0.172315
0.172051
0.172123
0.172744
0.174204
0.176891
0.181343
0.188374
0.199371
0.216866
0.243693
0.307605
0.394829
0.504813
0.734428
)
;
    }
}


// ************************************************************************* //
