/*--------------------------------*- C++ -*----------------------------------*\
| =========                 |                                                 |
| \\      /  F ield         | OpenFOAM: The Open Source CFD Toolbox           |
|  \\    /   O peration     | Version:  v2012                                 |
|   \\  /    A nd           | Website:  www.openfoam.com                      |
|    \\/     M anipulation  |                                                 |
\*---------------------------------------------------------------------------*/
FoamFile
{
    version     2.0;
    format      ascii;
    class       volScalarField;
    location    "1e-06";
    object      omega;
}
// * * * * * * * * * * * * * * * * * * * * * * * * * * * * * * * * * * * * * //

dimensions      [0 0 -1 0 0 0 0];


internalField   nonuniform List<scalar> 
10295
(
216801
224432
211959
219927
229780
216698
223844
236809
221439
228155
240103
224596
230476
242463
226013
232706
242320
235845
237181
240552
230122
240175
245751
285624
245676
247955
304518
254475
242400
247024
254275
239423
247931
248804
289915
247955
237856
245132
250690
238386
247600
244607
257675
256493
240739
251410
249622
297894
263223
247105
258661
254242
261959
259176
298643
263127
250829
269420
168046
159681
161336
172372
162082
163892
176693
169441
166850
180686
172229
169283
182441
173809
170845
183404
171250
172198
182739
172643
174988
183538
174613
162679
182414
177231
165031
183988
178369
198753
185847
181589
194534
183245
177016
194024
186449
205002
187473
189420
198975
188817
209794
197208
191098
203939
192151
216470
201931
196344
208886
197236
221481
195427
185428
205220
196316
217785
106424
101844
103476
109009
103328
104762
111596
107457
106391
114052
109460
108288
115622
110698
109770
116301
109723
111727
116907
110864
114171
117062
112021
117750
117373
114147
127242
119273
115685
126128
119837
119447
125635
119403
115823
127316
124211
136707
124533
129134
132915
126490
143142
131434
129956
136187
128563
146022
134640
134096
140275
133236
149339
131028
131111
136041
131444
141658
102652
99123
98002.4
104493
100514
99818
106208
104627
101519
108017
106454
103188
109428
107719
104040
110596
106235
104194
110754
107080
104010
111717
107760
103784
112549
109209
106394
114164
109370
115215
114408
108820
116985
112286
108662
117480
113260
119246
114218
112047
120378
115081
115157
119979
114274
122644
116797
117196
122714
116730
126480
120215
125286
117703
111281
121463
114628
124016
72819.3
70349.5
70084.8
74105.6
71220.7
71064.6
75357.1
73826.2
72078.7
76657.5
75170.1
73350.7
77857.8
76237.1
74349.8
78768.1
75530.2
74956.9
78671
75871.9
75591.2
79237.1
76330.8
74542.8
79726.8
78091.1
76437.3
81241.3
78510
83242.5
82836.8
79605.7
84284.6
81884.5
80374.5
85817.3
83031.6
88320.4
84099.9
83826
88606.6
84878.7
87459
88465.3
85274.3
90481.1
86295.7
85196
90540.8
87512.9
93806.7
89396
93475.2
87618
82547.3
88390.3
84012.8
89465.7
53898
51936.5
52469.9
54866.7
52505.3
52921.6
55848.5
54269.4
53534.2
56814
55238.1
54490.8
57763.6
56037.4
55427.9
58347.1
55575.3
56340.2
58668.1
56152.4
57392.9
58898.7
56730.6
58550.8
59316.5
57926.5
61676.3
59778.4
58478.4
62468.6
60257.6
60021.8
62324
59809.3
62748
63126.1
61403.1
66116.4
61821.8
63257.1
65193.2
62540
67146.8
64843.5
63944.6
66580.5
63477.2
67396.5
66350.1
65726.7
68929.4
65877.4
70468.6
64274.7
62998.3
63863.2
61634.7
64393.3
52177.9
50771.3
50036.3
52786.2
51295.6
50708
53368.6
53036.6
51353.6
54051
53916.9
52182.9
54907.8
54725.3
52865.1
55740.9
54188.1
53173.6
55910.4
54484.5
53337.5
56465.7
54798.9
53760.6
57193
55639.9
55598.6
57838.4
55786
57985.1
58197.3
55804.3
58930.6
57032
57491.7
59403.7
57175
59533
58175.5
57144.4
60384.5
58107.1
59414.6
60397.5
57862
61087.1
58716.2
59449
61598.7
59071.7
63206.3
60538.9
61769.2
59017.5
55987.3
58279.3
55465.4
58100.7
40655.4
39337.3
39317
41218.1
39714.8
39654.9
41752.8
40991.5
40074.2
42318.5
41649
40722.9
42990.2
42281.9
41375
43546.8
41871
41949.5
43881.8
42276
42526.4
44151.4
42662.3
42208.5
44505.4
43547
43120.4
44887.8
43811.6
46026.2
45288.4
44849.9
46516.4
44741.9
44706.5
46984.3
45528.8
47816.5
45925.1
46311.7
48174.8
46294.2
47874.3
48000.1
46764.9
48846.5
46808.8
48211.9
48992.8
47842.6
50299.5
48138.8
49553.4
46781.5
44433.5
46146.7
44261.8
45946.8
39323.3
38520.6
37631.9
39596.4
38863.7
38129.6
39849
40094.6
38574.2
40230
40692.8
39132.1
40837
41305.5
39593.9
41505.9
40915.2
39725
41746.8
41093.5
39689.7
42263.7
41258.6
39734.9
42936
41923.3
41515.5
43606
42008
43030
43894.5
41832.8
44061.1
42989.4
41886.3
44651.6
42935.4
43986.7
43649.5
42612.4
45287.6
43801.9
43779.4
45349.8
43116.3
45502.2
44120.1
44216.2
46084.6
43623.5
46634.7
44904.7
44857.6
43795
40645.7
42962.3
40637
42190.2
31127.7
30161.8
30008
31459.3
30420.5
30254.7
31746.3
31376.7
30541.6
32083.4
31834.8
30980.6
32545.3
32295.5
31448.7
33001
31921.9
31741
33129.2
32123.6
32160
33450.7
32308.4
32224.1
33948.8
33231.8
33185.4
34415.8
33593.3
34775.6
34682.2
33830.9
35435.5
34228
34216.4
36137.7
34680.1
35930.5
34951.5
34935.8
36500.8
35181.8
35409.2
36647.2
35316.8
36832.4
35470.7
35558.1
37027.8
35901.1
37722.7
36209.8
36539.1
35140
33539.9
34489.2
33032.3
34067.3
24722.7
23702.2
24189.1
25104.8
23917.6
24295.4
25438
24674.2
24484.8
25768.3
25010.6
24840.4
26120.2
25350.4
25245.3
26396.8
25041
25644.4
26571.4
25368.8
26185.5
26741.8
25704.2
26801
27025.6
26379.6
27967.2
27209.1
26734.1
28289.8
27299.9
27350
28397.4
27028.9
28401.3
28298.5
27709.7
29331
27558.6
28389.3
29013.9
27910.8
29550.2
28777.2
28569
29430.1
28166.1
29762.6
29182.6
29071.1
29978.1
28784.6
29935.3
27740.3
27455.2
27272.1
26541.8
27188.5
23942.2
23196.8
23084
24167.6
23398.8
23259.2
24345.7
24160.7
23461.6
24568
24470.7
23776.8
24887.5
24792.4
24097.9
25216.8
24428.1
24320.2
25344.2
24598.9
24666
25641.8
24776
25003.6
26069.3
25282.9
25569.4
26319.8
25537.7
26463.9
26483.7
25803.4
27039.5
25935
26207.1
27000.2
26298.5
27079.3
26229.3
26408.3
27342.2
26321.5
26721
27283.9
26561
27527.3
26488.1
26929
27601.2
26933.7
28005.4
26897.6
27227
25964.3
25271.1
25559.4
24602.9
25220.7
19380.2
18541.1
18931.5
19671.2
18707.4
19020
19910.9
19329.1
19165.9
20142.4
19573.9
19414
20389
19815.4
19701.2
20591.6
19522.2
19975.1
20718
19750
20330.1
20831.5
19979.7
20743.4
21043.6
20512.6
21579.9
21200.1
20780.5
21946.6
21278.8
21237.7
21965
21003.2
21933.2
21977.4
21442.9
22659.7
21350
21949.3
22503.2
21622.5
22711.2
22296.1
22083
22777
21801.5
22874.4
22587.9
22424.6
23175.4
22268.1
22858.5
21271.8
21120
21033.7
20456
20966.9
18705.8
18100.6
18037.1
18864.4
18265.9
18165.1
18981.7
18894.3
18325.5
19135
19115
18543.7
19353.6
19339.5
18774.9
19588.7
18992.1
18931.9
19684.1
19096.3
19174
19908.2
19219.6
19431.8
20265.2
19627
19854.8
20472.1
19829.1
20526.6
20616.7
20066
20869.6
20170.2
20373.2
20991.7
20243.3
21160.6
20370.2
20506.7
21214.8
20415.8
20726.2
21196.6
20623.9
21333.2
20557.2
20891.1
21517.2
20997.6
21644.2
20795.1
20908.5
20073.3
19595.6
19808.3
19138.5
19489
15166.1
14456
14812.7
15395.6
14578.8
14880
15576.8
15092.1
14987.1
15745.7
15271.3
15166.8
15917.8
15439
15368
16052.6
15165.3
15550
16127.1
15331.8
15805.6
16198.8
15504.4
16113.3
16350.8
15920.4
16725.7
16452.4
16101.3
17030.6
16491.5
16462.9
17002.9
16411.3
16993.5
17016.4
16568.3
17477.3
16527
16983.1
17421
16723.5
17550.2
17258.3
17094.9
17642.7
16947.5
17786.6
17459.1
17334
17826.6
17108.6
17600.3
16398
16346.6
16291.3
15837.9
16182.7
14610.1
14097.8
14114.1
14727.7
14223.6
14204.8
14810.8
14745.6
14318.2
14917.4
14904.2
14477.4
15069
15058.3
14643
15228.5
14731.9
14749.2
15284
14792.8
14911.9
15441.2
14887.8
15080.8
15718.6
15207
15364.9
15859.7
15347.6
15958.1
15967.5
15555.4
16115.8
15565
15720.1
16229.8
15657.2
16147.4
15849.9
15896.2
16412.3
15794.2
15990.2
16494.4
16095.8
16607.4
15905.7
16119.8
16553.7
16177.1
16684.4
16052.4
16106.2
15469.3
15169.8
15386.2
14798.2
15068.9
11841.8
11229.4
11576.9
12028.3
11321.7
11621
12172.1
11737.4
11703.4
12300.7
11869.3
11833.8
12420.4
11984.1
11977.8
12503.2
11751.7
12105.3
12541.3
11879.9
12307.2
12577.4
12008.5
12548.8
12658.8
12317.8
13007.6
12706.5
12446.9
13192
12699
12734.2
13125.6
12483.9
13216.9
13096.8
12759.3
13469.3
12621.4
13248.4
13552.4
13001
13704.5
13259.8
13170.2
13573.5
12961
13649.2
13395.8
13353.8
13687.7
13125.9
13544
12560.5
12656.6
12530.1
12202.1
12479.3
11443.5
11007.3
11074.5
11532.2
11100.6
11141
11592.4
11538.6
11230.9
11670.7
11656.4
11349.5
11778.5
11764.8
11468.8
11889.4
11476.5
11557.6
11981.5
11569.3
11678.6
12098.6
11675.6
11680.2
12210.9
11803.8
11834.5
12267.9
11896.9
12275.9
12326.6
12040.5
12434.9
11967
12089.7
12507.8
12093.5
12439.4
12069.1
12301.6
12667
12190.7
12416.2
12649.2
12339.2
12715.5
12264.6
12347.2
12754.6
12470.4
12821.2
12355.5
12368.3
11881.1
11599.4
11820.5
11444
11635.1
11031
10838.8
10567.1
11066
10930.5
10666.4
11094.3
11336.9
10764.3
11156.6
11437.6
10866.2
11255.1
11534.8
10948.8
11362.6
11248.7
10971.7
11409.5
11256.9
11033.3
11547.5
11288.6
11161.4
11795.8
11437.7
11484.8
11947.9
11430.4
11741.9
12072.8
11446.5
11922.3
11651.6
11638.5
12115.7
11604.4
11868.7
11782.6
11600.6
12110.4
11730.9
11871.7
12279.3
11706.5
12158.8
11818.5
11926.6
12369.6
11816.6
12254.2
11832
11842.5
11589.3
11082.9
11359.8
10868.4
11106.7
8962.09
8582.21
8685.82
9032.87
8652.51
8737.1
9079.82
9008.79
8806.51
9138.45
9096.14
8892.65
9214.58
9171.72
8975.15
9289.9
8930.46
9022.3
9347.86
8998.73
9095.31
9408.19
9050.73
9126.57
9502.14
9246.19
9354.51
9569.08
9279.79
9552.56
9596.42
9371.79
9676.72
9327.6
9416.63
9801.05
9451.8
9685.88
9420.07
9510.42
9845.78
9506.87
9658.7
9868.77
9600.17
9902.21
9570.71
9714.98
9941.69
9671.07
9984.77
9666.17
9595.87
9243.6
9032.35
9222.96
8921.33
9075.83
8575.28
8367.93
8267.93
8604.64
8435.85
8325.8
8630.1
8774.45
8395.84
8678.76
8847.15
8472.83
8748.08
8913.71
8542.34
8819.32
8663.39
8570.3
8844.52
8671.21
8637.08
8941.72
8697.1
8732.1
9103.02
8815.89
8929.09
9180.13
8831.76
9052.59
9262.03
8891.87
9164.31
8922.23
8990.35
9357.81
8939.45
9131.91
8996.69
8982.99
9271.26
8981.37
9132.98
9370.74
9031.6
9296.18
9022.87
9171.58
9409.9
9137.9
9356.52
9016.33
8995.35
8734.26
8547.79
8676
8372.82
8510.49
6981.72
6646.14
6778.06
7045.73
6695.89
6814.28
7089.42
6970.93
6865.54
7135.61
7035.57
6927.1
7188.76
7087.9
6985.41
7236.29
6905.33
7016.83
7267.04
6958.38
7070.44
7289.56
7000.05
7124.09
7346.99
7150.72
7307.24
7375.05
7179.22
7395.05
7428.67
7251.1
7468.71
7179.25
7314.37
7498.07
7276.26
7476.61
7203.31
7316.28
7542.71
7278.14
7446.32
7504.52
7341.95
7560.51
7293.95
7488.56
7580.17
7368.6
7552.92
7285.99
7328.56
7018.31
6935.89
7029.61
6819.1
6953.17
6674.28
6468.23
6482.81
6699.61
6516.53
6518.75
6720.22
6790.24
6568.87
6755.43
6843.18
6625.19
6804.06
6889.12
6677.58
6854.19
6687.79
6702.18
6870.32
6702.72
6749.18
6934.27
6726.41
6800.8
7036.61
6825.95
6907.83
7076.34
6855.88
6977.22
7120.27
6914
7063.27
6867.32
6938.96
7120.26
6961.81
7018.18
6882.13
6936.46
7102.08
6895.65
6977.06
7128.54
6939.58
7126.17
6947.6
7006.22
7126.85
6946.04
7069.27
6869.57
6822.68
6638.81
6545.04
6617.67
6455.74
6527.37
5280.75
5093.95
5312.52
5394.18
5148.96
5322.9
5475.39
5183.22
5334.4
5536.34
5216.22
5353.18
5579.9
5414.92
5388.24
5618.58
5462.53
5432.3
5655.29
5498.77
5477.49
5681.65
5371.05
5507.35
5690.96
5411.57
5561.39
5692.28
5450.99
5624.07
5717.63
5565.43
5767.31
5721.48
5597.6
5808.55
5697.42
5675.65
5817.26
5567.85
5752.45
5777.14
5675.72
5848.61
5560.02
5703.66
5829.15
5619.68
5810.44
5781.44
5736.08
5844.81
5607.33
5789.24
5738.34
5681.62
5788.98
5582.26
5677.35
5386.51
5403.92
5415.97
5296.42
5380.63
4911.69
5138.16
4963.12
5025.21
5212.11
5025.15
5083.84
5247.95
5062.44
5114.5
5268.31
5095.28
5141.47
5284.01
5307.05
5179.21
5308.76
5346.67
5219.58
5343.31
5380.14
5257.02
5379.48
5229.12
5275.3
5410.37
5261.73
5302.67
5450.37
5293.36
5269.38
5482.04
5336.17
5360.24
5499.97
5359.37
5436.71
5511.38
5393.99
5493.09
5342.88
5318.95
5506.96
5385.57
5453.34
5332.53
5371.04
5495.51
5366.16
5411.42
5525.38
5368.8
5463.45
5330.23
5347.89
5460.88
5337.01
5426.85
5292.39
5249.32
5124.26
4994.48
5136.53
4996.31
5037.48
4771.06
4819.09
5000.9
4849.67
4848.97
5041.71
4920.78
4879.64
5056.08
4962.96
4906.28
5067.01
4997.09
4934.69
5080.79
5191.76
4971.76
5105.03
5223.02
5008.59
5137.09
5251.63
5041.48
5169.44
5103.88
5051.69
5178.74
5105.03
5083.02
5224.82
5107.42
5125.34
5300.58
5156.05
5207.17
5338.64
5155.44
5249.95
5376.46
5194.81
5295.8
5180.25
5202.39
5329.77
5161.94
5318.3
5253.44
5182.35
5342.95
5207.88
5257.3
5329.11
5162.8
5259.07
5138.41
5189.38
5292.41
5139.14
5225.97
5092.12
5078.96
4964.88
4883.25
4938.09
4802.56
4855.39
4027.2
3919.98
4003.67
4090.87
3954.85
4022.54
4147.98
3991.47
4051.21
4178.97
4012.59
4070.35
4197.22
4032.57
4087.88
4210.34
4186.08
4113.31
4227.55
4214.25
4139.66
4249.74
4235.79
4162.37
4270.21
4122.72
4169.21
4283.94
4144.34
4186.65
4298.76
4166.52
4208.83
4332.42
4236.63
4288.12
4349.95
4243.37
4322.24
4332.63
4306.17
4362.05
4233.69
4273.47
4361.75
4254.98
4322.22
4241.64
4308.27
4361.58
4239.57
4291.04
4335.63
4244.25
4328.33
4222.72
4265.66
4310.47
4225.24
4292.7
4186.98
4200.96
4093.32
4050.22
4066.38
3971.15
4015.19
3922.38
3797.76
3853.06
3961.31
3840.52
3886.05
3993.53
3881.57
3908.88
4004.9
3905.24
3922.92
4011.74
3925.53
3938.03
4019.94
4074.77
3961.78
4035.33
4095.81
3986.57
4056.66
4115.39
4010.04
4077.88
4001.71
4016.68
4083.98
4009.61
4037.24
4112.64
4020.2
4059.89
4160.86
4066.4
4101.49
4180.36
4077.73
4124.03
4187.73
4108.26
4168.38
4068.91
4099.92
4170.18
4080.71
4120.95
4060.9
4084.55
4149.7
4063.94
4091.76
4151.14
4069.38
4112.76
4040.53
4065.83
4120.72
4044.74
4076.75
4018.43
3976.66
3897.75
3853.67
3871.82
3802.47
3816.39
3228.93
3162.19
3287.89
3282.89
3178.85
3286.15
3332.93
3198.35
3285.93
3364.37
3208.23
3285.94
3385.29
3218.93
3290.58
3399.06
3322.07
3304.41
3411.87
3341.65
3321.41
3425.06
3354.33
3338.67
3434.31
3279.12
3348.73
3435.77
3296.76
3371.17
3437.31
3314.65
3399.09
3449.51
3368.33
3459.41
3448.43
3383.7
3474.02
3422.66
3420.71
3489.42
3359.38
3441.05
3458.84
3381.39
3466.95
3338.68
3410.73
3464.42
3362.48
3442.97
3424.54
3390.85
3447.84
3345.96
3420.42
3404.11
3373.71
3428.72
3324.28
3356.59
3231.3
3241.2
3243.48
3180.23
3218.62
3159.76
3077.08
3096.35
3190.31
3099.45
3122.57
3215.51
3121.93
3148.44
3224.17
3133.6
3161.15
3227.49
3144.52
3171.42
3230.36
3252.08
3186.92
3238.18
3266.51
3201.83
3250.59
3278.31
3214.81
3264.37
3196.71
3217.98
3276.77
3212.46
3225.78
3292.63
3224.23
3223.86
3307.93
3242.63
3247.74
3314.55
3249.41
3274.38
3310.53
3247.65
3335.63
3240.97
3232.54
3303.75
3242.44
3263.85
3220.23
3231.22
3284.74
3228.22
3232.77
3282.07
3222.85
3260.62
3208.58
3210.04
3269.04
3215.53
3243.63
3177.33
3151.04
3100.68
3054.86
3084.74
3033.01
3045.73
3089.82
2995.08
3032.62
3106.27
3025.3
3045.58
3119.87
3052.78
3055.53
3122.71
3067.9
3062.38
3125.18
3080.28
3070.5
3129.55
3180.37
3084.9
3138.51
3191.31
3099.02
3150.17
3201.04
3112.12
3161.29
3118.63
3113.85
3162.51
3119.85
3126.97
3178.34
3121.8
3144.84
3211.18
3145.74
3174.54
3224.54
3151.08
3186.83
3233.36
3163.23
3205.91
3162.02
3169.28
3211.97
3145.75
3178.9
3142.48
3146.48
3185.94
3131.23
3160.13
3198.68
3136.46
3165.87
3115.07
3150.35
3175.85
3112.75
3135.63
3082.14
3071.44
3015.05
2988.94
2999.79
2949.54
2961.75
2580.19
2523.34
2572.51
2607.74
2534.19
2575.4
2629.97
2545.46
2579.57
2639.14
2549.85
2582.09
2642.97
2554.49
2585.24
2644.44
2629.15
2592.94
2647.73
2637.36
2600.58
2653.22
2642.57
2607.29
2658.24
2581.58
2608.11
2660.91
2590.29
2616.05
2664.18
2598.13
2626.4
2677.75
2628.56
2660.6
2682.91
2630.79
2670.58
2669.86
2635.98
2677.21
2642.33
2650.33
2677.63
2624.63
2659
2603.02
2626.79
2666.8
2611.46
2639.2
2653.61
2614.64
2658.9
2608.2
2628.88
2634.34
2598.06
2622.3
2571.74
2574.87
2517.39
2505
2514.87
2472.89
2492.04
2521.06
2459.8
2467.43
2533.59
2473.76
2492.97
2543.61
2487.13
2503.8
2543.96
2493.29
2508.54
2542.85
2498.74
2512.48
2542.27
2570.94
2520.38
2545.04
2576.65
2527.86
2550.94
2581.66
2534.71
2557.81
2522.71
2535.62
2565
2530.41
2540.81
2573.41
2534.46
2541.18
2582.99
2544.01
2537.89
2587.51
2546.96
2557.5
2587.08
2548.59
2569.17
2536.53
2563.75
2582.71
2539.15
2545.63
2524.46
2533
2556.34
2524.77
2524.35
2563.22
2535.36
2542.48
2521.6
2499.84
2534.82
2502.34
2511.98
2482.91
2459.56
2432.12
2408.18
2416.16
2388.36
2389.67
2465.17
2393.17
2410.23
2470.08
2414.21
2414.94
2474.19
2432.19
2419.02
2472.41
2441.62
2422.26
2471.09
2448.59
2426.22
2470.97
2514.38
2433.7
2473.75
2517.95
2440.58
2479.01
2521.75
2446.65
2484.22
2461.28
2444.65
2484.2
2458.23
2450.59
2492.98
2455.62
2462.38
2514.24
2466.31
2481.65
2523.21
2464.99
2492.13
2529.35
2468.11
2502.83
2464.03
2470.71
2530.25
2467.94
2483.73
2463.22
2458.21
2489.01
2448.83
2464.42
2506.59
2447.07
2471.76
2433.71
2446.82
2474.83
2427.84
2446.93
2406.82
2400.15
2365.3
2343.65
2356.5
2316.5
2330.31
2081.62
2038.18
2055.02
2092.67
2043.68
2056.92
2099.76
2048.92
2060.54
2099.31
2049.37
2062.01
2096.69
2049.87
2062.77
2093.77
2100.48
2066.16
2093.01
2102.59
2068.64
2094.31
2103.27
2070.11
2096.08
2058.31
2067.21
2097.45
2061.82
2067.86
2098.99
2064.34
2070.49
2108.89
2081.38
2089.95
2114.18
2079.17
2094.78
2108.54
2076.77
2099.83
2069.51
2075.42
2104.16
2085.68
2095.1
2059.79
2063.02
2099.3
2072.08
2082.99
2087.49
2054.66
2071.99
2045.47
2051.26
2065.73
2038.05
2052.05
2024.89
2017.76
1990.51
1973.12
1981.96
1955.57
1964.09
2030.06
1985.6
2004.74
2033.89
1992.59
2009.44
2036.26
1999.16
2011.07
2033.78
2001.06
2010.57
2031.24
2002.51
2010.24
2029.38
2049.49
2013.05
2029.61
2050.39
2015.81
2031.27
2051.02
2018.33
2032.73
2008.22
2015.01
2030.61
2007.97
2017
2034.28
2009.46
2021.93
2045.57
2020.14
2029.96
2048.27
2021.35
2031.13
2047.93
2023.16
2032.76
2011.44
2019.75
2033.18
2010.6
2033.18
2020.14
2028.51
2026.03
2002.27
2008.14
2020.83
1998.4
2004.94
1986.49
1991.8
2001.43
1981.96
1984.82
1965.23
1954.24
1930.52
1919.22
1917.97
1900.97
1902.27
1729.87
1698.94
1739.34
1742.72
1697.88
1733.89
1751.99
1697.55
1728.07
1754.6
1694.78
1722.43
1753.98
1692.79
1718.48
1751.78
1729.63
1718.44
1750.08
1730.98
1719.08
1749.25
1730.61
1720.31
1748.07
1695.5
1719.38
1745.83
1698.27
1722.07
1743.09
1701.13
1727.16
1745.38
1715.58
1741.86
1743.22
1718.09
1742.66
1732.84
1722.51
1740.82
1701.78
1725.64
1734.16
1708.23
1729.46
1690.22
1715.18
1728.74
1694.2
1715.17
1714.4
1699.31
1713.61
1682.16
1701.86
1700.51
1686.9
1696.48
1668.25
1675.67
1637.98
1640.97
1642.59
1621.8
1632
1688.25
1657.32
1661.14
1690.52
1658.6
1661.8
1690.65
1659.63
1663.94
1686.66
1657.73
1663.6
1682.03
1656.13
1662.56
1677.97
1688.8
1663.32
1675.87
1688.32
1663.63
1675.65
1687.59
1663.46
1676.13
1656.97
1660.37
1677.29
1658.45
1658.36
1677.42
1658.55
1656.58
1679.39
1660.49
1660.56
1679.18
1658.32
1663.82
1675.6
1653.66
1666.78
1649.9
1647.4
1665.73
1647.58
1652.01
1641.87
1640.18
1654.24
1637.59
1637.09
1649.83
1630.2
1639.26
1625.5
1624.03
1634.7
1616.15
1623.04
1608.34
1598.76
1584.86
1569.27
1575.57
1559.56
1562.66
1652.44
1619.21
1633.64
1651.56
1622.01
1633.24
1650.44
1624.58
1631.46
1646.77
1624.1
1628.76
1643.42
1623.42
1626.64
1640.76
1654.34
1626.95
1639.46
1653.14
1627.37
1639.13
1652.05
1627.77
1638.52
1620.98
1624.19
1635.27
1618.91
1624.47
1636.51
1619.06
1627.83
1642.81
1624.62
1632.52
1643.32
1624.31
1632.39
1642.42
1624.24
1631.93
1616.46
1622.26
1631.1
1614.22
1621.32
1609.06
1613.13
1621.63
1606.68
1611.32
1617.77
1602.7
1607.36
1593.91
1598.05
1603.12
1589.52
1591.24
1576.97
1570.36
1553.09
1545.88
1544.89
1533.02
1534.14
1413.5
1388.01
1408.59
1417.99
1386.11
1404.11
1419.95
1384.54
1399.58
1417.85
1381.15
1394.92
1414.39
1378.31
1391.26
1410.69
1404.18
1390.24
1407.95
1403.34
1389.43
1406.25
1401.76
1388.97
1404.72
1375.07
1386.76
1402.73
1375.26
1386.94
1400.8
1376.03
1388.36
1402.65
1384.23
1396.95
1402.01
1383.97
1396.46
1395.78
1384.61
1395.24
1372.89
1384.06
1390.98
1373.6
1384.41
1362.83
1373
1382.41
1364.02
1374.29
1376.5
1364.35
1372.11
1354.27
1363.05
1364.87
1354.09
1359.01
1342.6
1344.1
1323.51
1321.58
1322.1
1308.84
1313.76
1378.19
1356.06
1354.71
1376.56
1355.57
1355.75
1374.21
1355
1356.82
1369.54
1352.45
1355.38
1364.84
1350.17
1353.47
1360.86
1371.04
1352.89
1358.4
1369.34
1352.13
1357.37
1367.83
1351.17
1356.89
1346.5
1348.08
1356.58
1346.22
1345.47
1356.18
1345.41
1341.69
1356.67
1345.7
1342.5
1356.15
1343.48
1344.35
1353.74
1339.33
1345.35
1336.48
1328.13
1344.28
1333.47
1333.19
1328.47
1326.84
1333.9
1326.13
1322.58
1331.68
1319.79
1323.51
1316.39
1312.11
1319.92
1308.49
1311.14
1303.06
1294.11
1286.77
1274.23
1277.9
1268.94
1268.78
1349.9
1323.82
1333.12
1347.08
1325.04
1330.99
1344.55
1326.08
1328.37
1340.59
1324.92
1325.35
1336.97
1323.55
1322.86
1334
1344.56
1322.2
1332.04
1342.6
1321.62
1330.9
1340.92
1321.09
1329.61
1317.45
1317.6
1326.2
1314.86
1317.47
1327.05
1314.09
1319.21
1330.65
1316.65
1321.94
1330.43
1315.43
1321.6
1329.36
1314.61
1320.88
1309.11
1312.49
1319.74
1307.01
1311.47
1303.26
1304.32
1309.98
1298.81
1303.02
1308.98
1297.19
1301.31
1290.8
1293.66
1297.04
1286.63
1288.64
1277.52
1273.61
1262.08
1256.03
1256.39
1246.7
1248.28
1159.93
1140.88
1149.75
1160.37
1139.54
1146.75
1159.37
1138.15
1143.84
1156.07
1135.31
1140.63
1152.33
1132.74
1137.87
1148.8
1149.74
1136.7
1146.24
1148.11
1135.52
1144.57
1146.24
1134.44
1143.12
1127.54
1131.95
1141.28
1126.75
1131.11
1140.01
1126.16
1130.78
1141.1
1130.29
1135.49
1140.87
1128.63
1134.56
1136.91
1127.34
1133.52
1121.38
1125.43
1130.95
1119.66
1124.91
1113.86
1116.97
1123.5
1112.49
1116.26
1119.36
1110.41
1114.7
1104.56
1107.67
1110.46
1101.95
1104.19
1094.65
1093.01
1081.72
1077.95
1077.84
1069.38
1071.44
1132.35
1116.02
1120.33
1130.16
1115.47
1119.92
1127.87
1114.93
1118.41
1124.24
1112.93
1115.99
1120.82
1111.04
1113.73
1117.94
1125.09
1112.71
1116.01
1123.3
1111.81
1114.86
1121.78
1110.98
1113.78
1106.24
1108.61
1112.41
1105.08
1107.41
1111.67
1104.11
1106.04
1111.45
1103.95
1105.14
1110.54
1102.52
1103.6
1108.67
1100.66
1102.47
1096.27
1097.24
1100.99
1094.26
1094.73
1089.99
1091.33
1093.18
1087.39
1087.41
1090.67
1084.5
1085.09
1080.14
1079.62
1081.79
1075.87
1075.07
1069.43
1063.85
1057.05
1051.76
1050.32
1045.25
1043.98
1108.17
1084.48
1087.52
1104.36
1086.81
1085.11
1100.94
1088.46
1082.94
1096.64
1087.93
1080.75
1092.79
1086.82
1078.92
1089.71
1102.53
1078.32
1087.63
1100.4
1077.57
1086.42
1098.66
1076.71
1085.19
1078.86
1073.58
1082.77
1075.48
1073.28
1083.81
1073.44
1074.19
1086.63
1073.56
1076.43
1087
1071.32
1076.75
1086.73
1070
1077.14
1067.33
1068.29
1077.4
1063.99
1068.48
1062.94
1061.34
1068.92
1057.99
1060.56
1068.23
1055.12
1060.5
1051.1
1053.39
1060.23
1047.82
1051.4
1041.3
1039.26
1030.52
1025.45
1028.5
1018.16
1021.15
959.409
946.476
947.173
958.199
945.939
946.352
956.465
945.245
945.858
953.402
943.328
944.458
950.29
941.471
942.834
947.487
952.354
941.924
945.498
950.699
940.833
944.232
949.086
939.527
943.099
936.677
937.052
941.85
935.612
935.308
941.072
934.661
933.723
941.985
936.863
936.349
942.265
934.703
935.793
940.029
931.998
935.354
930.049
928.806
934.009
927.568
927.913
924.49
923.468
927.222
922.382
921.546
925.365
918.575
920.637
916.136
914.755
917.649
911.361
912.549
907.689
903.436
898.747
892.534
893.431
888.021
888.448
938.753
923.974
929.696
937.017
924.448
928.339
935.478
924.814
926.598
933.042
923.864
924.529
930.701
922.743
922.707
928.64
933.954
921.853
927.068
932.324
921.034
925.898
930.785
920.104
924.472
917.53
917.711
922.023
915.622
917.303
922.053
914.864
917.634
923.207
915.607
918.385
922.39
914.371
917.442
921.063
913.291
916.262
909.835
911.507
914.829
907.897
910.235
905.263
905.778
908.755
902.664
904.264
906.499
900.212
901.981
896.465
897.6
899.313
893.727
894.268
888.422
886.016
879.517
876.105
875.725
870.517
871.121
818.081
806.789
811.759
818.415
806.377
810.418
817.891
805.834
809.005
816
804.328
807.297
813.831
802.894
805.737
811.746
812.807
805.032
810.201
811.713
804.267
809.13
810.442
803.444
808.071
799.555
801.823
806.82
798.855
801.097
805.897
798.26
800.591
806.248
800.257
802.878
805.882
799.065
802.077
803.505
798.016
801.184
794.631
796.569
799.496
793.336
795.693
790.019
791.58
794.485
788.808
790.748
792.309
787.543
789.532
784.287
785.633
786.545
782.104
782.961
777.885
776.523
770.544
768.153
767.862
763.353
764.214
799.135
789.368
793.564
798.301
789.473
793.295
797.404
789.519
792.361
795.663
788.607
790.92
793.96
787.648
789.544
792.446
795.926
788.837
791.291
794.724
788.147
790.335
793.468
787.339
789.243
784.138
785.455
787.32
782.95
784.955
787.215
782.659
784.883
787.909
783.384
784.972
787.094
782.463
783.705
785.777
781.425
782.427
778.479
779.615
781.105
777.169
778.023
774.6
775.358
776.399
772.899
773.506
774.634
771.167
771.295
768.065
768.536
768.866
765.749
765.173
761.697
759.13
754.529
752
750.758
747.873
747.385
701.603
692.156
700.401
703.457
691.629
699.062
704.258
691.177
697.524
703.588
690.07
695.85
702.365
689.106
694.469
701.014
698.729
694.052
699.959
698.307
693.641
699.14
697.559
693.305
698.3
687.689
692.263
697.175
687.577
692.14
696.346
687.677
692.232
696.41
689.936
694.352
695.777
689.873
693.858
693.628
689.949
693.047
685.565
689.421
691.442
685.684
689.022
681.723
685.283
688.065
682.013
685.305
685.891
682.089
684.289
678.564
681.232
681.799
678.252
679.454
674.24
674.548
667.772
667.46
667.582
663.36
664.843
684.017
676.637
676.038
683.663
676.965
677.816
683.185
677.148
678.305
681.867
676.553
677.891
680.496
675.94
677.276
679.303
682.783
677.074
678.533
682.088
676.729
678.035
681.362
676.249
677.583
674.353
675.028
677.005
673.849
674.094
676.726
673.506
672.104
676.566
673.401
672.496
676.194
672.563
672.611
675.267
671.227
672.466
669.877
668.197
671.819
668.852
668.563
667.046
666.78
668.379
666.011
664.943
667.308
664.084
664.654
662.603
661.25
663.222
660.139
660.261
657.953
654.856
652.583
648.149
649.369
646.984
646.611
670.614
660.041
663.131
669.842
661.43
662.789
669.141
662.543
662.287
667.884
662.667
661.598
666.665
662.511
661.001
665.666
670.549
660.978
664.981
669.748
660.768
664.508
669.046
660.544
664.032
660.18
659.342
662.958
659.06
659.369
663.406
658.625
659.871
664.477
659.001
660.665
664.448
658.346
660.635
664.143
657.919
660.519
656.21
657.091
660.344
655.172
656.991
654.13
654.085
656.798
652.583
653.68
656.301
651.498
653.265
649.495
650.352
652.496
648.069
649.03
645.106
644.007
640.105
638.219
638.984
635.162
636.229
588.631
582.33
583.465
588.934
582.932
583.718
588.864
583.335
583.985
588.105
583.104
583.919
587.279
582.86
583.75
586.557
588.951
583.914
586.151
588.645
583.887
586
588.3
583.74
585.876
582.633
583.019
585.653
582.525
582.72
585.627
582.466
582.563
586.408
583.853
584.218
586.867
583.301
584.315
586.203
582.656
584.475
581.889
581.933
584.254
581.251
581.945
580.112
580.177
582.002
579.578
579.86
581.385
578.496
579.638
577.477
577.453
578.633
576.003
576.653
574.358
572.941
570.598
568.327
568.59
566.22
566.618
576.864
569.873
573.129
576.931
570.929
573.342
577.008
571.856
573.27
576.596
572.118
572.984
576.157
572.253
572.755
575.808
578.516
572.928
575.575
578.214
573.03
575.503
577.976
573.123
575.333
572.019
572.491
574.658
571.643
572.762
575.118
571.82
573.363
576.014
572.573
574.085
576.072
572.495
574.101
575.911
572.46
573.976
571.105
572.144
573.848
570.772
572.039
569.83
570.282
571.805
569.144
570.015
571.251
568.582
569.522
567.145
567.822
568.752
566.34
566.684
564.174
563.246
560.419
559.157
559.172
556.965
557.436
509.739
504.357
506.815
510.661
505.141
507.14
511.163
505.779
507.381
511.047
505.933
507.46
510.813
506.09
507.562
510.624
511.817
508.021
510.63
511.975
508.38
510.829
512.053
508.692
511.029
507.414
508.578
511.131
507.747
508.899
511.397
508.139
509.34
512.287
509.729
511.099
512.896
509.91
511.5
512.642
510.189
511.901
509.2
510.285
511.98
509.396
510.679
508.406
509.353
510.925
508.599
509.674
510.665
508.606
509.707
507.563
508.356
509.107
507.254
507.893
505.81
505.395
502.958
502.041
502.16
500.299
500.898
499.336
494.636
497.263
499.863
495.688
497.961
500.356
496.651
498.347
500.452
497.137
498.507
500.531
497.563
498.683
500.654
502.575
499.123
500.863
502.74
499.557
501.169
502.917
499.97
501.383
498.98
499.849
501.211
499.152
500.385
501.888
499.759
501.165
502.915
500.79
502.01
503.312
501.159
502.291
503.537
501.545
502.517
500.68
501.652
502.736
500.886
501.785
500.293
500.933
501.855
500.213
500.9
501.673
500.155
500.711
499.254
499.818
500.363
498.99
499.133
497.557
496.842
494.834
494.048
493.885
492.578
492.824
445.556
441.156
444.32
446.969
442.057
444.844
447.956
442.892
445.261
448.383
443.378
445.575
448.652
443.893
445.957
448.902
449.327
446.706
449.312
449.923
447.403
449.852
450.426
448.11
450.389
446.695
448.478
450.842
447.474
449.259
451.453
448.352
450.158
452.541
450.19
452.019
453.402
451.012
452.813
453.653
451.931
453.57
451.006
452.609
454.056
451.922
453.441
451.074
452.529
454.034
451.963
453.384
454.257
452.698
453.82
451.876
453.039
453.769
452.36
453.099
451.287
451.444
449.157
449.012
449.333
447.824
448.608
436.281
433.029
434.72
437.117
434.214
435.868
437.876
435.312
436.709
438.303
436.044
437.309
438.721
436.743
437.862
439.164
440.962
438.628
439.758
441.518
439.373
440.428
442.078
440.098
441.048
439.565
440.424
441.419
440.191
441.228
442.43
441.156
442.197
443.71
442.422
443.239
444.538
443.18
443.939
445.22
443.915
444.695
443.645
444.395
445.439
444.335
444.928
444.106
444.754
445.504
444.555
445.03
445.86
444.891
445.34
444.538
444.927
445.573
444.705
444.879
443.946
443.35
442.105
441.543
441.547
440.771
440.942
394.083
390.646
394.003
395.836
391.671
394.754
397.19
392.686
395.404
398.047
393.464
395.991
398.733
394.28
396.641
399.372
399.403
397.674
400.134
400.363
398.664
400.991
401.24
399.697
401.845
398.381
400.461
402.641
399.541
401.61
403.591
400.819
402.87
404.902
402.847
404.842
406.049
404.154
406.015
406.761
405.532
407.128
404.832
406.648
408.01
406.224
407.852
405.628
407.313
408.825
407.025
408.59
409.488
408.263
409.442
407.72
409.07
409.872
408.739
409.613
408.045
408.579
406.527
406.875
407.446
406.159
407.105
385.974
383.66
384.381
387.053
385.017
385.965
388.054
386.284
387.242
388.773
387.267
388.242
389.466
388.206
389.139
390.209
391.943
390.212
391.096
392.824
391.236
392.079
393.718
392.236
393.062
392.242
392.927
393.902
393.235
393.953
395.219
394.481
395.046
396.746
395.96
396.296
397.953
397.031
397.588
399.035
398.026
398.893
398.333
398.708
400.071
399.347
399.77
399.508
400.025
400.924
400.361
400.581
401.75
400.982
401.55
401.123
401.257
402.258
401.568
401.954
401.412
400.869
400.303
399.78
400.176
399.644
399.899
353.405
350.816
354.04
355.362
351.993
355.029
356.98
353.198
355.937
358.183
354.251
356.804
359.206
355.334
357.738
360.201
360.107
359.013
361.269
361.364
360.259
362.405
362.553
361.564
363.547
360.529
362.659
364.653
361.984
364.095
365.901
363.565
365.644
367.431
365.725
367.713
368.839
367.371
369.201
369.927
369.06
370.602
368.65
370.491
371.798
370.355
371.97
370.031
371.764
373.253
371.743
373.3
374.238
373.304
374.507
373.045
374.434
375.291
374.396
375.349
374.023
374.773
373.014
373.641
374.389
373.311
374.344
346.658
344.986
345.062
347.941
346.519
347.04
349.19
347.98
348.649
350.222
349.226
349.973
351.216
350.435
351.204
352.278
353.87
352.556
353.456
355.056
353.85
354.727
356.261
355.12
356.026
355.595
356.207
357.342
356.919
357.412
358.788
358.33
358.337
360.318
359.839
359.832
361.815
361.184
361.815
363.226
362.419
363.438
363.135
363.159
364.879
364.404
364.908
364.912
365.32
366.401
366.1
366.314
367.575
366.979
367.723
367.478
367.379
368.709
368.142
368.744
368.396
368.113
367.852
367.154
368.074
367.675
368.098
342.02
339.135
340.457
343.162
340.978
341.806
344.32
342.718
343.121
345.352
344.171
344.362
346.39
345.528
345.619
347.529
349.724
347.073
348.771
350.922
348.463
350.099
352.182
349.87
351.442
350.629
351.033
352.717
351.855
352.567
354.392
353.29
354.257
356.268
354.95
356.077
357.956
356.433
357.772
359.598
358.003
359.446
358.46
359.419
361.094
359.835
361.01
360.394
361.121
362.557
361.557
362.531
363.951
362.744
363.874
362.988
363.879
365.16
364.066
364.962
364.043
364.418
363.519
363.706
364.59
363.645
364.548
316.11
314.918
315.354
317.589
316.583
317.08
319.026
318.2
318.812
320.315
319.65
320.347
321.597
321.098
321.821
322.924
324.334
323.389
324.35
325.768
324.907
325.854
327.222
326.413
327.393
327.156
327.78
328.957
328.723
329.261
330.618
330.355
330.768
332.517
332.352
332.854
334.374
333.929
334.694
335.974
335.419
336.478
336.314
336.714
338.094
337.766
338.401
338.46
338.925
340.015
339.829
340.277
341.401
340.995
341.792
341.651
341.99
342.956
342.55
343.2
342.97
342.964
342.795
342.559
343.26
342.964
343.463
312.464
310.469
311.73
313.855
312.326
313.261
315.267
314.127
314.76
316.574
315.726
316.22
317.912
317.282
317.699
319.32
321.107
319.336
320.803
322.564
320.932
322.358
324.074
322.55
323.923
323.361
323.992
325.45
324.875
325.716
327.282
326.563
327.577
329.274
328.423
329.536
331.127
330.138
331.371
332.918
331.887
333.162
332.513
333.483
334.91
334.088
335.172
334.757
335.552
336.802
336.146
337.08
338.29
337.516
338.51
337.919
338.783
339.867
339.136
339.938
339.318
339.753
339.116
339.447
340.217
339.579
340.379
292.417
291.6
292.158
294.017
293.341
293.911
295.595
295.052
295.691
297.071
296.657
297.369
298.563
298.271
299.008
300.099
301.365
300.735
301.717
302.99
302.425
303.402
304.637
304.117
305.114
305.017
305.707
306.853
306.757
307.399
308.676
308.561
309.148
310.683
310.634
311.301
312.638
312.379
313.215
314.364
314.036
315.059
314.993
315.551
316.754
316.565
317.267
317.356
317.896
318.906
318.811
319.357
320.35
320.09
320.874
320.807
321.249
322.108
321.865
322.499
322.355
322.509
322.408
322.373
323.024
322.828
323.345
286.309
288.115
286.385
287.805
289.612
288.21
289.368
291.142
290.073
291.005
292.692
291.898
292.621
294.188
293.609
294.234
295.716
295.294
295.866
297.309
298.873
297.64
298.967
300.516
299.381
300.684
302.205
301.152
302.413
302.048
302.789
304.121
303.751
304.65
306.074
305.605
306.625
308.148
307.577
308.667
310.105
309.427
310.59
311.984
311.27
312.447
312.002
312.96
314.248
313.677
314.698
314.413
315.226
316.365
315.909
316.807
317.903
317.363
318.277
317.868
318.695
319.669
319.153
319.905
319.456
319.939
319.466
319.88
320.601
320.139
320.877
270.058
271.259
272.525
271.915
272.729
274.203
273.676
274.255
275.846
275.43
276.013
277.476
277.164
277.814
279.06
278.849
279.559
280.667
280.551
281.283
282.321
283.484
283.089
284.045
285.216
284.871
285.826
286.971
286.661
287.633
287.66
288.371
289.465
289.492
290.172
291.374
291.38
292.015
293.412
293.455
294.155
295.384
295.258
296.091
297.157
296.972
297.945
297.967
298.549
299.66
299.576
300.276
300.421
300.969
301.917
301.899
302.456
303.375
303.216
303.978
303.969
304.434
305.245
305.096
305.723
305.661
305.895
305.875
305.944
306.582
306.47
306.981
267.487
268.964
270.518
269.27
270.507
272.063
271.07
272.113
273.644
272.901
273.774
275.244
274.717
275.451
276.835
276.467
277.137
278.461
278.214
278.847
280.151
281.569
280.684
281.899
283.309
282.498
283.7
285.095
284.343
285.515
285.297
286.083
287.327
287.106
288.014
289.333
289.029
290.026
291.418
291.029
292.073
293.396
292.914
294.009
295.293
294.776
295.871
295.564
296.489
297.675
297.264
298.226
298.035
298.838
299.895
299.566
300.428
301.444
301.049
301.91
301.616
302.406
303.308
302.934
303.655
303.33
303.836
303.493
303.948
304.641
304.295
304.992
256.564
257.613
258.73
258.366
259.138
260.407
260.108
260.688
262.062
261.843
262.452
263.719
263.583
264.252
265.35
265.292
266.003
267.006
267.022
267.749
268.709
269.775
269.573
270.473
271.549
271.384
272.289
273.352
273.213
274.132
274.257
274.984
276.007
276.131
276.828
277.942
278.043
278.683
279.953
280.072
280.754
281.891
281.878
282.673
283.659
283.594
284.496
284.592
285.155
286.191
286.198
286.87
287.066
287.613
288.484
288.537
289.075
289.926
289.863
290.574
290.625
291.084
291.849
291.779
292.382
292.381
292.663
292.707
292.845
293.461
293.424
293.909
254.499
255.807
257.203
256.271
257.374
258.771
258.053
258.998
260.364
259.85
260.668
261.989
261.651
262.363
263.614
263.403
264.071
265.276
265.158
265.806
267.004
268.316
267.658
268.785
270.096
269.495
270.619
271.923
271.367
272.469
272.362
273.162
274.336
274.215
275.108
276.341
276.149
277.105
278.388
278.118
279.107
280.335
279.983
281.011
282.206
281.816
282.841
282.627
283.509
284.615
284.308
285.216
285.092
285.867
286.862
286.614
287.436
288.401
288.089
288.91
288.684
289.439
290.3
290.009
290.702
290.46
290.976
290.721
291.192
291.874
291.601
292.266
246.321
247.276
248.271
248.094
248.899
249.976
249.834
250.492
251.656
251.571
252.298
253.349
253.318
254.059
255.016
255.04
255.794
256.703
256.782
257.535
258.435
259.395
259.354
260.219
261.19
261.177
262.05
263.012
263.025
263.901
264.068
264.831
265.764
265.945
266.717
267.708
267.864
268.597
269.696
269.86
270.539
271.57
271.643
272.421
273.301
273.35
274.165
274.289
274.878
275.793
275.865
276.523
276.709
277.294
278.048
278.134
278.649
279.424
279.45
280.085
280.159
280.611
281.305
281.311
281.859
281.878
282.204
282.245
282.489
283.005
283.014
283.465
239.423
240.592
241.234
241.133
242.312
243.109
242.829
243.997
244.919
244.542
245.693
246.696
246.27
247.382
248.422
247.982
249.075
250.145
249.72
250.794
251.896
252.668
252.624
253.682
254.49
254.449
255.503
256.329
256.309
257.333
257.044
258.126
259.187
258.948
260.022
261.061
260.866
261.912
262.942
262.822
263.83
264.746
264.63
265.588
266.425
266.373
267.25
267.051
267.964
268.823
268.677
269.515
269.292
270.144
270.973
270.794
271.585
272.314
272.2
272.908
272.724
273.441
274.109
273.994
274.598
274.419
274.95
274.687
275.189
275.755
275.596
276.173
237.985
238.935
239.865
239.805
240.699
241.64
241.587
242.457
243.396
243.378
244.235
245.153
245.17
245.994
246.882
246.934
247.741
248.62
248.711
249.498
250.391
251.264
251.326
252.195
253.074
253.155
254.028
254.905
255.013
255.873
256.032
256.833
257.715
257.891
258.712
259.609
259.77
260.582
261.482
261.622
262.415
263.245
263.358
264.136
264.901
265.023
265.762
265.883
266.569
267.299
267.398
268.058
268.195
268.799
269.459
269.549
270.141
270.744
270.825
271.384
271.461
271.986
272.518
272.589
273.054
273.098
273.442
273.465
273.784
274.19
274.236
274.641
231.957
233.048
233.804
233.747
234.819
235.677
235.517
236.575
237.515
237.306
238.342
239.324
239.096
240.1
241.094
240.865
241.851
242.854
242.642
243.612
244.633
245.446
245.453
246.43
247.263
247.275
248.247
249.089
249.121
250.064
249.943
250.912
251.883
251.793
252.747
253.696
253.628
254.554
255.495
255.475
256.371
257.217
257.183
258.036
258.822
258.821
259.608
259.52
260.32
261.093
261.033
261.768
261.665
262.401
263.134
263.051
263.738
264.399
264.346
264.971
264.882
265.502
266.104
266.044
266.582
266.483
266.95
266.794
267.224
267.726
267.636
268.14
230.871
231.814
232.73
232.717
233.626
234.54
234.543
235.442
236.355
236.384
237.261
238.168
238.222
239.062
239.954
240.035
240.85
241.74
241.849
242.639
243.54
244.391
244.48
245.354
246.204
246.31
247.182
248.031
248.157
249.008
249.165
249.953
250.809
250.977
251.78
252.633
252.788
253.582
254.422
254.558
255.332
256.106
256.221
256.97
257.691
257.812
258.511
258.624
259.288
259.969
260.066
260.699
260.818
261.399
262.02
262.105
262.677
263.242
263.324
263.85
263.924
264.433
264.93
265.002
265.442
265.488
265.838
265.86
266.192
266.575
266.623
267.01
225.927
226.907
227.694
227.691
228.637
229.503
229.454
230.386
231.301
231.237
232.153
233.092
233.027
233.921
234.86
234.804
235.69
236.629
236.589
237.462
238.413
239.232
239.295
240.206
241.032
241.106
242.01
242.837
242.925
243.797
243.811
244.676
245.558
245.59
246.437
247.301
247.335
248.156
249.013
249.076
249.873
250.651
250.689
251.452
252.177
252.233
252.941
252.947
253.652
254.348
254.363
255.016
255.011
255.651
256.3
256.299
256.902
257.495
257.504
258.061
258.047
258.589
259.129
259.125
259.603
259.574
259.986
259.918
260.295
260.737
260.709
261.147
225.196
226.087
226.955
226.97
227.837
228.715
228.751
229.605
230.493
230.553
231.391
232.28
232.366
233.176
234.057
234.167
234.96
235.837
235.971
236.745
237.634
238.49
238.58
239.438
240.293
240.396
241.251
242.1
242.216
243.042
243.198
243.966
244.792
244.949
245.723
246.542
246.688
247.445
248.25
248.375
249.111
249.862
249.964
250.678
251.386
251.483
252.151
252.252
252.891
253.55
253.634
254.238
254.337
254.906
255.505
255.578
256.129
256.683
256.75
257.257
257.319
257.813
258.303
258.359
258.786
258.826
259.179
259.194
259.539
259.922
259.958
260.339
221.457
222.323
223.092
223.156
223.987
224.808
224.857
225.668
226.521
226.574
227.371
228.239
228.304
229.089
229.955
230.034
230.816
231.683
231.777
232.553
233.428
234.217
234.342
235.187
235.98
236.112
236.95
237.732
237.875
238.681
238.798
239.563
240.364
240.489
241.237
242.021
242.136
242.862
243.636
243.764
244.472
245.175
245.275
245.958
246.609
246.72
247.357
247.436
248.053
248.674
248.75
249.328
249.4
249.953
250.525
250.585
251.113
251.633
251.695
252.189
252.232
252.704
253.174
253.221
253.644
253.666
254.027
254.02
254.349
254.729
254.75
255.128
220.941
221.792
222.625
222.643
223.464
224.305
224.345
225.149
226
226.065
226.856
227.709
227.8
228.573
229.423
229.535
230.3
231.15
231.28
232.036
232.9
233.753
233.825
234.66
235.513
235.593
236.422
237.265
237.353
238.148
238.278
239.027
239.823
239.947
240.697
241.484
241.598
242.326
243.1
243.193
243.898
244.629
244.696
245.381
246.075
246.133
246.774
246.838
247.458
248.098
248.148
248.73
248.789
249.349
249.93
249.97
250.506
251.05
251.08
251.573
251.601
252.087
252.571
252.593
253.013
253.025
253.381
253.366
253.722
254.108
254.113
254.493
217.949
218.774
219.525
219.646
220.427
221.208
221.321
222.075
222.877
222.997
223.733
224.544
224.678
225.398
226.204
226.353
227.067
227.871
228.036
228.741
229.553
230.296
230.459
231.246
231.987
232.156
232.934
233.657
233.833
234.576
234.751
235.428
236.156
236.333
236.992
237.708
237.865
238.504
239.206
239.365
239.992
240.624
240.754
241.364
241.937
242.075
242.651
242.768
243.301
243.855
243.96
244.47
244.589
245.056
245.564
245.656
246.113
246.564
246.653
247.091
247.167
247.572
247.976
248.051
248.426
248.477
248.786
248.823
249.093
249.425
249.472
249.8
217.365
218.245
219.123
219.075
219.898
220.77
220.759
221.551
222.417
222.444
223.212
224.069
224.128
224.876
225.72
225.8
226.54
227.38
227.476
228.21
229.061
229.924
229.931
230.75
231.607
231.622
232.43
233.273
233.291
234.061
234.141
234.862
235.638
235.708
236.424
237.19
237.246
237.941
238.695
238.725
239.401
240.117
240.119
240.776
241.46
241.448
242.067
242.075
242.669
243.298
243.285
243.848
243.855
244.394
244.966
244.95
245.47
246.01
245.98
246.465
246.441
246.914
247.401
247.365
247.784
247.75
248.11
248.054
248.407
248.805
248.76
249.144
214.561
215.392
216.154
216.3
217.095
217.866
218.004
218.775
219.553
219.695
220.443
221.221
221.374
222.093
222.863
223.029
223.729
224.495
224.677
225.357
226.13
226.83
227.011
227.76
228.449
228.631
229.364
230.03
230.216
230.909
231.092
231.71
232.385
232.566
233.173
233.828
233.993
234.573
235.223
235.383
235.952
236.527
236.659
237.217
237.731
237.868
238.392
238.514
238.981
239.49
239.598
240.056
240.189
240.595
241.054
241.151
241.552
241.965
242.052
242.449
242.532
242.883
243.253
243.327
243.67
243.728
243.996
244.056
244.267
244.59
244.641
244.935
211.82
212.68
213.411
213.494
214.343
215.107
215.146
215.989
216.779
216.792
217.625
218.428
218.426
219.242
220.045
220.038
220.842
221.645
221.641
222.432
223.246
223.974
224.054
224.827
225.545
225.62
226.37
227.068
227.143
227.846
227.849
228.565
229.261
229.277
229.962
230.636
230.651
231.303
231.957
231.983
232.606
233.206
233.219
233.807
234.368
234.389
234.927
234.909
235.454
235.985
235.975
236.473
236.439
236.941
237.436
237.409
237.876
238.331
238.312
238.737
238.7
239.123
239.538
239.512
239.882
239.839
240.172
240.101
240.419
240.768
240.727
241.071
211.318
212.117
212.876
213.014
213.789
214.555
214.694
215.45
216.221
216.367
217.105
217.871
218.028
218.738
219.494
219.663
220.351
221.102
221.283
221.951
222.703
223.402
223.564
224.283
224.964
225.125
225.819
226.473
226.635
227.287
227.455
228.051
228.686
228.843
229.434
230.047
230.197
230.763
231.35
231.484
232.029
232.566
232.684
233.205
233.702
233.819
234.299
234.406
234.864
235.326
235.422
235.854
235.958
236.358
236.778
236.861
237.251
237.634
237.713
238.072
238.142
238.49
238.829
238.897
239.202
239.255
239.514
239.554
239.798
240.072
240.123
240.39
209.001
209.766
210.464
210.586
211.336
212.062
212.167
212.909
213.649
213.748
214.479
215.225
215.322
216.04
216.781
216.88
217.59
218.328
218.431
219.129
219.87
220.55
220.683
221.383
222.045
222.172
222.845
223.483
223.608
224.237
224.332
224.953
225.568
225.668
226.261
226.857
226.947
227.513
228.091
228.184
228.723
229.253
229.327
229.837
230.33
230.404
230.872
230.925
231.388
231.846
231.897
232.322
232.363
232.781
233.2
233.237
233.628
234.017
234.051
234.412
234.437
234.788
235.139
235.162
235.474
235.485
235.76
235.751
236.009
236.295
236.303
236.586
208.687
209.434
210.165
210.271
210.994
211.733
211.847
212.561
213.303
213.425
214.127
214.866
214.999
215.686
216.416
216.558
217.233
217.958
218.105
218.768
219.495
220.204
220.315
221.001
221.687
221.794
222.455
223.114
223.22
223.84
223.959
224.552
225.163
225.274
225.853
226.446
226.551
227.103
227.674
227.763
228.29
228.823
228.894
229.396
229.898
229.961
230.424
230.486
230.938
231.394
231.447
231.864
231.917
232.325
232.738
232.779
233.165
233.55
233.587
233.938
233.969
234.317
234.661
234.689
234.99
235.01
235.272
235.273
235.535
235.814
235.828
236.099
206.797
207.504
208.151
208.307
208.987
209.657
209.802
210.465
211.15
211.298
211.945
212.634
212.788
213.417
214.102
214.264
214.882
215.559
215.729
216.332
217.009
217.62
217.783
218.421
219.01
219.168
219.779
220.342
220.5
221.068
221.222
221.747
222.3
222.45
222.955
223.489
223.622
224.107
224.622
224.751
225.22
225.684
225.792
226.242
226.661
226.775
227.192
227.287
227.679
228.076
228.164
228.533
228.625
228.968
229.33
229.405
229.737
230.061
230.135
230.448
230.51
230.805
231.093
231.156
231.423
231.471
231.697
231.732
231.938
232.174
232.218
232.452
206.432
207.173
207.918
207.942
208.647
209.387
209.431
210.119
210.853
210.914
211.588
212.315
212.389
213.049
213.766
213.848
214.5
215.207
215.296
215.937
216.645
217.353
217.379
218.042
218.726
218.75
219.388
220.047
220.068
220.666
220.72
221.291
221.889
221.935
222.492
223.074
223.112
223.644
224.209
224.227
224.739
225.273
225.272
225.764
226.271
226.26
226.718
226.717
227.16
227.623
227.609
228.024
228.023
228.423
228.843
228.825
229.21
229.607
229.58
229.937
229.915
230.264
230.623
230.592
230.903
230.874
231.149
231.106
231.373
231.67
231.634
231.919
204.674
205.376
206.005
206.168
206.85
207.482
207.633
208.295
208.935
209.086
209.72
210.366
210.524
211.129
211.772
211.939
212.521
213.157
213.331
213.888
214.517
215.075
215.238
215.829
216.363
216.52
217.085
217.593
217.749
218.275
218.428
218.896
219.402
219.551
220.005
220.489
220.622
221.063
221.529
221.656
222.082
222.497
222.603
223.014
223.389
223.498
223.876
223.974
224.323
224.68
224.767
225.102
225.203
225.501
225.825
225.902
226.2
226.489
226.562
226.844
226.909
227.174
227.429
227.493
227.734
227.783
227.985
228.032
228.211
228.423
228.469
228.676
202.703
203.41
204.055
204.166
204.851
205.504
205.596
206.27
206.924
207.006
207.666
208.318
208.393
209.038
209.68
209.752
210.382
211.014
211.083
211.692
212.315
212.891
212.981
213.558
214.111
214.195
214.746
215.275
215.355
215.863
215.917
216.429
216.926
216.982
217.469
217.947
217.997
218.457
218.92
218.97
219.405
219.833
219.868
220.278
220.679
220.714
221.088
221.107
221.481
221.85
221.868
222.21
222.218
222.558
222.896
222.903
223.22
223.537
223.542
223.832
223.831
224.118
224.403
224.402
224.655
224.647
224.873
224.849
225.065
225.302
225.291
225.524
202.396
203.084
203.741
203.867
204.527
205.18
205.307
205.949
206.598
206.728
207.352
207.993
208.126
208.728
209.355
209.493
210.075
210.686
210.825
211.383
211.979
212.546
212.658
213.216
213.757
213.864
214.395
214.91
215.013
215.507
215.614
216.083
216.559
216.661
217.113
217.57
217.664
218.095
218.532
218.617
219.023
219.426
219.497
219.882
220.259
220.326
220.678
220.74
221.083
221.425
221.481
221.797
221.85
222.158
222.467
222.512
222.802
223.089
223.131
223.395
223.431
223.691
223.948
223.982
224.207
224.234
224.431
224.443
224.64
224.849
224.87
225.073
200.498
201.158
201.761
201.91
202.542
203.158
203.297
203.909
204.529
204.667
205.261
205.873
206.015
206.588
207.186
207.328
207.883
208.461
208.604
209.131
209.696
210.204
210.346
210.869
211.353
211.489
211.985
212.442
212.574
213.028
213.146
213.581
214.02
214.135
214.549
214.965
215.07
215.462
215.863
215.963
216.337
216.697
216.784
217.137
217.468
217.555
217.875
217.947
218.258
218.565
218.632
218.918
218.982
219.257
219.535
219.591
219.851
220.105
220.159
220.398
220.443
220.674
220.901
220.946
221.151
221.185
221.364
221.386
221.554
221.737
221.768
221.949
200.192
200.869
201.547
201.594
202.239
202.908
202.965
203.593
204.251
204.318
204.93
205.577
205.649
206.244
206.873
206.947
207.526
208.134
208.206
208.76
209.354
209.941
209.97
210.517
211.076
211.101
211.624
212.155
212.179
212.662
212.703
213.17
213.649
213.685
214.133
214.594
214.623
215.05
215.494
215.511
215.916
216.331
216.336
216.721
217.112
217.11
217.465
217.466
217.814
218.168
218.164
218.483
218.482
218.796
219.117
219.108
219.405
219.707
219.692
219.965
219.951
220.221
220.493
220.474
220.712
220.694
220.905
220.874
221.083
221.309
221.285
221.504
198.585
199.208
199.775
199.929
200.527
201.101
201.248
201.822
202.403
202.551
203.1
203.68
203.832
204.355
204.922
205.08
205.576
206.121
206.28
206.746
207.273
207.739
207.879
208.368
208.811
208.944
209.407
209.824
209.955
210.384
210.515
210.892
211.302
211.427
211.791
212.179
212.289
212.64
213.012
213.115
213.453
213.781
213.87
214.194
214.488
214.578
214.876
214.955
215.23
215.508
215.579
215.842
215.923
216.155
216.408
216.469
216.703
216.925
216.985
217.204
217.258
217.464
217.66
217.712
217.9
217.939
218.097
218.137
218.276
218.441
218.478
218.639
196.971
197.582
198.15
198.257
198.846
199.415
199.507
200.087
200.653
200.737
201.305
201.863
201.941
202.492
203.036
203.107
203.637
204.161
204.226
204.73
205.243
205.719
205.795
206.267
206.72
206.79
207.238
207.668
207.735
208.144
208.189
208.603
209.004
209.05
209.44
209.822
209.864
210.231
210.599
210.64
210.986
211.324
211.354
211.678
211.997
212.023
212.318
212.334
212.629
212.921
212.934
213.203
213.21
213.476
213.742
213.748
213.998
214.245
214.249
214.477
214.476
214.701
214.925
214.924
215.123
215.116
215.294
215.277
215.447
215.633
215.625
215.806
196.725
197.323
197.899
198.012
198.583
199.153
199.266
199.82
200.383
200.497
201.036
201.587
201.702
202.221
202.753
202.866
203.362
203.87
203.979
204.449
204.941
205.413
205.499
205.957
206.404
206.485
206.918
207.341
207.418
207.819
207.898
208.283
208.668
208.742
209.111
209.48
209.546
209.896
210.247
210.305
210.634
210.958
211.005
211.316
211.619
211.663
211.946
211.986
212.265
212.537
212.573
212.827
212.858
213.11
213.355
213.383
213.618
213.846
213.872
214.084
214.105
214.315
214.521
214.541
214.722
214.737
214.899
214.901
215.063
215.23
215.241
215.405
195.098
195.672
196.195
196.34
196.887
197.415
197.549
198.073
198.6
198.733
199.236
199.753
199.886
200.362
200.858
200.989
201.439
201.91
202.039
202.461
202.918
203.324
203.448
203.867
204.252
204.37
204.766
205.127
205.242
205.601
205.707
206.046
206.392
206.492
206.813
207.138
207.23
207.533
207.844
207.933
208.222
208.5
208.577
208.851
209.102
209.18
209.425
209.491
209.73
209.963
210.025
210.243
210.303
210.512
210.723
210.775
210.975
211.165
211.216
211.397
211.441
211.618
211.788
211.831
211.987
212.021
212.155
212.183
212.31
212.448
212.48
212.616
194.778
195.38
195.987
196.008
196.577
197.168
197.2
197.749
198.326
198.365
198.897
199.456
199.5
200.008
200.542
200.584
201.07
201.578
201.618
202.078
202.572
203.06
203.058
203.511
203.974
203.97
204.399
204.839
204.833
205.229
205.246
205.623
206.015
206.028
206.389
206.763
206.768
207.112
207.473
207.469
207.796
208.133
208.118
208.429
208.748
208.727
209.014
209
209.279
209.567
209.548
209.805
209.793
210.043
210.303
210.283
210.522
210.769
210.742
210.964
210.941
211.158
211.381
211.353
211.547
211.521
211.696
211.663
211.832
212.018
211.988
212.166
193.338
193.885
194.389
194.527
195.051
195.552
195.684
196.184
196.682
196.813
197.291
197.777
197.907
198.353
198.819
198.948
199.365
199.806
199.935
200.322
200.746
201.131
201.242
201.633
201.996
202.102
202.469
202.809
202.911
203.248
203.35
203.656
203.977
204.074
204.368
204.67
204.757
205.038
205.326
205.407
205.674
205.932
205.999
206.252
206.488
206.555
206.783
206.844
207.062
207.279
207.333
207.536
207.594
207.783
207.978
208.025
208.208
208.385
208.429
208.598
208.637
208.8
208.957
208.994
209.139
209.169
209.295
209.32
209.439
209.566
209.593
209.719
191.789
192.315
192.808
192.922
193.425
193.914
194.017
194.507
194.987
195.084
195.555
196.02
196.111
196.558
196.999
197.085
197.508
197.926
198.007
198.404
198.811
199.188
199.27
199.643
199.998
200.074
200.424
200.759
200.83
201.148
201.207
201.524
201.833
201.891
202.189
202.478
202.531
202.81
203.088
203.14
203.402
203.655
203.697
203.942
204.179
204.217
204.437
204.469
204.689
204.904
204.932
205.13
205.156
205.353
205.547
205.569
205.753
205.935
205.954
206.12
206.135
206.3
206.464
206.477
206.623
206.632
206.761
206.763
206.888
207.023
207.029
207.16
191.554
192.085
192.609
192.682
193.186
193.697
193.771
194.259
194.756
194.83
195.3
195.777
195.848
196.294
196.745
196.812
197.235
197.664
197.725
198.126
198.539
198.94
198.982
199.362
199.74
199.778
200.138
200.493
200.529
200.859
200.895
201.217
201.537
201.572
201.877
202.18
202.211
202.499
202.788
202.811
203.083
203.35
203.366
203.621
203.873
203.885
204.117
204.128
204.358
204.584
204.593
204.801
204.806
205.015
205.219
205.223
205.418
205.608
205.61
205.785
205.785
205.959
206.131
206.13
206.283
206.279
206.417
206.406
206.543
206.685
206.68
206.818
190.101
190.604
191.052
191.187
191.66
192.11
192.235
192.678
193.13
193.253
193.666
194.104
194.225
194.607
195.023
195.143
195.498
195.889
196.009
196.336
196.709
197.033
197.138
197.482
197.786
197.884
198.206
198.489
198.584
198.88
198.975
199.228
199.51
199.599
199.839
200.104
200.183
200.41
200.665
200.738
200.96
201.181
201.242
201.457
201.65
201.713
201.913
201.97
202.143
202.333
202.383
202.555
202.613
202.762
202.931
202.975
203.125
203.272
203.313
203.459
203.497
203.628
203.759
203.795
203.921
203.951
204.054
204.086
204.168
204.284
204.311
204.417
188.696
189.185
189.648
189.725
190.192
190.646
190.712
191.165
191.606
191.664
192.098
192.521
192.571
192.982
193.383
193.426
193.816
194.197
194.234
194.601
194.972
195.315
195.358
195.696
196.02
196.058
196.376
196.681
196.717
197.003
197.027
197.317
197.597
197.621
197.892
198.155
198.177
198.431
198.682
198.703
198.941
199.172
199.187
199.41
199.624
199.638
199.836
199.844
200.045
200.241
200.247
200.427
200.429
200.611
200.789
200.79
200.959
201.126
201.126
201.278
201.276
201.428
201.579
201.576
201.71
201.705
201.826
201.813
201.933
202.059
202.051
202.173
188.476
188.95
189.407
189.506
189.953
190.398
190.494
190.923
191.353
191.446
191.853
192.262
192.35
192.732
193.118
193.202
193.561
193.926
194.005
194.342
194.692
195.026
195.09
195.41
195.725
195.783
196.085
196.379
196.434
196.71
196.762
197.03
197.296
197.346
197.599
197.849
197.894
198.133
198.369
198.407
198.632
198.85
198.882
199.092
199.295
199.324
199.514
199.539
199.728
199.91
199.934
200.104
200.123
200.293
200.458
200.474
200.632
200.785
200.801
200.944
200.956
201.097
201.235
201.247
201.37
201.379
201.49
201.492
201.603
201.716
201.722
201.832
187.077
187.528
187.937
188.06
188.486
188.892
189.005
189.406
189.803
189.911
190.283
190.663
190.767
191.112
191.471
191.572
191.893
192.231
192.329
192.627
192.949
193.236
193.327
193.622
193.891
193.975
194.251
194.501
194.583
194.834
194.909
195.139
195.379
195.45
195.668
195.891
195.956
196.163
196.375
196.436
196.63
196.819
196.872
197.055
197.225
197.278
197.445
197.49
197.649
197.808
197.849
197.996
198.037
198.177
198.318
198.354
198.486
198.614
198.648
198.771
198.801
198.919
199.033
199.062
199.167
199.192
199.284
199.304
199.392
199.484
199.506
199.596
185.826
186.282
186.708
186.758
187.191
187.607
187.645
188.063
188.463
188.49
188.889
189.272
189.293
189.668
190.034
190.045
190.402
190.748
190.757
191.091
191.427
191.736
191.757
192.061
192.35
192.369
192.654
192.925
192.943
193.201
193.201
193.463
193.717
193.719
193.963
194.201
194.204
194.433
194.658
194.661
194.876
195.081
195.082
195.282
195.473
195.475
195.652
195.644
195.827
196.002
195.997
196.159
196.147
196.314
196.474
196.464
196.618
196.766
196.759
196.895
196.882
197.023
197.156
197.147
197.268
197.255
197.367
197.347
197.459
197.573
197.56
197.67
185.596
186.02
186.422
186.529
186.929
187.319
187.42
187.798
188.172
188.269
188.622
188.978
189.072
189.4
189.735
189.825
190.131
190.445
190.531
190.816
191.116
191.398
191.47
191.743
192.007
192.075
192.33
192.576
192.64
192.874
192.936
193.157
193.381
193.439
193.648
193.858
193.91
194.108
194.306
194.352
194.537
194.718
194.758
194.932
195.1
195.137
195.295
195.328
195.483
195.634
195.665
195.806
195.834
195.972
196.107
196.132
196.261
196.387
196.409
196.526
196.546
196.662
196.773
196.792
196.895
196.91
197.003
197.012
197.103
197.194
197.206
197.296
184.334
184.74
185.114
185.222
185.604
185.969
186.067
186.425
186.778
186.868
187.204
187.538
187.624
187.936
188.251
188.333
188.623
188.919
188.997
189.268
189.549
189.809
189.882
190.137
190.38
190.448
190.686
190.913
190.978
191.194
191.253
191.46
191.67
191.724
191.919
192.113
192.165
192.346
192.529
192.577
192.748
192.914
192.956
193.116
193.27
193.31
193.452
193.488
193.629
193.767
193.801
193.927
193.958
194.084
194.208
194.235
194.352
194.467
194.492
194.598
194.62
194.724
194.827
194.849
194.941
194.959
195.041
195.056
195.136
195.219
195.235
195.314
184.106
184.531
184.955
184.985
185.38
185.785
185.816
186.19
186.573
186.604
186.956
187.317
187.349
187.679
188.016
188.047
188.356
188.675
188.703
188.992
189.297
189.597
189.603
189.879
190.159
190.163
190.422
190.686
190.689
190.925
190.939
191.165
191.397
191.409
191.622
191.841
191.849
192.052
192.26
192.26
192.452
192.647
192.642
192.823
193.007
192.998
193.164
193.158
193.32
193.485
193.477
193.626
193.621
193.766
193.913
193.905
194.042
194.182
194.169
194.296
194.286
194.411
194.537
194.525
194.637
194.626
194.728
194.714
194.813
194.918
194.904
195.006
183.083
183.467
183.824
183.928
184.288
184.633
184.729
185.065
185.395
185.485
185.797
186.111
186.199
186.486
186.78
186.866
187.132
187.408
187.491
187.736
187.998
188.24
188.31
188.549
188.774
188.839
189.062
189.271
189.333
189.536
189.597
189.785
189.978
190.034
190.212
190.391
190.443
190.611
190.78
190.827
190.985
191.138
191.179
191.327
191.468
191.507
191.641
191.675
191.805
191.931
191.964
192.082
192.113
192.228
192.341
192.368
192.476
192.58
192.606
192.703
192.727
192.823
192.915
192.937
193.023
193.041
193.118
193.133
193.207
193.282
193.298
193.372
181.687
182.041
182.41
182.75
182.846
183.19
183.519
183.605
183.927
184.242
184.322
184.622
184.92
184.995
185.274
185.555
185.625
185.885
186.147
186.214
186.454
186.704
186.934
186.997
187.223
187.438
187.495
187.706
187.907
187.961
188.153
188.201
188.385
188.57
188.615
188.786
188.958
189.001
189.16
189.321
189.361
189.512
189.659
189.693
189.833
189.968
190.001
190.127
190.156
190.281
190.402
190.429
190.541
190.566
190.677
190.785
190.807
190.91
191.011
191.031
191.124
191.142
191.235
191.325
191.342
191.423
191.438
191.51
191.521
191.593
191.667
191.679
191.75
181.482
181.845
182.229
182.611
182.642
182.998
183.357
183.391
183.723
184.063
184.097
184.409
184.728
184.762
185.053
185.352
185.384
185.656
185.935
185.966
186.219
186.488
186.75
186.76
187.001
187.245
187.254
187.48
187.709
187.716
187.921
187.938
188.135
188.335
188.351
188.536
188.725
188.736
188.91
189.09
189.096
189.26
189.429
189.429
189.584
189.743
189.739
189.881
189.881
190.019
190.161
190.158
190.285
190.284
190.409
190.535
190.53
190.649
190.769
190.761
190.869
190.863
190.97
191.078
191.069
191.166
191.159
191.247
191.236
191.323
191.413
191.404
191.489
180.663
180.994
181.344
181.669
181.762
182.088
182.399
182.484
182.786
183.083
183.164
183.444
183.726
183.804
184.062
184.326
184.401
184.64
184.886
184.957
185.179
185.412
185.628
185.689
185.901
186.101
186.158
186.356
186.543
186.597
186.776
186.829
186.996
187.166
187.215
187.374
187.532
187.576
187.725
187.875
187.915
188.055
188.19
188.226
188.355
188.48
188.513
188.631
188.661
188.776
188.888
188.915
189.02
189.046
189.146
189.248
189.271
189.365
189.458
189.479
189.566
189.585
189.67
189.752
189.77
189.846
189.862
189.93
189.943
190.009
190.076
190.09
190.154
179.805
180.125
180.461
180.768
180.861
181.171
181.468
181.55
181.839
182.122
182.199
182.466
182.735
182.807
183.054
183.306
183.375
183.604
183.839
183.904
184.116
184.338
184.54
184.6
184.802
184.99
185.046
185.234
185.408
185.462
185.632
185.68
185.84
186.002
186.048
186.198
186.348
186.39
186.53
186.671
186.709
186.842
186.969
187.002
187.126
187.242
187.275
187.386
187.414
187.522
187.628
187.654
187.753
187.778
187.872
187.967
187.989
188.079
188.166
188.187
188.267
188.286
188.365
188.443
188.46
188.532
188.547
188.611
188.624
188.686
188.749
188.763
188.823
179.044
179.387
179.724
180.036
180.089
180.404
180.703
180.743
181.042
181.327
181.359
181.642
181.912
181.937
182.203
182.456
182.477
182.727
182.966
182.983
183.214
183.444
183.654
183.681
183.888
184.084
184.107
184.3
184.484
184.505
184.68
184.689
184.865
185.036
185.045
185.208
185.367
185.376
185.528
185.677
185.686
185.828
185.964
185.972
186.102
186.228
186.237
186.354
186.355
186.475
186.589
186.593
186.7
186.698
186.805
186.91
186.909
187.01
187.104
187.107
187.194
187.192
187.282
187.368
187.369
187.446
187.445
187.518
187.51
187.585
187.658
187.654
187.724
178.93
179.24
179.562
179.867
179.942
180.24
180.529
180.599
180.876
181.149
181.216
181.474
181.731
181.795
182.034
182.274
182.334
182.556
182.779
182.837
183.041
183.254
183.456
183.503
183.696
183.881
183.926
184.104
184.278
184.319
184.482
184.522
184.678
184.833
184.871
185.016
185.161
185.196
185.331
185.467
185.497
185.624
185.749
185.776
185.895
186.011
186.035
186.142
186.163
186.269
186.373
186.393
186.488
186.507
186.601
186.693
186.709
186.798
186.884
186.899
186.978
186.99
187.069
187.146
187.158
187.229
187.238
187.303
187.31
187.374
187.438
187.445
187.506
178.237
178.523
178.837
179.114
179.201
179.489
179.758
179.836
180.098
180.359
180.433
180.67
180.918
180.99
181.207
181.439
181.51
181.708
181.925
181.993
182.175
182.379
182.557
182.615
182.8
182.965
183.02
183.191
183.343
183.395
183.552
183.603
183.739
183.887
183.934
184.061
184.198
184.241
184.361
184.488
184.527
184.642
184.755
184.789
184.899
184.999
185.033
185.135
185.165
185.256
185.351
185.378
185.465
185.496
185.573
185.659
185.683
185.759
185.833
185.856
185.929
185.949
186.017
186.083
186.103
186.167
186.185
186.24
186.258
186.308
186.365
186.38
186.433
177.589
177.89
178.193
178.475
178.541
178.822
179.091
179.147
179.411
179.665
179.716
179.963
180.203
180.248
180.479
180.704
180.745
180.96
181.17
181.207
181.406
181.607
181.794
181.832
182.012
182.186
182.22
182.388
182.549
182.582
182.734
182.76
182.91
183.057
183.082
183.221
183.357
183.38
183.51
183.638
183.659
183.78
183.898
183.916
184.027
184.137
184.154
184.254
184.268
184.368
184.467
184.479
184.569
184.581
184.671
184.758
184.769
184.852
184.934
184.943
185.018
185.026
185.101
185.174
185.181
185.248
185.254
185.315
185.318
185.379
185.441
185.445
185.503
177.475
177.768
178.071
178.367
178.417
178.695
178.972
179.021
179.28
179.54
179.587
179.829
180.071
180.117
180.341
180.567
180.61
180.82
181.031
181.071
181.265
181.466
181.659
181.687
181.869
182.048
182.074
182.242
182.41
182.433
182.586
182.611
182.759
182.906
182.931
183.069
183.206
183.228
183.357
183.487
183.504
183.625
183.746
183.76
183.872
183.985
183.997
184.099
184.111
184.211
184.311
184.321
184.412
184.422
184.512
184.602
184.609
184.694
184.778
184.783
184.86
184.865
184.941
185.016
185.02
185.089
185.092
185.156
185.157
185.22
185.283
185.284
185.345
176.945
177.216
177.505
177.767
177.846
178.112
178.363
178.435
178.68
178.918
178.986
179.211
179.436
179.502
179.707
179.919
179.983
180.171
180.369
180.43
180.602
180.788
180.955
181.009
181.178
181.333
181.382
181.539
181.682
181.729
181.87
181.916
182.045
182.179
182.222
182.343
182.467
182.505
182.619
182.735
182.769
182.877
182.981
183.013
183.114
183.209
183.239
183.33
183.357
183.444
183.53
183.556
183.636
183.662
183.737
183.815
183.836
183.908
183.979
183.999
184.065
184.084
184.148
184.21
184.228
184.286
184.302
184.355
184.37
184.421
184.473
184.487
184.536
176.434
176.697
176.978
177.232
177.31
177.567
177.811
177.88
178.117
178.35
178.415
178.633
178.853
178.916
179.115
179.321
179.381
179.565
179.756
179.813
179.982
180.163
180.325
180.376
180.54
180.69
180.738
180.89
181.029
181.074
181.211
181.255
181.381
181.511
181.551
181.669
181.79
181.826
181.937
182.049
182.083
182.187
182.29
182.319
182.416
182.509
182.538
182.627
182.653
182.738
182.823
182.846
182.924
182.948
183.022
183.098
183.118
183.189
183.257
183.277
183.342
183.359
183.422
183.484
183.501
183.558
183.572
183.625
183.639
183.689
183.742
183.754
183.803
176.006
176.284
176.561
176.82
176.88
177.136
177.381
177.433
177.673
177.905
177.95
178.176
178.394
178.434
178.645
178.849
178.886
179.083
179.274
179.307
179.49
179.672
179.841
179.876
180.041
180.198
180.23
180.384
180.53
180.558
180.697
180.72
180.858
180.992
181.013
181.141
181.266
181.287
181.405
181.521
181.541
181.651
181.758
181.776
181.879
181.978
181.994
182.086
182.099
182.191
182.281
182.294
182.377
182.387
182.469
182.551
182.56
182.637
182.713
182.721
182.791
182.798
182.867
182.935
182.943
183.005
183.011
183.07
183.074
183.133
183.191
183.196
183.25
175.938
176.205
176.48
176.745
176.8
177.052
177.3
177.352
177.586
177.819
177.87
178.087
178.305
178.353
178.556
178.759
178.804
178.993
179.182
179.224
179.399
179.579
179.751
179.784
179.947
180.106
180.136
180.288
180.436
180.465
180.601
180.631
180.762
180.894
180.922
181.045
181.168
181.193
181.308
181.423
181.445
181.553
181.66
181.679
181.78
181.88
181.896
181.987
182.002
182.092
182.182
182.196
182.278
182.291
182.371
182.452
182.463
182.538
182.614
182.624
182.693
182.702
182.769
182.836
182.845
182.907
182.915
182.972
182.978
183.036
183.093
183.099
183.152
175.65
175.9
176.167
176.411
176.485
176.729
176.963
177.031
177.255
177.478
177.543
177.748
177.957
178.021
178.209
178.404
178.466
178.64
178.821
178.882
179.04
179.211
179.369
179.419
179.573
179.719
179.766
179.909
180.045
180.089
180.22
180.266
180.384
180.509
180.551
180.663
180.779
180.817
180.921
181.029
181.063
181.163
181.261
181.292
181.386
181.476
181.505
181.59
181.619
181.699
181.782
181.807
181.883
181.909
181.979
182.052
182.075
182.143
182.212
182.232
182.295
182.315
182.374
182.435
182.453
182.509
182.527
182.58
182.596
182.647
182.698
182.713
182.761
175.471
175.714
175.98
176.217
176.293
176.534
176.765
176.833
177.051
177.275
177.34
177.538
177.75
177.815
177.996
178.193
178.256
178.423
178.606
178.668
178.821
178.994
179.147
179.198
179.354
179.497
179.544
179.689
179.821
179.866
179.999
180.047
180.161
180.288
180.332
180.439
180.557
180.597
180.698
180.808
180.843
180.94
181.04
181.071
181.165
181.254
181.285
181.373
181.402
181.482
181.566
181.592
181.668
181.698
181.765
181.842
181.865
181.933
182.002
182.023
182.089
182.11
182.17
182.232
182.251
182.31
182.328
182.383
182.404
182.452
182.507
182.523
182.572
175.461
175.717
175.977
176.222
176.292
176.532
176.764
176.829
177.052
177.272
177.332
177.541
177.748
177.805
177.999
178.193
178.246
178.428
178.609
178.659
178.828
179
179.162
179.208
179.364
179.515
179.557
179.703
179.844
179.884
180.017
180.055
180.183
180.312
180.348
180.468
180.588
180.622
180.734
180.847
180.877
180.983
181.088
181.116
181.216
181.314
181.341
181.431
181.455
181.544
181.634
181.656
181.739
181.76
181.84
181.92
181.941
182.017
182.092
182.111
182.18
182.198
182.267
182.336
182.351
182.415
182.431
182.492
182.507
182.569
182.63
182.643
182.698
175.511
175.78
176.044
176.29
176.354
176.598
176.832
176.887
177.119
177.34
177.39
177.608
177.815
177.861
178.067
178.262
178.302
178.496
178.679
178.716
178.897
179.073
179.235
179.279
179.439
179.589
179.63
179.779
179.92
179.96
180.094
180.123
180.261
180.391
180.419
180.547
180.669
180.697
180.817
180.93
180.957
181.067
181.172
181.199
181.302
181.4
181.427
181.518
181.539
181.634
181.723
181.745
181.83
181.846
181.933
182.014
182.033
182.112
182.187
182.207
182.278
182.293
182.365
182.433
182.45
182.515
182.53
182.595
182.608
182.673
182.734
182.749
182.804
175.846
176.101
176.36
176.605
176.684
176.922
177.154
177.227
177.45
177.67
177.739
177.948
178.155
178.22
178.417
178.611
178.671
178.857
179.038
179.094
179.268
179.44
179.603
179.659
179.816
179.968
180.02
180.167
180.309
180.359
180.493
180.537
180.671
180.801
180.843
180.967
181.089
181.13
181.246
181.359
181.397
181.506
181.612
181.648
181.751
181.851
181.885
181.978
182.009
182.102
182.193
182.224
182.309
182.336
182.42
182.504
182.529
182.609
182.688
182.713
182.786
182.809
182.882
182.953
182.975
183.042
183.064
183.131
183.153
183.221
183.284
183.304
183.362
176.559
176.79
177.057
177.316
177.396
177.625
177.881
177.962
178.167
178.412
178.495
178.682
178.91
178.995
179.171
179.379
179.467
179.632
179.822
179.91
180.064
180.241
180.418
180.475
180.634
180.802
180.855
181.005
181.161
181.211
181.351
181.423
181.541
181.679
181.745
181.855
181.988
182.047
182.151
182.279
182.328
182.428
182.551
182.593
182.694
182.808
182.842
182.944
182.992
183.076
183.181
183.219
183.304
183.352
183.429
183.522
183.559
183.634
183.725
183.753
183.833
183.868
183.936
184.02
184.045
184.121
184.152
184.22
184.26
184.324
184.399
184.423
184.484
177.835
178.06
178.349
178.616
178.698
178.937
179.211
179.296
179.495
179.77
179.858
180.037
180.296
180.39
180.557
180.794
180.892
181.052
181.266
181.366
181.516
181.713
181.904
181.958
182.136
182.317
182.368
182.537
182.707
182.755
182.916
183
183.113
183.277
183.35
183.455
183.616
183.68
183.778
183.936
183.988
184.088
184.238
184.28
184.393
184.522
184.554
184.679
184.734
184.814
184.947
184.985
185.081
185.145
185.216
185.333
185.375
185.453
185.565
185.589
185.691
185.732
185.801
185.906
185.926
186.025
186.059
186.138
186.192
186.255
186.355
186.377
186.455
179.904
180.168
180.457
180.736
180.837
181.103
181.37
181.471
181.717
181.972
182.074
182.304
182.545
182.647
182.863
183.092
183.195
183.397
183.614
183.714
183.903
184.11
184.311
184.39
184.581
184.77
184.846
185.027
185.207
185.28
185.451
185.532
185.687
185.854
185.93
186.078
186.236
186.307
186.45
186.598
186.662
186.801
186.944
187.005
187.139
187.276
187.334
187.462
187.521
187.643
187.77
187.824
187.941
187.998
188.11
188.228
188.278
188.388
188.502
188.548
188.654
188.7
188.803
188.91
188.951
189.053
189.097
189.203
189.251
189.354
189.456
189.495
189.583
183.048
183.309
183.61
183.949
184.046
184.318
184.628
184.746
184.996
185.283
185.416
185.648
185.914
186.056
186.275
186.523
186.671
186.875
187.108
187.256
187.448
187.67
187.924
188.001
188.206
188.446
188.521
188.717
188.946
189.019
189.205
189.325
189.488
189.674
189.783
189.939
190.12
190.219
190.372
190.545
190.63
190.781
190.957
191.03
191.181
191.357
191.416
191.564
191.648
191.781
191.936
192.005
192.139
192.223
192.345
192.485
192.554
192.678
192.823
192.876
193.001
193.067
193.183
193.319
193.367
193.49
193.549
193.674
193.745
193.865
193.993
194.044
194.148
187.63
187.816
188.134
188.618
188.662
188.916
189.34
189.47
189.683
190.051
190.245
190.429
190.747
190.985
191.151
191.433
191.697
191.849
192.101
192.375
192.515
192.75
193.115
193.155
193.373
193.717
193.762
193.97
194.3
194.341
194.543
194.769
194.894
195.099
195.296
195.424
195.635
195.801
195.935
196.153
196.279
196.423
196.656
196.745
196.903
197.151
197.198
197.37
197.513
197.634
197.831
197.925
198.064
198.227
198.328
198.492
198.604
198.727
198.92
198.978
199.124
199.234
199.348
199.527
199.582
199.727
199.824
199.955
200.09
200.205
200.359
200.432
200.547
189.24
189.677
189.994
190.217
190.498
190.821
191.059
191.276
191.611
191.858
192.022
192.366
192.617
192.74
193.093
193.349
193.441
193.794
194.048
194.121
194.467
194.718
194.893
195.122
195.357
195.527
195.742
195.968
196.13
196.34
196.553
196.63
196.91
197.116
197.206
197.46
197.649
197.758
197.988
198.156
198.282
198.489
198.644
198.79
198.973
199.111
199.272
199.435
199.534
199.728
199.874
199.998
200.165
200.235
200.43
200.58
200.68
200.845
200.973
201.097
201.236
201.328
201.482
201.604
201.718
201.853
201.945
202.107
202.188
202.362
202.491
202.588
202.702
196.582
196.979
197.344
197.686
197.953
198.279
198.64
198.878
199.19
199.547
199.762
200.077
200.415
200.611
200.94
201.26
201.44
201.776
202.078
202.244
202.581
202.87
203.144
203.361
203.632
203.897
204.104
204.367
204.619
204.821
205.073
205.224
205.508
205.759
205.911
206.171
206.413
206.57
206.809
207.037
207.193
207.416
207.641
207.8
208.015
208.225
208.384
208.592
208.729
208.942
209.148
209.289
209.485
209.603
209.816
210.012
210.14
210.331
210.517
210.646
210.827
210.944
211.126
211.303
211.421
211.6
211.713
211.911
212.026
212.233
212.412
212.518
212.668
207.174
207.491
207.938
208.461
208.696
208.999
209.576
209.834
210.07
210.633
210.914
211.144
211.648
211.948
212.204
212.643
212.956
213.236
213.617
213.933
214.229
214.572
215.012
215.188
215.501
215.929
216.1
216.405
216.815
216.977
217.285
217.566
217.817
218.146
218.406
218.629
218.973
219.21
219.415
219.764
219.964
220.174
220.533
220.702
220.938
221.274
221.409
221.688
221.897
222.097
222.413
222.575
222.792
223.002
223.212
223.485
223.659
223.856
224.149
224.269
224.51
224.676
224.867
225.141
225.253
225.494
225.646
225.872
226.059
226.284
226.54
226.659
226.852
222.299
222.507
223.09
223.846
224.045
224.282
225.187
225.474
225.534
226.458
226.822
226.876
227.68
228.108
228.229
228.877
229.361
229.541
230.056
230.575
230.795
231.221
231.898
232
232.37
233.04
233.137
233.501
234.147
234.224
234.618
235.096
235.26
235.722
236.144
236.255
236.789
237.141
237.221
237.811
238.067
238.183
238.803
238.959
239.195
239.752
239.8
240.207
240.531
240.631
241.174
241.345
241.552
241.949
242.085
242.509
242.75
242.888
243.394
243.453
243.802
244.05
244.183
244.655
244.704
245.064
245.273
245.485
245.833
246.01
246.426
246.535
246.793
243.748
243.887
244.664
245.654
245.851
246.033
247.31
247.653
247.396
248.883
249.35
249.161
250.408
250.975
250.957
251.905
252.557
252.656
253.37
254.09
254.258
254.82
255.743
255.787
256.259
257.186
257.222
257.691
258.585
258.585
259.119
259.802
259.869
260.54
261.124
261.072
261.911
262.379
262.205
263.217
263.539
263.422
264.487
264.642
264.868
265.705
265.629
266.25
266.693
266.53
267.506
267.69
267.856
268.516
268.504
269.197
269.509
269.463
270.343
270.292
270.834
271.17
271.109
271.951
271.869
272.452
272.716
272.838
273.467
273.458
274.21
274.274
274.646
274.039
274.218
275.214
276.426
276.68
276.984
278.514
278.949
278.428
280.499
281.103
280.895
282.456
283.17
283.177
284.376
285.186
285.327
286.256
287.141
287.36
288.111
289.224
289.302
289.95
291.062
291.131
291.773
292.847
292.872
293.588
294.412
294.513
295.388
296.092
296.049
297.122
297.688
297.47
298.771
299.17
299.055
300.38
300.583
300.935
301.93
301.853
302.665
303.187
302.744
304.215
304.464
304.739
305.521
305.512
306.407
306.775
306.759
307.836
307.781
308.496
308.888
308.837
309.88
309.781
310.545
310.85
311.062
311.81
311.773
312.756
312.83
313.334
316.802
317.083
318.328
319.825
320.172
320.708
322.484
323.061
323.097
325.046
325.809
325.807
327.544
328.45
328.595
330.014
331.03
331.29
332.44
333.531
333.862
334.832
336.158
336.33
337.191
338.5
338.665
339.515
340.774
340.898
341.813
342.79
343.025
344.08
344.924
345.049
346.263
346.956
347.013
348.349
348.842
349.038
350.374
350.661
351.214
352.319
352.354
353.304
353.929
354.024
355.251
355.557
356.029
356.867
357.02
358.003
358.444
358.695
359.766
359.812
360.638
361.091
361.315
362.328
362.342
363.191
363.554
363.995
364.742
364.967
365.93
366.077
366.683
377.548
377.869
379.446
381.398
381.835
382.553
384.798
385.556
385.706
388.079
389.093
389.153
391.274
392.482
392.678
394.434
395.783
396.102
397.537
398.974
399.376
400.596
402.268
402.509
403.6
405.239
405.474
406.549
408.121
408.309
409.451
410.711
411.017
412.308
413.398
413.6
415.057
415.952
416.114
417.684
418.32
418.65
420.221
420.601
421.309
422.649
422.736
423.881
424.674
424.871
426.292
426.688
427.29
428.324
428.533
429.695
430.254
430.608
431.865
431.958
432.939
433.511
433.828
435.011
435.068
436.07
436.532
437.097
438
438.317
439.436
439.638
440.357
465.406
465.491
467.561
470.31
470.76
471.433
474.668
475.647
475.413
478.846
480.243
479.893
482.894
484.609
484.496
486.884
488.835
488.938
490.797
492.899
493.147
494.658
497.005
497.14
498.456
500.767
500.896
502.196
504.41
504.459
505.885
507.75
507.84
509.532
511.126
511.039
513.04
514.318
514.146
516.393
517.255
517.341
519.635
520.048
520.791
522.723
522.623
524.166
525.318
525.229
527.309
527.78
528.391
529.977
529.968
531.593
532.375
532.579
534.433
534.386
535.716
536.54
536.706
538.454
538.356
539.746
540.382
540.949
542.338
542.499
544.124
544.31
545.252
597.419
596.438
599.295
603.62
603.836
603.644
609.222
610.461
608.214
614.501
616.563
614.333
619.599
622.293
620.817
624.62
627.805
626.925
629.559
633.094
632.6
634.477
638.327
637.903
639.398
643.251
642.826
644.33
648.024
647.425
649.279
652.521
651.71
654.228
656.95
655.659
659.015
661.103
659.441
663.588
664.861
663.709
668.022
668.333
668.794
672.211
671.322
673.774
675.728
674.325
678.27
678.784
679.05
682.055
681.148
683.942
685.178
684.528
688.026
687.366
689.507
690.885
690.208
693.529
692.762
695.101
696.085
696.248
698.928
698.243
701.254
701.241
702.632
807.324
804.022
808.18
815.136
815.18
811.9
822.718
824.553
811.887
829.424
832.907
824.912
836.137
840.635
835.515
842.545
848.032
844.74
848.813
855.152
852.956
855.167
862.083
860.409
861.74
868.875
867.168
868.597
875.464
873.292
875.719
881.96
878.738
882.985
888.167
883.271
890.048
893.922
886.737
896.714
898.963
892.596
903.16
903.224
902.12
909.179
905.99
910.489
914.291
904.16
917.142
917.919
916.318
923.087
919.135
924.954
927.241
922.556
931.166
928.533
932.506
935.231
930.371
938.825
935.76
940.476
942.259
939.948
946.523
941.795
949.34
948.585
950.704
1139.66
1141.07
1145.33
1149.57
1155.75
1152.35
1162.6
1167.98
1161.51
1173.95
1178.65
1173.66
1184.03
1188.55
1186.57
1193.5
1198.26
1198.81
1202.75
1207.93
1210.11
1212.13
1217.67
1220.58
1221.74
1227.7
1230.27
1231.52
1237.2
1239.25
1241.46
1247.51
1247.66
1251.5
1257.28
1255.44
1261.23
1266.45
1263
1270.41
1274.47
1271.11
1279.01
1281.43
1280.69
1286.51
1287.04
1290.74
1295.87
1293.04
1299.79
1302.37
1301.49
1307.49
1306.91
1311.18
1315.07
1313.07
1318.94
1319.4
1322.32
1326.41
1324.61
1330
1330.25
1333.54
1336.85
1336.31
1341.67
1341.24
1345.66
1347.06
1348.46
2073.46
2064.43
2070.61
2095.3
2090.21
2091.66
2111.46
2115.9
2114.02
2128.45
2140.78
2136.44
2146.71
2164.58
2158.84
2166.32
2187.47
2181.1
2186.66
2209.3
2202.8
2207.21
2226.65
2223.6
2227.58
2245.83
2243.64
2247.62
2265.27
2262.99
2267.35
2286.27
2281.93
2286.94
2303.06
2300.03
2306.17
2318.91
2317.61
2325.25
2333.85
2334.57
2344.78
2349.07
2351.78
2364.76
2364.57
2369.34
2380.57
2380.14
2387.79
2393.41
2395.79
2409.71
2407.44
2412.37
2420.49
2421.61
2430.67
2432.66
2436.87
2445.12
2446.02
2454.36
2456.27
2460.71
2467.57
2469.87
2480.78
2480.55
2486.11
2490.41
2493.22
3757.86
3707.57
3720.85
3805.15
3770.57
3752.84
3830.64
3830.35
3795.23
3855.68
3885.39
3842.2
3882.91
3936.01
3890.58
3914.24
3983.26
3938.32
3949.36
4027.42
3983.84
3987.11
4061.82
4026.09
4026.14
4098.14
4065.29
4065.73
4136.01
4101.88
4105.77
4175.54
4136.53
4146.65
4204.89
4169.22
4188.45
4230.75
4201.01
4231.8
4253.36
4233.16
4277.33
4275.12
4268.48
4324.41
4298.16
4308.77
4348.15
4323.52
4354.95
4361.87
4354.31
4411.41
4380.3
4394.6
4418.97
4403.94
4444.03
4430.78
4439.63
4466.98
4451.62
4488.61
4475.73
4486.91
4506.71
4498.01
4543.02
4519.91
4540.04
4544.03
4547.04
6791.53
6921.61
6944.82
6885.73
6999.06
7015.88
6999.61
7063.59
7049.36
7110.67
7129.61
7168.48
7219.04
7199.18
7288.9
7318.4
7272.29
7384.7
7406.07
7347.68
7468.7
7485.43
7434.15
7548.21
7561.05
7515.41
7624.37
7636.13
7590.44
7696.3
7710.81
7671.81
7760.64
7782.54
7759.62
7809.32
7846.07
7848.66
7840.57
7898.93
7934.67
7896.99
7943.8
8010.89
8000.24
7982.2
8052.79
8076.9
8085.47
8056.56
8115.9
8166.65
8147.82
8150.21
8188.2
8221.71
8249.51
8209.66
8240.93
8287.28
8306.67
8331.43
8289.81
8323.91
8359.2
8384.29
8414.59
8384.62
8414.81
8409.46
8454.92
8485.62
8487.07
24072.1
24304.5
24389.2
24404.1
24543.7
24755.7
24705.9
24799.1
25083.6
25001.9
25058.1
25345.9
25292.1
25314.1
25570
25575.4
25564.4
25791.7
25848.3
25808
26017.1
26106.2
26071
26244.7
26345.3
26298.9
26471.6
26565.4
26515.6
26699.2
26767.4
26707.8
26931
26964.8
26933.4
27170.6
27138.9
27134.2
27368.3
27264.7
27269.8
27427.3
27278
27342.3
27415.1
27281.1
27427.8
27377.5
27313.3
27480.7
27340.9
27380.6
27454.5
27309.6
27474.9
27395.6
27374.9
27495.1
27348.7
27471.3
27422
27381.3
27498.7
27353.1
27478.8
27410.6
27396
27474.3
27336.6
27485.1
27368.6
27427.8
27403.4
)
;

boundaryField
{
    inlet
    {
        type            turbulentMixingLengthFrequencyInlet;
        mixingLength    0.0044;
        phi             phi;
        k               k;
        value           nonuniform List<scalar> 0();
    }
    outlet
    {
        type            zeroGradient;
    }
    front
    {
        type            empty;
    }
    back
    {
        type            empty;
    }
    hub
    {
        type            fixedValue;
        value           nonuniform List<scalar> 
58
(
355900
355900
360524
360524
360524
366689
372322
372322
372322
377609
377609
377609
381872
381872
381872
386170
386170
386170
390731
390731
390731
390731
390731
395283
395283
395283
399833
399833
399833
404385
404385
404385
409238
409238
409238
414018
414018
414018
414018
419054
419054
419054
423927
423927
423927
430050
430050
430050
432857
432857
432857
432857
464471
464471
464471
460227
460227
460227
)
;
    }
    tip
    {
        type            omegaWallFunction;
        blending        binomial2;
        n               2;
        beta1           0.075;
        value           nonuniform List<scalar> 
73
(
24072.1
24304.5
24389.2
24404.1
24543.7
24755.7
24705.9
24799.1
25083.6
25001.9
25058.1
25345.9
25292.1
25314.1
25570
25575.4
25564.4
25791.7
25848.3
25808
26017.1
26106.2
26071
26244.7
26345.3
26298.9
26471.6
26565.4
26515.6
26699.2
26767.4
26707.8
26931
26964.8
26933.4
27170.6
27138.9
27134.2
27368.3
27264.7
27269.8
27427.3
27278
27342.3
27415.1
27281.1
27427.8
27377.5
27313.3
27480.7
27340.9
27380.6
27454.5
27309.6
27474.9
27395.6
27374.9
27495.1
27348.7
27471.3
27422
27381.3
27498.7
27353.1
27478.8
27410.6
27396
27474.3
27336.6
27485.1
27368.6
27427.8
27403.4
)
;
    }
    procBoundary2to0
    {
        type            processor;
        value           nonuniform List<scalar> 
150
(
261948
203319
133272
116322
84383.4
61360
55197.7
43863.5
40392.1
32678.3
26159
24341.8
20144.2
18814.8
15597.8
14592.9
12027.7
11290.6
10740.5
8816.82
8296.88
6756.7
6369.08
5223.29
4944.17
4756.36
3935
3765.33
3152.16
3008.05
2923.49
2454.75
2371.16
2300.84
1943.69
1889.91
1612.05
1551.55
1524.87
1302.07
1263.02
1240.73
1064.51
1040.64
1013.45
884.803
867.135
760.56
745.267
661.144
645.108
633.442
564.862
555.749
499.422
491.84
447.353
440.429
406.012
399.63
373.402
367.887
363.86
343.308
339.921
323.245
320.55
306.936
304.75
293.915
292.076
283.494
276.043
274.697
268.068
267.063
261.128
260.379
255.148
254.506
249.84
249.118
244.979
241.039
240.436
236.595
236.117
232.489
231.896
228.716
225.517
225.094
221.977
221.488
218.67
215.801
215.416
212.642
212.146
209.743
207.167
206.815
204.439
202.168
201.839
199.615
197.66
197.307
195.329
194.996
193.386
191.761
191.483
190.166
188.835
187.723
187.513
186.445
185.507
185.346
184.548
183.814
183.254
183.158
182.773
182.585
182.709
182.816
183.377
184.507
186.477
189.615
194.192
200.619
202.777
212.755
226.962
246.932
274.797
313.494
366.887
440.623
545.596
703.092
951.408
1350.74
2498.08
4559.94
8513.11
27407.1
)
;
    }
    procBoundary2to3
    {
        type            processor;
        value           nonuniform List<scalar> 
165
(
207177
158970
102899
95931.6
69311.5
52373.5
49365.9
39122.3
37023.3
29816.2
24178.7
22942.8
18892.4
17929.5
14771.7
14031.1
11554.6
11006.8
10451.6
8627.55
8209.67
6738.9
6540.44
6312.67
6394.88
6632.34
6409.81
6447.28
6447.28
5312.64
5312.64
4901.7
4901.7
4951.84
4951.84
4009.63
3834.88
3285.36
3107.74
3022.29
2575.82
2474.54
2409.58
2060.15
2001.48
1744.23
1667.46
1634.31
1413.88
1361.14
1335.88
1153.94
1121.85
1091.38
950.217
931.276
813.745
793.793
701.832
677.973
663.839
583.927
572.94
506.774
496.482
443.899
433.608
393.262
383.323
353.023
344.256
339.228
314.066
310.284
289.3
290.754
289.834
290.694
290.694
284.577
284.577
269.291
266.939
255.813
253.954
245.511
238.226
237.114
230.905
230.023
225.04
224.407
220.69
220.199
217.207
216.635
213.81
210.972
210.598
208.284
208.009
206.15
205.778
204.031
202.013
201.761
199.891
199.576
198.022
196.374
196.167
194.569
194.227
192.836
191.28
191.05
189.652
188.21
188.026
186.66
185.37
185.193
183.947
183.703
182.722
182.722
181.591
181.425
180.562
179.711
179.002
178.844
178.145
177.524
177.409
176.859
176.352
175.949
175.871
175.567
175.388
175.386
175.451
175.764
176.454
177.72
179.779
182.875
187.34
189.121
196.378
206.854
221.842
243.142
273.26
315.789
376.176
463.448
594.397
802.685
1136.77
2052.63
3700.51
6823.78
24037.3
)
;
    }
}


// ************************************************************************* //
