/*--------------------------------*- C++ -*----------------------------------*\
| =========                 |                                                 |
| \\      /  F ield         | OpenFOAM: The Open Source CFD Toolbox           |
|  \\    /   O peration     | Version:  v2012                                 |
|   \\  /    A nd           | Website:  www.openfoam.com                      |
|    \\/     M anipulation  |                                                 |
\*---------------------------------------------------------------------------*/
FoamFile
{
    version     2.0;
    format      ascii;
    class       volScalarField;
    location    "1e-06";
    object      p;
}
// * * * * * * * * * * * * * * * * * * * * * * * * * * * * * * * * * * * * * //

dimensions      [1 -1 -2 0 0 0 0];


internalField   nonuniform List<scalar> 
10295
(
57347.6
55547.8
55468.6
54592.8
52479.4
52460
51393.9
49131.9
49171.4
48234.3
45821.5
45796.4
44766.1
42075.8
41025.9
39789.3
35333.2
40190.1
40296.1
19989.2
23377.7
20185.6
13490.1
20796.9
1164.55
1801.93
19166.1
15890.7
19477.4
19415.7
18911.8
19084.2
15502.7
2180.36
-11832.2
-18579.3
-20892.1
-20757.5
-22496.4
-23897.4
-24289.1
-24870.1
-24813.3
-26108.1
-26480.6
-26356.6
-26609.1
-25845.4
-27313.9
-27903.2
-27498.4
-28189.6
-30521
-32838.6
-37206.1
-35145.7
-34347.4
-32356.6
57361.8
55558.9
55482.9
54606.4
52489.9
52474.3
51403.3
49141.9
49183.6
48181.2
45802.1
45766.3
44684.8
41996.5
40976.7
39696.5
35338.2
39501.7
39341.7
20419.9
23425
20339.1
14230.7
22023.1
5946.13
5845.48
22316.1
21959.6
25539.2
29704
27529.5
27302.2
28037.5
15681.5
850.811
-2196.79
-4429.2
-5346.03
-7433.54
-8623.89
-9401.32
-10060.6
-10400.6
-11448.5
-11487.3
-11623.8
-11922.6
-12155.8
-12702.3
-12667.8
-12636.1
-13021.1
-13938.9
-15377.2
-17482.6
-16023.3
-15084.1
-14280.8
57301.3
55544.2
55454.9
54544.9
52480.7
52453.2
51341.1
49135.2
49168.8
48127.5
45798.4
45756.3
44623.8
42001.7
40978.3
39697.1
35271.4
39490.7
39554.8
20978.2
23562.7
20431.8
14628.4
22081.3
2401.44
2468.98
18686.3
16117.8
18379.2
17967.8
17338
17566.4
16744.1
5060.95
2534.25
1494.37
705.934
283.428
-227.196
92.2471
-528.01
-1259.93
-2448.38
-3269.87
-3598.06
-4045.36
-4394.58
-5096.83
-5529.96
-5475.68
-5759.55
-5913.9
-6639.42
-7417.06
-7886.24
-6827.96
-5815.34
-5555.42
57304.6
55537.8
55454.7
54546.2
52475.9
52449.3
51343
49131.1
49164.9
48129.2
45787.6
45742.7
44554.8
41935.3
40985.6
39691.7
35299.7
39281.8
39183.6
21512
23685.5
20584.6
15232.3
22543.6
5208.2
4370.12
20312.7
20537.6
22270.4
23911
23048.5
22755.1
18406.5
7551.55
4094.98
2523.21
2022.05
1950.29
1865.19
1962.2
1844.31
1753.88
1560.11
1402.4
1317.24
1232.85
1165.14
1032.97
486.31
490.19
-75.4861
-220.344
-630.099
-1328.1
-752.724
-280.497
-200.332
-230.301
57263.1
55541.8
55445.7
54501.3
52477.9
52442.7
51303.1
49136.2
49160.2
48070.7
45781.6
45727.4
44478.7
41880.8
40991.1
39590.3
35349.1
39163.3
38772.3
22183.5
23815.9
20748
15880.7
22919.3
5077.68
4409.73
19894
19890.2
21029.7
23399.7
22310.9
20952.3
17633.9
7689.58
5076.47
3426.57
2777.36
2713.08
2441.41
2785.69
2539.53
2586.81
2547.52
2248.64
2202.66
2074.03
2027.52
2009.35
1908.03
1906.77
1762.6
1692.49
1636.6
1347.12
1587.76
1653.66
1663.8
1588.65
57214.6
55534.7
55433.1
54449.4
52470.6
52432.2
51243
49128.5
49153
48005.9
45764.6
45704.2
44387.6
41805.1
41000.2
39471.3
35331
38997.7
38231.9
22839.1
23952.1
20969.1
16627.2
23328.6
5866.52
5336.08
20056.3
19777.2
21438.7
23657.3
21447.3
20881.8
18225.6
7847.09
6427.92
4498.18
3864.2
3679.98
3337.62
3655.62
3437.16
3663.67
3688.02
3270.18
3281.42
2995.35
2951.64
2837.21
2544.68
2502.73
2337.41
2211.16
2287.39
2011.45
2154.17
2118.37
2219.2
2023.11
57215.1
55527.1
55419.3
54451.5
52464.5
52419.5
51245.7
49122.8
49142.2
48006.5
45751.3
45676.4
44303.1
41724.3
41008.3
39473.3
35430.5
38796.8
37740.7
23484.1
24133.4
21262.1
17396.9
23623.8
6578.07
6071.36
19939.9
19881.4
21408.8
23559.1
21425.7
20867.6
18075
8071.7
7477.82
5381.04
4901.47
4509.98
4230.39
4419.35
4153.97
4412.74
4606.18
4101.43
4094.73
3669.65
3626.68
3354.53
3145.65
3062.16
2943.15
2699.81
2945.43
2421.66
2758.94
2477.57
2800.16
2350.68
57166
55529.1
55405.7
54399.7
52465
52407.3
51192.9
49123.3
49132.8
47942.1
45739.7
45647.6
44216.4
41650.9
41015.8
39338.5
35577.2
38586.7
37269
24119.8
24368.4
21581.4
18194.7
23815.6
7340.68
6818.32
19917.9
20177.3
21420.2
23239.7
21929.6
20949.9
17785
8760.23
8066.6
6188.76
5634.69
5333.11
4871.11
5225.11
4785.26
4964.42
5294.61
4576.03
4726.51
4127.76
4099.95
3755.31
3565.12
3510.83
3326.98
2971.97
3489.49
2689.45
3166.85
2677.14
3210.66
2528
57169.6
55531.2
55389.1
54403.8
52469.6
52391
51197.6
49134.6
49117.4
47945.6
45742.9
45607.8
44158.3
41608.4
41004.5
39328.8
35749.1
38333.3
36844.6
24733.6
24633.5
21962.8
19010.7
23904.4
8252.23
7687.7
19969.3
20270.3
21508.9
22989.9
21863
20853.6
17629.5
9585.93
8734.59
7270.38
6292.64
6240.85
5495.39
6027.23
5543
5603.12
6048.81
5076.39
5434.51
4665.52
4653.22
4251.84
3978.12
3955.98
3754.42
3330.34
4051.43
2897.42
3541.88
2984.92
3644.72
2838.29
57118.4
55544.3
55389.2
54365.5
52485.7
52391.9
51200.8
49157.1
49119
47877.2
45749.6
45583
44066.5
41613.4
41017.7
39290.8
35925.7
38102.4
36475.3
25346.5
24956.8
22370.4
19850.1
23944.2
9101.28
8259.3
19865.3
20106.6
21418
22659.8
21656.2
20517.3
17341.5
10073.5
9341.6
7927.46
6892.9
6854.79
6128.76
6408.21
5913.75
5917.4
6768.97
5420.91
5922.94
4928.87
4947.77
4558.49
4221.04
4335.8
3994.11
3585.68
4356.55
3013.87
3884.49
3185.36
3983.05
3090.73
57053.5
55531.7
55367.8
54296.2
52475.8
52370
51122.8
49155.9
49099.7
47790.3
45726.3
45536.5
43952.7
41545.8
40977.5
39158.9
36037.1
37824.9
35994.7
25889.8
25287.6
22802.8
20706.7
23959.1
10195.3
9416.99
20091.6
20430.8
21587.6
22667.7
22019.9
20707.7
17630.6
10793.2
10266.4
8178.87
7930.5
7552.49
7091.65
7075.65
6516.49
6440.54
7424.73
5784.27
6515.18
5439.09
5536.97
5099.66
4727.95
4972.77
4334.11
3944.71
4706.6
3349.02
4244.42
3574.31
4334
3358.37
57056.3
55517.3
55339.1
54299.5
52477.9
52339.8
51124.7
49161.6
49068.3
47791.2
45728
45477.8
43857.8
41546.6
40913.4
39161.7
36166.3
37541.9
35588
26423
25630.9
23288.6
21556.1
23919
11252.1
10419.6
20204.7
20604.8
21589.6
22586.2
21884.4
20751.3
17653.5
11407.4
11009.7
8560.61
8785.37
8267.65
7736.16
7949.44
7329.44
7096
8013.1
6292.02
7117.69
6015.84
6147.76
5679.89
5081.73
5362.5
4695.67
4293.54
5103.18
3687.93
4543.46
4040.66
4610.21
3638.7
57001.4
55523.5
55314.3
54235.7
52486.6
52316.8
51049.8
49172.1
49048
47705.8
45731.8
45432.8
43754.1
41559.1
40922
39168.1
36307.2
37309.1
35222.4
26943.3
26005.2
23793.4
22388
23851.4
12296.5
11361.7
20299.9
20675
21637.7
22500.5
21566.5
20719.8
17494.2
12060.1
11391.4
9309.58
9187.95
9222.61
8258.18
8693.1
8053.43
7751.74
8578.28
6936.3
7603.52
6298.36
6448.69
5941.46
5347.97
5647.94
5083.39
4649.77
5357.01
3971.77
4870.52
4310.02
4868.1
3982.73
57007.1
55529.3
55282.4
54239.8
52494.5
52281.6
51053.6
49184.9
49012.7
47709.4
45739.2
45372
43756.1
41573.4
40907.4
39179.9
36435.3
37081.1
34868.6
27442
26395.4
24331.6
23190.7
23733.5
13398.8
12389.2
20702.4
20876.9
21695.8
22451
21417.6
20803.7
17521.9
12955
11731.2
10176.4
9699.58
10061.8
8980.52
9191.88
8469.02
8172.21
8801.86
7409.78
7780.19
6500.73
6804.79
6222.83
5822.21
6015.99
5459.64
4833.27
5641.3
4395.05
5066.89
4541.75
5176.55
4305.44
56953.9
55539.9
55249.8
54172.4
52505.2
52252.3
50975.2
49195.4
48987.2
47621.8
45745
45320
43649.8
41591.1
40915
39185.5
36562.3
36896.6
34527.5
27938.3
26813.6
24876.7
23953.7
23640.4
14475.1
13390.4
21024.3
21087.4
21776.1
22417.7
21314.8
20967.6
17724.5
13724.2
12224.7
10873.4
10492.2
10014.9
9828.59
9695.28
8792.05
8556.15
8882.6
7918.73
8036.21
6923.78
7346.65
6580.06
6209.53
6109.67
5818.42
5112.81
5992.36
4892.51
5213.26
4943.86
5464.9
4616.44
56961.1
55547.2
55208.1
54177.2
52518.9
52208
50979.9
49209.1
48942.6
47624
45752.6
45247.2
43651.1
41617.4
40912.5
39201.7
36692.5
36729.8
34478.1
28427.6
27239.4
25443.3
24660
23505.1
15584.6
14508.1
20598.9
21317
21906.6
22405.5
21346.6
20929.9
17957.3
13939.2
12731.6
11288.4
11366.4
10285.2
10542.7
10546.9
9552.35
9375.42
9421.56
8662.05
8475.7
7340.78
7687.45
6613.61
6565.16
6286.03
6232.47
5597.01
6179.8
5172.57
5431.35
5397.59
5762.68
5031.52
56930.7
55558.7
55169.9
54110
52528.9
52189.6
50904.6
49223.9
48916.7
47534.6
45759.3
45193.5
43544.5
41641
40921.5
39211.7
36821.1
36609.9
34494.4
28926.6
27699.9
26036.5
25331.3
23468.3
16653
15569.2
20098.1
21599.9
22004.7
22164.9
21390.1
20689.3
18122.1
14290
13342.3
11793.8
12191.8
11121.3
10576
11418.9
10300.5
10129.9
9784.73
9075.72
8526.58
7278.18
7894.55
6671.67
6975.69
6721.71
6436.97
5867.82
6277.27
5370.67
5723.44
5665.16
6078.97
5453.16
56888.5
55514.6
55107.6
54041.5
52529.8
52119.8
50823.7
49228.8
48842
47445.8
45760.3
45092.6
43477.6
41662.5
40833.7
39221.8
36907.8
36452.2
34512.7
29380
28146.9
26648.1
25923.5
23497.9
17797.6
16753.3
20136.9
22248.6
22224
22103
21726.9
20722.2
18701.2
15257.7
14110.6
12593
12763.2
12180.9
11137.8
11945.7
10592.4
10200.4
9242.19
9426.19
8729.22
7461.5
8357.19
7287.4
7558.04
7143.87
6659.5
6157.98
6691.03
5940.76
6062.54
5987.58
6517.58
5833.2
56902.8
55532.1
55064.2
54056
52553
52068
50837.7
49258.5
48787
47460.2
45786.2
45059.2
43490.3
41713.2
40844.9
39251.2
37042.7
36357.2
34596.3
29812.5
28586
27247.3
26410.5
23552.1
18768.1
17630.9
20033.2
22511
22162
21975.1
21713
20605.1
19015.2
15734.3
14560.6
13111.9
13006.7
13205.3
11865.2
12063.2
10732.1
10061.4
8849.34
9605.09
9116.22
7950.36
8651
7869.52
7660.18
7224.34
6849.35
6558.44
7098.07
6364.9
6352.6
6396
6948.99
6073.51
56833.3
55551.5
55043.9
54001.9
52572.6
52045.1
50767.4
49282.4
48786.8
47374
45808.9
45061.9
43489.5
41759.4
40861
39276.4
37140.6
36371.6
34657.8
30261.2
29021.8
27796.4
26791.9
23670.7
19764.9
18608.5
20073.2
22878.8
22258.8
22028.1
21815.7
20712.1
19297.6
16330
15084
13834.1
13616.8
14084.2
12997.3
12593.9
11388.2
10667.4
9541.72
10043.1
9650.53
8561.32
8740.44
8103.34
7765.71
7566.09
7233.01
7053.89
7337.17
6441.4
6651.63
6850.29
7181.14
6374.48
56840.8
55564.1
54984.6
54009.4
52591.9
51976.4
50775.1
49305.5
48714.8
47380.5
45832.2
45024.8
43495.2
41812
40872
39308.1
37239.3
36372.1
34727.1
30726.7
29476.3
28382
27098.5
23851
20718.5
19538.6
20238.1
23555.9
22470.3
22173.2
22299.4
20979.9
19477.9
17121.6
15699.7
14542.1
14297.2
14650.9
14318.5
13533
12309.1
11469.8
10471.8
10472.5
9857.6
8871.48
8789.2
8313.47
8320.01
8118.53
7678.09
7288.23
7493.06
6616.62
7086.84
7161.68
7334.36
6810.69
56791.5
55583.4
54983.8
53958.3
52610.5
51977.3
50703.6
49332.8
48720.8
47323
45859.5
45038
43497.3
41862.3
40895.6
39338.2
37340.1
36410.8
34820.9
31174.1
29935.8
28928.9
27303.3
24123.1
21592.1
20349.4
20465.8
24034.6
22749.6
22223.1
22559.3
21358.9
19577.6
17948.6
16270
15027.5
15046
15395.8
15028.8
14672.9
13200.6
11875.9
10876.4
10445.8
9885.53
9274.52
9229.93
8786.3
8889.32
8389.39
7945.58
7508.02
7820.4
7206.24
7594.3
7398.3
7642.56
7303.01
56796.7
55597.4
54923
53963.4
52632.2
51908.4
50708.9
49358.6
48708.5
47330.7
45887.5
45043.4
43512.2
41925.2
40911.6
39377.7
37439.9
36465.9
34933.2
31634.5
30392.4
29457.7
27473.3
24504.6
22444.2
21151.1
20916.7
23508.8
23061.3
22403.8
21839.8
21687.1
19814.6
18677.3
16859
15521.9
15922.6
16561.5
15468.6
15380.8
13484.4
12125
11203.9
10564.6
10429.2
10008.3
9815.87
9230.36
8867.4
8537.88
8333.1
8059.6
8288.92
7881
7841.77
7731.49
8061.66
7777.79
61898.2
61111.3
60497.9
59555.7
58431.4
57791
56797.5
55616.3
54923.6
53967.1
52652.7
51917.9
50710.6
49384.3
48723.1
47335.5
45918.3
45068.8
43521.5
41991.2
40958.5
39426.8
37557.7
36548.3
35076.5
32086.7
30859.4
29929.9
27634
24946.3
23206
21888.2
21348.6
22883.7
23469.5
22362.2
21387.2
22176.1
20149.4
19082.1
17467.9
16063.5
16488.2
17766.8
15979.2
15985.3
13668.1
12560.3
11720.7
11051
11019.2
10302.9
9630.91
9329.93
8891.75
8957.54
8888.62
8609.73
8476.34
8177.21
7981.18
8228.51
8448.85
8063.26
62820
61897.6
61053.9
60416.6
59478
58380.2
57694.7
56719.4
55610.5
54828.3
53884.2
52656.4
51815.9
50614.3
49390.7
48619.3
47225.7
45932.3
44992.6
43524.5
42040.5
40981.7
39476.1
37659.2
36608.6
35221.5
32487.8
31277.6
30343.1
27774.5
25418.6
24009.8
22688.7
21954
22908.1
24004.3
22439.4
21809.4
22870.5
20724.7
19509.4
18260.7
16689.5
16796.4
20668.6
17230
17117.4
14703.5
13472.8
12600.5
11574.5
10845.3
10403.3
9682.09
9608.87
9495.17
9562.57
9438.19
8845.33
8598.93
8424.94
8290.64
8750.38
8759.29
8401.16
63662.2
62829.9
61917.6
61084.9
60416.8
59490.4
58419.7
57694.5
56745.3
55652.9
54834.3
53907.8
52693.5
51825.6
50636.5
49433.8
48632.9
47244.1
45984.3
45028.1
43564.3
42130
41041.6
39562.1
37822.8
36730.4
35428.2
32903.7
31728.9
30718.6
27971.4
25953.2
24682.9
23338.1
22451.2
22756.4
24633.3
22552.8
21956.8
24348.1
21420.6
19769.2
19241.6
17063.5
16622.4
21770.8
17897.5
19896
15608
13854.1
12798.3
11613.2
10788
10665.1
10221.8
10124.9
10055.2
9808.44
9646.35
8998.09
9101.59
9145.75
8986.75
9057
9110.2
8864.82
64150
63663.3
62767.8
61919.5
61104.2
60357.8
59465.6
58446.9
57663
56748.5
55675.6
54833.5
53913.1
52723.4
51834.2
50642.5
49468.4
48652.3
47250.6
46018.6
45049.3
43585.2
42206.8
41103.1
39639.3
37953.6
36847.2
35583.5
33291.2
32142.8
30947.4
28198.7
26463.1
25339.8
24030.3
22954.5
22818.5
25201.7
22737.3
21944
25055.5
22291.4
20137
20277.3
17818.1
16431.7
12646.7
15701.5
20931.6
14810.2
12817.2
11910.3
11722.1
11313.1
11169.8
10980.9
10714.1
10269.4
9937.69
9880.06
9447.5
9598.88
9772.93
9570.65
9443.83
9535.13
9294.12
64175
63667
62715.5
61929.3
61119
60296.5
59470.9
58468.7
57598.6
56757.3
55702.2
54826.8
53924.5
52751
51839.6
50657.1
49503.8
48669.7
47269.3
46065.3
45076.9
43619.2
42290.8
41162.3
39729.9
38110.1
36968
35761.3
33724.4
32563.8
31127.4
28534.5
26976.7
25975
24696.3
23496.9
23101.2
24439.8
23006.4
21962.1
20530.1
22274.6
20576.2
20301
18855.2
16415.8
11377.6
14058.8
11409
13071.5
12412.1
11707.2
12184.7
12038.1
11730
11625.1
10889.6
10440.9
10301.8
10377.3
10092.9
9916.64
9935.93
9452.63
9829.18
9926.71
9751.3
64189.7
63681.7
62718.7
61936.1
61140
60298.8
59473.4
58491.6
57600.8
56765.8
55725
54829.7
53931.1
52770.3
51852.3
50662.6
49530
48701
47284.2
46112.6
45120.4
43654.3
42367.5
41240.7
39830.8
38278.7
37136.4
35950.7
34129.2
32975.1
31268.1
28948.7
27474.3
26566.8
25317.4
23950.8
23421.4
23688.7
23639.9
21753.7
19334.8
24511.2
21399.2
20107
19901
17376.4
13658.8
14025.7
9889.67
12871.3
12974.7
12596
12854.5
12626.6
11845.3
11773.7
10922.5
11038
11046.7
11026.9
10479.1
10217.9
10100.4
9518.34
10205.6
10330.8
10274
64190.4
63588.2
62622.7
61871.7
61058.4
60188.6
59390.6
58414
57488.7
56683.9
55686
54711.5
53847.1
52764.7
51732.7
50582.3
49531.3
48593.7
47270.8
46139.4
45135.5
43690.7
42438.6
41296.1
39919.3
38410.8
37247.7
36123.5
34490
33269.6
31386.8
29386.6
27926.9
27150.2
25935.7
24484.3
23897.2
23656.4
24352.2
21843.6
20096.3
26009.7
22229.5
20612.6
19832.7
18425.6
15721.2
14892.8
12632.9
13802.9
13807.7
13742.1
13083.7
12599.4
11963.5
12031.9
11310.2
11652.8
11716.7
11483.9
10803.8
10596.2
10520.7
10104.1
10603.1
10698.9
10751.3
64235.5
63621.8
62646.3
61911.2
61108
60211.3
59430.6
58473.7
57514.9
56725.3
55744.7
54736.6
53882.7
52811
51757.2
50613.9
49579.3
48634.6
47310.4
46221.3
45208.2
43775
42573.4
41415.7
40070.5
38650.7
37481
36430.4
34951.3
33585.7
31583.9
29922.1
28479.1
27708.9
26484.9
24971.2
24285.6
23659.4
23590.4
22060.8
19959.2
17162.7
22467.7
21150.9
19525.1
18397.4
17468.2
16473.2
14756.4
14704.4
14059.3
13879.1
13188
12647.1
12535.7
12665.6
12062.5
11963
11561.5
11561.1
11349.2
11103.2
11072.4
10828.4
11154.4
11237.5
11328.2
64257.2
63636.6
62647.4
61919.5
61125.2
60211.7
59442.1
58504.5
57524.9
56741.9
55776.5
54751.7
53909.6
52852
51791
50646.6
49624.8
48680.6
47347.8
46283.4
45264.8
43840.2
42678.1
41524.9
40202.9
38843.8
37666.7
36652
35323
33757.2
31787.2
30398.3
28950.5
28244.2
27035.9
25450.8
24694
23839.6
22962.8
22825.1
19599.8
15278.5
22689.5
23228.7
20042.6
18603.4
18011.8
17185.7
16201.8
15009.6
14198.4
13848.6
13688.3
13228.9
13284.2
13587.3
12430.7
12144.9
11619.1
11861.6
11776.7
11550.8
11590.7
11344.6
11696.2
11859.3
12162.2
64192.4
63535.3
62537.8
61837.8
61034.6
60086
59344.1
58414.4
57403.9
56647.1
55696.2
54626.5
53811.5
52777.6
51665.6
50546.9
49629.4
48683.7
47359.7
46323.7
45299.5
43887.8
42756.1
41604
40314.1
38991.7
37800.5
36852.3
35625.3
33874
32022.7
30823.1
29379.9
28742.4
27574.3
25976.3
25140.6
24124.1
23062.7
23766.3
20507.4
16960.4
16634.1
23250.3
21105.8
19381.1
18670.2
17860.7
16651.9
15148.7
14819.3
14229
14313.2
13991.9
13578.9
13821.1
12630.9
12578.6
12142.3
12263.7
12131.3
11939
12019.5
11730.6
12167.3
12434.8
13028
64248.7
63585.8
62581.7
61898.9
61102.3
60129.2
59405.3
58488.4
57451.2
56710.3
55771.4
54676.1
53875
52848.6
51719.2
50611.3
49711.6
48758.7
47441.2
46437
45407.1
44011.8
42933.2
41778.2
40537.1
39280.7
38090.1
37255.1
36002.9
34055.8
32494.5
31351.9
29949.5
29284.4
28078.3
26477.3
25541
24446.7
23186.3
22931.1
21180.1
17700.1
14892.5
14441.3
19868.8
20784.9
19975.4
19059.2
17267.4
16060.9
16321.2
16030.8
14916.2
13777.1
13583.5
13431.2
13095
13136.8
12753.1
12832
12778
12591.4
12681.6
12453.3
12839.5
12947.5
13335.9
64260.3
63595.9
62565.8
61911.6
61123.7
60129.5
59420.1
58524.7
57464
56727.4
55804.7
54693.4
53898.1
52898.8
51766.5
50649.3
49765.7
48809.1
47487.1
46516.3
45488.3
44097.7
43054.6
41907.8
40683.7
39485.4
38289.3
37544.2
36185.2
34218
32887.9
31787.1
30413.6
29771.3
28584.2
26959.8
25968.7
24787.9
23459.2
22418.4
20851.9
18793.6
16015.3
12687.3
15910.5
20584.6
22602.4
22619.2
19787
16987.5
17089.6
16954.5
14905.8
13905.7
13940.8
13523.4
13349.8
13562.5
13274.8
13351.6
13350.2
13143.4
13240.3
13042.7
13437.3
13349.7
13439.9
64288.1
63619.4
62571.5
61932.4
61156.4
60133.7
59439
58563.8
57485.2
56759.9
55857.9
54727.1
53937.9
52951.8
51814.6
50697.1
49833.3
48870.8
47549
46607.2
45583.1
44204.6
43194.4
42056.8
40863.8
39723.3
38522.5
37889.4
36341.4
34459.6
33306.1
32265.3
30912
30257.9
29101.9
27477.8
26436.7
25216.8
23880.9
22748.7
20829.1
20216.4
17594.6
14624.3
14754.2
15409.6
21575.8
24075.1
20939.5
16199
14839.8
13814.2
14520.3
14437.3
14303.4
14190.5
13842.6
14101.4
13851
13900.3
13956.6
13729.6
13790.3
13523.6
14047.2
13914.9
13964.6
64315.2
63655.3
62594
61956.8
61195.9
60159.8
59467.2
58607.3
57522.9
56796.6
55909.3
54781.4
53993.3
53013
51885.9
50753.9
49904.1
48959.5
47629.5
46703
45701
44325.7
43343.7
42250.5
41084.1
39972.4
38798.7
38224.8
36468.9
34811.7
33744.3
32712.4
31415.8
30753.5
29612.3
27973.4
26901.9
25676.6
24294.2
23121.6
21368.2
20135.7
18920.8
16316.4
15315.9
13744.9
11880.1
11827.7
12836.2
14580.5
13955.4
12895.2
14647.1
14799.5
14752.7
14757.2
14397.5
14721.6
14470.6
14513.9
14621.4
14498.8
14608.9
14408.1
15380.6
14639.4
14532.3
64213.3
63507.5
62437.1
61849.4
61053.6
59989.3
59348.7
58474.3
57360.7
56680.3
55781.4
54624.5
53882
52922.8
51755.3
50734.4
49916.1
48975.4
47667.5
46756.5
45760
44406.9
43440.4
42354.8
41220.2
40119.3
38937.1
38397
36559.9
35042.7
34064.5
33057.2
31772.5
31169.5
30064.1
28431
27366.2
26122.9
24698.1
23489.8
21883.4
20101.3
18994.1
17758.1
16414.1
14158.9
10503.5
9690.84
10641.8
14158.6
14347.2
14163.5
15085.2
15124.7
15138.5
15206.3
14784
15178
14888
14922.6
15058.6
15070.2
15233.7
15176.9
16737.7
15250.3
14930.3
64299.3
63590.9
62499.7
61923.1
61147.5
60060.6
59427.6
58581.3
57448
56770.1
55897.2
54725.5
53985.1
53043.9
51877.9
50843.7
50063.2
49113.4
47808.7
46955.6
45958.4
44625.6
43728.3
42663.2
41557.6
40486.3
39357.7
38711.2
36869.4
35564.3
34628.1
33665.1
32400.7
31745.3
30633.7
29007.6
27930.1
26702.3
25237.3
24043.1
22554.7
20956
19363.8
18096.5
17690.4
15888.4
13361
12732.6
13387.6
14656.8
14867.6
15178
15657.2
15719.1
15770.9
15929.3
15538
15927.4
15624.5
15618.7
15775.9
15847.2
15758.9
15503.3
16810.3
15967.8
15779.7
64327.2
63628.1
62529.5
61952.1
61183.7
60086.3
59458.6
58625.9
57488.1
56816.9
55955.2
54782.1
54050.7
53110.4
51954.2
50915.1
50140.5
49203.3
47903.7
47059.6
46086
44770.8
43899.6
42864.1
41801.1
40719.3
39655.3
38858.9
37131.3
35941.6
35043.5
34105.5
32879.9
32247.5
31158.3
29544.9
28482
27264.8
25765.5
24629.9
23221.6
21707.6
20304.3
18482
17870.4
17639.6
15723.5
14405
14576.1
15583.2
15862.7
15904.9
16568.8
16645.4
16762.3
16893
16255.6
16826.5
16710.3
16731.9
16917.7
17315.8
16307.1
15830.3
16723.9
16588.2
16502.3
64191.3
63455
62346.1
61814.1
61019.7
59898.9
59316.4
58473.5
57312.5
56681.5
55812
54619.3
53933.3
53058.3
51901.1
50916.4
50159.6
49232
47949.4
47115.2
46150.4
44851.5
43989.8
42962.4
41927.6
40837.7
39795.8
38919.4
37359.9
36146.7
35306.6
34413.4
33203.1
32629.7
31585.1
29996.6
28958.6
27740.9
26238.3
25162.6
23802.1
22374
21049.5
19383.2
18254.5
17741.8
17762.2
16729.5
16352.1
16843.3
16914.4
17139.2
17666.6
17649.1
17756.4
17835.4
17417.6
17677.4
17700
17743
18009.7
18854.1
17032.5
16367.4
17182.8
17141.3
17010.2
64301.8
63562
62436.9
61922.1
61136.9
59998.8
59430.4
58601
57427
56813.6
55952.2
54756.1
54094.7
53210.9
52056
51085.5
50363.9
49431.3
48169.3
47384.6
46429.2
45161
44347.3
43349.5
42349.2
41238.1
40209
39215.8
37938.1
36718.6
35918.4
35073.3
33890.8
33273.7
32224.2
30660.5
29632.2
28449.4
26960.7
25931.1
24626
23280.4
22044.6
20429.2
19529.6
18445.8
18081.9
17580.6
18543.8
17828.9
17590.1
18994.2
18430.7
18003.3
18041.5
18300.7
19312.7
18452.7
18025.4
18069.1
18275.5
18812.9
17852.6
17369.3
18021.3
18106.5
18036.4
64329.9
63597.9
62462.3
61959.9
61186.2
60035.8
59481
58667.7
57482.7
56881.1
56033.9
54831.8
54180.7
53300.6
52146
51179.3
50469.8
49546.7
48296.4
47526.9
46588.1
45337.4
44561.3
43570.4
42596
41478.9
40411.6
39425.4
38325.8
37100.1
36352.5
35535.2
34380.3
33805.1
32785.3
31251.8
30264
29099.2
27627.1
26659.7
25392.1
24129.1
22975.6
21369.5
20626.5
19587.7
18665.1
18167.5
18498.7
17964.9
18026.2
18770.2
18483.6
18234.1
18295.5
18450.4
18996.3
18525.9
18176.2
18265
18458
18587.8
18541.4
18117.7
18672
18834.7
18855.8
64160
63420.1
62271.7
61789.6
61014.5
59850
59315.1
58506
57313.7
56734.8
55926
54718.2
54106.1
53306
52163.9
51196.2
50501.7
49602.6
48357.1
47596.3
46684.7
45441.2
44670.7
43701.4
42709.8
41634
40537.8
39573.4
38559.3
37335.6
36610.7
35844.1
34715.5
34175.5
33225.1
31722.3
30751.2
29619.3
28167.9
27238.2
26023.3
24819.7
23748.2
22218.1
21539.5
20598.9
19713.4
19284.7
18581.1
18507.2
18688.2
18713.1
18855.5
18755.3
18775.7
18943.5
18671.1
18977.5
18689.1
18857.2
19064
19097.8
19140.5
18653
19092.5
19263.5
19335.2
64313.8
63543.2
62399.1
61950
61149.7
59985.3
59490.4
58665.6
57472.1
56939.1
56111.2
54904.8
54346
53520.4
52363.5
51450.5
50782.9
49871.2
48667.6
47946.7
47039.9
45841
45112.1
44131.8
43124.9
42145.6
40963.2
40089.2
39182.9
37986.8
37316.3
36572
35476.1
34923.8
33948.3
32482.5
31551.5
30450.4
29045
28164.8
26994.1
25866.3
24829.6
23406.7
22794.3
21939.9
21134.3
20765.7
20003.4
20024.4
19878.8
19900.9
20039.5
19801.2
19856.6
20101
19692.5
20143.5
19879.6
19983.3
20125.8
20157.5
20255.6
19768.9
20155.9
20312.7
20390.4
64343.4
63578.9
62406.6
61969.3
61185.8
59997.3
59509.5
58712.8
57507.4
56977.8
56182.6
54971.2
54407.1
53608.8
52450
51530
50890.8
49988.2
48787.7
48093.3
47203.3
46008
45328.9
44308.8
43302.9
42413.9
41189.5
40351.6
39538.4
38369.3
37733.6
37028.1
35950
35438.4
34505
33073.3
32195
31116.2
29743.5
28921.8
27777.5
26699.1
25712.3
24405
23835.3
22998.6
22245.8
21892.7
21074.9
21132.8
20941
20661.3
20960.4
20591.2
20600.1
20838.8
20437
20884.8
20721.6
20767.6
20876.5
20902.2
21044.2
20590.8
20938.4
21074.9
21183
64400.6
63654.7
62466.6
62020.5
61253.7
60056.5
59565
58786.4
57579.2
57045.5
56263
55059.7
54499.2
53715.3
52573
51651.4
51022.8
50151.9
48953.5
48276.4
47421.6
46244.8
45544.2
44545.2
43581.8
42717.3
41491.5
40707.7
39965.2
38838.9
38225.5
37560.5
36515.8
36008.3
35123
33725.9
32869.5
31850.3
30505.3
29718
28648.2
27626.4
26661.1
25454.2
24893.7
24094.4
23399.4
23022.2
22196.2
22236.6
22070.2
21530.8
21825.7
21617
21529.2
21608.1
21167
21504.7
21524.9
21570.8
21665.5
21670.9
21801.8
21415.5
21772.3
21887.6
21967.8
64448.6
63713.2
62519.3
62085.8
61327
60120.7
59637.2
58867.9
57657
57129.1
56352.9
55148.9
54595.1
53824
52687.6
51774
51166.1
50309.6
49123
48473.3
47636.3
46470.7
45752.7
44805.8
43870.7
43024.5
41809.2
41082.6
40383.6
39290.9
38721.2
38077.1
37060.4
36585.3
35718.3
34357.8
33548.9
32561.4
31257
30516.2
29487.8
28526.7
27571.3
26464.4
25928.3
25140.2
24491.3
24099.3
23287.9
23331.3
23119.6
22526.2
22755.8
22579.9
22462.6
22495
22115.2
22355.9
22326.2
22406.1
22483.9
22525.8
22654
22290.2
22595.7
22684.8
22778.6
64480.4
63768.6
62562.7
62135.3
61405.5
60188.9
59704.9
58961.8
57744.7
57211
56455.4
55252.1
54691.8
53945.9
52815.7
51893.6
51308.7
50469.8
49287
48667.8
47853.5
46654.5
45976.2
45069.3
44146.7
43336
42144.9
41456.3
40820.2
39757.3
39203.4
38605.9
37612.6
37147.9
36331.5
35002.7
34225.5
33285.6
32011.2
31309.2
30321.3
29368
28523.8
27464.2
26940.1
26185.5
25539.3
25154.1
24354.5
24367.8
24128.7
23513.5
23682.7
23510.1
23355.6
23387.9
23019
23204.6
23135.8
23203.5
23285.3
23298.9
23400.7
23104.6
23389.4
23471.3
23569.6
64540.9
63846.9
62637.4
62206.7
61491.6
60280
59798.3
59064.9
57858.8
57332.1
56565.8
55378
54845.1
54085.5
52972.4
52077
51503.2
50687.4
49529.8
48930.8
48113.4
46911.2
46281
45410
44517.9
43707.8
42553.7
41921.4
41301.3
40281.4
39769.5
39184.1
38226.8
37789.8
36995.9
35709.7
34971.6
34076.1
32840.4
32176.9
31254.3
30311.4
29557.8
28478.1
27993.8
27281.4
26670.8
26253.2
25455.4
25469.2
25214.9
24578.5
24721.1
24540.7
24383.7
24415.1
24021
24159.9
24088.4
24114
24218.4
24213.1
24293.1
24019.5
24275.6
24373.5
24456
64373.5
63648.5
62444.7
62049.5
61308.8
60100.4
59655.3
58924.9
57723.1
57249
56561.6
55377.5
54843.4
54101.1
52990.7
52090.3
51513.2
50715.6
49569.3
48958.7
48152.6
46976.4
46343.8
45488.1
44616.6
43841.1
42714.5
42095.4
41505.4
40513.1
40021.5
39462
38534.4
38133.2
37376.8
36129.9
35419
34539.6
33346.6
32700.1
31799.8
30889.7
30204.4
29121.5
28650.8
27955.8
27353.5
26942.9
26177.7
26126.2
25852.9
25236.9
25340
25119.7
24929.5
24975.5
24593.8
24746.4
24644.3
24600.8
24686.2
24717.9
24786.6
24564.4
24774
24860.3
24962.2
64593.5
63856.3
62659.5
62283
61535.9
60339.8
59922.5
59185.2
58001.9
57557.5
56844.9
55675.7
55178
54438.1
53333.4
52471.2
51925.2
51144.2
50005.4
49407.4
48622.5
47471.2
46878.7
46051.2
45208.5
44458
43360.8
42795.7
42250
41293.3
40840
40314.2
39417.5
39015.8
38268
37046.1
36369.1
35545.4
34385.6
33779.9
32910.4
32086.7
31429.6
30365.1
29931.4
29276.3
28702.3
28286.3
27516.8
27459.2
27182.3
26545.9
26643.6
26433.2
26232.2
26281.7
25834.5
26004.9
25933.9
25804.5
25859.3
25922.7
25964.7
25744.8
25935.3
26029.3
26130.4
64615.4
63892.5
62691.2
62329.6
61599.4
60397.1
59989
59272.9
58084.5
57637.2
56943.5
55770.9
55270.2
54563.3
53465
52603.7
52083.1
51306.8
50164.1
49596.8
48815.7
47698.1
47136.2
46307.5
45496
44790.3
43720.4
43187.8
42673
41742.6
41321.3
40815
39937
39576.7
38861.1
37685.5
37054.1
36247.2
35137
34571.8
33703.6
32962.9
32289.2
31264.6
30874.6
30226.5
29659.1
29260.2
28517.5
28426.4
28141.9
27530.2
27607.9
27361
27157.9
27160.4
26712.2
26917.7
26857.9
26717.8
26700.8
26774.5
26814.3
26570.3
26748.2
26848.7
26932.8
64673.1
63971.9
62764.5
62401
61695.3
60491.8
60078.7
59383.5
58200.4
57752.3
57071.8
55908.4
55412.7
54718.9
53640.1
52785.6
52289.2
51519.3
50366.4
49841.5
49093.8
47985.4
47445.8
46659.5
45864.7
45185.9
44151.6
43649.9
43170
42273.9
41866.9
41397.9
40540.8
40185.7
39520.1
38375.3
37766.9
37012.2
35919.1
35369.2
34578.4
33858.4
33198.5
32200.2
31820.9
31213.7
30652.2
30255.1
29524
29406.2
29133.4
28508.3
28573.6
28330.4
28111.1
28074.1
27616.5
27799.7
27738.8
27623.2
27582.1
27645.6
27718
27412.4
27613.8
27701.5
27783.9
64751
64053.9
62844.2
62490.5
61790.7
60587.5
60190.2
59499.3
58316.2
57884.1
57207.1
56045.4
55570.8
54887.8
53818
52991.5
52497.7
51720.8
50612.1
50106.9
49366.3
48294.4
47779.9
47008.2
46251.9
45602.6
44596.3
44136.4
43674.2
42801
42427.1
41972.8
41135.2
40817.1
40174.6
39067.3
38496.2
37761.6
36715.8
36183.5
35453.2
34738.9
34090
33151
32791.3
32195.7
31648.5
31257.8
30542.3
30417.9
30136.6
29523.1
29572.4
29320.7
29103.4
29019.5
28582.5
28736.5
28659.8
28560.5
28494.8
28545.1
28669.5
28302.2
28522
28611.6
28693.6
64821.2
64146
62930.7
62577.3
61902
60694.3
60290.4
59625.5
58442.4
58001.4
57350.3
56194.9
55715.6
55060.1
54013.6
53171.6
52686.4
51950.6
50852
50371
49657.7
48596.5
48113.6
47372
46627.4
46014.6
45049.4
44602.3
44181.5
43330.9
42969.4
42553.5
41744.4
41447.6
40852.2
39769.9
39217.5
38525.2
37490.8
37000.2
36311.7
35597
34983.4
34072.2
33718.2
33151.5
32591.9
32221.7
31532.8
31384.7
31107.6
30496.3
30534.3
30281.5
30054.9
29944.7
29521.2
29654.5
29550.3
29459.5
29404.7
29412.3
29527
29193.5
29415.9
29501.1
29578.9
64905.5
64232.6
63021.6
62684
62008.5
60807.5
60423.6
59753.5
58576.9
58160.8
57502.8
56353.5
55908.2
55249.3
54217.7
53379.8
52912.5
52208.4
51134.7
50666.5
49977.6
48939.9
48478.7
47767.5
47064.3
46464.4
45523.8
45118.8
44716.4
43882.1
43569.1
43163.2
42377.4
42111.2
41521.4
40471.4
39956.5
39288.6
38283.3
37844.8
37179.1
36491.8
35895.5
35003.7
34678.1
34133.8
33590.1
33217.4
32530.9
32396.2
32114.5
31505.8
31540.8
31288.7
31063.6
30925.7
30503.8
30617.1
30506.7
30409.6
30388.8
30338
30439.5
30151.2
30334.1
30429.8
30507.1
64985.9
64329.2
63111.2
62773.1
62122.4
60918
60529.2
59885.8
58708.9
58286
57659.7
56512.9
56065
55447.4
54411.1
53575.5
53153.3
52453.4
51397
50959.4
50284.3
49266.6
48842.3
48145
47453.5
46907
45994.9
45599.3
45241.1
44439.6
44137.1
43762.1
42998.1
42742.6
42184.9
41168
40680.2
40038.1
39078
38665.2
37993.3
37319.6
36773.4
35910.9
35582.6
35060.9
34518.7
34165.4
33509.2
33348.6
33070.4
32480.1
32499.6
32235.8
31992.7
31860.8
31458.1
31545.6
31417.7
31311.8
31311.3
31219.1
31302.2
31088.1
31239.5
31320.4
31397.2
65080.3
64434
63219.7
62893.8
62243.8
61047.3
60679.3
60026.9
58859.4
58467.1
57830.2
56699.3
56296.6
55653.7
54613.2
53830.9
53418.4
52749.7
51704.5
51281.7
50645.5
49644.1
49239.8
48587.2
47933.6
47396.9
46497.5
46160.4
45802.4
45019.6
44747.7
44389.6
43646.9
43411.8
42879.7
41890.6
41436.6
40828
39891.8
39497.1
38866.5
38232.6
37689.6
36838.4
36539.1
36034
35532.5
35166.8
34490
34353.9
34072.8
33480.6
33505
33246.3
33014.8
32864.4
32443.2
32534.8
32415.7
32297.1
32294.8
32196.2
32242
32021.9
32191.9
32276
32345.8
65171.1
64536.4
63314.5
62997
62366.6
61164.8
60798.7
60167
58998.4
58605.5
57999.8
56875.1
56468.2
55847.3
54828.7
54073.6
53681.9
53005.6
51995.2
51604.8
50968
50005.4
49631
48981.1
48347.2
47861.3
46994.5
46671.7
46338.2
45590.5
45315.9
44991.4
44268.8
44031.6
43545.2
42593.6
42156.2
41571.1
40675.7
40289.1
39659.3
39043.1
38536.5
37723.1
37417.9
36922.4
36426.1
36084.5
35449.4
35287.9
35013.7
34451
34456.1
34191
33937
33795.2
33403.1
33468.9
33333.5
33217.2
33189.5
33095
33141.5
32933.3
33114.3
33169.9
33241.2
65315.4
64687.7
63474
63170
62533.6
61349.6
61010.5
60346.4
59204.3
58851.4
58230.6
57132.7
56750
56123.2
55122.7
54395.9
54019.5
53380.9
52380.4
52006.1
51411.3
50462.2
50107.7
49510.1
48911.2
48423
47578.4
47298.9
46970.7
46236.8
46003.9
45677.6
44979.3
44800.5
44341.2
43397.7
42991.6
42452
41552.6
41193
40629
40034.8
39531.3
38722.9
38447.4
37982.9
37514.9
37151.6
36498.9
36368.7
36096.4
35518.2
35526.4
35276.6
35030.4
34877.5
34458.9
34530.7
34415.1
34299.9
34231.5
34157.3
34183.5
33926.2
34142.1
34202.9
34261.1
65129.7
64480.1
63308.4
63010.3
62379.3
61228.3
60891
60317.1
59211.7
58841.6
58250.7
57168.3
56762.9
56172.7
55198.9
54461.5
54072.1
53459.7
52483.7
52088.6
51520.9
50594.7
50221.7
49638
49053.4
48586.7
47789.3
47504
47192.2
46489.7
46248.3
45936.6
45283.9
45078.4
44600.8
43716.8
43322.7
42775.4
41928.5
41558.9
40990.6
40415.1
39929.7
39176.1
38885.1
38414.6
37952.2
37611.5
37016.1
36854
36587.6
36073
36023.4
35764.3
35533.2
35375.3
35002.3
35052.8
34919
34798.3
34731.9
34648.7
34694.6
34454.1
34653.8
34710.4
34761.2
65524.8
64875.6
63702.3
63438.2
62814
61667.8
61373.8
60792.2
59685.4
59357.1
58776.7
57688.5
57322.5
56748.3
55776
55062.5
54721.3
54131.9
53158.4
52809.8
52272.5
51344
51032
50486.1
49933.4
49480.6
48692.8
48436.5
48172.4
47490.3
47283.3
47007.3
46366.1
46209.2
45749.6
44860
44501.5
43994.6
43142.6
42822.4
42300
41744.2
41277.6
40507.9
40254.9
39823.4
39376.2
39040
38417.9
38284.2
38038.1
37495.2
37447.2
37218.4
36979.9
36821.1
36418.6
36476.2
36357.7
36232.4
36161.1
36067
36106.1
35830.7
36016.6
36095
36146.3
65606.9
64980.8
63800.6
63542.5
62945.1
61791
61498.4
60941.6
59833
59495.6
58946.4
57866.2
57508.9
56960
56011.1
55327.4
54999.3
54396.6
53468.8
53144.3
52598.1
51726.5
51443.5
50886.1
50358
49951.2
49201.1
48955.8
48706
48048
47850.4
47590.8
46974.3
46828.5
46391.6
45556.3
45214.6
44709
43916
43603
43064.7
42536.1
42099.1
41379.6
41125
40685.8
40243.8
39937.6
39358.4
39208.3
38958.3
38453.6
38385
38137.5
37908.4
37754.5
37385.9
37431.3
37287.8
37164.4
37080.2
36986.7
37033.7
36795.6
36930.6
37008.2
37052.5
65739.6
65134.3
63957.9
63704.8
63121
61977.4
61694.9
61142.3
60031.6
59721.2
59178.2
58112.1
57791.3
57240.2
56303.9
55631
55327.5
54780.3
53839
53545.3
53048.3
52173.5
51918.7
51415.3
50908.9
50506.9
49764.3
49567
49321.3
48663.7
48492.8
48252.8
47639.5
47520.8
47124.6
46278.9
45960.7
45502.2
44695.9
44413.6
43931.2
43414.5
42985.7
42254.9
42026.6
41624.8
41197.9
40884.8
40289.1
40160.3
39927.9
39410.9
39348.7
39130.8
38904
38739
38351
38400.8
38281.6
38151.9
38061.8
37965.8
37998.8
37747.6
37881.1
37959.7
38010.8
65888.7
65284.8
64123.1
63877.9
63302.2
62174.6
61896.3
61353.3
60249.2
59951.4
59429.2
58388.8
58065.5
57549.9
56639.6
55993.7
55701.7
55144.5
54257.5
53992
53480.9
52670.6
52425.5
51913.5
51430.4
51080.3
50378.7
50171.7
49939.9
49328.2
49159.4
48931.5
48358.2
48240
47849.6
47051.3
46744.1
46284
45541.6
45262
44764.5
44272.9
43872.4
43195.1
42959.7
42551.3
42132.8
41847.5
41297
41150.2
40912.9
40427.7
40354.1
40117.3
39890.1
39740.1
39383.6
39411.8
39272.3
39145.5
39055.7
38959.3
38996
38777.4
38868.5
38933
38996.8
68184.8
68009.3
67404.3
66229.9
66029.6
65452
64289.8
64050.9
63491
62366.9
62100
61561.5
60474.3
60201.2
59679
58653.7
58362.2
57853.7
56949.6
56314.3
56055.6
55544.3
54654.1
54410
53948
53133
52910.7
52454.5
51992.1
51648.3
50952.8
50770.3
50566.9
49954.3
49806.9
49596
49016.6
48923
48563.1
47763.7
47483.5
47065.9
46307.7
46060.5
45617.6
45138.6
44744.9
44053.4
43848.2
43475.3
43073.1
42779.2
42209.1
42089.8
41869.1
41370
41311.6
41102.2
40878.6
40722.3
40345.2
40384.4
40265.7
40135.2
40042.2
39945.8
39964.1
39725.6
39846.9
39896.8
39960.5
69003.5
68332.7
68162.6
67545
66392.3
66201.5
65622.4
64483.3
64249.4
63701.8
62589.6
62322.4
61804.4
60743.5
60463
59965.8
58969.1
58666.9
58198.8
57326.5
56717.5
56475.1
55945.8
55120.4
54885.6
54417.7
53660.7
53453.6
52988.5
52554.6
52243.7
51587.6
51397.8
51214
50642.5
50490.2
50290.8
49753.3
49654.6
49301
48557.7
48284.3
47863.7
47168.5
46918.3
46459.2
46004.1
45637.7
45000.9
44785.5
44406.9
44012.9
43746.9
43225.7
43085.9
42861.1
42398
42326
42095
41875.5
41733.8
41387.9
41407.4
41268.5
41136.7
41044.6
40954
40979
40773.2
40860
40894.6
40954
69132.9
68454.2
68293.1
67703.8
66540.2
66359.3
65804.1
64663.7
64443.3
63905.2
62791.3
62555.6
62039.7
60990.1
60736.8
60248.4
59252.3
58993.1
58524.1
57660.1
57064.3
56854.2
56376
55543.1
55327.9
54914.7
54141
53963.6
53552.2
53143.6
52827.3
52181.6
52023.8
51843.5
51267.9
51138.2
50953.8
50408.1
50331.1
50004.9
49254.7
49012.1
48632.2
47917.9
47703.8
47298.4
46856.6
46494.8
45839.4
45660.1
45316.7
44940.5
44667
44119.8
44014.8
43806.9
43324.4
43279.1
43076.4
42862.6
42712.3
42343.3
42378.9
42261.8
42135.6
42042.3
41944.8
41958.2
41715.7
41842.6
41872.8
41917.6
69281.3
68629
68470.7
67861.7
66734.8
66560.7
65994
64893.1
64674.7
64138.1
63053.1
62816.1
62315.7
61290.8
61029.8
60575.8
59603.6
59341.7
58909.1
58084.9
57516.8
57307.4
56821.2
56043.6
55843.3
55421.5
54706.1
54534.8
54111.6
53722.1
53454.9
52852
52685.6
52517.8
51982.6
51846.2
51671.8
51171.7
51089.2
50770.5
50080.2
49840.4
49455.8
48806.9
48585.6
48160.4
47740.4
47407.8
46811.1
46617.8
46266
45896.8
45654.2
45160.9
45029.9
44818.6
44376.4
44315.9
44093.4
43882.5
43745.3
43409.9
43427.9
43288.4
43159.3
43065.7
42972.3
42996.7
42786.7
42873.6
42901.5
42935.8
69384.7
68695.3
68552
68002.1
66844.6
66675
66154
65031.9
64823.1
64312.5
63226.6
63011.6
62518.2
61488.2
61266.4
60818.8
59845.2
59636
59193.6
58367.9
57819.5
57638.1
57213.7
56415.1
56237.2
55873.6
55137.3
54987.4
54632
54264
53995.8
53394.1
53250.2
53074
52542.9
52421.5
52253.4
51747
51678.9
51385.7
50669.6
50462.9
50120.1
49443.3
49266.6
48896.4
48488.1
48160.7
47535.4
47384.9
47070.5
46718.6
46470.6
45942.8
45853.2
45660.6
45180.3
45184.2
44985
44776.7
44632.5
44264.9
44312.1
44198.3
44078.1
43984.7
43883.8
43899.6
43652.6
43779.5
43813.4
43844.1
69924.1
69276.5
69171.6
68556.9
67445.7
67323.5
66780.1
65660.7
65481.9
64973.2
63930
63720.9
63239
62234.5
62020.7
61601.1
60665.7
60454.2
60057.2
59265.3
58767.2
58604.6
58133.9
57403.9
57267.4
56862.1
56203.1
56090.3
55675.3
55334.1
55123.5
54534
54398.3
54257.8
53747
53648.8
53490.5
53021
52973.9
52704.7
52065.4
51875.1
51529
50918.2
50742
50345.6
49953.4
49662.4
49097.1
48928.6
48606.5
48256.7
48049
47573.9
47453.7
47261.5
46833.5
46791.2
46573.3
46368.8
46243.3
45911.4
45935.4
45792.1
45666.5
45576.6
45482.1
45509
45291.9
45372
45390.9
45419.3
69642.9
69010.6
68898.3
68334.9
67223.7
67099
66571
65465.5
65327.2
64852.5
63792.2
63619
63207.2
62212.7
62027.2
61614.9
60677.8
60482.4
60087.4
59303.2
58782.7
58630.2
58237.2
57464.9
57324.1
56990
56282.7
56169.2
55838
55506
55274
54673.8
54579.2
54437
53892.2
53812
53657
53142.3
53101.6
52846.7
52198
52028.5
51723
51096.8
50946.8
50612.9
50236.4
49937.5
49360.3
49226.4
48940.1
48610.7
48383
47890.7
47807
47632.9
47180.8
47166
46991.8
46790.1
46663.6
46306.7
46343
46244
46120.7
46044.2
45944.6
45953.7
45718.2
45820.8
45861
45874.2
69894.9
69282.9
69158.2
68593.7
67527.2
67386.4
66868.6
65821
65660.7
65196.5
64197.4
64010.1
63591.9
62653.6
62451.2
62046.1
61178.3
60962.1
60593.3
59854.5
59361.7
59207.7
58803.9
58095.9
57957.3
57615.9
56990.6
56850.3
56507.7
56183.9
55981.6
55463.9
55328.4
55191.5
54723.7
54607
54471.6
54038.1
53965.7
53703.8
53098.8
52910.9
52603
52036.2
51866.9
51520.5
51160.1
50887.3
50369.9
50212.8
49924.5
49605.6
49400.9
48975.7
48867
48691.5
48298.6
48242.8
48053.5
47860.4
47740.5
47436.8
47452.7
47326
47203.5
47122
47032.6
47050.5
46859.3
46931.2
46952.2
46974
70061.1
69447.7
69335.1
68806.2
67724.9
67597.8
67108.7
66066.4
65929.1
65471.5
64481.9
64337.5
63907.4
62977.3
62821.9
62414.6
61552.7
61387.5
61013.9
60270.7
59794.8
59674.1
59321.2
58610.1
58492.5
58187.3
57545.5
57438
57145
56844.4
56632.5
56102.9
55997.5
55872.7
55400.7
55310
55190.9
54755.1
54705.2
54467
53860.4
53699.8
53422.6
52844.1
52706.2
52403.4
52056.6
51784
51255.3
51129.4
50867.9
50566.5
50355.8
49910
49827.4
49666.5
49256.4
49233.2
49068.2
48874.8
48754.8
48433.2
48463.3
48365.3
48242.7
48162.5
48072.3
48082.6
47863.9
47943.1
47980.4
47999
70258.9
69654.6
69536.6
69011.4
67961.3
67829.4
67357.1
66349.2
66203.1
65762.6
64809.7
64650.7
64239.3
63355.3
63177.7
62798.4
61982.3
61800
61457.2
60767.6
60307.9
60181.8
59822.5
59155.3
59032.1
58747.6
58148.3
58034.9
57741.6
57444.4
57258.9
56780.3
56660.1
56543.2
56112.7
56007.4
55894.6
55496.1
55433.5
55205.3
54646
54476.3
54204.7
53672.9
53521.2
53218.5
52885.8
52635.1
52156.7
52015.8
51758.9
51466.3
51274.7
50882.7
50785.7
50627
50260.8
50208.2
50041.4
49860.1
49748.4
49463.2
49477.6
49367.1
49249
49172.2
49090
49102.8
48923.9
48990.8
49013.2
49031.8
70446.1
69859.3
69747
69237.3
68205.4
68091.3
67623.4
66635.1
66512.7
66072
65138.8
65010.6
64599.6
63733
63593.3
63221.2
62406.2
62271.9
61926.3
61238.6
60805.9
60696.8
60368.8
59725.5
59611.1
59346.4
58759.9
58662.5
58397.4
58131.1
57942.6
57462.4
57368.4
57257.7
56831
56746.2
56640.7
56251.2
56204.9
55988.5
55439.8
55293.4
55040.2
54516.2
54386.4
54109.3
53795.7
53546.3
53066.2
52949.9
52709.3
52437.7
52241.7
51839.5
51766.3
51615.6
51246.3
51221.9
51067.7
50890.3
50776.5
50486
50511.3
50419
50304.4
50225.1
50145.2
50150.1
49955.1
50027.7
50059.8
50078.6
70662.1
70070.9
69961.4
69470.4
68455.5
68345.5
67896
66928.5
66808
66389.3
65485.2
65350
64965.9
64127
63979.6
63635.2
62855.1
62713.9
62395.5
61747.1
61325
61211.5
60900.9
60274.8
60168.1
59921.7
59358.5
59262.8
59014.9
58751.1
58583.9
58136.4
58036.7
57932.4
57532.2
57441.9
57343.4
56977.1
56928.2
56726.4
56206.6
56062.4
55823.9
55327.6
55198.8
54935.1
54632.5
54401.5
53952.7
53834.6
53605.2
53344.1
53164.6
52791.2
52716.8
52572.6
52226.8
52192.3
52044.3
51878.3
51774.6
51501.2
51520.8
51426.1
51315
51245.4
51170.6
51179
51004.4
51074.1
51096.8
51112.8
70887.7
70311.9
70206.3
69716.6
68739.2
68645.2
68191.3
67253.1
67155.8
66739.1
65859.2
65749.7
65375.2
64548.1
64434.4
64096
63326.9
63216.7
62906.6
62270.2
61890.2
61781.4
61484
60891.4
60793
60548.3
60019.7
59930.9
59687
59454.3
59292.8
58857.1
58775
58674.1
58287.9
58211.5
58115.4
57766.7
57728.7
57532.6
57038.9
56910.9
56678.2
56208.5
56089.4
55831.5
55552.3
55326.1
54893.5
54789.9
54564.2
54320.5
54143.4
53780.7
53720.8
53578.1
53245.8
53234
53084.4
52924.3
52819
52558.1
52580.6
52487.9
52383.5
52308.3
52236.7
52241.4
52069.5
52139.9
52162.5
52180.6
71095.9
70515.9
70441.6
69979.8
68995.5
68915.8
68495.8
67561.9
67471.5
67087.4
66212.5
66114.1
65769.2
64954.2
64851.5
64537
63786.5
63683.5
63392.8
62767.4
62388.5
62294.2
62033.9
61437
61354.1
61144
60610.3
60534.8
60325
60098.2
59950.5
59518.1
59444.4
59351.8
58970.6
58902.7
58816.7
58470.1
58441.9
58267.8
57777.7
57669.7
57460.7
56991.2
56894.7
56664
56395.1
56184.4
55752.1
55668.4
55463.5
55231.3
55065.9
54697.4
54653.3
54522.8
54187.1
54193.9
54060
53910.1
53812.5
53543.7
53573.6
53494.8
53398.7
53331.5
53261.2
53268.1
53089.8
53171.2
53193.4
53211.1
71368.7
70827
70749.7
70279.8
69334.7
69266.4
68848.9
67945.8
67868.3
67499.8
66650.3
66563.1
66233.4
65442.6
65350.3
65055.8
64329.3
64234.8
63968.7
63380.4
63028.9
62934.9
62654.4
62113.2
62034.3
61808.9
61328.2
61254.3
61023.9
60818.1
60689.3
60288.1
60215.3
60128.6
59779.3
59714.4
59630
59313.3
59288.6
59117.5
58671.4
58567.5
58354.8
57932.6
57830.4
57586.1
57338.5
57143.3
56750
56662.5
56453.1
56231.2
56081.7
55750.1
55703.9
55575.6
55271.4
55269
55125.2
54984.2
54893.4
54656.4
54677.8
54585.8
54497.1
54426.2
54358.4
54368
54217.3
54285
54298.7
54317.1
71508.9
70954.6
70879.8
70477.3
69507.5
69437.7
69082.5
68166
68090.1
67772.6
66914.5
66835.8
66543.8
65751.5
65668.8
65408.2
64686.1
64601.4
64350.8
63749.1
63407.1
63331.4
63107.7
62546.9
62476.9
62306.1
61808.7
61747.3
61572.9
61385.9
61244.9
60839.1
60785.6
60692.8
60335.7
60284.7
60198.9
59870.5
59862.1
59713.2
59231.5
59160.9
58978.2
58526.1
58473.9
58269
58030.1
57844.3
57418
57382.2
57198.8
56987.7
56845.1
56470
56477.7
56367
56033.7
56064.2
55949.9
55820.8
55736.6
55468.3
55519
55447.8
55371.5
55311.3
55246.9
55259.2
55066.7
55166.1
55185.6
55208.2
72446.8
71940.4
71895.3
71427.6
70523.6
70486.5
70101.6
69233.8
69179.6
68856.5
68039.9
67973.6
67696.9
66939.4
66862.1
66618.6
65938
65850.3
65641.1
65091.1
64771.9
64714.5
64414
63931.6
63895.4
63657.1
63225.3
63197.2
62960.1
62765.8
62664.8
62273.1
62227.2
62157.9
61819.8
61787.1
61711.8
61405.7
61429.3
61309.3
60902.8
60834.9
60655.9
60260.7
60190.5
59964.6
59736.6
59583.3
59213.1
59142.7
58962.9
58749.7
58639.2
58328
58283.8
58181.7
57890.5
57891.8
57758.4
57632
57564.2
57336.4
57362.7
57279
57200
57141.8
57071.2
57087.3
56943.2
57015.1
57020.4
57034.2
72047.3
71550.9
71526.9
71118
70194.4
70181.8
69824.1
68945.9
68926.6
68608.6
67784.2
67759.3
67482.1
66719.4
66694
66441
65745.4
65710.4
65486
64919.9
64595.3
64587.3
64411.3
63839.1
63826.2
63686.6
63173.4
63168.6
63010.7
62821.6
62717.6
62296.4
62278.2
62218.1
61820.8
61799.4
61730.5
61361.7
61376.5
61255.5
60824.4
60785.3
60635.2
60217.7
60190.4
60013.4
59795.6
59636.8
59250.9
59225.2
59073.8
58879.7
58757.5
58422.2
58415.5
58333
58020.8
58055.1
57967.3
57845.5
57783
57528
57585.6
57537.4
57459.7
57424.7
57366.8
57372.5
57200.3
57295.2
57319.7
57329.3
72503.1
72043.5
71974.8
71584.5
70734.9
70673.3
70340.7
69535.3
69463.7
69174.2
68423.1
68346.4
68088.6
67407.4
67320.3
67096.4
66478.6
66388.6
66191.2
65690.3
65404.2
65341.2
65147.9
64666.6
64603.9
64454.2
64026.4
63969.5
63808.8
63634.8
63534.7
63207.5
63149.7
63071
62772.7
62722.2
62648.5
62379.8
62358.1
62228.9
61835.6
61765.7
61612.4
61242.5
61184.3
61004.8
60797.3
60655.1
60323.7
60270.4
60120
59938.4
59835.4
59562.4
59533.4
59449.6
59185.2
59192.8
59094.1
58980.6
58926.3
58721.6
58750.4
58689.5
58614
58591.5
58542.1
58560.5
58433.2
58496.4
58514.9
58532.8
72784.2
72345.2
72291.5
71921.6
71086
71046.5
70724.2
69928.8
69884
69603
68866.2
68822.7
68566.5
67897.2
67842.2
67618.6
66998.3
66949.8
66750.1
66249.5
65986.5
65945.7
65771.6
65300.7
65257.7
65123.9
64702
64664.6
64519.2
64366.8
64263.6
63922.4
63891
63814.9
63516.9
63489.8
63420.2
63152.2
63151.8
63037.7
62656.1
62606.5
62466.5
62102.5
62062.5
61899.4
61707.1
61563
61232.3
61203.4
61061.4
60896
60782.8
60502.2
60507.7
60425.6
60167.2
60187.5
60102.1
59997.7
59940.4
59737.7
59783.1
59734.3
59670.5
59636.1
59597.8
59606.7
59472.8
59555.7
59577.3
59596.9
73095.4
72657.6
72614.5
72271.6
71438
71405.2
71116.3
70334.2
70296.4
70034.5
69313.6
69267
69035.3
68379.3
68327
68128.6
67526.4
67478.4
67301.4
66814.2
66557.4
66518.8
66364.6
65899.6
65858.7
65747.1
65335.3
65302
65181.3
65037.6
64945.6
64618.4
64591.9
64523.8
64233.3
64209
64145.2
63886.9
63900.8
63799.4
63428.4
63386.7
63261.5
62909.5
62876.4
62731.9
62552.1
62420
62093.7
62087
61956.7
61800.9
61703.5
61427.4
61437.9
61368.6
61116.2
61137.9
61065.5
60970.5
60923.4
60723.8
60768.9
60730.4
60672.5
60664.5
60636
60653
60516.1
60601.3
60625.7
60645.5
73498.2
73082.3
73039.3
72688.4
71893.2
71877.2
71585.7
70836.2
70808.7
70550.1
69866.1
69826.9
69606.7
68972
68928.3
68740.3
68166.7
68124.6
67967.7
67515.2
67285.5
67247.6
67069
66656.7
66620.2
66483.5
66119.7
66085.6
65938.3
65809.9
65727.7
65430.7
65406.5
65344.5
65084.8
65064.1
65001.6
64767.6
64807.1
64704.9
64374.1
64335.1
64203.6
63892.7
63851.5
63692.3
63530.1
63408.6
63120.7
63101.4
62969.7
62826.3
62740.6
62498.7
62506.7
62436.6
62216
62233.6
62150.3
62066.4
62022.4
61852.8
61893.1
61845.6
61794.5
61779.4
61769.9
61787.1
61678.8
61757.7
61776.9
61797.8
73644.5
73219.3
73201.6
72917.8
72087.7
72096.9
71851.5
71084.9
71067.9
70848.4
70142.3
70121.9
69938
69284.2
69262.3
69106.1
68515.3
68493.2
68354
67876.1
67645.7
67637.5
67513
67074.1
67064.6
66961.5
66580.3
66578.4
66469.5
66350.7
66263.5
65953.8
65947.9
65886.1
65606
65597.7
65539
65275.1
65357
65266.6
64885.5
64892
64784.7
64436.5
64456
64330.1
64175
64065.2
63740.2
63767.4
63660.5
63526.3
63450.3
63167.1
63207.7
63160.5
62904.4
62967.6
62910.9
62836.6
62807.3
62596.8
62678.4
62666.5
62618.6
62623.5
62615.4
62637.8
62483.3
62600.2
62628.6
62656.9
74906.8
74516.7
74534.6
74173.7
73419.5
73454.5
73165.7
72466.4
72459.9
72235.1
71580
71562.4
71375.7
70775.6
70752.2
70599.1
70063.6
70038.8
69914
69497.5
69286.5
69281.2
69089.6
68702.6
68709.9
68555.1
68209.8
68236.7
68074.7
67936.5
67887.1
67595.2
67582.8
67554
67302.9
67301
67271.5
67039.5
67100.4
67047.6
66753.7
66746.3
66649
66359.7
66346.1
66209.2
66062.7
65977
65710.6
65697.6
65595.6
65457.9
65403.5
65185.1
65188.3
65142.4
64932
64956.8
64890.7
64820.3
64796.7
64629
64677.3
64645.4
64610.7
64613.8
64593.4
64627.6
64533.9
64615.6
64636.1
64659.7
74382.4
73996.6
74045.2
73737.1
72967.2
73023.3
72768.7
72044.2
72087.5
71868.7
71188.5
71233.4
71043.4
70418.1
70461.4
70303.3
69731.6
69771.8
69631.8
69187.5
68963.4
69019.3
68900.5
68458.2
68507
68421.4
68026.1
68083.5
67980.9
67850.3
67786.3
67460
67486.5
67453.1
67146.4
67162.4
67129
66856.1
66911.9
66857.7
66548
66566.4
66491.5
66189.2
66213
66113.3
65978.3
65888.7
65613.8
65637.1
65555.3
65440.1
65371.4
65137.3
65174.7
65140.4
64922.5
64982.4
64943.6
64880.2
64862
64690.7
64775.2
64774.7
64748.3
64752.3
64744.1
64762.7
64655
64765.2
64801.2
64828.3
74939.9
74584.5
74572.4
74306.1
73597.9
73593.3
73381.1
72717.6
72705.1
72522.7
71915.4
71897.9
71744
71196.2
71171.6
71043.7
70549.4
70520.5
70408.1
70010.9
69825.3
69811.5
69707.8
69339.6
69327.3
69246.4
68927.4
68918.2
68832.6
68732.7
68666.8
68421.5
68407.9
68362
68141.5
68128.8
68086.3
67886.9
67949.2
67882
67582.4
67585.1
67504.5
67225.6
67236.2
67141.7
67014.6
66936
66689.5
66707.3
66629.2
66525.7
66475.6
66270.2
66300.3
66270.5
66077.4
66119.3
66082.6
66026.1
66030.7
65876.2
65936.8
65945.2
65927.2
65941.8
65951.5
65982
65889
65986.6
66025.3
66056.3
75380.5
75044.4
75042.3
74765.3
74068.4
74124.2
73890
73231.7
73282.4
73086.5
72489.7
72507.7
72352
71817.5
71818
71688.9
71211.1
71205
71096.7
70721.7
70557
70553.4
70438.7
70103.1
70097.5
70014
69719.3
69715.3
69622.6
69538.4
69476.7
69238.3
69238.3
69198.9
68994.9
68996.6
68959.4
68780.3
68851.1
68791.3
68528.4
68532.2
68449.4
68203.5
68209.6
68106.2
67995.2
67919.3
67695.9
67712.2
67632
67539.7
67492.6
67309.5
67347.4
67319.7
67150.4
67197.4
67156.7
67105.6
67108.2
66978.6
67043.6
67047.5
67040
67049
67060.5
67090.4
67015.9
67118.6
67153.1
67191.3
75519.9
75162.9
75229.7
74998.9
74254
74354
74154.9
73459.7
73560.6
73391.9
72754.3
72833.3
72698.9
72122.5
72185.3
72066.6
71549.6
71597
71488.2
71065.8
70876.8
70974.3
70875.7
70486.7
70566.7
70486.9
70148.3
70251.5
70166.3
70072.3
70006
69735.7
69803.3
69756.9
69516.6
69568
69528.6
69311.9
69408.8
69357.1
69048
69078.5
69019.5
68743.6
68790.9
68717.9
68616.3
68554.4
68300.3
68353.3
68293.2
68209.2
68174.6
67950.6
68016.4
68019.9
67817
67901.3
67900.3
67857.4
67866.9
67702.2
67803.5
67822.1
67832.4
67851.7
67867
67904.7
67794.3
67927.3
67977
68020.3
77040.2
76723.5
76798.1
76499.4
75838.8
75941.4
75716.4
75100.3
75184.2
75008.5
74438.3
74500.8
74364.1
73850
73888.9
73780.3
73327.4
73346.5
73260.5
72909.3
72747.2
72799.8
72650
72323.1
72393.3
72275.9
71988.3
72060
71936.6
71832.4
71807
71567.2
71606.5
71599
71392.7
71438
71433.8
71251.8
71327
71307.5
71079.4
71102.8
71045.2
70822
70842.7
70753.3
70657.1
70615.1
70413.4
70435.8
70377.1
70288.3
70273.3
70112.3
70147.5
70141.9
69985.8
70035.3
70003.2
69967.6
69980.7
69867.5
69940.6
69938.1
69935.3
69958.2
69967.1
70024.6
69967.2
70065.5
70106.6
70151.6
76365.5
76046.9
76159.4
75928
75240
75367.5
75184.5
74547
74661.5
74509.9
73919.6
74022.5
73898.3
73358.6
73451.6
73347.3
72857.1
72937.9
72844
72467.6
72301.6
72403
72334.4
71963.5
72057
72016
71686.3
71781.9
71718.6
71620.9
71583.8
71313.3
71380.3
71366.3
71118
71169.7
71158.1
70937.1
71014.1
70996.6
70749.1
70801.2
70768.9
70527.4
70585.6
70533.6
70447.5
70404.2
70188
70245.9
70208.9
70139.2
70112.1
69931.8
70001.4
70004.3
69837.9
69929.1
69931.7
69908.6
69923
69794.4
69901.2
69926
69932
69958
69976.3
70020.5
69947.6
70078.9
70141.1
70191.3
76981.4
76682
76787.6
76575.4
75923.3
76037.4
75870.7
75270.2
75371.9
75237.4
74694.3
74767.4
74663.7
74179.5
74240.3
74148.5
73719.5
73757.1
73671.5
73330.2
73190
73267.3
73190.3
72871.4
72939.4
72880.7
72603.6
72691.8
72628.4
72551
72499.8
72287.7
72358.8
72327.7
72140.2
72208.7
72184.9
72020.8
72103.9
72072.7
71829.9
71856.8
71819.6
71600.3
71640.2
71593.6
71516.6
71478.7
71287.7
71337.2
71304.8
71248.1
71237.4
71079.2
71144.5
71155.1
71010.4
71085.6
71094.1
71075.8
71098.3
70991.7
71087.1
71113.5
71128.6
71160.7
71186.9
71245.4
71186
71310
71373.8
71429.1
77524.5
77255.3
77346.8
77115.4
76509.7
76633.5
76457.4
75891.5
76008.4
75865.9
75348.9
75448.4
75332.8
74868.5
74955.1
74861.4
74448.4
74527.1
74454.8
74136.9
74008.8
74086.2
73989.1
73703.6
73779.2
73708.9
73462.7
73538.9
73464.3
73399.8
73353
73157.3
73250.5
73223.2
73057.5
73137.8
73117.2
72975.6
73056.5
73029.1
72831.4
72857.4
72812.5
72631.3
72658
72595.5
72534.5
72499.3
72338.3
72380.4
72341.3
72294.9
72295.8
72169.2
72230.7
72236.7
72120.7
72188.4
72191.2
72194.3
72211.3
72133.1
72221.2
72238.4
72256.9
72286.6
72321.6
72380.8
72350
72471.1
72536.9
72605.3
77628.8
77335.1
77486.4
77325
76663.7
76833
76703.1
76087.4
76249.1
76143.1
75579
75733.9
75640.4
75128.4
75279.2
75198.3
74731.5
74875.4
74801.4
74429.6
74288
74443.8
74382.7
74043
74197.7
74151.3
73858.6
74018.5
73963.3
73896.6
73851.7
73612.7
73759.9
73733.5
73517.9
73637.9
73621.6
73430
73541.6
73528.6
73273.1
73340.1
73325.1
73097.8
73182.5
73152.3
73092
73074.9
72870.2
72955.4
72945.2
72900.8
72909
72735.6
72835.7
72863.3
72710.5
72829.2
72848.2
72856.4
72890.6
72771.8
72907.3
72949.7
72976.3
73016.5
73050
73115.9
73040.6
73198.8
73276.6
73349
79439.3
79190
79308.3
79092.1
78521.5
78663.5
78508.2
77977.7
78103.2
77987.2
77506.2
77613.3
77524
77095.2
77187.4
77119.1
76747
76831.9
76779.2
76492.5
76368.5
76446.4
76357.8
76083
76175.8
76116
75876.4
75967.6
75899.2
75830.6
75822.8
75639.4
75710.6
75733.9
75578.1
75648
75669.5
75532.9
75622.3
75632.1
75459.9
75509.7
75493.8
75323
75371.2
75332.6
75278.7
75269.2
75126
75179.3
75163.2
75122.2
75133
75020.6
75083.1
75105
74996.4
75075.2
75087
75086.6
75123.8
75049.1
75144.3
75175.7
75198.6
75245
75282.1
75356.5
75329.3
75449.3
75519.7
75582.9
78672.2
78437.3
78580.6
78406
77833.6
77995.3
77860.3
77330.4
77482.1
77373.8
76890.8
77031.4
76945.6
76510.6
76643.7
76578
76188.9
76314.8
76262.4
75964
75856.4
75975.4
75931.5
75646.3
75760.1
75742.9
75489.2
75599.2
75563.6
75503
75487.2
75277.7
75368.2
75389.1
75200
75274.6
75293
75126.5
75220.1
75230.3
75054
75125.8
75126.7
74956.5
75031.8
75016.7
74977.1
74970.9
74822.4
74899.5
74894.4
74871.1
74880.3
74761.6
74855.5
74886.4
74779.2
74884.9
74911.5
74922.2
74963.7
74890.5
75013.1
75059.8
75094.2
75143.5
75191.2
75261.3
75230.5
75375.8
75454.8
75532.8
79076.3
78838.4
79005.1
78869.9
78295.6
78478.3
78361.1
77829.6
78008.8
77905.2
77425.1
77600.5
77509.1
77079.8
77251.6
77171.2
76787.6
76949.7
76874.6
76574.1
76466.7
76626.1
76562.1
76294.3
76449.8
76401.4
76175.8
76334.4
76284
76223.4
76185.3
76012
76174.9
76148.7
75991.6
76124
76106.2
75966.8
76077.5
76071.6
75855.2
75915.8
75921.5
75737.9
75817.4
75822.7
75786.2
75796.5
75639
75729.8
75743.2
75725.3
75746.7
75615.8
75722
75764.1
75652.4
75771.4
75810.2
75829.7
75880.9
75801.4
75936.4
75997.1
76041.2
76099.8
76153.6
76236.3
76195.2
76352.9
76446.2
76529.5
81035.4
80835.7
80984.7
80785.4
80281.5
80456.6
80317.8
79841.3
79997.3
79903
79465.2
79596.5
79536
79148.4
79261.3
79223.7
78887.1
78990.3
78971.8
78714.3
78628.7
78731.6
78647.7
78424.1
78533.2
78474.5
78280.8
78384.4
78315.6
78268
78281.7
78117.3
78199.5
78241.5
78107.3
78192.6
78234.5
78125
78229.4
78254.4
78119.8
78187.4
78179.9
78052.8
78116.5
78085
78063.3
78075.3
77961.6
78031.1
78029.3
78013.7
78050.4
77968.8
78047.2
78084.8
78011.3
78102.4
78119
78142.9
78195.4
78153.1
78260.3
78298.1
78344.9
78404.9
78458.5
78552.8
78552.2
78682.3
78762.9
78849.6
80043.1
79838.1
80046.7
79925
79367.7
79581.7
79492.3
78979
79175.6
79108.1
78643.4
78825.4
78776.7
78360.4
78527.6
78495
78124.7
78280.1
78257
77971.3
77879.4
78043.9
78036
77762.9
77915
77927.5
77682.9
77825.9
77816.1
77770.5
77771.6
77572.4
77682.5
77722.6
77541.9
77636.1
77675.9
77516.3
77628.5
77663.5
77499.4
77601.6
77628.3
77472.4
77580.3
77593.3
77576.4
77594.6
77459.7
77567.1
77590.2
77583.6
77614.7
77505.9
77620.7
77674.9
77578
77711.7
77762.8
77792.4
77855.8
77790.1
77937.1
78007.1
78059.9
78129.8
78191
78279.5
78257.9
78424.3
78527.7
78618
80592.7
80404.9
80584
80467.2
79960.5
80154.2
80057.1
79600.8
79786.1
79701.7
79297.6
79474.5
79401.3
79049.3
79220.2
79154.8
78846.8
79009.2
78950
78719.8
78628.3
78789
78737.8
78524.9
78678.7
78644.4
78466.6
78623.5
78588.3
78541.8
78518.3
78395
78556.2
78541.2
78430
78566
78560.9
78464.9
78581
78598.1
78427.8
78495
78512.6
78369.9
78453.5
78466.6
78468.4
78488.1
78372.7
78467.6
78493.9
78503.1
78544.5
78457.4
78570.3
78632.9
78556.1
78675.7
78731.6
78767.9
78839.1
78793.5
78929.4
79004.4
79063.5
79139.5
79209.8
79306.7
79309.6
79466.7
79571.2
79667.4
82640.7
82486.9
82648.7
82492.7
82034.6
82222.2
82115.7
81690.2
81863.3
81788.3
81401.6
81558.1
81507.2
81166.3
81309.2
81277.1
80983.1
81118.4
81101.8
80879.5
80828.9
80943.1
80891
80693.7
80809.1
80778.1
80606.6
80715.2
80674.2
80650.6
80666.5
80530.2
80640.6
80688.7
80578.9
80685.3
80735.3
80649.6
80766.2
80802.7
80695.3
80778
80794.1
80693
80769.1
80766.8
80769.8
80791
80707.2
80794.2
80811.4
80826.2
80869.1
80808.8
80909.2
80960.7
80911.1
81017.2
81056.7
81100.6
81165.7
81142.7
81264.5
81327.3
81390.2
81461.8
81538.3
81636.4
81653.7
81803.2
81903.5
82003.1
81454.6
81282.2
81536.9
81464.6
80927.6
81182.9
81136.7
80641.7
80875.2
80846.9
80402.4
80615.8
80602.6
80205.4
80402.1
80403.1
80047.8
80225.6
80230.6
79960.8
79892.9
80080.5
80100.6
79847.9
80019.4
80057
79831.7
79995.3
80008.8
79983.8
80011.5
79828.6
79956
80018.2
79852.4
79962.2
80023.6
79879.6
80007.4
80060.9
79916.9
80039.1
80087.2
79956.4
80086.1
80120.7
80127.5
80166.6
80052.2
80180.9
80223.5
80238.4
80289.4
80194.1
80329.7
80405.5
80326
80478.1
80549.5
80598.7
80680.8
80630.2
80794.8
80885.6
80957.1
81044.8
81121.5
81226.3
81213.1
81395.5
81509.8
81614.9
82370.2
82215.4
82399.4
82317.2
81866
82058.4
82002.6
81600.8
81781.1
81738
81387.2
81557.6
81523.9
81221.2
81379.2
81353.8
81095.1
81243
81223.4
81032.4
80973.8
81123.2
81099.1
80918.6
81060.6
81051.2
80901.5
81040.9
81028.9
81001.6
81012.1
80908.7
81036.8
81113.3
81020.4
81133.3
81209.6
81135.9
81247.3
81285.6
81167.4
81245.7
81280.5
81178.8
81269.4
81299.1
81305.9
81346.4
81271.6
81372.2
81416.7
81442.6
81503.6
81455.3
81570.7
81646.6
81603.7
81726.7
81797.1
81850.5
81934.7
81920.4
82059.9
82149.9
82223.6
82315.4
82404.7
82516.5
82539.1
82701.8
82823.5
82931.9
82932.7
82810.7
82994.5
82897.8
82475.4
82677.6
82619.8
82236.8
82429.3
82393.1
82051.2
82230
82200.5
81906.2
82076.3
82055.4
81803.2
81965.1
81953
81766.4
81735.9
81883.7
81865.3
81698.7
81839.7
81834.1
81695.6
81831.6
81818.3
81803.1
81842.1
81741
81878.2
81946.7
81862.6
81982.9
82047.3
81978
82098.1
82139.7
82043.8
82138.2
82172.9
82088.1
82184.9
82211.1
82228.1
82266.2
82202.5
82310.9
82352.1
82386.4
82444.5
82405.7
82530.9
82603.4
82574.3
82705
82773.3
82835.2
82917.7
82918.4
83062.9
83149.1
83228.7
83319.4
83413.7
83522.6
83555.6
83723.2
83838.6
83955.1
82967.5
82811.3
83070.7
83022.9
82544
82813.4
82781
82344.4
82598.2
82576.1
82189.3
82430.9
82416.3
82071.9
82298.7
82290.1
81981.4
82190
82185
81950.4
81913.3
82117.6
82132.7
81919.2
82108
82164
81983.5
82172.7
82173.2
82160.4
82220.1
82078.7
82244.3
82322
82191.4
82333
82410.8
82301.4
82445.4
82502.9
82368.5
82490.9
82546.8
82431.4
82564.9
82612.2
82634.3
82685.6
82592.4
82730.4
82787.9
82823.5
82891.9
82820
82970.3
83063.3
83006.7
83170
83256.8
83325.2
83421.6
83393.7
83571.1
83677.5
83765
83865.3
83961.1
84080.3
84085.1
84278.4
84411.8
84528.9
85086.9
84968.9
85161.7
85076.1
84669.4
84879.8
84837.9
84471.8
84664.5
84646.2
84320.5
84493.5
84494.9
84211.2
84368.4
84387.6
84146.4
84289.8
84315.2
84137.8
84106.8
84244.3
84245.6
84073.5
84212.1
84239.8
84096
84231.5
84246.8
84249.6
84309.7
84216.2
84341.6
84420.9
84344.9
84462.8
84540.1
84475.8
84595.3
84659.7
84583.6
84687.6
84742.2
84670.2
84775.6
84815.3
84840.5
84895.5
84845.1
84956.3
85010.5
85048.8
85119.2
85092.1
85213.4
85296.7
85275.7
85406.5
85483.3
85552
85644.3
85649.3
85794.4
85888.9
85977.4
86076
86176
86297.7
86338.3
86507.2
86630.4
86751.5
84562.7
84155
84055.9
84262.1
84194.5
83805.2
84025.1
83992.1
83640.3
83847.1
83833.7
83522.2
83715
83717.8
83445.6
83624.4
83638.3
83404.1
83575.4
83601.9
83435.4
83422.7
83578.4
83596.7
83440.4
83587.9
83633.6
83503.5
83641.1
83666.2
83682.7
83731.9
83636.8
83767.4
83838.9
83757
83872.5
83944.7
83882.1
84012
84082.9
84018.9
84137.1
84199.2
84138.1
84254.5
84305.6
84341.6
84400.9
84357.1
84481.7
84545.2
84594.5
84667.7
84644.4
84783.4
84874.1
84859.4
85004.9
85094.3
85171.5
85269.3
85279.5
85442.2
85548.1
85642.4
85751.2
85856.4
85981.3
86024.5
86208.6
86342.4
86467.8
84896.5
84446.2
84333.3
84613
84570.8
84138.2
84428.4
84401.1
84008.1
84281.4
84262.3
83916.1
84175.7
84162.8
83859.8
84105.2
84100.2
83833.5
84061.1
84059
83868.8
83832.2
84051.4
84061.1
83885.1
84090.1
84169.1
84021.2
84224.6
84233.9
84218.5
84291.1
84177.6
84353.9
84446.1
84348.5
84505.4
84600.2
84523.8
84674.6
84733.6
84619.5
84746.2
84810.6
84720.1
84861
84920
84956.7
85022.3
84953.9
85100
85170.5
85222.6
85304.4
85258
85416.9
85521.1
85487.1
85656.6
85757.9
85840.6
85949.3
85941.2
86124.9
86243.6
86342.7
86455.9
86564.9
86696.3
86719.8
86919.3
87060.1
87189.9
86482.7
86105.1
86003.8
86226.7
86168.6
85795
86024.9
85990.8
85662.9
85878.8
85860.6
85578.8
85777.6
85768.5
85530.8
85716.9
85720.8
85522.4
85693.7
85722.2
85586
85548.8
85721.7
85712.4
85582.1
85749.7
85798.1
85693.5
85857.9
85854.7
85842.8
85932.3
85867.1
86020.1
86122.2
86064.8
86198.1
86294.6
86251.2
86381.7
86445.6
86370.4
86474.8
86534.2
86473.4
86588.3
86640.3
86677.9
86745.5
86709.5
86833.1
86901.9
86957.1
87043
87032.1
87169.1
87266.9
87262
87408.2
87501
87583.2
87689.5
87710.9
87870.1
87979.2
88081.7
88195.4
88308.9
88441.9
88495.9
88676.9
88816.5
88950.7
86847.9
86466.7
86379
86600.3
86547.8
86187.2
86415.3
86401.7
86075.8
86286.5
86294.2
86006.2
86200.5
86224.3
85975.4
86154.3
86190.3
85977
86147.5
86196.7
86050.9
86051.6
86214.5
86240.7
86113.8
86272.8
86318.8
86211.3
86359.4
86388.4
86422.1
86491.1
86414.5
86555.3
86638.8
86576.4
86703.2
86782.2
86735.7
86871.1
86946.5
86898.7
87023.1
87092.4
87050.3
87173.6
87230.2
87278.6
87350
87323.4
87454.3
87525.8
87586.5
87673.8
87667.4
87810.2
87909.2
87912.1
88064.1
88158.8
88247.7
88357.6
88384.3
88548.6
88661.3
88767.8
88884.1
89001.5
89136.2
89194.6
89381.2
89519.8
89656
86179.8
85767.8
85681.1
85957.6
85948.6
85546.1
85823.3
85839.3
85475.8
85731.7
85761.1
85439.2
85678.8
85722.7
85439.9
85661.6
85716.4
85470
85675.3
85739.2
85566.7
85554.1
85758.7
85821.7
85659.1
85852.4
85935.8
85800
85983.5
86047.3
86079.8
86151.1
86047.9
86200.4
86294.5
86202.8
86339.8
86435.4
86362.4
86509.8
86598.7
86525.4
86670.2
86756.5
86693.5
86844.1
86920
86972.8
87052.5
87009.3
87163.4
87247.5
87312.5
87404.8
87380.3
87544.6
87656.8
87644.4
87820.8
87931.1
88024.9
88142.8
88156.4
88345.8
88472.2
88583.7
88708.9
88829.2
88968.8
89011.3
89218.3
89369.8
89508.4
86582.8
86239.5
86166.9
86413.5
86377.5
86044.2
86297.7
86278.2
85986.1
86226.7
86217
85965.8
86192.1
86189.6
85974.6
86188.2
86212.4
86029
86226.3
86279.8
86157.8
86131.6
86318.8
86362.8
86244.4
86417.6
86496.3
86398.3
86567
86637.8
86636.1
86721.4
86658.7
86821.3
86918.8
86862
87004.4
87101.8
87058.9
87198.1
87268.3
87203.8
87323.5
87397.6
87353.5
87483.9
87557
87612.5
87692
87671.5
87813.9
87900
87972.3
88069.7
88068.6
88225.1
88337.9
88345.3
88508.5
88620.5
88718.8
88840.1
88871.7
89048.5
89179.6
89295.9
89423.2
89549
89693.8
89752.8
89950.6
90104.6
90248.5
88133.9
87778.8
87726.3
87962.3
87906
87587
87829.4
87815.5
87523.5
87746.1
87763
87504.7
87708
87749.2
87527.1
87713.6
87775.1
87589.7
87761.3
87833.2
87705.7
87721
87894.9
87918.1
87818.2
87983.9
88026
87948.4
88105.9
88138.1
88181
88266.3
88210
88353
88448.9
88404.4
88537.1
88629.6
88600.3
88737.5
88817.4
88783
88909.5
88978.9
88956.1
89084
89141
89202.6
89287.6
89278
89414.5
89495.1
89565.3
89669.6
89683.7
89829.6
89938.5
89961.9
90116.9
90215.7
90317.5
90436.2
90483.4
90650.4
90766.4
90886.8
91013.1
91139
91287.7
91367.7
91553.6
91699.5
91846.9
87306.6
86953
86896.8
87152.6
87153.5
86806.4
87065.5
87083.4
86775
87017.1
87052.9
86788.6
87017.8
87067.5
86840.5
87055
87113.9
86920.1
87123.4
87188
87056.5
87066.9
87260.1
87326.3
87200.4
87386.1
87470.6
87367.3
87542.8
87610.7
87658.5
87735.2
87664.9
87817.6
87910.7
87848.6
87985.1
88079.4
88032.6
88180.7
88276.9
88232.3
88379.1
88471.9
88435.6
88586.6
88668.2
88733.5
88821.4
88802.7
88958.1
89050.6
89127.8
89228.5
89229.2
89394.9
89515.8
89526.5
89702.8
89820.9
89927.1
90054.4
90088.8
90278.6
90413
90536.4
90668.7
90799.3
90948
91009.8
91218.1
91377
91526
87638.5
87293.6
87239.3
87517.9
87500.5
87164.6
87448.9
87447.2
87147.1
87411.2
87443.2
87175.6
87418
87479.9
87247.9
87475
87544.7
87346.4
87561.2
87635.8
87503.1
87488.1
87695.1
87771
87646
87841.8
87931.2
87828.3
88014.5
88087.6
88142
88225.6
88155.1
88326.7
88426.5
88367.2
88521.9
88624.8
88584.9
88739
88822.4
88763.3
88904.1
88993.1
88951.5
89102.2
89187.2
89254
89345.4
89324.7
89484.1
89581.3
89662.5
89768.8
89768.4
89940.4
90065.3
90075.3
90255.9
90378.3
90486
90616.9
90651.9
90845.7
90985.6
91111.2
91248.7
91383.4
91537.4
91600.2
91810.9
91974.3
92125.6
88882.6
88567.8
88520.1
88769.1
88739.8
88439
88688.8
88683.2
88415.6
88642.9
88696.4
88461.6
88667.7
88738.4
88538.2
88725.8
88808.1
88643.6
88818
88907.3
88803.7
88792.6
88974.2
89033.4
88938.2
89107.7
89181.7
89107.1
89271.8
89334.3
89386.9
89483.4
89442.3
89590.8
89698.4
89664.5
89800.6
89906.5
89883.4
90022.7
90108.5
90074.5
90199.3
90283.6
90265.3
90397.4
90475
90542.2
90635
90637.6
90780.3
90875.5
90956.1
91067
91093.4
91247.4
91369.2
91401.2
91565.2
91682.6
91791.4
91922.5
91976.8
92154
92287.7
92414.1
92552.7
92687
92841.1
92927.2
93123.3
93281.3
93437
89164.3
88846.6
88801.7
89045.8
89032.9
88736.2
88982.2
89003.9
88739.3
88968.9
89016.1
88786.5
88998.1
89063.2
88870.8
89067.4
89144
88986
89171.2
89252.4
89149.4
89175.4
89355
89410.7
89324.8
89496.4
89565.1
89499.1
89664.3
89722.5
89781.7
89869.8
89826.3
89974.7
90070.7
90035.9
90170.6
90264.2
90243.8
90386
90477.5
90461.3
90600.9
90689.5
90681.6
90822.3
90902.9
90979
91073.6
91082.2
91231.2
91326
91413.2
91523.3
91550.7
91710.2
91832
91868.9
92036.6
92154.3
92268.2
92399.8
92459.8
92640.5
92775.5
92906.6
93045.1
93184.4
93339.1
93427.6
93628.6
93788.4
93945.7
88635.6
88308.6
88269
88538.7
88556.8
88235.1
88509.5
88556.7
88274.3
88532.7
88592.9
88348
88591.1
88661
88450.2
88677
88754.3
88576
88788.9
88869.8
88754.2
88778.7
88982.2
89062.6
88953.6
89149.8
89246
89155.3
89341
89423.9
89484.2
89570
89510.1
89671.8
89773.6
89719.6
89864.4
89968.1
89931.6
90086.1
90189.2
90156.9
90311.6
90413.7
90391.2
90551.7
90646.3
90723.4
90823.2
90819.2
90984.9
91090.3
91181
91293.3
91307.8
91485.4
91615.6
91639.7
91826.9
91955.5
92072.4
92210.5
92258.6
92456.9
92602.2
92736.7
92880.5
93022.5
93180.4
93256
93472.1
93639.4
93799.5
88915.9
88611.6
88571
88849.6
88849.6
88545.7
88822.6
88876.6
88602.5
88859.5
88925.2
88689.5
88931.7
89007
88805.3
89033.2
89114.8
88944.8
89161
89246.8
89141.6
89147.4
89354.3
89437.4
89335.1
89532.4
89629.3
89546.6
89733
89815.2
89879.5
89970
89917
90089.3
90193.5
90150
90305.3
90412
90383.4
90540.9
90636.2
90598.9
90747.1
90846.2
90824.6
90981.8
91077
91156.1
91258.7
91258.2
91424.5
91531.2
91625.3
91742.4
91760.1
91939.3
92072.9
92101.3
92288.1
92419.6
92539.2
92680
92731.4
92930.3
93079
93215.6
93361.8
93507.1
93668.8
93748.2
93965.4
94135.2
94297.1
89990.3
89697.6
89661.3
89920.2
89906.9
89633
89890.2
89936.6
89690.5
89925.9
89992
89779.1
89995
90076
89898.5
90095.4
90187.5
90043.6
90227.4
90324.5
90236.6
90249.6
90437.2
90509.1
90429.9
90606.3
90690.4
90631.5
90800.8
90872.8
90935.1
91035.9
91004.3
91157
91268.1
91243.1
91383.6
91492
91476.3
91620.8
91716.2
91698.8
91833.5
91928.2
91925.6
92069.5
92159.2
92238.3
92343
92359.4
92511.1
92617.5
92709.7
92829.5
92868.8
93032
93162.6
93208.7
93380.8
93509.1
93630.1
93770.6
93837.9
94023.2
94168.6
94306
94452.9
94598.8
94762.7
94857.8
95063
95231.8
95395.2
90229.6
89935.5
89909.8
90166.9
90169.3
89903.3
90161.1
90202.1
89963.5
90202
90267.3
90060.5
90278.9
90361.7
90188.4
90389.6
90483.9
90343.4
90529.2
90627
90538.8
90576.1
90763.5
90825.4
90758.7
90935.9
91010.7
90962.1
91132
91196.7
91264
91363.7
91333.2
91481.2
91585.6
91561.5
91697.3
91799.2
91789.3
91934.2
92033.9
92030.7
92176.6
92272.4
92280.9
92428.6
92515.2
92602.7
92709.1
92731.9
92887.7
92994
93090.8
93212.4
93256.1
93421.3
93551.7
93604.8
93779.3
93905.1
94030.4
94170.2
94244.5
94431.9
94574
94716.4
94865.9
95013.7
95178.7
95280.4
95485.3
95654.4
95820.6
89769.9
89487.1
89469.2
89730.2
89763.3
89486.2
89755.8
89814.5
89572.3
89826.3
89895
89687.4
89926.4
90003.1
89827.2
90049.8
90134
89989.7
90200.3
90286.2
90200.4
90244.8
90443.4
90527.1
90444.1
90633.8
90730
90665
90845.5
90931.7
90999.6
91086.4
91050.9
91214.3
91314
91282.5
91430.4
91532.9
91517.4
91673.3
91779.4
91768.9
91924.7
92031.8
92029.6
92190.8
92291.5
92380.1
92489.7
92505.6
92673.7
92786.9
92887.8
93009
93044.9
93224.6
93361.7
93405.3
93593.9
93729.6
93856.3
94002.4
94068.2
94269.8
94421.3
94564.3
94716.5
94869
95035.5
95127.3
95345.7
95519.5
95687.3
89990.8
89686.4
89658.3
89951.7
90001.9
89698.2
89995.1
90064.6
89796.1
90075.2
90153.5
89921.8
90182.6
90267.1
90070
90316.6
90406.8
90239.1
90470.6
90561.7
90456.1
90497.7
90715.4
90807.3
90707.2
90916.3
91019.4
90939.1
91139.2
91228.2
91299.8
91393
91341.4
91523.1
91629.8
91586.6
91749.5
91860
91835
92002.4
92107.7
92079.8
92242.4
92352.4
92338.3
92508.9
92614.5
92703.7
92815.5
92822
93000.4
93116.6
93220.1
93345.8
93370.9
93560.1
93702.5
93737
93935.5
94076.1
94204.5
94354.6
94411.5
94621.8
94778.7
94923.2
95076.7
95229.9
95399
95484.3
95712.6
95890.9
96059.1
90876.8
90592
90569.8
90848.3
90876.8
90602.1
90882.9
90942.8
90700.2
90960.1
91035.3
90826.2
91067.5
91154.7
90976.2
91198.2
91294.6
91149.4
91358.7
91456.4
91368
91412
91612.3
91696
91612.2
91805.3
91902.6
91838
92022.8
92105.3
92174.1
92275.2
92239.8
92406.7
92516.8
92490.4
92641.9
92752.4
92739.5
92895.9
93000
92986
93140.2
93247.9
93244.1
93404
93506.8
93595.8
93707.9
93725
93894.7
94010.2
94112.9
94240.2
94275.6
94457.1
94598.2
94642.2
94832.5
94970.5
95097.9
95247.9
95315.1
95518.8
95673.1
95817.8
95974
96127.3
96298.1
96390.9
96611.5
96786.4
96957.5
90995.1
90721.1
90708.8
90977.4
91002.7
90754
91020.9
91080.3
90858.1
91102.8
91184
90992.4
91216.4
91311.7
91153.3
91358.9
91462
91334.9
91525.7
91633.3
91557.2
91604.4
91797.4
91874.8
91814.5
91995.8
92084.9
92042.1
92216.5
92293.4
92363.8
92469.9
92448.7
92600.6
92711.1
92697.4
92837.7
92947.5
92942.8
93091.6
93198.8
93201.6
93350.3
93457
93472.3
93626.3
93726.1
93819.3
93935.3
93967
94128.8
94247
94349.9
94479.9
94533
94704
94845.1
94905.8
95086.1
95224.3
95356.7
95507.5
95589.4
95782
95936.9
96086.4
96243.9
96397.7
96571.2
96680.3
96891.5
97070
97241.8
91204.1
90934.7
90924.5
91197.6
91216.6
90980.1
91250.7
91306
91093.2
91340.4
91420.7
91235
91459.5
91557.1
91401.6
91607.4
91714.5
91591.1
91780.7
91891.6
91818.9
91868.2
92065.6
92137.5
92086.6
92271.7
92353
92317.3
92494.7
92566.1
92638.8
92747.7
92728.6
92879.2
92992.6
92979.8
93119.2
93229.7
93226.7
93377.3
93482.5
93488.7
93639.4
93743.2
93765.9
93921.4
94017.4
94115.7
94233.9
94270
94433.3
94549.5
94654.5
94789
94846.1
95016.8
95158.6
95225.7
95407.9
95542
95677.4
95829.4
95917.2
96111.6
96261.7
96413.6
96572.8
96727.7
96902.3
97017
97227.6
97402.5
97578.7
91350.7
91087.6
91079.5
91356.2
91387.5
91143.2
91418.3
91479.9
91262.3
91517.4
91598.4
91412.9
91647.3
91740.2
91586.8
91805.4
91906.1
91781
91984.1
92087.8
92017
92069
92268
92348.8
92289.1
92478.1
92570.5
92527.5
92708.3
92787.7
92862.9
92964.5
92941.9
93101.4
93209.3
93194.2
93339.8
93448.2
93443.6
93599
93707
93710.8
93866.9
93977.5
93993.8
94154.8
94259.4
94358.3
94474.9
94508.2
94677.8
94797
94907.2
95038.9
95091.3
95270
95413.2
95475.2
95664.3
95804.3
95939.7
96092.5
96174.7
96376.2
96532.7
96686.2
96845.8
97003.9
97177.5
97285.7
97505.1
97684.4
97859.8
91603.1
91329.1
91330.3
91615
91655.3
91394.8
91683.1
91752.6
91523.1
91791.4
91875.2
91678
91927.9
92023.1
91857.4
92091.7
92193.1
92056.1
92276.1
92377.5
92297.3
92351.4
92559.6
92647.5
92574
92773.2
92873.6
92816.2
93007.1
93091.3
93166.6
93269.9
93237.5
93407.4
93514.7
93489.4
93643.6
93752.3
93743.5
93905.4
94016.5
94013.2
94177.6
94293.8
94301.6
94471.8
94580.7
94679.1
94799.4
94825.9
95004.2
95125.5
95236.7
95370
95413.9
95601.8
95748
95800
95997.1
96141.5
96278.1
96432.9
96507.4
96718.2
96876.2
97029
97189.8
97349
97526.4
97625.9
97853
98033.6
98208.8
91240.9
90970.9
90975.3
91264.7
91326.7
91059.9
91356.9
91437.4
91203.7
91484.3
91572.3
91372.3
91635.4
91729
91559.6
91806.6
91905.5
91764
91998
92100.8
92019.3
92074.2
92289.8
92391.1
92310.1
92515.8
92628.4
92564
92758.5
92856.6
92934.2
93032.1
92994.6
93172.1
93282.8
93251.7
93411.3
93522.5
93507.9
93678.1
93796
93789
93960.5
94082.1
94085.4
94261.5
94378.6
94479.3
94600.6
94625
94810.4
94935.9
95050.3
95186
95225.8
95421.2
95573.2
95622.3
95824.9
95974.8
96113.2
96270.7
96343.3
96558.6
96723
96877.8
97040.5
97203.3
97381.5
97479.3
97712.4
97897.1
98074
91408.5
91160.1
91151
91434.7
91500
91245.5
91533.1
91616.8
91396.7
91667.3
91757.2
91571.1
91823.7
91918.6
91765.2
92003.9
92104.9
91978.3
92203.3
92305.2
92234.7
92293.7
92502.9
92600
92527.1
92728.8
92838.6
92782.3
92973.7
93069.7
93147.3
93248.5
93222.8
93399.1
93510.2
93489.4
93648.5
93763.2
93753.5
93918.9
94034.2
94032.1
94197.3
94317.1
94326.9
94498.7
94615.1
94716
94838.4
94868.8
95049.1
95176.8
95292.8
95428.2
95476.4
95670
95821.7
95877.3
96077.9
96227.4
96366.3
96525.8
96604.2
96817
96981.8
97137.9
97302.8
97466.7
97646.2
97749.8
97980.4
98166.6
98344.6
92076.1
91823.7
91820.8
92107
92153.3
91910.7
92197.8
92272.2
92059.2
92324.9
92413.7
92232.7
92478
92577.7
92427.9
92654.2
92760.7
92641.8
92854.7
92962.2
92894.1
92951
93157.2
93247.6
93184.8
93380.9
93482.8
93437.9
93625.5
93711.9
93787.1
93894.5
93874.8
94042.8
94155.1
94142
94294.4
94407.8
94405.4
94565.7
94678.9
94685.9
94846.6
94963.4
94981
95148.7
95260.1
95361.4
95485.1
95521.3
95697.5
95823.6
95937.6
96074.2
96128.9
96314.8
96463.8
96527.1
96722.7
96870.4
97010.2
97168.8
97252.5
97460.4
97624.6
97780.3
97945.3
98109.3
98288.8
98399
98623.9
98807.8
98987
92110.4
91860.9
91869.7
92149.7
92194.3
91966.5
92247.7
92320.9
92118.8
92378.8
92470.2
92298.7
92536.8
92640.5
92499.3
92718.3
92830.4
92717.7
92920.5
93034.3
92974.3
93033.7
93233.8
93321.3
93271.5
93462.2
93561.1
93528.2
93709.1
93793.7
93871.6
93981.8
93968.2
94126.3
94240.1
94233.1
94378.9
94491.6
94500
94656.6
94771.2
94786
94944.7
95061.1
95088
95252.4
95363.6
95468.3
95593.6
95636.6
95809.8
95936.4
96050.3
96189.7
96253
96434.6
96585.4
96657.3
96847.9
96994.8
97136.6
97297.3
97390.2
97594
97756.3
97914.6
98081.5
98245.2
98426
98543.4
98764.6
98949.5
99130.7
92240.6
91994
92008.7
92290.3
92326.4
92111.1
92393.6
92461
92267.9
92528.2
92617.5
92451.5
92688.7
92793.7
92657.5
92873.6
92987.8
92879.9
93078.7
93196.8
93138.7
93200.3
93401.4
93483.1
93443.6
93634.3
93724.6
93700.8
93883.1
93963.3
94043.2
94156.1
94145.2
94301.5
94416.8
94411.4
94557.1
94669.9
94680.6
94837.2
94950
94969.6
95129.5
95242.9
95276.3
95440.1
95547.7
95655.6
95781.3
95828.3
96001.1
96126.9
96242
96384.2
96451.1
96629.9
96779.4
96857.7
97047.6
97192.2
97336.7
97496.5
97595.4
97797.4
97957.3
98119.2
98287.7
98451.5
98635.3
98758.2
98974.9
99160.7
99344.6
92348.6
92103.8
92123.1
92406.4
92438.2
92231.4
92516.7
92578.8
92393.6
92655.7
92742.2
92580.9
92818.6
92924
92789.9
93006
93121.8
93016.1
93215.2
93333.8
93276.3
93340.8
93542
93621.5
93588.2
93780.1
93867.7
93848.5
94030.8
94107.3
94190.9
94306.3
94294.7
94450.9
94567.6
94562.7
94708.7
94822.1
94834
94992.4
95104.6
95127.1
95288.6
95398.9
95436.5
95601.5
95707.2
95817.4
95944
95995
96168.6
96291.8
96407.7
96552.7
96621.3
96800.3
96949.9
97031.7
97222.4
97364.8
97512.2
97672.2
97773.3
97976.8
98136.1
98300.9
98469.7
98634.8
98820
98945.4
99162.4
99345.2
99532.2
92445.1
92203
92225
92509
92540.9
92337.4
92624.6
92684.8
92504.2
92769.9
92854.7
92695.8
92934.8
93040.5
92908
93125.4
93242
93136.2
93337.6
93459
93400.8
93466.9
93669
93748.1
93717.1
93909.3
93997.4
93981.3
94163.9
94239.6
94323.9
94440.1
94430.2
94586.2
94703.6
94700.4
94846.2
94959.9
94973.2
95131.7
95243.6
95268.9
95431.5
95540.6
95581
95746.4
95850.4
95964
96091.3
96143.2
96318.8
96441.3
96559
96705.6
96775
96954.9
97104.8
97186.7
97378.4
97522
97672.1
97834.2
97938
98142.2
98300.1
98465.9
98634.5
98800.2
98986.4
99113.8
99332.2
99516.1
99702.8
92531.2
92290.9
92316.2
92600.5
92635.2
92432.7
92720.8
92784.9
92602
92867.8
92955.7
92797.3
93038.7
93144.9
93013.5
93233.5
93350.3
93246.2
93448.2
93568.4
93513.4
93580.7
93782.4
93864.3
93833.4
94024.5
94115.2
94098.8
94282.8
94361.3
94445.6
94562.2
94552.1
94709.1
94826.5
94823.2
94969.3
95083.9
95097.7
95257.3
95372.2
95396.4
95558.2
95670.8
95710.9
95876.5
95983.7
96097.5
96226.7
96278.1
96452.8
96578.3
96697
96843.5
96914
97095.1
97247.8
97331.2
97522.3
97665.9
97816.5
97979.4
98082.8
98287.9
98448
98615.3
98785
98951.4
99138.8
99266.4
99484.6
99668.1
99855.5
92608.7
92369.9
92399.5
92683.5
92719.4
92519
92808.8
92872.9
92691.8
92960.8
93047.6
92889.5
93134.2
93239.8
93108.7
93331.7
93448.3
93344.1
93549.5
93669.8
93614.8
93683.9
93886.3
93970
93938.9
94131.8
94223.9
94208.1
94391.2
94469.7
94556.1
94672.2
94663
94822
94940.1
94938
95084.8
95199
95213.7
95373.3
95488.9
95514
95675.4
95790.3
95831.4
95996.8
96103.6
96217.6
96348.9
96401.3
96576.8
96702.6
96823.4
96970.6
97040.9
97223.4
97374.3
97458
97652.7
97798
97949.1
98112.9
98216.7
98422.1
98582.2
98750.2
98921.3
99089.7
99277
99404.8
99625.4
99809.5
99997.5
92676.3
92438.3
92474.3
92758.9
92792.3
92596.5
92890.6
92948
92771
93046.4
93126.8
92970.6
93221.3
93323.1
93192.6
93421
93535.9
93431.2
93641.5
93760.6
93705.8
93778.7
93979.7
94062.6
94035.1
94226.7
94318.5
94305.1
94488.8
94566.6
94655.6
94773.2
94762.1
94923
95040.3
95036.9
95186.5
95300
95314.6
95478.3
95591.7
95618.1
95781.9
95894.1
95937.8
96104
96210.2
96327.6
96457.3
96511
96689.9
96813.1
96936.2
97083.9
97152.8
97339
97489.7
97574.7
97769.6
97913.3
98066.5
98230.1
98336.6
98542.8
98702.5
98873.7
99042.4
99211.2
99400
99527.6
99749.3
99932
100122
92744.9
92506.4
92554.3
92838.8
92864.8
92677.1
92981.6
93022.3
92851.7
93137.3
93201.1
93050.8
93314
93404.6
93275
93514.2
93623.1
93515.9
93735.9
93851.4
93792.5
93873
94073.9
94151.4
94130.5
94323.8
94408.6
94402
94586.4
94659.4
94755.6
94872.1
94857.6
95025.4
95138.7
95135.5
95292.4
95399.2
95414.7
95585.4
95691.6
95721.5
95890.6
95995.7
96043.8
96213.3
96317.3
96440.9
96566.4
96617.9
96800.7
96917.6
97045.4
97195.5
97262.4
97453.5
97600.4
97688.1
97885.3
98026.5
98184.8
98344.6
98452.1
98660.3
98817.3
98992.8
99159.7
99331.6
99520.1
99647.5
99871.9
100052
100243
92725.3
92481.5
92548.5
92831.6
92836.5
92659.4
92982.7
92977.1
92838.3
93172.3
93185.3
93046.1
93337.3
93399.9
93270.2
93530.4
93625.1
93511
93748.3
93859.5
93791.6
93884.2
94084.5
94153.6
94143.4
94337.5
94413.3
94417.1
94601.2
94664.9
94774.1
94887.4
94866.1
95046.8
95152.3
95146.9
95316.2
95407.4
95427.8
95615.9
95701.3
95740.5
95921.6
96009.1
96064.4
96231
96326.2
96462.7
96569.3
96637.7
96845.4
96938.9
97076.3
97225.5
97287.6
97490.2
97622.8
97718.5
97922.6
98052.2
98219.7
98370.2
98485.8
98699.4
98845.8
99030.2
99188.3
99368.1
99557.8
99685.8
99918.1
100089
100284
92920.3
92681
92715.6
93027.5
93047.4
92840
93180
93195.4
93017.9
93342.3
93375
93220.6
93513.6
93583.8
93447.3
93707.5
93809.4
93691.6
93926.1
94044.7
93976.6
94056.1
94271.1
94345.7
94311.8
94520.4
94603.5
94585.2
94783.8
94854.6
94952.7
95072.7
95048.8
95229.8
95343.1
95333.5
95504.6
95606
95616.7
95808.4
95908
95932.1
96115.6
96215.2
96258.2
96439.4
96543.8
96672.2
96795.3
96842.5
97038.7
97147.5
97278.5
97433.6
97493.4
97697
97839.6
97920.2
98128.3
98267.1
98428.8
98587.6
98688
98905.4
99060.5
99238.9
99403.2
99577
99770.4
99889.6
100123
100303
100493
93074.4
92790.5
92840.5
93148.8
93181.3
92962.8
93274.8
93345.5
93132.7
93447.1
93536.9
93332.6
93630.9
93739.2
93558
93837.2
93954.7
93798.4
94062.6
94180.1
94084.8
94185.3
94394.3
94459.3
94439.2
94644.8
94717.9
94713
94909.8
94964.4
95082.4
95203.3
95154.7
95354.8
95477.3
95447.8
95629.9
95747.3
95744.7
95945.8
96064.4
96080.2
96265
96373.2
96414
96597.5
96694.6
96827
96958.6
96994.3
97195.6
97309.6
97440
97595.8
97643.3
97854.1
98001.4
98073
98286.9
98425.2
98582.1
98745.6
98838.1
99063.7
99219.9
99392
99555.9
99728.6
99925.8
100040
100281
100459
100644
92842.6
92512.2
92742.5
93004.7
92922.1
92839.6
93159.3
93147.1
92965.6
93334.7
93343.5
93124.3
93528.5
93567.6
93342.1
93746.3
93814
93592.8
93973.5
94054.1
93879.6
94099.4
94283.5
94259.2
94350.1
94541.5
94530.8
94628.4
94810.7
94786.1
94995.9
95099.3
94990.1
95271.1
95375.1
95301.3
95542.6
95638.6
95610.8
95840.6
95935.5
95962.7
96151.6
96225.1
96326.3
96501.2
96538.5
96727.8
96858.7
96870.3
97084.7
97180
97356.2
97495.4
97492.7
97746.9
97896.6
97973.3
98180.8
98283.1
98483.2
98657.1
98744.5
98961.1
99080.6
99284.8
99462.6
99650.9
99831.6
99899.7
100145
100318
100524
93023
92873.2
92435.2
92893.7
93187.3
92637.4
92941.6
93264.3
92953.9
93158.2
93476.1
93299.4
93343
93675.9
93600.1
93529.5
93839
93851
93750
94028.9
94121.2
93883.4
94239.8
94488.6
94163.2
94496.3
94740.2
94449.5
94766.8
94975.8
94827.7
95049.9
95126.9
95113.8
95319
95376.4
95450.7
95607.7
95657
95858.4
95997.8
95986.5
96231.3
96374.9
96251.4
96510.2
96695.7
96693.1
96848.1
96919.4
97151.4
97280.4
97292.6
97511.5
97626.6
97764.6
97919.8
97948.6
98234.7
98409
98482.8
98652.3
98716.2
99013.6
99204.6
99319
99489.1
99607
99852.2
100001
100252
100430
100589
93480
93257.6
92319.4
93004.1
93984
92818.9
92659.1
94265
93231.7
92536.6
94305.2
93586.1
92741.6
94222.3
93946.6
93146.4
94203.5
94313.6
93542.2
94272.6
94673.6
93799.3
94417.1
95047.4
94107.7
94651.4
95288.3
94385.5
94968.3
95504.3
94719.1
95364.1
95637.2
94957.5
95783.1
95809.5
95224.6
96171.3
95940.9
95477.7
96502.5
96022.6
95907.5
96784.6
96109.7
96558.6
97012.9
96355.1
97225.6
97032.2
96784.6
97681.7
97123.6
97569.4
97884
97394.9
98289.1
97892.1
98122.4
98660.4
98154.9
98974.9
98657.8
98915.9
99399.9
98993.9
99777.9
99452.3
99904.6
100094
99981.7
100528
100489
)
;

boundaryField
{
    inlet
    {
        type            calculated;
        value           nonuniform List<scalar> 0();
    }
    outlet
    {
        type            calculated;
        value           nonuniform List<scalar> 0();
    }
    front
    {
        type            empty;
    }
    back
    {
        type            empty;
    }
    hub
    {
        type            calculated;
        value           nonuniform List<scalar> 
58
(
57347.6
55547.8
55468.6
54592.8
52479.4
52460
51393.9
49131.9
49171.4
48234.3
45821.5
45796.4
44766
42075.8
41025.9
39789.3
35333.2
40190.1
40296.1
19989.2
23377.7
20185.6
13490.1
20796.9
1164.55
1801.92
19166.1
15890.7
19477.4
19415.7
18911.8
19084.2
15502.7
2180.36
-11832.2
-18579.3
-20892.1
-20757.5
-22496.4
-23897.4
-24289.1
-24870.1
-24813.3
-26108.1
-26480.6
-26356.6
-26609.1
-25845.4
-27313.9
-27903.2
-27498.4
-28189.6
-30521
-32838.6
-37206.1
-35145.7
-34347.4
-32356.6
)
;
    }
    tip
    {
        type            calculated;
        value           nonuniform List<scalar> 
73
(
93480.1
93257.6
92319.4
93004.2
93984.1
92818.9
92659.2
94265.1
93231.7
92536.7
94305.3
93586.2
92741.7
94222.3
93946.6
93146.5
94203.5
94313.7
93542.2
94272.6
94673.6
93799.4
94417.2
95047.4
94107.7
94651.4
95288.4
94385.6
94968.3
95504.4
94719.1
95364.2
95637.3
94957.6
95783.2
95809.6
95224.6
96171.3
95940.9
95477.7
96502.6
96022.6
95907.5
96784.7
96109.7
96558.6
97013
96355.2
97225.7
97032.2
96784.6
97681.8
97123.7
97569.4
97884.1
97394.9
98289.2
97892.2
98122.5
98660.5
98155
98975
98657.8
98916
99400
98994
99778
99452.3
99904.7
100094
99981.7
100528
100489
)
;
    }
    procBoundary2to0
    {
        type            processor;
        value           nonuniform List<scalar> 
150
(
-32663.8
-14498.9
-5743.19
-293.942
1587.76
2054.02
2526.49
2866.03
3248.86
3437.96
3717.25
4070.86
4328.35
4577.76
4923.8
5343.96
5615.48
5897.51
6204.13
6569.36
6999.92
7395.48
7794.22
8176.31
8618.11
9077.47
9508.17
9998.37
10674.7
11356.7
11707.7
11973.6
12441.1
13013.4
13505.8
14143.9
14835.5
15331
16154.1
16813
17231.7
18184
18962.1
19444.3
20529.1
21304.4
22073.5
22895.6
23676
24564.8
25070.5
26235.9
27024.5
27887.7
28786
29661.3
30585.5
31474.5
32417.2
33314.3
34327.5
34835
36210.8
37115.6
38066.7
39047
40005.1
41005.9
41974.5
42995
43897.6
45463.9
45918.2
47012.2
48032.7
49065
50111.2
51147.6
52211.9
53243.3
54346.8
55234.9
57057.5
57362.9
58564
59625.3
60679.1
61828.9
62692.1
64696.5
64873.9
66105.6
67241.1
68074.4
70211.2
70257.3
71505.9
72679.7
73437.4
75654.9
75624
76623.1
78949.8
78721.6
79782.7
82107
81738.8
83052.2
84083.5
84658.2
86884.3
86607
87335.9
89091.2
89804.8
89661.2
90407.9
92002.1
91689.2
92289.5
93603.1
94112.9
93970.8
94471.3
95569.9
95995.6
95866.2
96238.7
97138.9
97424.4
97763.7
98044.6
98394.2
98262.6
98533.9
99175.8
99321.6
99535.1
99723.9
99896
100050
100192
100318
100439
100480
100692
100836
100721
100790
100737
)
;
    }
    procBoundary2to3
    {
        type            processor;
        value           nonuniform List<scalar> 
165
(
58244
58252.5
58222.7
58222.7
58222.7
58206.1
58188.4
58172.9
58154.4
58155.9
58132.5
58103
58083.1
58052.4
58032.7
57997.5
57974.9
57928.7
57889.3
57889.1
57842.3
57844.8
61892.9
61109.5
60548.1
59613.9
58419.4
57844.2
57844.2
62901.9
62901.9
63633.9
63633.9
64161.7
64161.7
65074.3
65079.2
65080.4
64990.2
65016.7
65018.6
64913
64946.6
64894.1
64903.3
64924.1
64780.7
64843
64863.9
64688.6
64771.3
64793.8
64600.8
64723
64736.4
64792.8
64825
64843.7
64908.4
64717.2
64917.7
64919.9
64980.5
65045.9
65109.1
65185.9
65259
65348.2
65426.6
65564.7
65387
65743.5
65821.6
65953.9
68079.1
67893.6
67262.6
66096.4
66096.4
68885
68885
70096.6
70225.9
70361.1
70460.7
71012.9
70715.7
70934.7
71092.1
71258.1
71438.4
71626.8
71836.1
72041.8
72303.6
72439.1
73353
72959.4
73359
73628
73915.4
74292.4
74445.2
75675
75150.6
75662.3
76082.4
76232
77713.1
77058
77637.9
78145.6
78276.1
80017.8
79263.3
79663.9
81573.5
80612.2
81106.1
83125.6
82000.5
82821.9
83369.7
83451.6
85497.8
85497.8
84621.8
84957.5
86524.5
86867.1
86202.9
86623.3
88133.2
87314.9
87659.7
88888.2
89141.7
88624.3
88917
89954
90181.9
89737.7
89948.2
90826.7
90930.8
91137.9
91290.9
91543.1
91188.2
91348.8
92007.3
92034.9
92163
92270.7
92366.8
92453.2
92532.7
92607
92689.4
92703.3
92879.6
92991.3
92873.2
92592.4
91915.8
)
;
    }
}


// ************************************************************************* //
