/*--------------------------------*- C++ -*----------------------------------*\
| =========                 |                                                 |
| \\      /  F ield         | OpenFOAM: The Open Source CFD Toolbox           |
|  \\    /   O peration     | Version:  v2012                                 |
|   \\  /    A nd           | Website:  www.openfoam.com                      |
|    \\/     M anipulation  |                                                 |
\*---------------------------------------------------------------------------*/
FoamFile
{
    version     2.0;
    format      ascii;
    class       volScalarField;
    location    "1e-06";
    object      totalP;
}
// * * * * * * * * * * * * * * * * * * * * * * * * * * * * * * * * * * * * * //

dimensions      [1 -1 -2 0 0 0 0];


internalField   nonuniform List<scalar> 
10295
(
75226.8
73360
74269.6
73639
71432
72517.2
71808.5
69550.9
70719.9
70199.1
67785.2
68995.3
68529
65919.7
65866.4
64661.9
59451.7
67422.4
75683
59059.8
64052.7
63884.9
61774.5
77124.6
63730.5
53809.5
57049.3
50720.7
50224.2
47231.3
44059.1
41352
34172.3
16147.2
-1830.92
-7293.42
-9244.06
-9087.81
-10921.4
-11755.8
-12274
-12715.2
-12890.7
-13978.5
-13773.4
-13753.9
-13912.7
-14601.1
-14758.4
-14746.3
-14898.5
-15399.8
-17584.5
-19088.9
-22325.7
-17871.1
-16316.8
-14820.5
78337.8
77188.1
77634.9
76782.7
75497.8
76100.2
75027.9
73740.3
74526
73507.6
72118.5
72984.4
72001.9
70424
69922.1
68090.6
63743
70110.7
77456
63417.1
68562.7
69392
68838.5
87667.4
74124.3
63885.2
68316.3
61729.7
61390
61472.3
57146.4
53432.5
50084.4
33574.7
15625.5
12231
10442.7
8967.77
7638.83
6681.84
5709.43
5571.06
4538.97
4235.55
4615.17
4200.99
4496.38
3324.43
3630.16
4064.07
3284.77
3442.24
1894.19
2255.51
3718.14
6061.34
7933.91
7857.69
82648.6
81564.6
81961.6
81265.6
80055.7
80642
79697.3
78547.3
79295.1
78423.3
77164.5
78007.9
77179.5
75753.2
75171.3
73443.5
69069.6
75550.2
83400.6
70013
74685.8
76150.2
76082.2
93220.6
76982.4
66538.7
68730.1
61427.4
59469.3
54573.7
51607.1
47789.9
42774.2
26841.4
21505.1
19986.7
19854.7
19043.5
19675.1
20054.2
19562.1
19496
17319.1
17777.7
17700.2
17194.7
17587.3
15706.6
16536.7
16757.7
15867.4
16351.5
14870.3
16379.8
19718.4
22827.5
24605.6
24157.4
83228.7
82039.3
82765
81928.5
80557.7
81405.8
80465.5
79073
80075.4
79289.6
77723
78839.6
78032
76316.9
76224.9
74494.5
70015.1
76885
84060.5
71115.5
76483.1
77132.8
77190.6
95136.3
79413
68410.9
72549.3
66564.8
64281.1
61427.2
57601.5
54025.1
45083.9
30053.2
23762.9
21775.6
21999.7
21940.4
22524
23238.7
22781
23355.7
23296.1
23478.2
24114.6
23748.2
24358.2
24084.4
23881
24601.3
23088
23582.6
23270.3
24212
29391.7
31150.2
32224.5
31503.9
87090.3
86018.2
86662.2
85906.2
84687.1
85497.4
84574.3
83386.5
84339.1
83540
82229
83306.1
82477.7
81028.4
80986.8
79301.7
75161.6
81942.7
88615.4
76994.6
81913.6
82967.1
83634.1
100304
84223.5
73414.4
77557.5
71112.1
67627.6
65396.9
61364.8
55968.5
48101
34061.2
28184.1
25736.2
25567.9
25601.2
26151.8
27049.7
26551.7
27253.5
27357.4
27383.7
28071.8
27710.3
28358.6
28625.3
28563.6
29222.6
28291.1
28891.7
29010.1
30325.5
34663.3
36421.9
37469.6
36960.1
90555.1
89595.4
90089.6
89464.4
88385
89091
88227.3
87229.9
88079.4
87315
86241.3
87208.1
86418.5
85223.6
85267.1
83758.1
79984.9
86620.9
92452.1
81951.7
86538.6
88037.6
89273.6
104435
88965.4
78866.8
81192.4
75239.3
72207.5
69401.8
64333
59478.1
52262.5
37761.2
32779.2
30425.6
30138.3
29775.8
30608.9
31101.3
31001.7
31941.1
31601.4
32139.6
32520.3
32273.7
32998.3
32333
32983.7
33241
32750.4
33311
33127.1
34714
38329
40531.8
41512.5
41269.5
91153.4
90074.2
90882.3
90151.8
88886.8
89850.1
89017.3
87751.5
88853.9
88190
86791.6
88019.8
87268.3
85787.2
86467.9
85203.1
81446.3
88376.7
93365.6
83140.5
88079.7
89057.1
90430.4
105366
89139.4
79473.7
82586.6
75665.2
72735.6
70572
64735
60422.3
53071.9
39181.8
35530.6
32304.6
32034.7
31669.9
32129.4
32942.6
32463.5
33368.3
33775.7
33579
34276.5
33753
34376.5
34033.1
34248.9
34853.4
34152.9
34458.2
35038.5
35847.4
39967.9
41513.7
42992.7
42407.6
94107
93159.6
93808.2
93154.1
92057.4
92905.9
92080
91030.5
92024.9
91328.8
90196.1
91308.9
90541
89331.2
90172.1
89254.5
86544.3
92899.1
97223.2
88013.4
91920.7
93304.9
95192.5
108683
92769.6
83636.7
86539.5
79647.7
76183.5
73426.1
68703.9
63748.5
55878.2
42632.3
38999.2
35939.2
35446.6
35019.9
35241.3
36112
35715.8
36571.2
37019.5
36682.4
37442.1
36861.8
37554.2
37094.1
37383.5
37833.9
37255.1
37442.4
38412.8
38988.1
42900.8
44137.1
45678.9
45088.9
94704.4
93606
94533.4
93849.2
92528.7
93590.3
92877.5
91536.5
92717.2
92203.9
90727.6
92023.4
91407.9
89860.7
91208.7
90794.6
88590
94913.6
98230
89282.9
93379.1
94334.7
96266.2
108965
93156.7
84293.2
87351.9
80347
76997.9
74199.2
69193.3
64632.9
56620
44358.5
40964.5
37951.9
37014.7
37028.8
36657.1
38153.8
37357.3
37893.3
38821.6
37846.7
39053.8
38215.5
38775.2
38570.9
38391
39199.2
38510.8
38612.1
40140.7
39921
44192.8
45202
46984.1
46331.7
97654.8
96784.1
97470.7
96835.6
95795
96670.5
95940.2
94896.9
95912.6
95269.1
94196.3
95324.9
94600
93499.8
94705.8
94507.1
93258.3
99006.5
101961
93973.5
97097.7
98559.7
101066
111522
96720.4
87987.2
90481.7
83920.5
80550.1
77010.1
72121
66851.6
59132.1
47940.8
44543.1
41895.1
40464.8
40099.3
39749.8
40607.8
40280.6
40862.3
42147.9
40667.2
41830
41099.6
41725
41355.1
41115
41992.8
41405.1
41475.6
42978.6
42636.7
46478.1
47437.8
49316.7
48879.8
100400
99706.5
100110
99600.7
98796.6
99425.2
98721.1
97990.7
98764
98095.8
97412.6
98265.9
97537.2
96835.4
97806.7
97636.6
96974.3
101998
104800
98102.3
100570
102372
105279
113688
100106
92222.9
93240.7
87812.2
84108.1
80014.8
75872.4
70107.2
62753.7
52047.2
47950.5
45092.5
44581.8
43500.5
43780.2
43846.1
43711.4
44128.9
45006.8
44111.5
45049.4
44561.3
45400.6
44450.3
44833.4
45368.3
44811.9
44877.9
46019
45989.9
48891.9
50174.1
51877.9
51638.5
100950
100131
100820
100232
99250.3
100117
99436
98449.9
99463.6
98878.8
97886.9
98970.7
98263.5
97345.1
98568.2
98442.9
97636.7
102584
105094
99074.8
101765
103290
106262
113587
100404
92953.2
94458.4
88314.4
84588.1
80733.1
76256.2
71306.7
63976.3
53676.3
50043
46326.7
46429.1
45386.7
45079.4
45582.5
45145
45463.9
46792
45452
46668.7
45943.8
46705.9
46185.9
45855.7
46658
46017
46060.7
47381.3
46677.8
49829.9
51129.1
52797.1
52674.7
103310
102677
103082
102596
101874
102473
101796
101152
101890
101271
100686
101495
100757
100294
101254
101203
100827
105120
107513
102617
104795
106568
109812
115291
103063
96186.5
96793.7
91119.1
87116.7
82943
78640.4
73525.6
65983.2
56822.6
52901.7
49498.8
49190.4
48763
48117.4
48538.5
48058.2
48359.9
49331
48512.6
49355.2
48372.9
49292
48588.5
48626.6
49287.2
48871.4
48679.4
49495.2
49089.1
51933.3
53216.8
54862.5
54815.2
103874
103135
103766
103241
102336
103148
102520
101617
102563
102053
101172
102173
101578
100820
102037
102033
101510
105742
107877
103524
105878
107448
110646
114894
103384
96834.4
97983.3
91636.7
87734.7
83737.4
78975.8
74476.2
66956.6
58730.7
54533.9
51370.4
50735.8
50939.2
49756.2
49897.4
49161.3
49437.6
50535.4
49692
50407.2
49343.6
50388.6
50031.5
49864.7
50241.2
49774.1
49396.8
50603.7
50152
52798.9
54065.5
55706.1
55551.3
106067
105523
105857
105418
104807
105316
104677
104155
104813
104233
103792
104483
103840
103576
104505
104545
104462
108098
110031
106720
108636
110392
113763
116279
105791
99827.5
100307
94380.4
90334.3
86043.1
81590.6
77092.5
69893.7
62673.4
57711.5
54682.6
53580.5
52745.8
53125.4
52657.3
51683
51988.5
52506.5
52558.6
52909.5
51892.2
53052.2
52083.4
52284.3
52177.1
52124.2
51903
52991
52864.7
54752.8
56454.5
57842.2
57602.1
106601
105952
106461
106029
105237
105915
105361
104584
105413
104966
104236
105081
104605
104063
105210
105314
105078
108624
110593
107530
109573
111175
114373
115714
106054
100377
100323
94937.2
91270.8
87388.4
82230.5
77830.2
70648.7
63161
59137
56007.9
55467.1
54163.7
54721.4
54554.9
53244.8
53509.9
53961.1
53888.8
54106.4
52758.8
53683.8
52704.9
52994.7
53110.1
53290.6
53102.6
54151.4
53829.8
55875.2
57585.6
58709.7
58708.4
108627
108164
108379
107996
107506
107914
107300
106923
107453
106906
106637
107164
106609
106581
107432
107539
107721
110736
112733
110342
111996
113767
116925
116776
108294
102963
101282
97488.6
93575.4
89213.2
84658.8
79738.1
73140.8
66527.3
62611.5
59157.1
58647.3
56783.8
56902.4
58067.1
56814.8
56896
56194.4
56152.5
56015.5
54620.4
55766.7
54502.7
55518.3
55624.7
55675
55561.8
56287.8
56263.2
57868.2
59342.4
60544.6
60779
108970
108372
108805
108391
107754
108317
107751
107156
107849
107395
106876
107546
107138
106847
107840
108105
108065
111001
113030
110763
112602
114184
116843
116089
108411
103488
101688
98205.7
93925.5
89388.5
84969.4
80400.9
74533.6
67945.9
64256.1
60714.2
60030.1
58952.5
57909.2
59327.5
58389.9
58139.2
56727.6
56997.6
56938.1
55601.4
56836.4
56239.7
56766.7
56793
56727.1
56602.3
57739.4
57603.7
59011.2
60111.9
61506
61749.3
109392
108601
109267
108862
107996
108740
108249
107430
108263
107914
107159
107998
107668
107159
108363
108627
108412
111371
113438
111156
113227
114662
116691
115337
108294
103517
101289
98402.5
93991.3
89522.5
85010.4
80919
75577.7
68905.9
65282.8
61817.4
61049.6
60765
59084.4
59997.9
59058.7
58657.2
57113.3
57639
57927.4
56811.5
57738.7
57350.2
57317.7
57547.1
57517.2
57628.8
58987.7
58664.4
59833.7
60903.4
62387.1
62377.9
111147
110656
110957
110622
110079
110481
109990
109538
110068
109664
109312
109851
109563
109403
110259
110589
110718
113217
115265
113552
115157
116745
118474
116252
110267
105636
102743
100671
95722.5
91414.5
87261.1
82935.1
78057.7
71761.6
68261.5
65117.1
63819.7
63649.6
62328.3
62080.1
61194.6
61100.5
60007.8
60444.8
60441.5
59446.2
59849.4
59589.1
59602.9
59883.7
60065.1
60114
61028.3
60412.3
61630.7
62934.6
64064
64254.7
111616
110990
111405
111128
110423
110912
110515
109900
110496
110199
109684
110319
110101
109802
110767
111124
111109
113594
115638
114056
115644
117167
118156
115483
110290
105912
102635
101480
96223.7
92102
88162.9
83631.2
78844.7
73314.2
69726.6
66740.6
65318.4
65061.1
64395.8
63482.7
62469.1
62352.1
61665.5
61642.1
61358.2
60554.8
60699.4
60530.4
60915.5
60932.7
60499.4
60272.8
61395.1
61010.8
62506.3
63721.1
64750.6
65244
113201
112815
112965
112677
112264
112501
112033
111784
112121
111749
111600
111987
111750
111784
112469
112814
113090
115248
117184
116082
117389
118919
119342
116262
111838
107524
104059
103479
97773.4
94162.4
91006.8
85877.6
80797.7
76201.9
72136.5
69091.3
67894
67611.4
67021.7
66447.5
64766.2
63989.5
63715.5
63670
63310.3
62921.8
63120.2
63017.2
63237.1
62506.8
62283.1
62172.3
63292
63267.1
64578.9
65401.6
66467.7
67296.8
113654
113130
113316
113128
112578
112841
112505
112097
112518
112234
111919
112396
112236
112125
112861
113271
113400
115513
117461
116446
117676
119141
118725
115566
111685
107618
104011
102641
98271.9
94328
90065.7
86407.8
81641.3
77641
73414.9
70486
69794.7
69624.4
68039.3
67703
65541.7
64597.4
64546.4
64298
64321.9
64304.5
64015.4
63128.6
62891.3
62910.1
63233.1
63298.8
64327.3
64325.6
65196.1
66257.1
67502
68316.3
116204
116062
115964
115771
115375
115306
115052
114708
114711
114507
114179
114267
113859
113763
113972
113594
113608
113884
113623
113870
114372
114699
115097
116959
118745
118137
119103
120436
119524
116157
112864
108925
105082
103197
99918.5
95290.3
90957.4
88156.6
83483.6
79801.4
75692.6
72880.9
72133.6
72393.1
70239.2
69968
67377.8
66472
66224.3
66201.3
65913.6
65228.1
64652
64382
64475.9
64783.3
65310.6
65313.6
65753.6
66006.1
66644.1
68017.4
68923.8
69394.6
116785
116373
116164
116220
115888
115460
115506
115266
114881
114923
114781
114372
114465
114150
113925
114161
113881
113772
114084
114004
114042
114633
115047
115252
117065
118829
118174
119138
120264
118649
115703
112626
108945
105358
102929
100432
95553.1
91654.8
89291
84501.4
80791.4
77347.1
74044.9
73018.8
76226.2
72199.1
71731.3
69079
67893
67144.8
66039.1
65377.6
65488.4
65015.8
65247.5
65539.2
65914.8
66305.7
65940
66516.4
66692
67628.6
69163.9
69666.5
70136.2
117235
117065
116632
116394
116522
116158
115684
115831
115564
115084
115243
115093
114568
114784
114459
114144
114475
114180
113994
114403
114301
114270
114931
115318
115430
117246
118943
118247
119208
120035
117925
115120
112243
108724
105176
102408
101025
95655.3
92011.6
91138
85534.3
81558.9
78878.7
74996.7
74197.8
78820.2
73818.9
75496.9
70792.6
68627.7
67318.2
66295.7
65761.3
66008.7
65801.6
66106.9
66403.1
66397.6
66888.7
66546.8
67356.4
67776.9
68443.6
69477.6
70178.2
70835.3
118403
118452
118158
117908
117708
117645
117397
117061
116989
116802
116481
116443
116324
115988
116009
115696
115588
115726
115425
115441
115665
115562
115751
116212
116595
116876
118432
120013
119593
120328
120765
118496
115781
113173
109788
106195
103463
102631
96752.5
94312.7
94421.1
88038.7
83608.3
81591.1
77217.2
74423.6
69929.7
73613.4
78192.5
70914.2
68882.4
68015.2
67928.2
67600.9
67834
67902.4
67988.8
67891.4
67850.9
68470.5
68442.3
69529
70323.8
70851.1
71141.7
71540.3
72170.4
118613
118687
118364
118164
117962
117837
117680
117310
117186
117111
116730
116706
116648
116234
116284
116022
115832
116008
115742
115686
115930
115860
115986
116432
116850
117045
118487
120042
119657
120260
120239
117815
115230
112849
109671
106162
103192
101543
97200.6
93373.6
88846.8
88125.1
84287
82035.2
79043.4
75273.1
69558.2
71320.7
68057.1
69954.9
69131.2
68347.6
68853.1
68818.9
68909.6
68989.3
68668
68702.6
68708.9
69543
69557.9
70107.9
70615.7
70671.1
71653.3
72218.9
72959.1
119787
119791
119339
119299
119118
118870
118782
118505
118259
118182
117944
117798
117694
117454
117400
117058
117108
117150
116784
116975
117084
116912
117284
117575
117904
118275
119534
120888
120757
121189
120583
118274
115709
113530
110517
106920
104112
101628
98727.7
94303.3
89026
91611.7
86396.4
83420.5
81655.6
77571.2
73113.3
72841.4
68465.2
71336.6
71196.1
70639.1
70836.1
70447.5
70138
70475.8
69996.2
70599.3
70728.8
71212.1
70746.6
71026.8
71271.3
71337.8
72777.7
73414.9
74207.1
119933
119878
119583
119413
119202
119046
118912
118580
118391
118351
118055
117903
117887
117594
117488
117260
117217
117234
117044
117090
117255
117177
117376
117700
118092
118293
119469
120772
120570
120906
119881
117589
115179
113178
110332
106994
104149
101496
99592.6
94261.4
91299.6
94928.3
87809.1
84386.9
82112.3
79343
75675.3
74287.8
72534.2
73910.6
73153.7
72524.1
71604.2
71205.7
71061.3
71301.8
71104.9
72093.1
72233.9
72114.8
71381.3
71797.8
71952.9
72236.2
73481.9
74071.1
75028.5
120128
120090
119763
119625
119411
119246
119137
118782
118615
118585
118248
118128
118112
117766
117709
117466
117386
117454
117232
117267
117467
117360
117543
117867
118217
118392
119499
120718
120524
120613
119254
117099
114686
112764
110038
106752
103998
101005
98508.6
94560.5
89773.9
84890.3
88553.4
85377
82203.8
79906.6
78212
76367.9
74539.5
74694.9
73896.5
73406.3
72666.3
71978.8
72209.4
72533.6
72039.2
71979.2
71647.3
72218.7
72185.8
72539
72828.2
73218.3
74266.7
74835.4
75762.8
121184
121089
120719
120652
120459
120225
120149
119876
119615
119578
119351
119128
119110
118885
118731
118468
118517
118483
118231
118398
118491
118361
118674
118880
119187
119442
120375
121477
121415
121069
119539
117553
115158
113345
110738
107525
104862
101727
98680.1
96389.4
90690.6
85199.4
90503.9
88802.6
84103.2
81316.6
79879
78428.7
76757.5
75379
75058.6
74866.8
74699.2
74148.1
74309.9
74298.9
73032.6
73057.6
72642
73402.3
73495.3
73874
74174.6
74533.1
75531.1
76162.2
77275.2
121260
121148
120818
120740
120520
120271
120239
119925
119653
119682
119401
119152
119212
118931
118744
118553
118611
118597
118397
118495
118588
118504
118733
118918
119259
119402
120197
121276
121166
120387
118789
116948
114576
112956
110472
107444
104841
101689
98916.5
97382.2
91587.7
86222.9
84855.3
90414.7
86029.8
82735.7
81147.8
79509.6
77663.3
75835.1
75621
75589.6
76165.7
75275.5
74439.6
74525.4
73593.5
73832.9
73465.6
74135.6
74173.4
74600.2
74946.5
75249.1
76326.1
77048.7
78373.4
121458
121368
121048
120959
120738
120529
120464
120129
119917
119908
119590
119408
119431
119099
118988
118753
118789
118835
118582
118665
118805
118665
118888
119100
119387
119477
120235
121241
121010
119869
118283
116508
114254
112608
110194
107263
104700
101681
98586.6
96416.3
92537.6
87151.3
82315.1
80885.6
85438.2
84728
83007.5
81115.9
78715
77088.4
77280.6
77010.8
75663.9
74443
74783.9
74647.6
74371.7
74686.1
74413.5
74992.8
75113.8
75513.6
75863
76234.2
77197.3
77691.2
78828.7
122421
122283
121934
121919
121710
121438
121417
121144
120833
120850
120611
120318
120368
120136
119918
119694
119804
119745
119503
119666
119705
119571
119853
119947
120214
120342
120904
121897
121472
120082
118602
116867
114677
113133
110781
107948
105470
102464
99468.4
96548.2
92953.4
89332.3
84680.5
79957.8
82561.4
86402.1
87111.8
86047.2
82868.8
79954.3
79691.5
79060.1
76707.6
75611.8
75795.4
75350
75499.9
76028.7
75834.1
76366.5
76510.5
76853.7
77164.9
77540.4
78431
78710.9
79532.6
122610
122478
122083
122115
121907
121577
121613
121337
120991
121055
120807
120485
120565
120313
120084
119870
119969
119894
119647
119805
119819
119675
119933
119974
120228
120313
120729
121748
120932
119396
118087
116400
114245
112801
110565
107820
105450
102536
99664.1
96778.1
93222.9
90998.9
86410.6
82153.9
81070.9
81357.6
87404
88666.1
84137.3
78703
77202.7
76118.2
76824.4
76513.2
76565.5
76384
76284.5
76913.8
76736
77259.8
77451.5
77752.9
78036.8
78314.4
79344
79497.4
80313.5
123517
123369
122908
122996
122827
122438
122472
122271
121877
121900
121745
121383
121404
121244
120983
120686
120908
120779
120451
120716
120674
120445
120802
120787
120949
121052
121344
122293
121158
119606
118319
116713
114636
113230
111100
108396
106139
103352
100481
97776.8
94248.3
91718.8
88831.6
84834.5
82857.6
79868.5
77021.2
76936.2
77666.1
78501.6
77244.4
76035.6
77778
77805.9
77936.2
77856.7
77670.1
78360.3
78160.6
78628.1
78851.3
79194.5
79465.8
79839.1
81293.8
80743.3
81368.2
123540
123354
122985
123043
122807
122475
122530
122251
121889
121971
121718
121367
121473
121235
120960
120821
120947
120860
120596
120740
120723
120543
120758
120745
120927
120868
121059
121945
120538
118993
117781
116147
114186
112887
110851
108329
106132
103445
100703
98019.4
94837.5
91722.4
89205.7
86752.4
84165.6
80693.9
76498.4
75240.2
75593.6
78396.7
78039.2
77775.4
78598.5
78456.7
78721.9
78706.1
78464
79116.1
78937.5
79392.4
79649.8
80161.5
80468.7
81075.9
82986.1
81730.7
82206
123742
123565
123132
123236
123018
122630
122721
122459
122064
122160
121918
121548
121650
121414
121140
120965
121120
121012
120717
120905
120861
120649
120902
120856
120993
120889
121007
121591
120071
118625
117443
115882
113949
112666
110686
108219
106148
103598
100903
98396.8
95424.1
92623.5
89575.8
87323.5
85736.8
82735.7
79844.7
78494.6
78855.1
79841.4
79357.2
79219.2
79500.8
79361
79668.4
79773.8
79520
80160.3
79944.7
80358.4
80641.9
81105.7
81109.7
81433.9
83273.3
82889.8
83402.1
124562
124378
123924
124039
123840
123425
123507
123289
122869
122942
122750
122355
122429
122231
121941
121722
121928
121786
121454
121683
121608
121360
121650
121556
121647
121467
121509
121678
120184
118810
117653
116158
114309
113095
111205
108818
106858
104424
101775
99476
96662.3
94030.7
91297.4
88399.9
86968.4
85660.9
83025
81227.5
81528.8
82466.5
81831.8
81110.8
81371.3
81165.5
81477.4
81609.8
81043.9
81802.9
81777.6
82189.3
82500.2
83342.3
82412.6
82461.2
83733.8
83948.9
84579.7
124540
124311
123912
124030
123772
123375
123496
123218
122795
122932
122672
122265
122420
122221
121925
121794
121935
121801
121514
121661
121577
121352
121536
121408
121508
121177
121128
121009
119495
118149
117086
115620
113859
112758
110963
108732
106857
104508
102007
99826
97180.8
94761.3
92173.4
89591.2
87559.9
86221
85722.5
83719.8
83112.2
83769.8
83606.7
83218
83216.1
82730.4
82844.5
82817.2
82681.4
83116.5
83193
83618.5
84091
85306.5
83619.8
83556.6
84624.2
84845.1
85376.3
124745
124525
124063
124225
123978
123538
123680
123413
122974
123115
122860
122454
122607
122390
122104
121943
122119
121967
121644
121831
121732
121469
121679
121533
121579
121148
120938
120485
119197
117867
116850
115475
113759
112665
110923
108747
106995
104789
102370
100375
97875.6
95620.6
93224.9
90693
89008.6
86999.4
85967.1
85175.2
85527.6
84386.8
84709
85730.5
84498.5
83806.6
83603.2
83849.8
84868.2
83909
83679
84140.4
84555.3
85579.2
84966
84943.3
85885.2
86174.6
86694.2
125441
125208
124738
124910
124670
124215
124360
124115
123655
123795
123563
123135
123282
123074
122763
122588
122779
122603
122272
122463
122332
122047
122258
122051
122079
121546
121061
120450
119311
117985
117026
115707
114073
113062
111401
109326
107680
105577
103263
101422
99051.2
96957.6
94720.1
92224.2
90746.6
88901.5
87387.3
86245.6
86091.3
85155.9
85328
86301.5
85866.7
85218.5
85007.6
84702.5
85252
85073.3
84755.9
85159.6
85514.6
85993.5
86111.7
86169.5
87048.2
87400.8
87936.5
125356
125105
124624
124823
124562
124082
124268
124002
123519
123707
123483
123026
123233
123074
122749
122585
122750
122567
122241
122388
122236
121942
122092
121853
121809
121199
120515
119831
118728
117386
116488
115231
113646
112741
111197
109221
107677
105674
103490
101768
99530.8
97613.7
95537.3
93189
91816.7
90080.3
88713.8
87695.3
86537.7
86071.6
86061.7
86434
86822.8
86416.1
86319.8
86155.9
85723.4
86082
85836.2
86324.1
86609.4
86954.8
87144.5
87045
87839.3
88187.1
88743.9
125585
125322
124849
125050
124765
124311
124497
124201
123756
123946
123674
123262
123479
123251
122954
122794
122965
122781
122439
122597
122447
122126
122273
121991
121769
121108
120318
119627
118585
117306
116448
115235
113748
112840
111313
109428
107984
106106
104033
102459
100363
98584.1
96619.6
94518.3
93251.5
91598.5
90362.6
89353.5
88198.7
87885.6
87374.6
87574
88196.4
87962.9
88078.1
88046.3
87499.5
87928
87602.8
87989.5
88139.5
88480.2
88645.2
88520.3
89259.3
89566.7
90113
126140
125853
125360
125579
125297
124804
125007
124739
124246
124453
124222
123754
123978
123789
123428
123269
123451
123227
122889
123041
122849
122513
122670
122221
121878
121254
120317
119620
118661
117388
116586
115440
114005
113183
111733
109940
108596
106799
104846
103380
101393
99743.5
97912.1
95976.3
94776.8
93181
92049.4
91085.2
89866.7
89618.9
89030.5
88651.6
89156.9
89015
89408.3
89615.5
89153.2
89452
89193.7
89462.9
89538.2
89826.8
90014.7
89830.4
90438.1
90725.3
91180.8
126261
125996
125453
125680
125414
124886
125093
124839
124329
124525
124301
123831
124038
123856
123502
123310
123502
123281
122902
123059
122857
122489
122575
122018
121603
120953
119962
119274
118376
117138
116376
115303
113920
113156
111805
110074
108834
107161
105288
103960
102102
100572
98798.6
96995.8
95924.9
94429.1
93377.8
92420.2
91226.2
90990.3
90422.8
89672.1
89975
89870.1
90243.3
90397.9
90138.7
90602.9
90517.4
90776.8
90818.7
91059.3
91227.6
91046.2
91585.3
91721.1
92073.1
126737
126471
125929
126155
125891
125358
125557
125307
124791
124976
124749
124271
124469
124286
123924
123719
123909
123680
123285
123435
123217
122821
122776
122155
121711
121025
120005
119340
118472
117280
116568
115536
114227
113517
112222
110581
109424
107844
106073
104841
103097
101682
99950.5
98298.9
97313.8
95877.6
94901
93935.5
92787.1
92558.5
91935.4
91142.2
91211.9
90908.7
91166.8
91329.7
91186.7
91593.4
91501.1
91810.5
91878.5
92137.7
92231.2
92006
92458.7
92568.6
92913.4
126817
126567
126002
126245
125999
125437
125649
125412
124867
125057
124838
124334
124531
124360
123971
123753
123939
123694
123286
123430
123196
122689
122566
121915
121449
120762
119710
119076
118266
117090
116423
115460
114188
113541
112332
110761
109696
108209
106535
105402
103756
102433
100908
99342.1
98409.7
97030.9
96095.5
95190.8
94052.9
93831.9
93192.1
92390.5
92421
91962
91987.3
92104.2
92019.7
92446.9
92333.1
92618.1
92704.2
92942.3
93043.6
92877.4
93327.5
93428.4
93769.2
127223
126982
126402
126637
126403
125840
126036
125809
125273
125445
125213
124721
124913
124714
124339
124106
124309
124047
123618
123780
123465
122843
122714
122039
121549
120817
119786
119177
118373
117260
116638
115703
114507
113917
112762
111272
110295
108894
107297
106278
104726
103425
102040
100551
99701.4
98381.9
97507.5
96563.1
95476
95264.6
94604
93796.2
93821.3
93328
93217.9
93120
92962.7
93404.2
93296.4
93514.8
93583.6
93818.8
93863.5
93748.3
94186.2
94284.7
94592.7
127086
126808
126260
126506
126230
125676
125906
125659
125119
125351
125171
124663
124862
124649
124244
124014
124150
123898
123487
123571
123187
122522
122310
121628
121145
120416
119378
118790
118010
116918
116340
115446
114300
113762
112672
111271
110339
109003
107518
106523
105069
103852
102586
101160
100352
99103.8
98286.9
97396.4
96340.4
96085.4
95431.2
94669.8
94626.3
94131.7
93983
93864.2
93596.1
93912.2
93822.4
93978.2
94031.3
94318.6
94384.1
94306.5
94682.7
94786.8
95101.1
127328
127041
126476
126744
126457
125909
126151
125886
125368
125603
125381
124897
125100
124869
124480
124245
124412
124154
123700
123738
123293
122592
122409
121718
121216
120480
119482
118931
118190
117155
116618
115771
114676
114161
113100
111737
110894
109653
108227
107349
105951
104891
103713
102332
101609
100436
99671.5
98791.6
97789.7
97551
96908
96135.1
96137.1
95642.5
95480.6
95320.5
94885.6
95146.5
95059.5
95160.5
95159.3
95478.5
95535.3
95489.1
95870.6
95955.6
96273.7
127617
127333
126770
127038
126759
126202
126442
126192
125656
125882
125671
125160
125350
125140
124722
124476
124627
124363
123848
123804
123323
122626
122416
121705
121210
120504
119506
118980
118278
117273
116774
115966
114916
114456
113458
112173
111384
110206
108870
108036
106694
105756
104636
103326
102650
101529
100794
99971.1
98997.9
98722.4
98095.8
97348.8
97297.9
96801
96614.1
96410.7
95953.1
96172.3
96038.1
96038
95937.5
96219
96309.1
96234.4
96584.2
96694.3
96995.4
127685
127418
126824
127100
126840
126259
126498
126264
125716
125932
125728
125208
125385
125180
124763
124498
124676
124353
123742
123708
123209
122480
122284
121574
121067
120380
119405
118906
118251
117283
116817
116073
115056
114636
113716
112476
111759
110659
109363
108613
107389
106514
105443
104189
103580
102535
101828
101045
100108
99835.1
99243
98489.8
98466
97963.7
97770.9
97534.9
97054.5
97267.3
97115.4
97147.7
97010.6
97234.2
97362.5
97200.9
97555.9
97694.8
98044.9
127959
127689
127097
127364
127100
126524
126758
126515
125966
126181
125962
125438
125618
125396
124978
124724
124857
124463
123836
123773
123259
122535
122323
121614
121126
120447
119501
119037
118396
117470
117046
116338
115378
114996
114113
112938
112265
111216
110002
109281
108178
107346
106312
105144
104569
103570
102899
102136
101237
100958
100370
99636.3
99580.2
99087.8
98881.7
98601.4
98140.2
98287.6
98115.7
98154.3
98009.6
98195.1
98341.1
98103.5
98460
98616.1
98944.1
128026
127769
127156
127429
127183
126581
126815
126591
126017
126222
126022
125475
125642
125442
125013
124726
124812
124381
123735
123674
123148
122412
122215
121509
121025
120387
119466
119029
118448
117543
117162
116519
115588
115245
114424
113284
112664
111684
110516
109883
108846
108060
107102
105983
105458
104520
103863
103171
102301
102028
101468
100743
100699
100212
100009
99716.1
99268.9
99402.4
99185.4
99233.5
99118.1
99246.1
99384.5
99195.4
99567.8
99700.3
100011
128239
127976
127365
127638
127380
126787
127020
126774
126209
126416
126184
125644
125819
125583
125177
124831
124868
124434
123777
123702
123173
122432
122238
121548
121088
120435
119559
119172
118610
117751
117422
116781
115886
115580
114778
113696
113130
112207
111090
110538
109561
108817
107884
106825
106347
105451
104830
104131
103299
103046
102485
101778
101735
101251
101046
100717
100277
100391
100149
100163
100072
100137
100217
100080
100423
100550
100848
128298
128044
127419
127689
127450
126835
127066
126841
126251
126451
126246
125675
125843
125647
125170
124779
124808
124350
123693
123614
123079
122347
122164
121478
121029
120446
119579
119219
118730
117903
117587
116984
116110
115837
115093
114061
113551
112676
111630
111128
110189
109490
108648
107636
107184
106349
105751
105125
104319
104061
103532
102851
102796
102325
102107
101811
101387
101470
101227
101219
101151
101175
101236
101141
101448
101562
101846
128459
128202
127574
127847
127593
126986
127220
126965
126386
126593
126350
125797
125983
125711
125198
124798
124829
124369
123689
123617
123091
122348
122185
121517
121092
120495
119667
119366
118857
118071
117795
117211
116390
116152
115439
114457
113998
113157
112164
111734
110834
110187
109354
108389
107993
107181
106646
105989
105208
104988
104455
103790
103759
103284
103084
102751
102323
102424
102172
102149
102049
102060
102042
101937
102271
102367
102635
128508
128261
127624
127895
127658
127031
127261
127025
126420
126624
126411
125829
126001
125715
125140
124755
124764
124288
123632
123550
123016
122307
122138
121480
121079
120560
119744
119467
119002
118231
117967
117455
116668
116439
115793
114856
114409
113634
112718
112283
111426
110822
110074
109159
108771
108013
107500
106925
106174
105941
105449
104821
104760
104314
104092
103802
103397
103456
103217
103191
103086
103092
103093
102953
103269
103354
103608
128660
128399
127759
128044
127779
127166
127413
127118
126542
126768
126510
125963
126102
125730
125175
124790
124820
124341
123666
123607
123080
122361
122227
121592
121223
120673
119905
119664
119180
118447
118238
117731
117013
116851
116214
115296
114921
114203
113298
112933
112129
111567
110817
109940
109613
108880
108416
107797
107074
106892
106392
105767
105743
105291
105091
104766
104350
104439
104194
104175
104004
104039
103991
103797
104134
104203
104441
128406
128124
127526
127797
127538
126945
127185
126984
126422
126628
126407
125823
125898
125551
124972
124571
124536
124083
123430
123303
122809
122115
121925
121328
120974
120462
119715
119478
119039
118323
118125
117651
116943
116759
116137
115296
114933
114245
113409
113012
112259
111734
111052
110239
109897
109208
108763
108224
107542
107334
106881
106323
106221
105806
105617
105324
104949
104991
104764
104728
104589
104605
104612
104411
104694
104770
104985
128736
128439
127824
128137
127867
127273
127549
127318
126755
126991
126724
126100
126193
125834
125267
124859
124890
124426
123747
123686
123195
122482
122382
121794
121463
120935
120216
120010
119611
118954
118785
118320
117648
117542
116943
116112
115828
115175
114342
114053
113336
112853
112190
111393
111132
110482
110076
109533
108873
108721
108287
107722
107665
107269
107088
106789
106398
106487
106255
106230
106069
106084
106060
105856
106137
106208
106437
128738
128471
127844
128140
127898
127283
127545
127340
126757
126945
126677
126021
126102
125769
125186
124795
124788
124319
123676
123596
123116
122458
122342
121765
121446
120980
120272
120074
119725
119079
118901
118479
117839
117743
117211
116449
116158
115538
114776
114465
113786
113331
112738
111992
111716
111102
110699
110232
109597
109422
109015
108484
108383
108003
107824
107553
107189
107233
107010
106967
106819
106815
106828
106634
106829
106911
107107
128804
128538
127900
128206
127959
127347
127615
127395
126788
126961
126660
126009
126108
125742
125173
124773
124809
124360
123686
123660
123192
122516
122455
121893
121590
121111
120429
120293
119929
119290
119164
118767
118159
118123
117633
116875
116648
116070
115310
115086
114445
114026
113440
112710
112501
111918
111555
111071
110460
110333
109944
109421
109365
109003
108842
108555
108186
108271
108051
108017
107847
107855
107832
107651
107859
107910
108129
128827
128569
127940
128233
127998
127388
127642
127417
126766
126919
126634
125976
126054
125722
125141
124755
124754
124310
123686
123640
123170
122549
122454
121908
121622
121217
120562
120409
120079
119474
119351
119000
118431
118389
117930
117223
116990
116447
115759
115509
114905
114510
113989
113313
113083
112536
112178
111764
111183
111033
110667
110174
110086
109739
109570
109323
108978
109015
108807
108760
108614
108605
108609
108435
108586
108635
108836
129101
129480
129199
128553
128898
128643
128001
128302
128063
127451
127702
127430
126772
126935
126621
125975
126069
125716
125146
124750
124807
124371
123727
123727
123271
122632
122589
122066
121801
121392
120773
120647
120326
119747
119664
119328
118778
118783
118350
117656
117486
116980
116290
116123
115554
115195
114677
114012
113849
113330
113012
112578
112016
111918
111568
111080
111044
110712
110563
110303
109954
110035
109827
109794
109628
109635
109599
109431
109632
109639
109845
129382
129164
129515
129232
128603
128927
128679
128052
128334
128111
127486
127693
127420
126760
126896
126606
125956
126022
125715
125142
124764
124787
124344
123755
123719
123276
122691
122622
122120
121878
121525
120924
120787
120518
119972
119883
119587
119072
119063
118661
118021
117839
117360
116741
116541
116004
115665
115209
114596
114411
113924
113610
113246
112716
112592
112266
111812
111742
111421
111271
111049
110724
110761
110567
110516
110376
110373
110371
110207
110359
110374
110544
129450
129213
129593
129311
128656
129003
128755
128119
128418
128177
127523
127732
127435
126782
126932
126622
125974
126068
125730
125182
124801
124877
124451
123837
123845
123427
122817
122811
122336
122133
121750
121170
121077
120805
120284
120236
119946
119446
119478
119094
118460
118341
117894
117266
117150
116645
116340
115881
115275
115158
114696
114423
114036
113518
113452
113138
112684
112677
112370
112243
112005
111674
111758
111564
111538
111378
111385
111351
111175
111382
111377
111543
129493
129281
129626
129339
128720
129042
128792
128190
128466
128205
127541
127729
127448
126794
126920
126648
125994
126070
125774
125227
124870
124896
124480
123917
123898
123495
122943
122908
122462
122268
121952
121397
121298
121068
120577
120516
120260
119796
119808
119455
118877
118737
118315
117756
117599
117121
116832
116435
115882
115736
115303
115029
114714
114230
114132
113841
113423
113379
113086
112954
112752
112448
112491
112305
112263
112128
112124
112128
111959
112109
112128
112257
129521
129260
129647
129387
128724
129064
128831
128199
128470
128188
127516
127719
127416
126756
126910
126614
125968
126085
125744
125209
124857
124943
124553
123960
123995
123622
123045
123073
122656
122478
122140
121619
121558
121305
120846
120814
120552
120101
120145
119801
119209
119137
118742
118166
118103
117650
117394
116990
116432
116361
115950
115718
115378
114896
114864
114583
114148
114206
113916
113807
113586
113266
113373
113190
113174
113020
113025
113001
112823
113027
113031
113181
129932
129707
130096
129791
129167
129524
129276
128612
128871
128598
127946
128133
127850
127189
127331
127074
126437
126536
126255
125713
125398
125459
125048
124515
124555
124173
123673
123687
123243
123085
122843
122318
122257
122070
121617
121601
121378
120958
121017
120735
120220
120140
119774
119263
119166
118736
118484
118151
117643
117538
117156
116914
116654
116205
116131
115878
115488
115475
115202
115086
114910
114618
114676
114494
114462
114336
114336
114342
114167
114313
114323
114456
129496
129278
129671
129391
128759
129116
128846
128171
128449
128169
127497
127711
127462
126819
126977
126683
126052
126159
125839
125322
124976
125065
124701
124121
124174
123834
123284
123319
122922
122780
122485
121977
121969
121758
121296
121312
121078
120638
120722
120441
119928
119892
119552
119032
118993
118600
118377
118015
117515
117464
117100
116893
116587
116151
116129
115883
115482
115525
115277
115176
114985
114680
114775
114619
114598
114469
114470
114444
114272
114450
114465
114590
129658
129460
129818
129544
128951
129271
128996
128347
128591
128331
127693
127881
127639
127019
127154
126887
126287
126362
126094
125581
125260
125321
124965
124450
124486
124156
123678
123666
123294
123161
122942
122496
122449
122279
121876
121853
121670
121297
121342
121077
120599
120534
120219
119761
119685
119317
119106
118810
118360
118282
117951
117747
117511
117123
117073
116856
116508
116497
116267
116167
116013
115754
115814
115660
115631
115526
115526
115538
115394
115526
115542
115664
129672
129456
129824
129569
128945
129252
128968
128319
128572
128293
127667
127881
127593
126987
127154
126852
126267
126379
126070
125576
125259
125364
125047
124521
124578
124265
123765
123805
123469
123363
123108
122676
122663
122485
122100
122106
121925
121567
121638
121384
120913
120887
120592
120126
120103
119762
119572
119260
118818
118782
118467
118294
118030
117648
117636
117425
117075
117116
116898
116809
116643
116378
116471
116331
116311
116193
116203
116191
116033
116187
116207
116336
129782
129574
129921
129669
129047
129320
129057
128423
128658
128402
127787
127978
127721
127130
127264
127010
126440
126527
126275
125800
125499
125580
125264
124783
124824
124541
124085
124111
123800
123694
123503
123105
123078
122940
122581
122574
122426
122094
122151
121929
121496
121456
121187
120768
120723
120410
120230
119972
119572
119520
119238
119066
118858
118518
118489
118306
117995
118000
117805
117722
117589
117356
117425
117296
117273
117182
117190
117204
117077
117206
117227
117345
129825
129620
129963
129699
129065
129340
129066
128448
128690
128413
127816
128021
127742
127172
127326
127050
126491
126616
126334
125878
125594
125694
125400
124926
124976
124713
124268
124316
124029
123955
123739
123357
123358
123211
122871
122883
122732
122422
122494
122275
121859
121843
121588
121178
121162
120868
120711
120443
120053
120032
119760
119619
119392
119059
119061
118881
118578
118621
118434
118361
118220
117990
118080
117962
117948
117847
117865
117858
117723
117868
117893
118015
129955
129743
130068
129791
129162
129440
129178
128564
128804
128549
127959
128151
127904
127340
127482
127246
126700
126813
126577
126140
125863
125951
125670
125212
125275
125037
124622
124674
124410
124338
124166
123809
123806
123684
123365
123374
123247
122955
123027
122835
122443
122433
122204
121822
121810
121541
121395
121164
120804
120785
120540
120408
120218
119912
119915
119756
119477
119511
119343
119283
119166
118954
119037
118928
118918
118838
118859
118868
118753
118887
118911
119026
130015
129793
130082
129804
129206
129479
129206
128617
128861
128597
128029
128228
127974
127423
127586
127340
126811
126945
126701
126285
126044
126115
125850
125421
125481
125255
124872
124921
124669
124625
124449
124110
124122
123998
123698
123716
123588
123318
123394
123208
122843
122840
122620
122266
122256
122001
121875
121648
121310
121302
121066
120953
120764
120475
120493
120338
120076
120133
119969
119913
119798
119599
119688
119585
119580
119497
119522
119526
119413
119552
119577
119693
130111
129863
130190
129918
129300
129594
129341
128740
128992
128751
128176
128386
128157
127605
127778
127556
127036
127174
126947
126533
126290
126396
126156
125727
125820
125617
125232
125311
125081
125048
124890
124557
124584
124472
124181
124216
124100
123836
123931
123765
123407
123437
123237
122887
122916
122680
122575
122364
122032
122056
121838
121746
121570
121285
121328
121187
120930
121017
120865
120831
120721
120524
120629
120537
120549
120470
120505
120509
120400
120552
120573
120695
130140
129923
130216
129945
129362
129639
129392
128818
129061
128833
128277
128484
128268
127734
127906
127703
127198
127337
127132
126735
126517
126597
126359
125985
126057
125858
125525
125581
125354
125334
125205
124897
124921
124822
124556
124586
124480
124241
124327
124174
123857
123874
123685
123381
123384
123158
123065
122882
122586
122596
122392
122303
122158
121903
121938
121812
121583
121650
121508
121474
121385
121216
121301
121213
121225
121158
121187
121205
121115
121247
121272
121386
130135
129893
130213
129979
129359
129648
129437
128843
129094
128896
128327
128546
128351
127817
127999
127812
127320
127464
127254
126862
126651
126784
126579
126189
126300
126130
125782
125881
125680
125691
125533
125236
125290
125172
124913
124970
124850
124610
124726
124578
124232
124305
124130
123804
123886
123673
123606
123419
123102
123183
122986
122927
122774
122493
122599
122480
122235
122359
122227
122224
122129
121941
122077
121990
122034
121963
122009
122015
121899
122078
122094
122228
130820
130618
130929
130647
130084
130375
130149
129587
129841
129653
129105
129322
129158
128637
128812
128657
128180
128313
128166
127794
127607
127723
127467
127152
127266
127055
126771
126873
126643
126635
126547
126244
126297
126224
125967
126035
125949
125719
125864
125773
125498
125557
125407
125134
125173
124972
124901
124772
124498
124533
124365
124287
124197
123959
124006
123913
123702
123778
123653
123641
123581
123427
123522
123448
123474
123422
123453
123488
123401
123544
123560
123674
130203
129994
130332
130082
129490
129807
129580
129006
129290
129079
128531
128781
128589
128074
128293
128094
127614
127798
127606
127246
127046
127233
127081
126672
126827
126693
126324
126467
126289
126290
126166
125853
125940
125858
125562
125648
125556
125285
125430
125324
125031
125132
124995
124702
124804
124628
124577
124421
124144
124233
124075
124029
123901
123660
123752
123668
123444
123572
123475
123478
123410
123235
123379
123325
123365
123322
123373
123378
123280
123456
123481
123599
130518
130344
130619
130394
129865
130123
129933
129414
129640
129474
128979
129170
129014
128558
128711
128566
128139
128263
128133
127811
127653
127767
127614
127295
127388
127263
126978
127058
126903
126910
126826
126591
126636
126563
126352
126404
126329
126144
126242
126144
125877
125937
125817
125566
125625
125470
125419
125306
125074
125129
124997
124950
124872
124680
124743
124678
124495
124587
124501
124501
124464
124333
124439
124393
124424
124416
124464
124505
124442
124576
124612
124726
130585
130419
130699
130487
129964
130231
130042
129533
129770
129600
129122
129334
129159
128719
128893
128730
128312
128473
128320
128014
127873
128009
127873
127559
127670
127557
127274
127373
127228
127256
127151
126914
126984
126902
126698
126772
126692
126514
126630
126539
126285
126364
126251
126005
126086
125940
125905
125781
125556
125636
125506
125481
125380
125192
125292
125224
125052
125162
125085
125099
125053
124929
125059
125018
125063
125036
125103
125127
125063
125224
125258
125379
130760
130589
130885
130688
130159
130435
130275
129770
130013
129854
129383
129590
129443
129006
129184
129054
128649
128810
128689
128390
128257
128402
128281
127975
128095
128002
127731
127841
127718
127756
127670
127447
127525
127457
127262
127342
127272
127104
127237
127160
126916
127006
126909
126677
126767
126641
126621
126511
126293
126399
126283
126270
126189
126008
126117
126065
125903
126017
125955
125981
125948
125833
125963
125935
125989
125990
126070
126102
126043
126204
126242
126366
130919
130766
131032
130839
130346
130615
130452
129977
130214
130060
129619
129821
129685
129263
129442
129326
128943
129104
129005
128729
128623
128744
128614
128357
128460
128358
128132
128221
128093
128137
128070
127870
127947
127891
127719
127795
127733
127583
127730
127659
127451
127529
127435
127241
127307
127183
127169
127081
126896
126981
126876
126868
126809
126656
126756
126712
126578
126678
126620
126649
126629
126539
126655
126631
126684
126691
126782
126825
126787
126936
126981
127095
130921
130748
131066
130907
130373
130684
130539
130041
130298
130161
129699
129928
129810
129377
129585
129482
129095
129282
129180
128901
128792
128976
128873
128593
128752
128656
128418
128566
128443
128514
128419
128222
128328
128256
128078
128179
128104
127936
128138
128059
127807
127949
127860
127636
127786
127669
127680
127585
127374
127520
127421
127439
127373
127193
127340
127305
127147
127313
127260
127319
127299
127178
127352
127344
127419
127427
127537
127569
127498
127701
127737
127878
131930
131789
132106
131889
131419
131729
131562
131119
131369
131245
130814
131035
130938
130540
130735
130661
130304
130478
130418
130167
130078
130231
130085
129852
129999
129878
129671
129822
129679
129712
129689
129489
129577
129561
129394
129491
129468
129317
129492
129477
129306
129420
129362
129189
129285
129186
129188
129141
128975
129070
128998
128992
128977
128841
128941
128925
128802
128912
128873
128917
128922
128834
128963
128958
129031
129059
129139
129208
129180
129337
129382
129502
131163
131012
131362
131177
130685
131015
130861
130391
130687
130550
130102
130380
130259
129847
130105
130000
129622
129857
129756
129498
129387
129615
129527
129235
129434
129367
129105
129299
129196
129241
129177
128957
129088
129054
128846
128967
128931
128755
128931
128904
128721
128868
128821
128636
128782
128702
128722
128655
128487
128623
128558
128584
128534
128396
128535
128521
128396
128553
128528
128589
128589
128503
128677
128690
128779
128796
128897
128934
128904
129096
129148
129281
131578
131456
131739
131596
131158
131425
131319
130899
131138
131050
130666
130880
130808
130462
130649
130590
130277
130441
130385
130160
130089
130243
130176
129957
130093
130039
129854
129978
129904
129974
129927
129784
129874
129840
129715
129803
129769
129661
129836
129802
129623
129749
129705
129541
129669
129604
129626
129582
129440
129567
129516
129549
129528
129418
129545
129546
129444
129578
129565
129629
129660
129590
129736
129767
129860
129898
130013
130071
130055
130229
130292
130422
131778
131670
131941
131792
131360
131669
131543
131128
131416
131315
130939
131178
131102
130767
130970
130908
130609
130788
130733
130526
130474
130622
130554
130363
130491
130445
130280
130398
130328
130407
130365
130226
130326
130301
130187
130285
130258
130165
130342
130318
130171
130289
130248
130113
130227
130161
130192
130154
130033
130153
130107
130145
130132
130040
130172
130178
130098
130233
130223
130284
130319
130271
130418
130452
130551
130587
130701
130762
130762
130939
131003
131137
131778
131641
132005
131876
131392
131762
131652
131199
131550
131456
131042
131350
131277
130907
131180
131110
130782
131022
130950
130713
130636
130911
130837
130599
130835
130769
130567
130811
130722
130806
130742
130584
130761
130714
130575
130732
130688
130567
130778
130744
130557
130715
130681
130523
130693
130637
130692
130653
130509
130677
130634
130696
130680
130559
130730
130755
130652
130837
130850
130935
130963
130890
131085
131118
131248
131281
131412
131469
131442
131660
131726
131878
133056
132958
133297
133123
132717
133066
132949
132564
132880
132799
132435
132716
132662
132332
132572
132536
132249
132450
132426
132228
132180
132378
132275
132093
132293
132214
132057
132247
132149
132206
132211
132063
132203
132215
132093
132236
132246
132146
132329
132350
132237
132375
132359
132248
132373
132325
132369
132370
132266
132393
132370
132409
132437
132360
132492
132522
132453
132590
132591
132669
132718
132687
132841
132871
132976
133031
133139
133237
133247
133422
133493
133635
132139
132025
132412
132287
131849
132225
132132
131726
132071
131995
131617
131934
131871
131527
131816
131762
131450
131710
131655
131450
131390
131651
131616
131385
131621
131602
131399
131624
131569
131636
131607
131439
131610
131604
131452
131606
131601
131475
131666
131679
131550
131723
131722
131592
131766
131738
131799
131783
131670
131837
131823
131888
131885
131800
131970
132000
131927
132115
132140
132236
132275
132232
132429
132476
132595
132641
132767
132837
132841
133056
133140
133292
132627
132533
132908
132804
132397
132759
132686
132311
132642
132590
132252
132537
132506
132209
132464
132434
132176
132390
132356
132178
132145
132379
132339
132161
132369
132338
132189
132405
132356
132440
132410
132300
132474
132459
132366
132534
132522
132451
132642
132643
132514
132657
132656
132546
132699
132682
132747
132744
132656
132811
132808
132883
132904
132841
133003
133047
132995
133162
133198
133297
133350
133330
133512
133566
133691
133749
133881
133969
133989
134191
134282
134438
132932
132866
133203
133089
132726
133080
133003
132659
132993
132936
132621
132923
132882
132600
132873
132844
132594
132843
132825
132659
132638
132854
132807
132657
132857
132828
132706
132896
132852
132940
132921
132820
133012
133006
132928
133101
133098
133042
133222
133233
133143
133275
133273
133197
133323
133303
133374
133380
133318
133458
133458
133535
133576
133538
133691
133735
133707
133860
133901
134012
134067
134071
134239
134293
134414
134478
134612
134708
134752
134946
135047
135206
132908
132811
133238
133161
132743
133160
133103
132712
133104
133059
132704
133072
133029
132710
133057
133015
132727
133052
133009
132813
132777
133100
133062
132866
133170
133137
132975
133270
133213
133318
133276
133146
133403
133378
133262
133487
133469
133373
133594
133598
133457
133646
133653
133538
133740
133726
133816
133821
133722
133919
133927
134023
134053
133979
134183
134234
134178
134397
134434
134568
134624
134596
134825
134886
135031
135087
135235
135323
135331
135575
135672
135853
134495
134440
134803
134697
134357
134726
134668
134347
134686
134657
134367
134672
134661
134404
134678
134679
134462
134712
134719
134579
134559
134778
134735
134593
134813
134793
134675
134883
134843
134924
134950
134859
135026
135074
135003
135164
135206
135151
135341
135391
135324
135482
135508
135440
135591
135592
135668
135703
135653
135806
135829
135907
135962
135935
136090
136152
136128
136295
136344
136451
136528
136534
136712
136779
136905
136988
137122
137237
137281
137478
137583
137738
133494
133445
133832
133758
133413
133798
133749
133430
133790
133756
133467
133800
133779
133521
133832
133820
133592
133881
133873
133730
133722
133985
133982
133827
134070
134085
133951
134181
134165
134256
134260
134147
134337
134374
134276
134446
134480
134402
134599
134644
134575
134757
134794
134726
134907
134924
135017
135045
134993
135170
135197
135297
135339
135311
135498
135564
135543
135741
135797
135920
135994
136004
136213
136289
136430
136508
136657
136760
136805
137030
137139
137316
133786
133733
134152
134106
133758
134171
134131
133809
134202
134166
133880
134253
134219
133969
134322
134291
134072
134401
134366
134227
134221
134533
134501
134368
134661
134636
134535
134819
134779
134877
134855
134785
135051
135036
134974
135203
135194
135144
135358
135377
135268
135441
135476
135398
135587
135616
135717
135757
135700
135895
135933
136044
136094
136059
136261
136334
136315
136527
136591
136728
136807
136815
137039
137124
137279
137361
137523
137634
137674
137913
138033
138217
135516
135504
135876
135783
135501
135885
135839
135564
135920
135908
135652
135971
135984
135759
136046
136074
135883
136147
136186
136063
136084
136314
136279
136187
136411
136396
136322
136533
136497
136594
136642
136565
136746
136814
136762
136940
137004
136976
137178
137241
137210
137377
137412
137387
137543
137554
137657
137712
137690
137855
137892
137993
138074
138073
138242
138319
138331
138503
138559
138688
138780
138818
139003
139080
139227
139323
139473
139610
139678
139884
140000
140179
134307
134276
134725
134687
134347
134778
134760
134449
134848
134842
134564
134934
134936
134693
135033
135043
134832
135148
135159
135029
135033
135345
135368
135224
135508
135544
135417
135681
135683
135789
135803
135702
135915
135967
135879
136070
136123
136054
136270
136333
136275
136486
136543
136488
136702
136740
136855
136902
136862
137071
137118
137236
137295
137275
137485
137569
137561
137787
137864
138007
138098
138115
138350
138446
138607
138701
138866
138983
139038
139286
139416
139604
134752
134739
135151
135125
134830
135238
135221
134962
135346
135334
135111
135471
135462
135276
135616
135606
135451
135769
135758
135676
135682
135983
135972
135886
136167
136165
136104
136378
136363
136463
136464
136439
136698
136704
136683
136911
136923
136914
137125
137173
137103
137273
137326
137282
137466
137510
137638
137692
137671
137863
137921
138049
138124
138127
138331
138428
138438
138646
138732
138878
138983
139020
139239
139344
139507
139613
139784
139913
139994
140228
140363
140555
136578
136596
136970
136916
136666
137052
137035
136801
137161
137164
136952
137284
137302
137120
137425
137454
137305
137589
137626
137540
137587
137826
137823
137749
137978
137991
137933
138148
138142
138256
138305
138260
138464
138538
138513
138707
138781
138778
138987
139062
139053
139232
139290
139285
139452
139492
139611
139674
139680
139858
139914
140040
140123
140146
140332
140423
140456
140642
140721
140866
140970
141025
141225
141326
141485
141594
141763
141901
141990
142212
142350
142536
135190
135182
135671
135668
135341
135807
135820
135520
135949
135972
135708
136103
136133
135903
136268
136305
136104
136438
136473
136356
136382
136714
136761
136634
136936
136993
136885
137169
137190
137316
137354
137270
137500
137571
137498
137706
137778
137725
137957
138034
137994
138223
138296
138265
138498
138553
138689
138753
138732
138958
139022
139160
139235
139228
139457
139560
139568
139811
139905
140067
140175
140206
140458
140572
140750
140860
141040
141172
141235
141498
141637
141842
136003
136015
136414
136423
136173
136565
136591
136374
136741
136772
136590
136934
136966
136819
137136
137171
137054
137349
137382
137327
137363
137643
137663
137604
137865
137894
137855
138105
138121
138231
138273
138262
138485
138590
138583
138784
138886
138895
139098
139172
139147
139322
139395
139385
139569
139634
139757
139836
139849
140040
140120
140256
140355
140390
140590
140705
140743
140950
141054
141209
141331
141395
141613
141738
141908
142035
142217
142367
142462
142698
142854
143051
136367
136407
136796
136792
136568
136961
136985
136785
137157
137192
137018
137364
137398
137257
137582
137618
137507
137812
137849
137797
137859
138132
138160
138111
138367
138402
138372
138615
138633
138751
138821
138812
139042
139137
139137
139343
139432
139444
139652
139729
139724
139910
139983
139988
140174
140237
140366
140443
140465
140661
140738
140880
140975
141018
141227
141337
141388
141600
141704
141864
141985
142061
142284
142406
142579
142706
142891
143038
143142
143382
143533
143738
136310
136314
136801
136820
136544
137019
137044
136796
137241
137269
137058
137477
137505
137324
137715
137743
137586
137947
137974
137889
137945
138291
138334
138245
138562
138640
138575
138883
138893
139030
139103
139061
139329
139418
139380
139616
139704
139683
139923
139999
139961
140184
140262
140243
140475
140541
140688
140763
140761
140994
141073
141228
141321
141337
141579
141698
141729
141980
142090
142269
142391
142445
142707
142837
143029
143153
143350
143496
143578
143850
144009
144222
138259
138299
138695
138700
138484
138883
138922
138732
139101
139155
138991
139328
139397
139261
139570
139651
139544
139827
139908
139859
139919
140180
140226
140170
140422
140490
140454
140696
140743
140877
140972
140967
141183
141291
141296
141498
141600
141614
141822
141923
141935
142131
142223
142238
142433
142507
142642
142736
142769
142967
143057
143199
143309
143360
143564
143685
143742
143953
144065
144230
144360
144440
144661
144792
144973
145107
145297
145457
145567
145808
145966
146173
137347
137151
137207
137610
137631
137431
137834
137878
137702
138080
138135
137985
138339
138403
138279
138607
138676
138578
138888
138962
138926
139004
139281
139344
139302
139560
139646
139621
139863
139919
140065
140145
140139
140362
140460
140461
140662
140760
140778
140996
141101
141126
141334
141432
141458
141661
141747
141891
141987
142025
142235
142333
142485
142594
142650
142870
142998
143061
143285
143410
143582
143716
143801
144040
144181
144367
144509
144704
144865
144978
145234
145402
145613
137593
137368
137408
137905
137928
137689
138175
138205
137992
138448
138478
138300
138729
138759
138612
139015
139048
138926
139300
139331
139285
139339
139696
139735
139679
140009
140110
140074
140392
140413
140540
140628
140611
140887
140993
140986
141234
141341
141350
141593
141672
141651
141873
141961
141962
142197
142276
142432
142522
142540
142778
142870
143036
143143
143181
143427
143559
143608
143863
143988
144176
144311
144382
144648
144791
144990
145127
145334
145493
145591
145868
146034
146258
139057
138882
138932
139351
139379
139188
139600
139643
139485
139871
139923
139796
140154
140209
140115
140448
140511
140443
140750
140831
140821
140873
141167
141202
141185
141464
141551
141552
141819
141847
141962
142086
142108
142351
142481
142504
142720
142842
142875
143090
143188
143197
143390
143485
143508
143709
143794
143938
144043
144088
144295
144398
144554
144678
144744
144961
145095
145167
145390
145518
145693
145837
145931
146165
146309
146502
146650
146851
147021
147145
147396
147570
147787
139268
139089
139151
139560
139595
139416
139819
139882
139725
140100
140176
140044
140392
140477
140371
140693
140785
140703
141008
141106
141087
141176
141456
141529
141514
141779
141867
141862
142111
142173
142332
142434
142444
142674
142785
142804
143014
143119
143153
143373
143485
143524
143735
143842
143883
144090
144182
144334
144442
144495
144708
144814
144974
145098
145167
145388
145524
145602
145830
145960
146141
146287
146386
146623
146772
146966
147118
147321
147492
147618
147875
148048
148267
138462
138263
138321
138800
138857
138638
139099
139172
138980
139407
139487
139324
139724
139812
139676
140047
140140
140032
140377
140475
140437
140513
140846
140941
140893
141204
141313
141284
141576
141656
141823
141913
141901
142150
142261
142255
142483
142595
142606
142846
142959
142975
143213
143325
143349
143590
143687
143852
143957
143996
144238
144344
144517
144634
144690
144938
145078
145145
145403
145538
145732
145877
145966
146234
146386
146593
146743
146956
147124
147238
147519
147698
147925
138820
138676
138750
139189
139231
139076
139507
139557
139430
139837
139892
139792
140174
140229
140156
140513
140591
140539
140869
140971
140975
141037
141346
141431
141424
141708
141823
141828
142100
142199
142323
142439
142465
142719
142843
142868
143094
143215
143251
143474
143574
143593
143799
143905
143945
144159
144263
144422
144535
144594
144819
144936
145108
145239
145315
145550
145697
145781
146021
146164
146356
146511
146615
146866
147029
147235
147393
147607
147785
147914
148182
148367
148596
140254
140088
140185
140600
140629
140488
140898
140959
140831
141213
141298
141188
141543
141646
141559
141889
142007
141945
142249
142373
142363
142470
142752
142824
142835
143101
143187
143213
143464
143534
143699
143821
143846
144079
144206
144237
144453
144573
144619
144838
144953
145001
145209
145314
145375
145579
145673
145835
145957
146024
146239
146355
146520
146664
146748
146971
147117
147214
147439
147576
147766
147922
148040
148275
148430
148634
148797
149005
149193
149337
149590
149773
149999
139306
139153
139238
139683
139757
139585
140017
140100
139955
140359
140453
140341
140721
140822
140736
141092
141197
141134
141469
141574
141571
141667
141982
142086
142070
142367
142485
142483
142763
142855
143028
143130
143148
143392
143508
143528
143750
143866
143898
144133
144257
144297
144531
144652
144698
144934
145042
145211
145328
145388
145625
145745
145922
146052
146129
146374
146526
146611
146866
147013
147212
147370
147476
147741
147905
148118
148279
148497
148677
148806
149087
149275
149509
139591
139447
139533
140006
140056
139896
140356
140416
140279
140707
140794
140679
141075
141186
141097
141466
141581
141515
141863
141977
141974
142046
142377
142488
142475
142784
142903
142904
143194
143289
143471
143578
143598
143862
143982
144007
144246
144368
144409
144647
144755
144779
145007
145122
145163
145399
145507
145679
145798
145856
146099
146221
146403
146538
146615
146867
147021
147107
147366
147515
147717
147878
147986
148255
148422
148638
148803
149026
149210
149343
149625
149816
150053
140749
140621
140716
141144
141195
141065
141482
141548
141439
141824
141944
141853
142207
142339
142272
142597
142737
142693
142997
143138
143151
143228
143521
143625
143638
143911
144026
144052
144313
144409
144581
144714
144755
144991
145130
145171
145388
145521
145571
145790
145909
145953
146158
146277
146337
146547
146659
146822
146952
147029
147249
147378
147551
147700
147797
148026
148184
148287
148524
148676
148871
149039
149162
149408
149577
149787
149961
150176
150368
150519
150781
150974
151208
140930
140799
140895
141313
141382
141255
141664
141757
141650
142033
142145
142060
142417
142542
142483
142816
142947
142912
143224
143354
143368
143481
143770
143872
143893
144165
144276
144309
144569
144663
144840
144962
145001
145237
145363
145406
145620
145742
145797
146020
146145
146209
146428
146552
146623
146840
146955
147127
147256
147340
147564
147693
147872
148018
148116
148349
148507
148615
148853
149007
149206
149374
149502
149751
149923
150135
150309
150529
150720
150873
151140
151335
151569
140308
140176
140273
140727
140813
140661
141104
141212
141088
141504
141618
141520
141911
142030
141956
142321
142442
142392
142734
142855
142864
142974
143296
143414
143412
143718
143845
143854
144142
144248
144431
144541
144568
144821
144945
144972
145201
145326
145368
145608
145737
145786
146026
146155
146212
146456
146574
146752
146880
146952
147198
147329
147517
147657
147746
148001
148161
148258
148521
148677
148885
149053
149172
149443
149617
149839
150010
150237
150426
150568
150855
151051
151294
140554
140442
140538
141001
141069
140934
141380
141495
141378
141793
141915
141825
142215
142341
142275
142641
142768
142726
143070
143198
143218
143308
143634
143754
143760
144066
144194
144212
144499
144606
144793
144908
144943
145205
145333
145371
145608
145736
145786
146025
146146
146189
146420
146546
146604
146843
146962
147142
147272
147348
147594
147726
147918
148062
148155
148411
148575
148677
148938
149098
149308
149478
149601
149872
150049
150272
150447
150677
150869
151017
151302
151502
151746
141561
141450
141551
141983
142047
141939
142358
142474
142381
142769
142899
142827
143186
143327
143279
143609
143758
143732
144041
144189
144215
144314
144612
144728
144754
145031
145156
145195
145459
145565
145743
145880
145929
146168
146311
146360
146580
146716
146773
146996
147123
147181
147394
147522
147596
147816
147937
148110
148250
148338
148566
148705
148886
149043
149152
149387
149554
149670
149912
150075
150279
150456
150590
150844
151024
151242
151424
151648
151850
152008
152279
152482
152722
141722
141607
141720
142145
142226
142125
142540
142651
142566
142954
143083
143017
143377
143519
143474
143809
143957
143934
144245
144393
144415
144541
144833
144941
144980
145254
145371
145421
145682
145783
145966
146101
146150
146385
146520
146571
146786
146916
146980
147204
147336
147410
147633
147762
147848
148068
148190
148370
148511
148606
148835
148975
149160
149319
149430
149667
149833
149956
150198
150360
150568
150744
150885
151138
151317
151539
151724
151949
152152
152316
152585
152790
153030
141188
141090
141206
141641
141746
141632
142062
142185
142096
142501
142627
142561
142942
143071
143027
143383
143515
143493
143828
143957
143990
144118
144429
144554
144575
144868
145000
145032
145309
145424
145609
145725
145773
146024
146149
146197
146425
146552
146613
146849
146984
147051
147287
147423
147498
147737
147865
148049
148189
148277
148522
148663
148857
149008
149115
149369
149538
149652
149913
150078
150292
150470
150603
150875
151057
151283
151465
151699
151898
152054
152340
152544
152792
141374
141259
141364
141840
141951
141813
142277
142401
142287
142723
142850
142763
143170
143299
143237
143620
143751
143709
144069
144197
144216
144341
144679
144803
144810
145128
145259
145279
145580
145689
145884
145998
146034
146306
146433
146471
146717
146846
146899
147149
147276
147327
147573
147707
147771
148023
148149
148339
148475
148557
148814
148953
149153
149305
149403
149669
149839
149947
150221
150386
150605
150783
150909
151193
151375
151607
151785
152024
152221
152374
152671
152877
153127
142207
142105
142212
142667
142766
142652
143093
143217
143124
143534
143668
143599
143981
144121
144073
144427
144572
144549
144880
145023
145053
145179
145493
145616
145635
145932
146065
146096
146378
146488
146674
146804
146853
147106
147243
147294
147524
147659
147720
147955
148086
148149
148381
148518
148589
148827
148956
149140
149281
149372
149617
149761
149955
150112
150219
150474
150647
150761
151024
151191
151405
151586
151721
151995
152178
152406
152592
152827
153029
153188
153474
153680
153930
142266
142166
142288
142723
142823
142735
143158
143284
143211
143603
143746
143691
144055
144207
144174
144510
144668
144656
144968
145126
145160
145293
145591
145713
145755
146034
146164
146217
146483
146594
146777
146918
146976
147213
147356
147415
147633
147771
147838
148064
148202
148279
148504
148643
148733
148959
149091
149275
149425
149527
149762
149913
150102
150269
150389
150631
150807
150936
151184
151357
151571
151757
151905
152163
152353
152581
152773
153003
153214
153385
153660
153873
154118
142409
142313
142439
142874
142968
142893
143316
143438
143374
143767
143909
143858
144222
144376
144345
144682
144842
144832
145144
145304
145338
145476
145775
145892
145945
146224
146347
146408
146674
146781
146966
147110
147169
147406
147550
147609
147827
147965
148034
148261
148397
148479
148704
148840
148939
149164
149295
149483
149635
149741
149977
150126
150317
150489
150610
150853
151029
151165
151413
151582
151799
151986
152140
152398
152584
152815
153008
153239
153451
153626
153900
154110
154360
142489
142402
142524
142966
143071
142984
143413
143540
143470
143870
144011
143962
144333
144481
144454
144801
144951
144943
145266
145416
145458
145592
145897
146021
146063
146349
146482
146533
146805
146917
147105
147238
147297
147540
147677
147738
147960
148096
148164
148396
148534
148613
148845
148988
149078
149312
149448
149637
149786
149890
150132
150283
150480
150645
150765
151015
151192
151322
151579
151752
151969
152156
152304
152573
152762
152995
153186
153422
153630
153801
154084
154297
154547
142671
142577
142704
143159
143267
143164
143608
143739
143657
144071
144210
144151
144538
144683
144645
145008
145154
145137
145477
145619
145657
145791
146109
146236
146264
146564
146699
146736
147022
147133
147324
147453
147505
147760
147892
147944
148177
148309
148375
148616
148754
148827
149070
149214
149297
149544
149678
149871
150019
150118
150370
150518
150720
150882
150996
151256
151433
151555
151823
151996
152218
152402
152544
152824
153010
153246
153434
153675
153882
154046
154339
154549
154802
142235
142147
142279
142740
142864
142756
143211
143345
143261
143690
143826
143765
144167
144305
144265
144643
144781
144761
145118
145257
145294
145430
145758
145894
145915
146225
146366
146398
146688
146809
147004
147124
147171
147436
147568
147615
147855
147986
148049
148299
148440
148510
148761
148908
148987
149241
149380
149577
149724
149821
150082
150231
150439
150600
150711
150981
151160
151280
151555
151731
151956
152142
152282
152567
152758
152997
153185
153431
153637
153800
154100
154312
154569
142378
142306
142425
142878
143007
142911
143355
143496
143423
143840
143983
143933
144323
144468
144440
144808
144954
144945
145291
145434
145479
145618
145938
146071
146100
146404
146545
146584
146871
146991
147184
147312
147369
147631
147766
147822
148060
148196
148260
148504
148645
148717
148961
149107
149191
149440
149581
149776
149926
150028
150283
150437
150644
150808
150926
151193
151374
151499
151771
151948
152173
152362
152507
152789
152982
153221
153413
153658
153868
154036
154332
154547
154803
142969
142890
143014
143466
143580
143493
143933
144069
144000
144409
144555
144507
144888
145040
145014
145366
145522
145518
145849
146000
146044
146181
146495
146624
146661
146956
147094
147141
147422
147536
147723
147860
147921
148172
148311
148373
148601
148740
148809
149045
149186
149267
149503
149650
149740
149982
150121
150314
150468
150574
150824
150979
151180
151349
151472
151728
151910
152041
152306
152485
152707
152898
153047
153322
153517
153752
153948
154190
154402
154575
154864
155079
155333
142910
142831
142968
143410
143524
143451
143881
144018
143959
144360
144510
144470
144842
144999
144980
145324
145486
145486
145806
145965
146014
146154
146458
146587
146636
146922
147059
147118
147388
147504
147690
147833
147897
148137
148280
148345
148566
148706
148784
149015
149159
149247
149480
149628
149727
149964
150106
150299
150456
150569
150814
150971
151170
151344
151474
151725
151911
152049
152307
152487
152708
152904
153061
153330
153525
153761
153960
154199
154415
154594
154878
155096
155350
142929
142850
142995
143434
143540
143480
143909
144039
143989
144389
144536
144502
144871
145030
145014
145354
145519
145521
145837
146001
146048
146193
146494
146618
146678
146960
147089
147158
147426
147539
147726
147872
147936
148175
148319
148385
148605
148744
148825
149055
149198
149291
149524
149669
149776
150009
150149
150344
150503
150618
150863
151020
151219
151397
151528
151777
151961
152106
152361
152540
152764
152958
153122
153387
153582
153820
154022
154260
154480
154662
154941
155162
155417
142901
142823
142972
143411
143512
143460
143890
144014
143972
144372
144515
144485
144854
145011
144997
145337
145501
145505
145820
145984
146030
146179
146478
146599
146665
146947
147073
147146
147412
147521
147712
147859
147922
148160
148305
148370
148591
148729
148812
149043
149185
149282
149514
149656
149769
150001
150140
150337
150496
150617
150861
151015
151216
151396
151528
151777
151960
152110
152365
152542
152768
152961
153129
153394
153589
153829
154030
154270
154491
154676
154955
155171
155430
142831
142754
142905
143343
143443
143394
143824
143945
143908
144309
144450
144421
144790
144947
144933
145273
145438
145440
145757
145922
145967
146117
146415
146536
146603
146884
147010
147086
147350
147459
147649
147796
147860
148097
148242
148308
148528
148666
148749
148980
149121
149221
149454
149595
149711
149942
150080
150281
150439
150562
150806
150960
151163
151344
151477
151727
151910
152060
152315
152493
152722
152917
153087
153352
153545
153786
153987
154227
154448
154636
154915
155133
155391
142708
142632
142785
143222
143324
143274
143704
143829
143786
144188
144331
144301
144671
144828
144814
145155
145319
145322
145638
145802
145849
145998
146296
146419
146485
146764
146892
146966
147232
147341
147530
147676
147740
147977
148121
148186
148406
148545
148627
148859
149003
149101
149334
149478
149592
149825
149966
150166
150327
150448
150692
150849
151051
151233
151367
151618
151804
151954
152209
152387
152616
152811
152980
153247
153442
153684
153886
154126
154349
154536
154815
155032
155291
142522
142447
142601
143037
143140
143090
143521
143644
143602
144005
144146
144115
144488
144642
144628
144971
145133
145136
145454
145616
145663
145813
146110
146234
146298
146578
146706
146780
147044
147153
147343
147488
147551
147789
147933
147999
148218
148356
148438
148669
148814
148913
149145
149292
149406
149639
149779
149980
150143
150264
150509
150667
150871
151052
151186
151438
151622
151773
152031
152211
152440
152636
152805
153072
153267
153510
153713
153955
154176
154364
154645
154863
155121
142249
142173
142332
142767
142866
142819
143252
143367
143329
143736
143869
143840
144216
144366
144351
144698
144857
144859
145180
145339
145386
145538
145832
145954
146021
146299
146426
146501
146764
146871
147063
147208
147269
147508
147649
147714
147935
148070
148153
148386
148529
148629
148863
149008
149124
149357
149497
149701
149861
149985
150232
150387
150594
150774
150908
151162
151345
151498
151755
151933
152163
152359
152531
152797
152992
153237
153437
153680
153902
154089
154371
154587
154847
141859
141782
141950
142381
142471
142434
142873
142969
142939
143352
143467
143445
143829
143966
143953
144307
144457
144457
144786
144938
144981
145139
145430
145547
145620
145895
146015
146096
146357
146459
146658
146798
146856
147100
147233
147300
147525
147651
147736
147974
148108
148215
148450
148588
148711
148944
149083
149292
149446
149570
149818
149967
150180
150359
150492
150750
150928
151084
151340
151517
151750
151941
152115
152379
152573
152820
153017
153264
153483
153672
153953
154167
154426
141182
141101
141284
141710
141777
141754
142204
142249
142269
142709
142772
142768
143169
143275
143266
143635
143767
143761
144105
144248
144283
144451
144736
144844
144928
145198
145309
145400
145654
145749
145959
146090
146144
146397
146517
146585
146817
146923
147021
147266
147378
147502
147740
147862
147994
148218
148353
148573
148702
148857
149115
149242
149467
149638
149771
150035
150196
150367
150620
150789
151030
151206
151395
151655
151843
152096
152281
152541
152752
152949
153229
153436
153698
140438
140352
140497
140962
141029
140974
141443
141502
141470
141911
141988
141965
142368
142480
142459
142827
142967
142951
143290
143442
143470
143621
143927
144030
144088
144378
144486
144553
144827
144918
145117
145254
145300
145551
145676
145735
145968
146081
146162
146415
146538
146643
146890
147019
147138
147382
147517
147731
147877
147999
148257
148392
148611
148788
148915
149181
149349
149499
149763
149933
150170
150353
150521
150791
150979
151229
151417
151668
151886
152066
152355
152563
152823
138349
138239
138396
138821
138920
138841
139270
139385
139304
139737
139856
139777
140190
140315
140253
140640
140766
140722
141089
141209
141225
141391
141671
141772
141837
142106
142210
142285
142539
142618
142834
142950
142978
143244
143362
143402
143644
143761
143823
144086
144221
144312
144560
144692
144804
145042
145168
145384
145529
145635
145897
146030
146245
146410
146526
146797
146962
147098
147363
147527
147758
147938
148092
148367
148550
148792
148972
149219
149430
149605
149898
150100
150352
134929
134827
135161
135458
135479
135568
135925
135961
135958
136385
136400
136358
136837
136847
136791
137284
137298
137237
137714
137727
137709
137999
138184
138234
138419
138605
138661
138845
139019
139055
139365
139403
139410
139751
139801
139835
140121
140181
140254
140515
140611
140741
140949
141054
141241
141415
141513
141778
141889
142002
142244
142356
142632
142726
142827
143125
143272
143437
143652
143801
144068
144232
144405
144630
144797
145061
145236
145516
145665
145825
146099
146299
146571
130954
130860
130513
131139
131402
130985
131422
131729
131560
131837
132178
132086
132201
132578
132541
132551
132915
132944
132925
133262
133362
133180
133651
133844
133592
134029
134216
133993
134408
134556
134492
134750
134825
134867
135091
135168
135287
135442
135543
135781
135910
135980
136267
136389
136329
136661
136818
136895
137052
137193
137459
137574
137666
137902
138042
138232
138380
138480
138804
138968
139109
139273
139408
139738
139926
140103
140264
140462
140708
140907
141190
141364
141591
121522
121187
120353
121250
122155
120854
121024
122619
121310
121000
122784
121786
121271
122811
122306
121717
122894
122809
122143
123050
123270
122411
123276
123693
122752
123557
123971
123068
123915
124194
123462
124316
124321
123748
124739
124456
124073
125110
124558
124400
125414
124685
124929
125655
124881
125672
125796
125307
126309
125800
125899
126680
126009
126785
126759
126502
127430
126790
127408
127632
127296
128201
127624
128276
128426
128238
129034
128537
129329
129156
129386
129731
129823
)
;

boundaryField
{
    inlet
    {
        type            calculated;
        value           nonuniform List<scalar> 0();
    }
    outlet
    {
        type            calculated;
        value           nonuniform List<scalar> 0();
    }
    front
    {
        type            empty;
    }
    back
    {
        type            empty;
    }
    hub
    {
        type            calculated;
        value           nonuniform List<scalar> 
58
(
57348.6
55548.8
55469.6
54593.8
52480.4
52461
51394.9
49132.9
49172.4
48235.3
45822.5
45797.4
44767
42076.8
41026.9
39790.3
35334.2
40191.1
40297.1
19990.2
23378.7
20186.6
13491.1
20797.9
1165.55
1802.92
19167.1
15891.7
19478.4
19416.7
18912.8
19085.2
15503.7
2181.36
-11831.2
-18578.3
-20891.1
-20756.5
-22495.4
-23896.4
-24288.1
-24869.1
-24812.3
-26107.1
-26479.6
-26355.6
-26608.1
-25844.4
-27312.9
-27902.2
-27497.4
-28188.6
-30520
-32837.6
-37205.1
-35144.7
-34346.4
-32355.6
)
;
    }
    tip
    {
        type            calculated;
        value           nonuniform List<scalar> 
73
(
93481.1
93258.6
92320.4
93005.2
93985.1
92819.9
92660.2
94266.1
93232.7
92537.7
94306.3
93587.2
92742.7
94223.3
93947.6
93147.5
94204.5
94314.7
93543.2
94273.6
94674.6
93800.4
94418.2
95048.4
94108.7
94652.4
95289.4
94386.6
94969.3
95505.4
94720.1
95365.2
95638.3
94958.6
95784.2
95810.6
95225.6
96172.3
95941.9
95478.7
96503.6
96023.6
95908.5
96785.7
96110.7
96559.6
97014
96356.2
97226.7
97033.2
96785.6
97682.8
97124.7
97570.4
97885.1
97395.9
98290.2
97893.2
98123.5
98661.5
98156
98976
98658.8
98917
99401
98995
99779
99453.3
99905.7
100095
99982.7
100529
100490
)
;
    }
    procBoundary2to0
    {
        type            processor;
        value           nonuniform List<scalar> 
150
(
-14707.8
8519.77
24742.6
32280.6
37770.3
41899.2
43203.3
46117.5
47417
49935.3
52792.9
53724.8
55638
56455.1
58627.5
59674.2
61630
62495.3
63274.3
65281.1
66124.9
68008.1
68711.2
70077.8
70840.2
71560.4
72907.2
73645
75063
75998.1
76495.7
77417.2
78046.8
78899.7
79938.5
80840.8
82035.6
82893
84049
85183.6
85894.9
87127.3
88299.5
89078.8
90407.7
91364
92232.1
93065.4
93895.7
94706.3
95221.7
96407
97185.9
98235.8
99112.4
100160
100975
101971
102735
103711
104518
105078
106495
107185
108179
108902
109888
110612
111589
112317
113209
114482
114611
115695
116355
117378
118044
119064
119729
120727
121426
122250
123706
123633
124774
125418
126411
127148
127919
129560
129342
130492
131214
131947
133722
133378
134538
135311
135959
137843
137434
138334
140312
139732
140700
142674
141989
143204
143900
144375
146340
145785
146429
147960
148450
148104
148786
150189
149701
150244
151409
151770
151493
151948
152930
153240
153001
153333
154140
154334
154578
154764
155016
154784
155021
155552
155573
155640
155653
155616
155517
155347
155074
154652
153923
153047
150564
146776
141786
130019
)
;
    }
    procBoundary2to3
    {
        type            processor;
        value           nonuniform List<scalar> 
165
(
75918.2
79048.4
83154.3
84104.1
87796.6
91048.3
91951.5
94718.9
95563.4
98303.2
100815
101568
103748
104454
106488
107111
108974
109441
109947
111581
112032
113559
114768
114606
114716
114377
113839
114017
114017
116399
116399
116933
116933
117122
117122
118702
118981
119915
120153
120362
121283
121399
121608
122433
122611
123398
123490
123655
124416
124416
124576
125249
125157
125374
125903
126008
126472
126542
126935
126810
127026
127308
127368
127645
127703
127917
127979
128133
128190
128323
128103
128380
128405
128457
129060
129411
129125
128499
128499
129344
129344
129952
130013
130060
130076
130521
130054
130216
130209
130318
130344
130467
130503
130622
130667
130661
131355
130735
131026
131072
131238
131380
131380
132387
131607
131998
132184
132189
133457
132544
133009
133287
133273
134823
133827
134114
135819
134624
135027
136834
135492
136234
136583
136559
138460
138460
137312
137580
139001
139194
138412
138771
140161
139235
139535
140665
140821
140222
140479
141439
141590
141079
141262
142077
142119
142262
142350
142537
142117
142246
142824
142758
142775
142748
142678
142557
142375
142110
141736
141094
140329
138236
134981
130454
119913
)
;
    }
}


// ************************************************************************* //
