/*--------------------------------*- C++ -*----------------------------------*\
| =========                 |                                                 |
| \\      /  F ield         | OpenFOAM: The Open Source CFD Toolbox           |
|  \\    /   O peration     | Version:  v2012                                 |
|   \\  /    A nd           | Website:  www.openfoam.com                      |
|    \\/     M anipulation  |                                                 |
\*---------------------------------------------------------------------------*/
FoamFile
{
    version     2.0;
    format      ascii;
    class       volScalarField;
    location    "1e-06";
    object      k;
}
// * * * * * * * * * * * * * * * * * * * * * * * * * * * * * * * * * * * * * //

dimensions      [0 2 -2 0 0 0 0];


internalField   nonuniform List<scalar> 
10248
(
0.0390956
0.036984
0.0166416
0.0104061
0.0106941
0.0139114
0.0130614
0.0147911
0.0165865
0.0168924
0.0190619
0.0235772
0.0257774
0.0335606
0.0297495
0.0334786
0.0332829
0.0314926
0.0161636
0.0413204
0.0427713
0.0486112
0.052694
0.0584811
0.0750322
0.0829165
0.0949057
0.116387
0.104927
0.120744
0.132672
0.134319
0.168948
0.212771
0.220315
0.268702
0.312154
0.318312
0.356538
0.396354
0.403636
0.447717
0.483204
0.487912
0.521848
0.553029
0.555544
0.582552
0.603542
0.602864
0.621967
0.638391
0.636283
0.654444
0.66831
0.672448
0.679719
0.691661
0.694365
0.69883
0.706782
0.709187
0.710146
0.694857
0.714057
0.711112
0.713818
0.712809
0.705504
0.710357
0.709028
0.697
0.0687284
0.0648269
0.0319284
0.0221058
0.0195709
0.0236574
0.023924
0.0250856
0.02925
0.0289228
0.031186
0.0409301
0.0417243
0.0522286
0.0531532
0.0538766
0.0606658
0.060939
0.0701112
0.0768545
0.0767336
0.0811471
0.0950876
0.0938604
0.109812
0.133034
0.131188
0.156901
0.161809
0.16333
0.181311
0.184819
0.202945
0.248087
0.254637
0.296582
0.346665
0.351829
0.386596
0.4351
0.440445
0.477127
0.526936
0.531617
0.563046
0.602999
0.6058
0.627151
0.655859
0.65699
0.670882
0.692849
0.69326
0.706056
0.722533
0.731454
0.732852
0.744481
0.75204
0.752854
0.756611
0.766387
0.765979
0.756473
0.773035
0.771168
0.767664
0.774535
0.771454
0.771355
0.772315
0.768761
0.111272
0.106375
0.0574909
0.0422167
0.0369512
0.0409102
0.0420679
0.0426942
0.0508722
0.0508657
0.052949
0.0670234
0.0668518
0.0778652
0.0805668
0.0833231
0.0939727
0.0954323
0.0977622
0.116704
0.117114
0.123805
0.138181
0.137543
0.153224
0.175334
0.175859
0.202047
0.20713
0.223585
0.244744
0.248301
0.258625
0.299851
0.30655
0.345202
0.401094
0.407441
0.440821
0.499693
0.506579
0.542703
0.605164
0.610332
0.637973
0.687099
0.690521
0.70842
0.74406
0.746213
0.758622
0.785341
0.787172
0.797836
0.816389
0.828552
0.827545
0.83802
0.850216
0.849301
0.84684
0.865875
0.864745
0.839819
0.875783
0.874668
0.867457
0.881576
0.88056
0.879388
0.882135
0.884756
0.113925
0.10882
0.066035
0.0429564
0.0389754
0.0426508
0.0426548
0.049261
0.051859
0.0519003
0.0595457
0.0677901
0.068963
0.0800085
0.0811233
0.0880277
0.0952573
0.0963108
0.113708
0.117783
0.118454
0.1312
0.13931
0.13924
0.156507
0.176377
0.178185
0.204246
0.208244
0.228415
0.248415
0.249824
0.268713
0.303827
0.309123
0.3583
0.405584
0.410799
0.459067
0.505929
0.511293
0.565422
0.612755
0.617162
0.662069
0.696464
0.698596
0.730192
0.755709
0.755811
0.777521
0.798744
0.797625
0.81388
0.832468
0.83996
0.841625
0.858752
0.862229
0.86262
0.880849
0.878726
0.877783
0.878319
0.889817
0.887798
0.892655
0.897421
0.894022
0.896358
0.90328
0.898983
0.149596
0.143947
0.0916797
0.0650582
0.0591271
0.0616849
0.0621932
0.0669644
0.0735044
0.0738047
0.0796627
0.0877316
0.0881449
0.0948951
0.0960524
0.101376
0.110947
0.112548
0.126352
0.135464
0.136874
0.148808
0.159628
0.160531
0.175802
0.194441
0.197569
0.225303
0.230382
0.258734
0.291215
0.294663
0.317176
0.359554
0.365753
0.411265
0.469931
0.476581
0.525
0.587184
0.594223
0.647018
0.709938
0.715759
0.755874
0.802688
0.805867
0.832989
0.86853
0.870149
0.888787
0.916593
0.917322
0.931431
0.952922
0.964569
0.963679
0.979611
0.989292
0.98815
0.997521
1.0081
1.00668
1.01002
1.02182
1.02011
1.01919
1.03172
1.0298
1.0305
1.0377
1.03849
0.179211
0.173138
0.115025
0.0864929
0.0789749
0.0790583
0.0802463
0.0819938
0.0898158
0.0900656
0.0926112
0.0973999
0.0974244
0.100644
0.101365
0.105701
0.115862
0.117163
0.127129
0.141024
0.142797
0.156098
0.170452
0.172521
0.189676
0.211416
0.214067
0.245035
0.25167
0.283841
0.326998
0.333056
0.361754
0.414255
0.422024
0.465254
0.536829
0.545485
0.593128
0.672118
0.681052
0.730759
0.809457
0.816846
0.851262
0.910782
0.915372
0.937104
0.982396
0.985763
1.00052
1.03446
1.03763
1.04921
1.07297
1.08936
1.0859
1.09947
1.11625
1.11367
1.11373
1.13688
1.13489
1.11987
1.15227
1.15102
1.14357
1.16312
1.16298
1.16152
1.16762
1.17372
0.182224
0.176007
0.122068
0.0876883
0.0816736
0.0811566
0.0810043
0.0866909
0.0907657
0.0908809
0.0951429
0.0977826
0.0980354
0.101293
0.101503
0.106547
0.1163
0.117407
0.125864
0.141482
0.143282
0.158173
0.171237
0.1737
0.192851
0.21269
0.217177
0.248663
0.253269
0.28953
0.331438
0.335644
0.373487
0.421129
0.427133
0.483412
0.546117
0.553277
0.618754
0.685109
0.692584
0.763094
0.826381
0.831921
0.886634
0.930662
0.933243
0.971813
1.00512
1.0056
1.03257
1.05998
1.05886
1.07829
1.102
1.11223
1.11295
1.13448
1.14021
1.13967
1.1606
1.16198
1.1604
1.16649
1.17885
1.17644
1.18365
1.19217
1.18853
1.19219
1.20283
1.20031
0.20916
0.202536
0.144321
0.109305
0.101451
0.0972622
0.0976634
0.0990928
0.101737
0.101705
0.102285
0.103991
0.103927
0.106927
0.107811
0.112798
0.124198
0.125605
0.13629
0.152524
0.154249
0.170297
0.189238
0.191467
0.214603
0.240443
0.243778
0.279353
0.285788
0.322153
0.372224
0.379011
0.420419
0.479793
0.487848
0.542743
0.619038
0.628259
0.692393
0.774128
0.783356
0.850292
0.927159
0.933451
0.982001
1.03802
1.04207
1.07453
1.11754
1.11986
1.142
1.17558
1.17697
1.19323
1.21903
1.23389
1.23195
1.25067
1.26355
1.26156
1.27306
1.28654
1.28462
1.29677
1.3043
1.30227
1.30224
1.31761
1.31567
1.31671
1.3258
1.32828
0.212449
0.205676
0.151919
0.110754
0.104836
0.0994699
0.098466
0.101949
0.102411
0.102237
0.103794
0.104358
0.104629
0.108046
0.108097
0.115172
0.125261
0.126274
0.141114
0.153626
0.155598
0.175727
0.190749
0.194217
0.220169
0.242688
0.249169
0.285107
0.288583
0.330871
0.378696
0.38319
0.435282
0.489043
0.495198
0.564916
0.631531
0.639188
0.722029
0.79108
0.798839
0.886686
0.947991
0.953105
1.0217
1.06321
1.06503
1.11499
1.14603
1.1451
1.18072
1.20727
1.20386
1.22931
1.25462
1.26277
1.26586
1.29238
1.29367
1.29417
1.32576
1.31794
1.31653
1.34742
1.33728
1.33395
1.34925
1.35319
1.34734
1.35434
1.36762
1.36095
0.240917
0.233766
0.174949
0.134462
0.126108
0.114275
0.113436
0.110218
0.109628
0.109285
0.109201
0.111743
0.111762
0.117398
0.118489
0.12631
0.140121
0.141571
0.154805
0.174118
0.175953
0.196026
0.219078
0.22171
0.250755
0.28084
0.285012
0.325953
0.33259
0.373695
0.430457
0.438047
0.490032
0.55817
0.567055
0.632488
0.7166
0.726785
0.802942
0.892347
0.902413
0.980007
1.06115
1.06831
1.12421
1.18426
1.18853
1.22679
1.27316
1.2755
1.30141
1.33789
1.33916
1.35769
1.38622
1.40266
1.40024
1.4214
1.43541
1.43282
1.44651
1.46078
1.45821
1.46623
1.48045
1.47792
1.47914
1.49518
1.49284
1.49398
1.50427
1.50711
0.270784
0.263617
0.200817
0.159376
0.148037
0.127034
0.126068
0.115891
0.115573
0.11533
0.115581
0.121978
0.12147
0.130019
0.132976
0.140738
0.159498
0.161857
0.17397
0.200455
0.202162
0.221605
0.253834
0.254951
0.286015
0.325206
0.325837
0.371712
0.383214
0.421922
0.487647
0.499487
0.548106
0.630304
0.642829
0.701627
0.802985
0.81638
0.883281
0.992467
1.00547
1.07058
1.17126
1.18116
1.22398
1.30174
1.30922
1.3355
1.39598
1.40246
1.41852
1.4637
1.47068
1.48199
1.51266
1.53823
1.53012
1.54561
1.57247
1.56677
1.56504
1.59855
1.595
1.5778
1.61803
1.61683
1.60423
1.63102
1.63305
1.628
1.63463
1.64751
0.275762
0.268022
0.209352
0.161734
0.152296
0.129019
0.12683
0.117473
0.116271
0.115893
0.117614
0.122877
0.12333
0.132738
0.13409
0.145361
0.162266
0.16389
0.180208
0.203492
0.20562
0.230233
0.257549
0.260732
0.295405
0.330057
0.335119
0.381974
0.389166
0.435931
0.499499
0.507995
0.568442
0.645405
0.65531
0.729401
0.822281
0.833534
0.918381
1.01696
1.02801
1.11216
1.20092
1.20873
1.26968
1.33629
1.34106
1.38292
1.43447
1.43719
1.46543
1.50578
1.50753
1.5274
1.55862
1.57757
1.57409
1.59651
1.61326
1.60971
1.62269
1.64072
1.63738
1.64017
1.66186
1.65891
1.65924
1.67737
1.67504
1.67548
1.68619
1.69055
0.310465
0.302891
0.2405
0.189838
0.176189
0.141753
0.139856
0.124215
0.12509
0.124913
0.127611
0.138089
0.137475
0.149977
0.153905
0.164295
0.186839
0.189724
0.205238
0.235687
0.237576
0.261227
0.298272
0.299336
0.335442
0.380149
0.380679
0.432472
0.445547
0.488863
0.561021
0.574361
0.629495
0.71888
0.73281
0.799678
0.907262
0.921971
0.997928
1.11263
1.12687
1.20065
1.30508
1.3159
1.36557
1.44667
1.45492
1.48608
1.54952
1.55669
1.57547
1.62328
1.63097
1.64344
1.67641
1.70427
1.695
1.71245
1.74096
1.73425
1.7354
1.76865
1.76445
1.75157
1.78913
1.78765
1.77551
1.80249
1.80474
1.79883
1.80615
1.81995
0.317081
0.308737
0.25051
0.193033
0.181457
0.14423
0.14098
0.126012
0.126396
0.126154
0.130751
0.139596
0.140503
0.153909
0.155696
0.170284
0.19079
0.192725
0.212502
0.239962
0.242437
0.271409
0.30334
0.307009
0.346874
0.386529
0.392309
0.445141
0.45327
0.505576
0.575546
0.585029
0.652176
0.736612
0.74757
0.829008
0.929221
0.94153
1.0339
1.13983
1.15189
1.24284
1.3377
1.34631
1.41296
1.48466
1.48993
1.53617
1.59169
1.59477
1.62595
1.66922
1.67125
1.69285
1.72624
1.74711
1.74299
1.76683
1.78531
1.78103
1.7949
1.81443
1.81043
1.81357
1.8366
1.83317
1.83378
1.85255
1.85001
1.85012
1.86119
1.86623
0.360428
0.352543
0.290151
0.229941
0.211926
0.16284
0.160583
0.138168
0.141495
0.141255
0.146024
0.161014
0.159975
0.176244
0.181437
0.193927
0.220713
0.22428
0.242473
0.277959
0.280022
0.307443
0.350173
0.350984
0.391937
0.442993
0.442983
0.500767
0.516018
0.563259
0.641779
0.657036
0.716846
0.813481
0.829209
0.901727
1.01649
1.0329
1.11495
1.23713
1.25305
1.33267
1.44399
1.45639
1.51079
1.59786
1.60754
1.64154
1.70981
1.71852
1.7384
1.78977
1.79926
1.81158
1.84689
1.8785
1.86703
1.88543
1.9175
1.90916
1.91036
1.94651
1.94147
1.92817
1.96748
1.96609
1.9521
1.98055
1.984
1.97599
1.98328
1.99965
0.369437
0.360637
0.303239
0.235023
0.219724
0.167328
0.162943
0.141541
0.143917
0.143666
0.150746
0.163389
0.164445
0.181571
0.184123
0.201549
0.226042
0.228467
0.251971
0.283675
0.286448
0.319437
0.356789
0.360622
0.405387
0.451075
0.456937
0.515748
0.525636
0.582473
0.658794
0.669864
0.741822
0.833694
0.846224
0.932998
1.04095
1.05481
1.15264
1.26696
1.28061
1.37686
1.47979
1.48985
1.56077
1.63959
1.64611
1.69484
1.75605
1.76044
1.79268
1.83995
1.84357
1.86523
1.90091
1.92557
1.91946
1.94362
1.96615
1.96036
1.97291
1.99664
1.99177
1.99433
2.01935
2.01579
2.01415
2.03499
2.03334
2.03158
2.04222
2.05003
0.426004
0.41822
0.355787
0.290068
0.26513
0.200398
0.197995
0.163565
0.168407
0.167638
0.172488
0.192102
0.190005
0.209485
0.216402
0.229867
0.26151
0.265972
0.285545
0.327471
0.329664
0.359906
0.409646
0.40985
0.455247
0.513662
0.512368
0.576003
0.594175
0.643947
0.728885
0.746624
0.808929
0.913269
0.931271
1.00671
1.12982
1.14839
1.23363
1.36532
1.38351
1.46655
1.58771
1.60241
1.65946
1.75525
1.76711
1.80192
1.87693
1.88804
1.9073
1.96319
1.97562
1.98646
2.02413
2.06091
2.04623
2.06466
2.10199
2.09147
2.09014
2.13196
2.126
2.10863
2.15294
2.15205
2.13397
2.16509
2.17075
2.15943
2.16607
2.18645
0.435972
0.42702
0.373878
0.29661
0.276701
0.20787
0.201676
0.170175
0.17181
0.171103
0.179185
0.19472
0.19555
0.215659
0.219123
0.239023
0.267129
0.270143
0.298104
0.332929
0.336013
0.373234
0.415315
0.419328
0.468798
0.519899
0.526033
0.590034
0.601396
0.662638
0.743707
0.755984
0.832929
0.929638
0.943252
1.03627
1.1485
1.16334
1.26862
1.38724
1.40187
1.50681
1.61354
1.62427
1.70421
1.78556
1.79214
1.84826
1.91076
1.91465
1.95249
2.00064
2.00319
2.02881
2.06578
2.09002
2.08517
2.11176
2.13262
2.12724
2.14459
2.16439
2.15927
2.17121
2.1879
2.18337
2.18591
2.20407
2.20072
2.20078
2.21218
2.21761
0.447574
0.437821
0.394553
0.304057
0.290948
0.218091
0.206982
0.180561
0.175913
0.175503
0.187378
0.197739
0.201824
0.222764
0.222261
0.247992
0.273378
0.274956
0.309498
0.338841
0.343253
0.386928
0.421373
0.42979
0.483465
0.526551
0.540415
0.605137
0.608993
0.68119
0.759405
0.765876
0.855555
0.946694
0.955871
1.06313
1.16774
1.17903
1.29995
1.40979
1.42111
1.5435
1.64069
1.64772
1.74639
1.8173
1.81885
1.89395
1.94672
1.94342
1.99912
2.04077
2.03306
2.07406
2.11066
2.12141
2.1276
2.16237
2.16557
2.16641
2.20071
2.19916
2.19554
2.22594
2.22527
2.21747
2.23889
2.24581
2.23324
2.24557
2.26175
2.25096
0.526919
0.517978
0.471554
0.390379
0.365061
0.277855
0.26907
0.220292
0.215079
0.212965
0.218938
0.23597
0.235812
0.25793
0.262686
0.284205
0.31576
0.319594
0.351105
0.389742
0.393102
0.434506
0.481472
0.485333
0.539346
0.596205
0.602032
0.670816
0.684346
0.748855
0.834344
0.848523
0.92925
1.03054
1.0459
1.14373
1.26044
1.27701
1.38836
1.51237
1.52883
1.64179
1.75464
1.76702
1.85493
1.94096
1.94896
2.01122
2.07682
2.08182
2.12322
2.17337
2.17675
2.20422
2.24287
2.26919
2.26359
2.29188
2.31374
2.3075
2.32787
2.34643
2.34058
2.35487
2.3701
2.36516
2.36887
2.38587
2.38252
2.38209
2.39369
2.39934
0.545587
0.535439
0.494627
0.405281
0.387177
0.29561
0.280233
0.233281
0.222798
0.220822
0.228543
0.241473
0.244553
0.267328
0.268244
0.294441
0.324959
0.327263
0.362201
0.399207
0.403747
0.448972
0.491775
0.499622
0.556778
0.607944
0.620323
0.690386
0.697667
0.771021
0.856028
0.865299
0.955098
1.05514
1.0668
1.17363
1.28896
1.30265
1.42317
1.54636
1.56028
1.68333
1.79561
1.80519
1.90465
1.98964
1.99375
2.06749
2.13112
2.13064
2.18354
2.2322
2.22815
2.26628
2.30568
2.32353
2.32539
2.35783
2.36997
2.36788
2.39418
2.40448
2.39932
2.41848
2.43029
2.42259
2.43637
2.44911
2.4389
2.44678
2.46086
2.45673
0.655902
0.646292
0.601604
0.527486
0.495257
0.389869
0.378276
0.301178
0.282134
0.276793
0.274037
0.291495
0.288691
0.311405
0.318263
0.339035
0.374831
0.379814
0.412226
0.457349
0.460694
0.504758
0.559005
0.561652
0.619665
0.684416
0.687894
0.761692
0.779219
0.844206
0.935508
0.953219
1.03411
1.1427
1.16131
1.25924
1.38486
1.40464
1.51656
1.65233
1.67238
1.78743
1.91505
1.93155
2.02102
2.12056
2.13286
2.19403
2.27007
2.27995
2.3173
2.37412
2.38368
2.40601
2.44765
2.48354
2.4711
2.49815
2.52998
2.51925
2.53389
2.56289
2.55533
2.55911
2.58532
2.58193
2.57625
2.59841
2.60034
2.59242
2.60228
2.61654
0.681932
0.6708
0.629558
0.550223
0.526309
0.41606
0.396914
0.31723
0.294665
0.28925
0.285675
0.299564
0.300217
0.322943
0.325995
0.351157
0.386193
0.389628
0.424656
0.469015
0.473558
0.520432
0.571468
0.578139
0.638475
0.698179
0.708184
0.782867
0.794716
0.868101
0.95897
0.972138
1.06148
1.16912
1.18427
1.29053
1.41519
1.43228
1.55282
1.68819
1.70594
1.83088
1.95762
1.97137
2.07334
2.17274
2.18126
2.25361
2.3285
2.33304
2.38144
2.43713
2.43964
2.47229
2.51436
2.54273
2.5375
2.56722
2.59118
2.5844
2.60275
2.62598
2.61889
2.62694
2.6505
2.64406
2.64771
2.66624
2.66131
2.66153
2.6728
2.67872
0.843517
0.830221
0.768625
0.71508
0.672043
0.555133
0.543181
0.422283
0.385409
0.373954
0.350357
0.367388
0.358682
0.379478
0.389775
0.404862
0.446185
0.452576
0.481951
0.536475
0.539297
0.583051
0.647469
0.647597
0.708162
0.782732
0.781646
0.860318
0.883195
0.945603
1.04384
1.06599
1.14348
1.26136
1.28385
1.37795
1.51511
1.53868
1.64717
1.7979
1.82221
1.93587
2.08399
2.10559
2.19266
2.31063
2.32861
2.3853
2.4761
2.49246
2.52224
2.58813
2.60602
2.62008
2.66537
2.71341
2.6919
2.71626
2.76125
2.74488
2.74943
2.7937
2.78444
2.77264
2.81404
2.81326
2.79349
2.82353
2.83285
2.81467
2.82206
2.8475
0.875589
0.860212
0.80932
0.739983
0.712641
0.589032
0.565107
0.450593
0.40185
0.390562
0.367328
0.376406
0.373407
0.393166
0.397895
0.421061
0.45804
0.462488
0.500138
0.547551
0.552104
0.602317
0.658257
0.664028
0.727801
0.79356
0.802087
0.880318
0.895479
0.97012
1.06449
1.08059
1.17197
1.28332
1.30106
1.41051
1.53917
1.5588
1.68434
1.82532
1.84588
1.97921
2.11551
2.13287
2.24347
2.35043
2.36188
2.441
2.52112
2.52819
2.5791
2.63741
2.64259
2.67543
2.71899
2.75183
2.74414
2.77466
2.8019
2.7932
2.81344
2.83692
2.82893
2.84325
2.86059
2.85437
2.85715
2.8746
2.87135
2.86912
2.87956
2.88788
0.915175
0.8963
0.851738
0.767626
0.75306
0.630746
0.593343
0.489152
0.422259
0.410848
0.389683
0.387072
0.38937
0.408978
0.407232
0.436751
0.471412
0.473507
0.516731
0.559859
0.565829
0.620599
0.670124
0.680811
0.747669
0.805479
0.821846
0.901101
0.908055
0.9926
1.08615
1.09565
1.19712
1.30632
1.31884
1.43857
1.56424
1.57957
1.71596
1.85376
1.8704
2.01608
2.14714
2.16033
2.28796
2.39196
2.39687
2.49232
2.56881
2.56645
2.63446
2.6901
2.68222
2.73187
2.7763
2.79321
2.79931
2.83577
2.84557
2.84535
2.87607
2.88326
2.8773
2.90252
2.91049
2.89923
2.91862
2.92953
2.91319
2.92619
2.94046
2.9309
1.18781
1.15822
1.06125
0.995843
0.961059
0.836706
0.809042
0.662186
0.571611
0.550185
0.493962
0.488533
0.477959
0.489329
0.495544
0.512065
0.549311
0.554548
0.591733
0.642614
0.646619
0.698741
0.759893
0.763865
0.830497
0.902408
0.908179
0.989723
1.00862
1.08288
1.18113
1.20056
1.29219
1.40808
1.42883
1.53916
1.67319
1.69581
1.82347
1.9722
1.99628
2.1351
2.28705
2.30773
2.42491
2.54385
2.56003
2.64442
2.73352
2.74541
2.79661
2.85934
2.86973
2.89974
2.94594
2.98589
2.97275
3.00431
3.03708
3.02454
3.04455
3.07144
3.06193
3.07122
3.09312
3.08829
3.08606
3.10434
3.10541
3.09702
3.1069
3.11991
1.25403
1.22136
1.10934
1.0393
1.01491
0.890551
0.853786
0.702289
0.607405
0.585276
0.519492
0.508054
0.501469
0.510577
0.512099
0.530916
0.568621
0.572055
0.609089
0.661215
0.666491
0.719052
0.778552
0.786468
0.85406
0.921664
0.933289
1.01572
1.02949
1.1103
1.20949
1.22475
1.32207
1.43927
1.45678
1.57211
1.70794
1.72799
1.86058
2.01194
2.03396
2.17821
2.33002
2.34982
2.47821
2.60277
2.61532
2.70859
2.80048
2.80677
2.86765
2.93145
2.93445
2.97457
3.02143
3.05396
3.04894
3.08097
3.10758
3.09993
3.11938
3.14415
3.13534
3.14437
3.1681
3.15946
3.16407
3.18165
3.17449
3.17522
3.18504
3.19045
1.71041
1.64921
1.43756
1.3623
1.29749
1.17426
1.15769
0.963215
0.846697
0.807713
0.691645
0.668119
0.637378
0.629971
0.641713
0.635707
0.675459
0.681562
0.706864
0.76815
0.769212
0.816049
0.889877
0.887427
0.953846
1.03816
1.03428
1.11975
1.14644
1.21293
1.31896
1.3445
1.428
1.55462
1.58034
1.68222
1.82945
1.85658
1.97619
2.14165
2.17095
2.30354
2.48189
2.51027
2.62552
2.76995
2.79461
2.87228
2.98276
3.00494
3.04406
3.11943
3.14277
3.15814
3.20932
3.26701
3.23917
3.26678
3.31846
3.29692
3.30273
3.35067
3.3386
3.32573
3.36816
3.36774
3.34378
3.37322
3.3864
3.36073
3.36736
3.39664
1.80448
1.73881
1.51477
1.41283
1.37075
1.24288
1.20599
1.04154
0.894837
0.856989
0.73331
0.693457
0.672745
0.658749
0.661411
0.66563
0.698262
0.701799
0.735284
0.78771
0.791699
0.84436
0.907593
0.91302
0.98178
1.05468
1.06306
1.14719
1.16518
1.24496
1.34651
1.36552
1.46333
1.58299
1.60384
1.72092
1.85935
1.88267
2.01868
2.17431
2.20007
2.35134
2.51724
2.54254
2.68276
2.81734
2.83532
2.93808
3.03732
3.04881
3.11251
3.17898
3.18727
3.2253
3.27352
3.31348
3.30308
3.33606
3.36771
3.35615
3.37805
3.403
3.3928
3.40601
3.4242
3.41719
3.41885
3.43405
3.43179
3.42635
3.43479
3.44475
1.90972
1.8377
1.61752
1.47014
1.44259
1.31323
1.26338
1.11099
0.952371
0.913634
0.790669
0.724306
0.711656
0.693152
0.684984
0.695064
0.724382
0.724221
0.762449
0.810196
0.815358
0.871301
0.928132
0.938472
1.00929
1.07406
1.09
1.17512
1.18463
1.27333
1.37521
1.38736
1.49342
1.61282
1.62817
1.75297
1.89086
1.90954
2.0532
2.20846
2.22993
2.38974
2.55511
2.57201
2.72638
2.86563
2.87708
2.99337
3.0938
3.09537
3.17408
3.24124
3.23577
3.28988
3.33965
3.36365
3.36777
3.40419
3.42075
3.41839
3.44528
3.45933
3.45097
3.47063
3.48444
3.47082
3.48598
3.49881
3.48103
3.49199
3.50286
3.49591
2.49078
2.40774
2.16142
1.977
1.88952
1.72622
1.69686
1.50608
1.33271
1.27674
1.09871
1.00505
0.956941
0.899947
0.901652
0.871046
0.890913
0.892743
0.913971
0.96635
0.966358
1.0148
1.08261
1.08165
1.14911
1.22867
1.22884
1.31389
1.33699
1.41085
1.51574
1.53885
1.63195
1.75617
1.78032
1.89351
2.03781
2.06408
2.19713
2.36071
2.38997
2.54102
2.72511
2.76058
2.90501
3.05776
3.08213
3.19001
3.30438
3.32325
3.38523
3.45923
3.47545
3.50642
3.55823
3.60783
3.5885
3.62194
3.66148
3.64398
3.6624
3.69416
3.68188
3.6862
3.7112
3.7068
3.69844
3.7162
3.72109
3.70469
3.71222
3.72859
2.59583
2.51795
2.25616
2.05834
1.9803
1.80568
1.76665
1.58394
1.40632
1.35231
1.15097
1.05237
1.01027
0.94241
0.937214
0.903932
0.924905
0.924209
0.932771
0.995613
0.997856
1.04328
1.10867
1.11378
1.18024
1.25232
1.26121
1.34593
1.36221
1.44351
1.5485
1.56607
1.66534
1.78971
1.80957
1.92826
2.07262
2.09545
2.23415
2.39757
2.42367
2.58205
2.76207
2.79397
2.95524
3.10871
3.12781
3.25067
3.36321
3.37244
3.45106
3.52242
3.52511
3.5741
3.62426
3.65914
3.65576
3.68966
3.71594
3.70846
3.73021
3.75197
3.74204
3.75312
3.77269
3.76188
3.76909
3.78132
3.77104
3.77294
3.7796
3.78108
2.67914
2.60998
2.42553
2.15011
2.1137
1.92475
1.85512
1.70235
1.50004
1.4464
1.27639
1.11163
1.09351
1.01756
0.984395
0.972161
0.97333
0.963731
1.00082
1.03364
1.03739
1.09685
1.14137
1.15492
1.22758
1.28198
1.30426
1.38975
1.38994
1.48887
1.59051
1.59591
1.71286
1.83096
1.84144
1.97773
2.11425
2.12933
2.28555
2.44055
2.4595
2.63546
2.80849
2.8291
3.00893
3.16379
3.17424
3.31951
3.42923
3.42483
3.52542
3.59566
3.57939
3.64967
3.70222
3.71464
3.72957
3.77158
3.77456
3.77856
3.81493
3.81448
3.80728
3.83902
3.84018
3.82152
3.8489
3.85483
3.82518
3.84691
3.85901
3.83647
2.8368
2.87535
2.99737
2.82197
2.73456
2.51435
2.45689
2.2486
2.0469
1.98527
1.76848
1.59343
1.52145
1.38394
1.36588
1.27839
1.2575
1.25137
1.24757
1.28736
1.28315
1.32077
1.38094
1.37782
1.43828
1.51182
1.51188
1.59263
1.61279
1.68701
1.78926
1.80998
1.90494
2.02691
2.0494
2.16598
2.30908
2.33439
2.4723
2.63496
2.66391
2.82343
3.00904
3.05356
3.22853
3.39545
3.42018
3.55448
3.67885
3.69608
3.77733
3.85319
3.86372
3.90702
3.95935
4.00302
3.99047
4.02634
4.05771
4.04357
4.06804
4.0895
4.07713
4.09074
4.10446
4.09629
4.09718
4.10668
4.10415
4.09451
4.1003
4.10663
2.80681
2.8889
3.07634
2.92244
2.85302
2.62858
2.57123
2.34672
2.16088
2.10121
1.86699
1.68982
1.62135
1.47225
1.44679
1.34608
1.32791
1.31728
1.29995
1.34662
1.34288
1.37326
1.43382
1.43401
1.49215
1.56039
1.56516
1.64682
1.66142
1.73881
1.84421
1.86041
1.95582
2.08292
2.10186
2.21696
2.36673
2.38917
2.52493
2.69435
2.72077
2.87853
3.07204
3.10458
3.28074
3.46588
3.49055
3.63061
3.76305
3.77485
3.86161
3.94269
3.94593
3.9969
4.05005
4.08767
4.08299
4.116
4.14513
4.13641
4.15405
4.17941
4.16813
4.17458
4.19636
4.18394
4.18586
4.19921
4.18747
4.18654
4.18983
4.19132
2.34816
2.52554
3.02552
3.26439
3.26959
3.26589
3.2376
3.0475
2.89242
2.81632
2.56182
2.39435
2.26795
2.07832
2.0718
1.87613
1.82229
1.80529
1.73639
1.77942
1.75358
1.75731
1.83122
1.79571
1.83831
1.93083
1.89198
1.96787
2.00416
2.04093
2.14797
2.17885
2.24109
2.37335
2.40202
2.49007
2.64695
2.67602
2.78686
2.96351
2.99519
3.12879
3.33399
3.37898
3.55248
3.75673
3.78824
3.90747
4.06156
4.09421
4.15366
4.24641
4.27664
4.29277
4.35092
4.4214
4.38139
4.41151
4.47033
4.43868
4.44428
4.49398
4.47577
4.45927
4.49839
4.49708
4.46396
4.48734
4.50462
4.46387
4.4652
4.49523
2.17595
2.38242
3.08958
3.31625
3.42306
3.4341
3.35665
3.25049
3.0373
2.96987
2.74474
2.52182
2.43508
2.22019
2.17733
2.01431
1.92799
1.90448
1.84093
1.86275
1.84741
1.8514
1.90009
1.88564
1.92358
1.98884
1.97817
2.0457
2.06499
2.12424
2.22048
2.2399
2.32231
2.44197
2.46324
2.57009
2.71316
2.73727
2.86619
3.0278
3.05556
3.20612
3.39765
3.43487
3.63125
3.82216
3.85421
4.00342
4.14152
4.16096
4.25125
4.33115
4.34215
4.38846
4.44058
4.48554
4.47265
4.50669
4.5381
4.52334
4.54566
4.56583
4.55253
4.56451
4.57495
4.56562
4.56433
4.56938
4.56563
4.55358
4.55438
4.55875
2.05466
2.2724
2.95288
3.29544
3.4073
3.48163
3.43244
3.34624
3.1598
3.09681
2.87016
2.64322
2.5662
2.35272
2.29487
2.13118
2.04365
2.00989
1.94828
1.96004
1.94366
1.94856
1.98201
1.97336
2.01188
2.05923
2.05873
2.12692
2.13106
2.19984
2.29694
2.30479
2.39459
2.515
2.52728
2.64025
2.78389
2.80079
2.93441
3.09686
3.1181
3.27256
3.46554
3.49587
3.69209
3.88999
3.91973
4.07396
4.21901
4.22949
4.32874
4.41258
4.41029
4.46833
4.5222
4.55385
4.55356
4.5869
4.60959
4.6032
4.62215
4.64074
4.62908
4.63803
4.65303
4.63687
4.64065
4.64922
4.63016
4.63189
4.63257
4.62512
1.32525
1.45788
2.15419
2.78416
3.0142
3.5254
3.61251
3.87548
3.9255
3.86889
3.74787
3.58413
3.46879
3.25814
3.22038
2.99565
2.8802
2.84137
2.73214
2.73073
2.68605
2.65348
2.68842
2.63453
2.64321
2.70652
2.65184
2.69915
2.72488
2.73809
2.8219
2.84389
2.88802
3.00007
3.02111
3.09549
3.23598
3.2583
3.35916
3.51912
3.54396
3.66784
3.86095
3.89865
4.07763
4.29065
4.32005
4.4458
4.60002
4.62869
4.7022
4.79043
4.81239
4.8384
4.89276
4.95274
4.91956
4.94982
4.99547
4.96716
4.97819
5.01281
4.99382
4.98677
5.00986
5.00346
4.97948
4.99053
4.99858
4.96356
4.96133
4.97719
1.15082
1.28955
1.87481
2.61725
2.88086
3.56686
3.63327
4.15132
4.06331
4.02727
3.95424
3.73973
3.66727
3.43727
3.36994
3.17913
3.03979
2.99749
2.87565
2.87069
2.83828
2.78442
2.8082
2.77422
2.76596
2.80839
2.77779
2.81395
2.82675
2.8514
2.9297
2.94258
2.99221
3.10109
3.11607
3.19358
3.3314
3.34971
3.45381
3.61025
3.63176
3.75763
3.94822
3.9814
4.16166
4.37173
4.39958
4.54459
4.68881
4.7061
4.80193
4.88152
4.88762
4.93798
4.98686
5.02438
5.01615
5.04621
5.07057
5.05865
5.07746
5.0917
5.07845
5.08874
5.09262
5.07967
5.07868
5.07686
5.06605
5.05643
5.05135
5.04634
1.08582
1.2148
1.79967
2.49062
2.73503
3.38279
3.53484
3.97131
4.10675
4.09192
4.05226
3.8695
3.81486
3.61033
3.52226
3.35493
3.22197
3.16187
3.08443
3.04091
3.00705
2.98399
2.95774
2.93912
2.94454
2.93764
2.93569
2.97367
2.94622
3.00239
3.07233
3.0558
3.13437
3.22915
3.22242
3.32622
3.44838
3.44982
3.57803
3.72031
3.72704
3.87714
4.05366
4.07185
4.26782
4.46309
4.47651
4.63993
4.78193
4.78605
4.89542
4.9769
4.96396
5.03001
5.08162
5.10002
5.10667
5.13965
5.14912
5.14645
5.16801
5.1739
5.16184
5.17536
5.17825
5.1566
5.16463
5.16494
5.13513
5.14138
5.13915
5.117
0.670679
0.720656
1.05163
1.58936
1.75677
2.49055
2.71382
3.4581
4.05173
4.17938
4.55765
4.64782
4.6197
4.57278
4.51401
4.41218
4.31938
4.27453
4.21423
4.1827
4.133
4.0913
4.07409
4.01216
3.98286
3.99448
3.93062
3.93316
3.93369
3.91447
3.94898
3.9491
3.95952
4.02254
4.0247
4.06895
4.16637
4.17381
4.25223
4.37757
4.39037
4.49814
4.66049
4.68524
4.83668
5.02017
5.04007
5.1367
5.26828
5.28358
5.35774
5.43171
5.44301
5.47515
5.5205
5.56206
5.53877
5.56473
5.59171
5.56935
5.58223
5.59803
5.57969
5.57886
5.58336
5.57125
5.55535
5.55237
5.54855
5.5212
5.5131
5.51062
0.6148
0.659304
0.901966
1.41143
1.54205
2.27883
2.53677
3.36093
3.98473
4.16218
4.70292
4.73137
4.77163
4.72587
4.65078
4.59762
4.50071
4.45789
4.40462
4.37431
4.33701
4.27586
4.25864
4.21333
4.16393
4.16231
4.11505
4.1102
4.09897
4.07838
4.11659
4.10711
4.10273
4.17689
4.17179
4.19544
4.30781
4.30969
4.36896
4.5094
4.51716
4.60956
4.78607
4.80405
4.94073
5.12602
5.13671
5.23437
5.36363
5.37159
5.45451
5.52829
5.52629
5.57302
5.61481
5.63971
5.63543
5.65628
5.67211
5.66289
5.67053
5.68139
5.66792
5.66572
5.6692
5.65161
5.64487
5.63939
5.61968
5.61113
5.59854
5.58276
0.593692
0.632064
0.875043
1.32739
1.44028
2.06803
2.32553
3.01433
3.75114
3.92348
4.43215
4.72119
4.73732
4.8124
4.73815
4.75787
4.7104
4.64277
4.68728
4.61747
4.5863
4.61127
4.49815
4.50532
4.50659
4.38314
4.42943
4.43136
4.31213
4.39792
4.40362
4.3128
4.4093
4.42877
4.36295
4.47989
4.52911
4.48362
4.6281
4.70821
4.67552
4.85116
4.97209
4.95062
5.15207
5.27785
5.25217
5.40124
5.49989
5.47352
5.59901
5.66193
5.61743
5.70453
5.74781
5.72701
5.75499
5.79033
5.76187
5.77122
5.80554
5.7758
5.76507
5.79729
5.77016
5.73749
5.76545
5.74842
5.69477
5.71805
5.71563
5.65894
0.458198
0.471982
0.551844
0.765485
0.808812
1.18177
1.34562
1.84808
2.67403
2.89685
3.72267
4.31051
4.53466
4.99693
4.99216
5.3244
5.4054
5.4034
5.65433
5.62039
5.62161
5.7498
5.68211
5.68011
5.70487
5.64859
5.64239
5.62137
5.5647
5.57492
5.53497
5.49137
5.499
5.4707
5.44008
5.46323
5.47208
5.45451
5.50948
5.56056
5.55599
5.65712
5.7519
5.75332
5.8659
5.95072
5.95378
5.99616
6.06287
6.05828
6.11852
6.16444
6.15855
6.19096
6.21795
6.23186
6.2209
6.23533
6.23733
6.22291
6.23295
6.22399
6.20735
6.21078
6.19229
6.17458
6.16623
6.14688
6.12922
6.11102
6.09395
6.07054
0.44737
0.459033
0.53867
0.712648
0.760948
1.0907
1.22445
1.73687
2.44678
2.68548
3.45495
4.11288
4.34146
4.80064
4.89249
5.18331
5.36726
5.39842
5.59297
5.68952
5.69981
5.80062
5.8223
5.82072
5.84862
5.82385
5.81921
5.81536
5.75615
5.76781
5.75107
5.69542
5.69806
5.68873
5.6427
5.65837
5.67841
5.64569
5.6912
5.74969
5.73141
5.82416
5.92749
5.9175
6.03525
6.10679
6.07918
6.12951
6.19505
6.17914
6.24209
6.29036
6.26772
6.30968
6.33764
6.33453
6.33605
6.34841
6.34043
6.33379
6.33807
6.32832
6.31281
6.31015
6.2982
6.27337
6.26702
6.25289
6.21992
6.21319
6.19604
6.16148
0.398751
0.402573
0.431011
0.495814
0.51452
0.652668
0.701569
0.959982
1.38867
1.5175
2.09629
2.76627
2.98795
3.63736
3.80341
4.33028
4.764
4.8813
5.29383
5.60243
5.69648
6.00238
6.18542
6.24809
6.42821
6.51812
6.54502
6.62429
6.60973
6.66213
6.67835
6.65303
6.66734
6.65182
6.62223
6.62285
6.60883
6.58181
6.59099
6.60429
6.58972
6.64087
6.70442
6.70512
6.78747
6.7922
6.78572
6.78254
6.80275
6.79021
6.80871
6.83429
6.83024
6.83394
6.84809
6.8595
6.83159
6.83265
6.83286
6.80656
6.79979
6.79149
6.7694
6.75297
6.73761
6.7215
6.69358
6.67272
6.66328
6.6241
6.59985
6.57949
0.394282
0.39727
0.417823
0.470979
0.482533
0.595425
0.645325
0.833976
1.22034
1.3335
1.83648
2.49291
2.70747
3.38525
3.58088
4.14867
4.58247
4.71606
5.22696
5.49936
5.62267
6.01899
6.16019
6.26911
6.49124
6.5545
6.64115
6.7186
6.68449
6.80841
6.80304
6.76875
6.84129
6.7956
6.7627
6.80313
6.75827
6.73019
6.76248
6.74831
6.733
6.80145
6.85055
6.86182
6.93593
6.91912
6.90105
6.90588
6.91609
6.90032
6.92782
6.94624
6.93066
6.94848
6.957
6.95362
6.94361
6.93795
6.92888
6.9147
6.90051
6.88933
6.87188
6.85108
6.83713
6.81685
6.79379
6.77219
6.74985
6.72548
6.69597
6.66621
0.36693
0.368432
0.377997
0.39636
0.40325
0.447467
0.45712
0.554587
0.716045
0.761469
1.04794
1.4186
1.55834
2.04092
2.12594
2.66524
3.10325
3.23036
3.74721
4.1496
4.3213
4.79193
5.1308
5.31305
5.67724
5.92611
6.08188
6.32409
6.35962
6.59619
6.74284
6.76477
6.90494
6.98016
6.98995
7.06149
7.09709
7.09696
7.12996
7.15606
7.15644
7.19532
7.24059
7.24966
7.28451
7.31077
7.31513
7.31624
7.33486
7.33566
7.33527
7.35845
7.36599
7.35548
7.36861
7.39092
7.35489
7.35029
7.3613
7.3287
7.30866
7.31083
7.28682
7.25179
7.24544
7.23379
7.1843
7.16602
7.16863
7.10736
7.07519
7.06408
0.362141
0.363272
0.367691
0.384258
0.386658
0.418739
0.434925
0.478168
0.625621
0.663758
0.83075
1.20253
1.27441
1.69628
1.87481
2.22569
2.74802
2.90475
3.28647
3.82688
3.98476
4.47643
4.87371
5.03622
5.47606
5.74973
5.91654
6.2165
6.25623
6.55258
6.7104
6.72714
6.9599
7.0056
7.00869
7.18205
7.15978
7.15413
7.27628
7.23007
7.22139
7.31471
7.29756
7.29544
7.38961
7.37538
7.36797
7.43237
7.41348
7.39838
7.44664
7.44589
7.42922
7.45935
7.46524
7.45419
7.45349
7.45806
7.4312
7.42121
7.42769
7.38711
7.37154
7.3825
7.3285
7.30949
7.29584
7.2561
7.23451
7.20676
7.17292
7.13245
0.358577
0.359807
0.365435
0.37924
0.382574
0.411604
0.423642
0.482183
0.597266
0.632094
0.817755
1.12095
1.19546
1.56261
1.71171
2.07989
2.52016
2.67518
3.07461
3.55712
3.70359
4.12934
4.60711
4.72182
5.10699
5.51977
5.59411
5.89963
6.03593
6.25692
6.48072
6.56608
6.71944
6.86054
6.90587
7.00081
7.07649
7.09725
7.15179
7.18891
7.19819
7.24256
7.28857
7.30067
7.34751
7.38225
7.38379
7.42121
7.43906
7.42895
7.46456
7.48365
7.46636
7.4982
7.5128
7.50001
7.50733
7.51293
7.48669
7.48457
7.48544
7.452
7.4385
7.43707
7.40164
7.375
7.36903
7.33582
7.29513
7.28453
7.25565
7.19618
0.340018
0.340647
0.342475
0.346927
0.347996
0.356651
0.360825
0.376747
0.417129
0.428864
0.488319
0.614256
0.640275
0.810776
0.888043
1.07852
1.37583
1.47309
1.72578
2.11921
2.23105
2.56441
2.99912
3.12341
3.51715
3.9271
4.06476
4.4736
4.61689
4.96639
5.33322
5.44203
5.75127
6.02104
6.09575
6.34024
6.51399
6.56219
6.74671
6.85226
6.88154
7.02447
7.09901
7.12149
7.24564
7.30395
7.31729
7.40996
7.45352
7.4575
7.5306
7.5706
7.56755
7.62359
7.66057
7.66881
7.68413
7.7146
7.70283
7.70603
7.73203
7.70328
7.69663
7.71391
7.67628
7.66188
7.66106
7.62607
7.60556
7.58492
7.55824
7.51285
0.337419
0.338038
0.339944
0.343668
0.344734
0.35227
0.355514
0.370924
0.40324
0.413107
0.470302
0.571814
0.598036
0.74982
0.809823
0.997761
1.25024
1.33447
1.60061
1.93294
2.03651
2.37977
2.76666
2.88559
3.27241
3.67596
3.8042
4.18912
4.35083
4.69769
5.05033
5.18712
5.4946
5.77038
5.87358
6.11545
6.30965
6.38437
6.56382
6.6959
6.75139
6.88468
6.98203
7.0272
7.13473
7.21462
7.24608
7.3316
7.38997
7.41041
7.47764
7.52638
7.53991
7.59309
7.6326
7.66083
7.67406
7.70063
7.70839
7.71403
7.7296
7.72131
7.7189
7.72414
7.70492
7.6938
7.68845
7.66289
7.64279
7.62715
7.59904
7.55767
0.321449
0.322001
0.323271
0.324956
0.325666
0.328408
0.329512
0.334683
0.34523
0.348527
0.367465
0.403027
0.41286
0.471398
0.492334
0.578339
0.702477
0.741615
0.883969
1.07725
1.13758
1.34427
1.59943
1.6838
1.95333
2.25056
2.36125
2.68467
2.79974
3.13127
3.49073
3.61219
3.94946
4.29764
4.41319
4.72866
5.036
5.13773
5.41974
5.67286
5.75415
5.9915
6.1863
6.24538
6.44183
6.59213
6.63564
6.78975
6.90964
6.94082
7.06584
7.1651
7.18651
7.28977
7.37301
7.42679
7.46705
7.5333
7.56782
7.59375
7.64503
7.66156
7.67393
7.70975
7.71233
7.71323
7.73226
7.72668
7.71857
7.71873
7.71011
7.68309
0.319087
0.319602
0.320941
0.32249
0.323066
0.325453
0.326526
0.330603
0.339304
0.342021
0.357171
0.386821
0.393895
0.442888
0.463794
0.530659
0.640033
0.675534
0.796128
0.971929
1.0226
1.21068
1.44792
1.51513
1.77115
2.05731
2.14403
2.45685
2.58358
2.88008
3.23133
3.36244
3.68623
4.02827
4.15402
4.47763
4.77819
4.892
5.19617
5.44043
5.53703
5.80042
5.98345
6.06173
6.27679
6.42075
6.47855
6.65459
6.77004
6.81372
6.95335
7.05096
7.08498
7.19525
7.28176
7.34891
7.38909
7.46473
7.5043
7.53265
7.59884
7.61264
7.62968
7.68241
7.67825
7.68475
7.7174
7.70782
7.70387
7.71324
7.70667
7.68139
0.304883
0.305415
0.306739
0.307832
0.308533
0.30993
0.310372
0.312539
0.315678
0.316802
0.322702
0.332629
0.336041
0.354376
0.359321
0.390641
0.435518
0.448112
0.511193
0.592225
0.618189
0.722598
0.843877
0.889348
1.03958
1.20004
1.27131
1.46903
1.52222
1.7619
2.00873
2.07936
2.36061
2.6385
2.72417
3.0313
3.32259
3.41825
3.73621
4.02369
4.12088
4.42895
4.68969
4.77674
5.05924
5.28538
5.35712
5.60492
5.79822
5.85091
6.06372
6.22439
6.25813
6.43998
6.5765
6.67041
6.75181
6.86677
6.94177
7.00197
7.09861
7.15556
7.19435
7.27421
7.31577
7.33441
7.399
7.42894
7.43042
7.47819
7.50077
7.49887
0.302498
0.302991
0.304311
0.305534
0.306015
0.307394
0.307956
0.309522
0.312312
0.313218
0.317312
0.325893
0.327679
0.341864
0.348677
0.367829
0.407371
0.42018
0.461127
0.539519
0.559696
0.638207
0.759224
0.787695
0.916397
1.07863
1.11723
1.30312
1.38261
1.55238
1.79971
1.8918
2.10101
2.39292
2.49527
2.74053
3.05436
3.16355
3.43954
3.74899
3.85937
4.14805
4.4233
4.52611
4.80509
5.03976
5.12708
5.38338
5.58039
5.65018
5.86797
6.03291
6.08605
6.26179
6.41047
6.52257
6.59041
6.72747
6.80743
6.85943
6.9884
7.03486
7.0728
7.18833
7.21027
7.23505
7.3202
7.342
7.35303
7.40419
7.43873
7.43644
0.290251
0.290735
0.292147
0.293087
0.293821
0.294961
0.295212
0.296738
0.298051
0.298657
0.300927
0.303825
0.30525
0.310929
0.312013
0.322458
0.337121
0.340771
0.36444
0.394486
0.404058
0.448665
0.499145
0.519539
0.590737
0.664712
0.701982
0.803927
0.822394
0.960837
1.09924
1.12913
1.31031
1.48198
1.52529
1.74841
1.94975
2.00703
2.2693
2.49375
2.56218
2.85231
3.08725
3.15984
3.4646
3.6984
3.76621
4.07143
4.29577
4.34882
4.64042
4.84657
4.87856
5.14845
5.33875
5.46237
5.59613
5.76901
5.87225
5.97188
6.1279
6.21076
6.27542
6.41776
6.48646
6.51683
6.64685
6.7088
6.70796
6.82355
6.88461
6.90021
0.287832
0.288302
0.28954
0.290809
0.291225
0.292455
0.292927
0.293938
0.295445
0.295928
0.297455
0.300326
0.300943
0.305175
0.307376
0.312533
0.325385
0.329606
0.340373
0.37125
0.378408
0.405072
0.458281
0.468681
0.522284
0.600343
0.614215
0.704537
0.746685
0.825637
0.963257
1.01603
1.11859
1.30575
1.37002
1.49843
1.73332
1.80991
1.96867
2.24195
2.33015
2.51869
2.80967
2.90588
3.12089
3.40861
3.50678
3.73912
4.00682
4.09989
4.33189
4.57021
4.65189
4.86677
5.0831
5.25179
5.3418
5.54022
5.67242
5.74511
5.9282
6.02067
6.0766
6.24284
6.30674
6.34797
6.472
6.5419
6.56976
6.6595
6.73829
6.77357
0.277555
0.277977
0.279396
0.280256
0.280984
0.282065
0.282224
0.283645
0.28452
0.284989
0.286355
0.287404
0.28829
0.290343
0.290542
0.294314
0.29893
0.300012
0.308219
0.318308
0.321623
0.3384
0.35715
0.365221
0.394699
0.424979
0.441638
0.487629
0.492712
0.560577
0.62791
0.63839
0.735367
0.825248
0.8432
0.973534
1.08755
1.11454
1.28269
1.42162
1.45748
1.66357
1.8244
1.86589
2.10832
2.28774
2.32902
2.60295
2.79663
2.82856
3.12417
3.32656
3.3396
3.6453
3.85508
3.98076
4.14991
4.36172
4.47472
4.6081
4.81846
4.91715
5.00482
5.21307
5.3033
5.34143
5.54302
5.6347
5.62412
5.81139
5.91232
5.93726
0.275253
0.275694
0.276798
0.278099
0.278463
0.279638
0.280094
0.280933
0.282194
0.282574
0.283522
0.284961
0.285312
0.286969
0.287825
0.289535
0.2937
0.295115
0.297676
0.30873
0.311176
0.319751
0.339754
0.34338
0.363263
0.395549
0.400359
0.438192
0.457103
0.490673
0.554958
0.580572
0.626427
0.723308
0.756959
0.816868
0.951653
0.995125
1.07279
1.24772
1.30254
1.40058
1.61065
1.67753
1.79959
2.03509
2.11395
2.26242
2.50962
2.59864
2.77104
3.01537
3.11061
3.29915
3.53217
3.74125
3.8243
4.03915
4.23333
4.3136
4.50945
4.67687
4.74824
4.92928
5.06567
5.12583
5.27555
5.40171
5.44967
5.56962
5.68687
5.76696
0.273429
0.273892
0.274954
0.276408
0.276608
0.277696
0.278296
0.279096
0.280309
0.280693
0.281606
0.283155
0.28336
0.284863
0.285772
0.287618
0.291032
0.292301
0.296768
0.30459
0.30672
0.316662
0.332565
0.336008
0.355034
0.383609
0.388576
0.421009
0.436094
0.472628
0.52447
0.546641
0.599717
0.674898
0.70561
0.777854
0.880549
0.921675
1.01563
1.14884
1.20265
1.31713
1.47965
1.54853
1.68057
1.86834
1.95558
2.10021
2.30557
2.41455
2.5639
2.77517
2.90874
3.05546
3.26007
3.53799
3.56005
3.742
4.00577
4.04712
4.19752
4.43054
4.4971
4.61307
4.80539
4.90095
4.98597
5.13225
5.25603
5.31381
5.4132
5.58159
0.264626
0.265026
0.266035
0.267262
0.267578
0.268679
0.269117
0.269901
0.271061
0.271401
0.272214
0.273298
0.273576
0.274593
0.275094
0.275957
0.277666
0.278266
0.279539
0.283105
0.283992
0.287004
0.293899
0.295186
0.302222
0.314225
0.315938
0.330273
0.33774
0.351142
0.377505
0.388415
0.408018
0.45095
0.46633
0.493643
0.557944
0.57919
0.616724
0.70655
0.735222
0.78489
0.901541
0.939195
1.00377
1.14624
1.19464
1.27762
1.44125
1.50234
1.6069
1.78348
1.85874
1.98658
2.16642
2.35285
2.40863
2.57856
2.78253
2.84918
3.00197
3.21478
3.28693
3.42692
3.6313
3.70331
3.84726
4.02085
4.08815
4.22565
4.37306
4.4982
0.263002
0.263407
0.264455
0.26576
0.26598
0.267017
0.267513
0.268331
0.269411
0.269749
0.270566
0.271723
0.271899
0.272837
0.273417
0.274289
0.275742
0.276335
0.27794
0.280717
0.281507
0.284902
0.290426
0.291653
0.298428
0.308792
0.310718
0.323082
0.328661
0.343409
0.364633
0.373369
0.3966
0.429597
0.442565
0.476684
0.524856
0.543451
0.591171
0.657871
0.683814
0.746312
0.833254
0.86853
0.946243
1.05415
1.10163
1.1939
1.32162
1.38506
1.48989
1.63389
1.71783
1.8321
1.98681
2.19231
2.21817
2.3719
2.58762
2.63018
2.77525
2.98712
3.05321
3.18125
3.37486
3.47026
3.57798
3.74175
3.86891
3.95472
4.08204
4.27649
0.25534
0.255731
0.256771
0.257921
0.25824
0.259286
0.259677
0.260451
0.261502
0.261809
0.26257
0.263525
0.263774
0.264615
0.265006
0.265649
0.266692
0.267057
0.267777
0.269309
0.269725
0.270965
0.273465
0.273988
0.27652
0.280767
0.281425
0.286552
0.289262
0.294245
0.304101
0.308263
0.315964
0.332996
0.339217
0.350596
0.377765
0.386898
0.403446
0.443888
0.456985
0.480007
0.53588
0.554166
0.585467
0.657945
0.682947
0.724923
0.813337
0.846977
0.90267
1.00392
1.04869
1.1214
1.22998
1.35302
1.38334
1.48868
1.63913
1.68089
1.77366
1.95316
2.00636
2.08968
2.28428
2.34753
2.4503
2.62252
2.69383
2.81501
2.95726
3.10852
0.253906
0.254287
0.255343
0.256595
0.25682
0.257833
0.258265
0.259088
0.260101
0.2604
0.261184
0.262199
0.262367
0.263154
0.26361
0.264254
0.265185
0.265575
0.266395
0.267698
0.268079
0.26942
0.271566
0.272026
0.274462
0.278251
0.278914
0.283371
0.285448
0.290857
0.298847
0.302135
0.311199
0.324333
0.329425
0.343626
0.363969
0.371669
0.392842
0.422721
0.434068
0.463557
0.504789
0.521053
0.559949
0.614039
0.637035
0.685972
0.753707
0.785953
0.845017
0.926143
0.971041
1.03983
1.133
1.25711
1.27428
1.37412
1.51459
1.54351
1.64676
1.79735
1.84468
1.94546
2.09686
2.16997
2.26438
2.40629
2.51129
2.59732
2.7213
2.90619
0.247155
0.247528
0.248543
0.249681
0.250004
0.251068
0.251452
0.252288
0.253314
0.253615
0.254405
0.255283
0.255523
0.256304
0.256642
0.257236
0.258092
0.258381
0.258945
0.259923
0.260199
0.260916
0.262107
0.26239
0.263501
0.265173
0.265475
0.26742
0.268448
0.27029
0.273909
0.27546
0.278295
0.284683
0.287045
0.291338
0.301987
0.305594
0.312072
0.328779
0.334204
0.343606
0.367964
0.375936
0.389311
0.422565
0.434071
0.452886
0.495388
0.511703
0.537906
0.588651
0.611559
0.647509
0.7038
0.770891
0.785082
0.840589
0.927901
0.94939
0.996712
1.10949
1.13998
1.17911
1.31251
1.35361
1.40974
1.53312
1.58677
1.66572
1.7657
1.89693
0.245905
0.24625
0.247278
0.248492
0.248713
0.249733
0.250146
0.251003
0.252031
0.252315
0.253117
0.254105
0.254257
0.255019
0.255415
0.256018
0.256818
0.257134
0.257757
0.258652
0.258905
0.259658
0.260789
0.261005
0.26207
0.263702
0.263927
0.265633
0.266518
0.268465
0.27142
0.272707
0.276008
0.280946
0.282901
0.288282
0.296224
0.299236
0.30767
0.319891
0.324497
0.336872
0.354586
0.361482
0.378669
0.403055
0.413252
0.43596
0.467934
0.482883
0.511587
0.551606
0.573327
0.608292
0.656223
0.721298
0.729757
0.783382
0.860517
0.875666
0.933914
1.02119
1.04768
1.10791
1.20129
1.24516
1.30558
1.39939
1.46725
1.52764
1.61637
1.75242
0.24018
0.240503
0.241403
0.242462
0.242754
0.243773
0.244144
0.244968
0.246014
0.24632
0.247173
0.248069
0.248339
0.249177
0.249491
0.250152
0.250963
0.251223
0.251811
0.252611
0.252843
0.253453
0.254247
0.254458
0.255163
0.256036
0.25623
0.257165
0.257636
0.258433
0.259904
0.26053
0.26161
0.26405
0.264958
0.266509
0.270578
0.271953
0.27427
0.280825
0.282934
0.286367
0.296291
0.2995
0.304589
0.318677
0.323505
0.331044
0.349732
0.356902
0.367965
0.391033
0.401574
0.417473
0.443751
0.47606
0.481931
0.508126
0.551861
0.561565
0.582759
0.64225
0.657141
0.671164
0.746496
0.76828
0.793914
0.863643
0.894617
0.935494
0.99072
1.07379
0.239116
0.239404
0.240319
0.241432
0.241615
0.242578
0.242957
0.2438
0.244824
0.245096
0.24593
0.246958
0.247109
0.247912
0.248304
0.248941
0.249751
0.250043
0.250649
0.251466
0.251673
0.252292
0.253156
0.25329
0.25397
0.254956
0.255036
0.25588
0.256378
0.257175
0.258407
0.259007
0.260228
0.262138
0.26295
0.264902
0.267931
0.269121
0.272233
0.276967
0.278779
0.283502
0.290577
0.29335
0.300178
0.310283
0.314528
0.32393
0.337683
0.344162
0.356526
0.374354
0.384161
0.399779
0.421797
0.452817
0.45603
0.481285
0.519194
0.525798
0.553841
0.598053
0.610738
0.640358
0.689146
0.711684
0.742247
0.792715
0.829667
0.861634
0.910828
0.990812
0.234454
0.234716
0.235498
0.23639
0.23664
0.237538
0.237853
0.2386
0.239566
0.239843
0.240674
0.241553
0.241819
0.242686
0.242999
0.243715
0.244561
0.244823
0.245515
0.246297
0.246537
0.247236
0.247923
0.248146
0.248817
0.249454
0.249657
0.250325
0.250597
0.251152
0.251936
0.25224
0.252831
0.253894
0.254281
0.254982
0.256588
0.257129
0.258061
0.260562
0.261366
0.262677
0.266482
0.267704
0.269637
0.27516
0.277036
0.279963
0.287499
0.290373
0.294798
0.304398
0.308775
0.315328
0.326604
0.34063
0.34289
0.354433
0.373928
0.377929
0.387258
0.41458
0.421104
0.423712
0.462365
0.472534
0.483607
0.517311
0.532359
0.55099
0.577699
0.619693
0.230663
0.230855
0.231625
0.232316
0.232595
0.233345
0.233501
0.234355
0.235107
0.235347
0.236179
0.236889
0.237214
0.238001
0.23814
0.239038
0.239788
0.239994
0.240836
0.241514
0.241785
0.242565
0.243168
0.24349
0.244192
0.244718
0.245076
0.245702
0.245789
0.246559
0.247161
0.247275
0.248046
0.248661
0.2488
0.249644
0.250359
0.250539
0.251588
0.25253
0.25277
0.254192
0.25552
0.255841
0.257863
0.259779
0.260178
0.263088
0.265832
0.266268
0.270418
0.274284
0.274629
0.280435
0.285781
0.290175
0.293816
0.300911
0.30663
0.310707
0.320137
0.327458
0.331364
0.343711
0.353047
0.355726
0.371803
0.383776
0.383715
0.404299
0.420237
0.43045
0.229824
0.230037
0.230725
0.231427
0.231652
0.232398
0.232649
0.233338
0.234122
0.234361
0.23512
0.235878
0.236126
0.23692
0.237197
0.237907
0.23871
0.238964
0.239706
0.240463
0.240712
0.241465
0.242155
0.242402
0.243124
0.243745
0.243994
0.244655
0.244886
0.245478
0.246116
0.246335
0.246913
0.247558
0.24778
0.248353
0.249095
0.249352
0.249975
0.250955
0.251288
0.252028
0.253418
0.253888
0.254854
0.25684
0.257538
0.258866
0.261627
0.262689
0.264573
0.268226
0.26986
0.272563
0.277069
0.282568
0.283514
0.288453
0.296138
0.297755
0.302504
0.31307
0.315713
0.31988
0.333431
0.337588
0.343076
0.357163
0.363536
0.371787
0.383952
0.402041
0.226736
0.226903
0.227523
0.22812
0.228333
0.228957
0.229112
0.229794
0.230445
0.230645
0.231334
0.231976
0.232227
0.23291
0.233071
0.233825
0.234519
0.23472
0.235467
0.236146
0.236389
0.237121
0.237766
0.238045
0.238743
0.239343
0.239651
0.240302
0.240447
0.241169
0.241794
0.241952
0.242635
0.243218
0.24338
0.244033
0.244597
0.244766
0.245434
0.246028
0.246209
0.246945
0.247625
0.247822
0.248698
0.249545
0.249768
0.250897
0.252019
0.252273
0.253797
0.255316
0.255586
0.257671
0.259724
0.26162
0.262846
0.265521
0.268038
0.269463
0.272959
0.27623
0.277727
0.282247
0.286393
0.287698
0.293542
0.298699
0.299387
0.306961
0.313405
0.318708
0.226132
0.226311
0.226898
0.227473
0.227671
0.228283
0.228485
0.229091
0.229727
0.22993
0.230584
0.231221
0.231442
0.232117
0.23235
0.233
0.233694
0.23392
0.23461
0.235302
0.235534
0.236248
0.236916
0.237157
0.237866
0.238504
0.238755
0.239428
0.239662
0.240289
0.240936
0.241156
0.24177
0.242371
0.242577
0.243164
0.24374
0.243942
0.244523
0.24512
0.245331
0.245931
0.246594
0.246831
0.247473
0.248284
0.248579
0.249327
0.25038
0.250787
0.251716
0.253098
0.253693
0.254899
0.256661
0.258727
0.259181
0.261261
0.264076
0.264752
0.267087
0.270825
0.271871
0.27439
0.279082
0.280697
0.283592
0.288894
0.291362
0.29505
0.300333
0.307408
0.223525
0.223675
0.224183
0.224699
0.22487
0.225392
0.225544
0.226091
0.226647
0.22682
0.227383
0.227946
0.228144
0.22872
0.228889
0.229496
0.230105
0.230293
0.230914
0.231537
0.231748
0.23238
0.233003
0.233234
0.233871
0.234481
0.234732
0.235364
0.235548
0.236202
0.236837
0.237026
0.237661
0.238272
0.238462
0.239071
0.239655
0.239844
0.240433
0.241
0.241187
0.241764
0.242318
0.242499
0.243078
0.243646
0.243829
0.244448
0.245077
0.245268
0.245974
0.2467
0.2469
0.247745
0.248615
0.249483
0.249915
0.25096
0.252078
0.25258
0.253865
0.2553
0.255871
0.257458
0.259242
0.259849
0.26185
0.263978
0.264553
0.267156
0.269626
0.272171
0.223083
0.223234
0.223732
0.224229
0.224392
0.224902
0.22507
0.225589
0.226125
0.226295
0.226847
0.227395
0.227577
0.228143
0.228336
0.228902
0.229494
0.229686
0.230285
0.230894
0.231095
0.231721
0.232337
0.232545
0.233184
0.233801
0.234019
0.234648
0.234877
0.235484
0.236113
0.236336
0.236939
0.23755
0.237763
0.238352
0.238934
0.239139
0.239713
0.240275
0.240476
0.241032
0.241578
0.241776
0.242318
0.24287
0.243075
0.243627
0.244227
0.244457
0.245045
0.245719
0.245991
0.246635
0.247422
0.248295
0.248539
0.249454
0.250547
0.250857
0.251927
0.253298
0.25373
0.254949
0.256625
0.257253
0.258636
0.260591
0.261518
0.263135
0.26529
0.267958
0.220833
0.220971
0.221398
0.221848
0.221992
0.222439
0.222589
0.223035
0.223518
0.22367
0.224138
0.224629
0.22479
0.225279
0.225449
0.225935
0.226463
0.226637
0.227145
0.227697
0.227877
0.228406
0.228969
0.229158
0.229711
0.230277
0.230476
0.231048
0.23125
0.231803
0.232402
0.232604
0.233158
0.23376
0.233963
0.234512
0.235107
0.23531
0.235852
0.236435
0.236634
0.237161
0.237726
0.23792
0.238429
0.238976
0.239164
0.239664
0.240202
0.24039
0.240889
0.241424
0.241613
0.242123
0.24267
0.243214
0.243433
0.243992
0.244617
0.244848
0.245431
0.246155
0.246408
0.24703
0.247868
0.248164
0.248876
0.2498
0.250156
0.251049
0.251998
0.253182
0.220478
0.220601
0.221034
0.221483
0.221605
0.222048
0.222188
0.222636
0.223107
0.223244
0.223715
0.224206
0.224341
0.224825
0.224988
0.225471
0.225985
0.226145
0.226651
0.227192
0.227352
0.227887
0.228445
0.228606
0.22916
0.229737
0.229899
0.230459
0.230666
0.231209
0.23179
0.231998
0.232547
0.233132
0.233339
0.233886
0.234465
0.234669
0.235211
0.235779
0.235982
0.236509
0.237059
0.23726
0.237767
0.2383
0.238502
0.238993
0.239514
0.239724
0.240199
0.240716
0.240939
0.241405
0.241932
0.242511
0.242661
0.243203
0.243818
0.243993
0.244563
0.245222
0.245439
0.246041
0.246766
0.247056
0.2477
0.248503
0.248907
0.249603
0.250481
0.251557
0.218498
0.218623
0.218993
0.219394
0.219519
0.219918
0.220062
0.220433
0.220866
0.221001
0.2214
0.221835
0.221969
0.222399
0.222564
0.222959
0.22343
0.223583
0.224001
0.224493
0.224645
0.225094
0.225593
0.225748
0.226226
0.226728
0.226886
0.227393
0.227592
0.228043
0.228589
0.228784
0.229244
0.229808
0.230001
0.230468
0.231042
0.231236
0.231709
0.232287
0.23248
0.23295
0.233523
0.233717
0.234178
0.23474
0.234934
0.235386
0.235929
0.236123
0.236566
0.237085
0.237282
0.237713
0.23821
0.238683
0.238848
0.239305
0.2398
0.239964
0.240379
0.240898
0.241069
0.241448
0.241994
0.242183
0.24256
0.243098
0.243321
0.243728
0.244186
0.244777
0.218156
0.218253
0.218637
0.219061
0.219144
0.219543
0.219662
0.220053
0.220485
0.22059
0.221001
0.221458
0.221548
0.221975
0.222116
0.222529
0.222989
0.223119
0.223549
0.224038
0.224163
0.224618
0.225134
0.225245
0.225722
0.226263
0.226364
0.226853
0.227043
0.227501
0.228022
0.228213
0.228679
0.229216
0.229405
0.229879
0.230428
0.230617
0.231094
0.231647
0.231839
0.232311
0.23286
0.233058
0.233518
0.234056
0.234264
0.234706
0.235228
0.23545
0.235872
0.23637
0.236612
0.237009
0.237486
0.238053
0.238133
0.238577
0.239123
0.239234
0.23965
0.240172
0.240325
0.240712
0.241212
0.241424
0.241786
0.242262
0.242549
0.242885
0.243322
0.243909
0.216397
0.216504
0.216851
0.217203
0.217314
0.217687
0.217809
0.218144
0.218533
0.218648
0.21902
0.219395
0.219515
0.219911
0.220049
0.220399
0.220821
0.220951
0.221318
0.221756
0.221885
0.222293
0.22272
0.222851
0.223289
0.22371
0.223848
0.224307
0.224472
0.224865
0.225353
0.225514
0.225919
0.226423
0.226584
0.226997
0.227516
0.22768
0.228104
0.228633
0.2288
0.229227
0.229759
0.22993
0.230359
0.230891
0.231065
0.231495
0.232017
0.232195
0.232622
0.23313
0.233312
0.23373
0.234223
0.234661
0.23482
0.235279
0.235717
0.23587
0.236291
0.23673
0.23688
0.237246
0.237697
0.237848
0.238196
0.238616
0.238776
0.239101
0.239467
0.239831
0.214743
0.214825
0.215173
0.215504
0.215608
0.215946
0.216021
0.216389
0.216738
0.216832
0.217197
0.217541
0.217657
0.218015
0.218091
0.218484
0.218854
0.218947
0.219341
0.219711
0.219823
0.220223
0.220593
0.220725
0.221126
0.221496
0.221646
0.222048
0.222128
0.222575
0.222995
0.223086
0.223541
0.223963
0.224063
0.224528
0.224954
0.225063
0.225537
0.225968
0.226083
0.226564
0.226997
0.227112
0.227602
0.228039
0.228149
0.228648
0.229088
0.229189
0.229695
0.230137
0.230221
0.230734
0.231181
0.231542
0.231764
0.232204
0.232561
0.232758
0.2332
0.233551
0.233711
0.234154
0.234502
0.234611
0.235058
0.235403
0.235452
0.235899
0.236243
0.236477
0.214405
0.214505
0.214836
0.215151
0.215262
0.215594
0.215699
0.216034
0.216369
0.216477
0.216827
0.217158
0.217277
0.217629
0.217744
0.218092
0.218452
0.218565
0.218933
0.219291
0.21941
0.219797
0.220159
0.220286
0.22068
0.221045
0.221185
0.221579
0.221713
0.222097
0.222506
0.222643
0.22304
0.223455
0.223594
0.224004
0.224427
0.224568
0.224991
0.22542
0.225564
0.225992
0.226426
0.226572
0.227005
0.227444
0.227594
0.228027
0.228471
0.228624
0.229054
0.229499
0.229656
0.230074
0.230525
0.230931
0.231091
0.231531
0.23193
0.232082
0.232513
0.232899
0.233044
0.233455
0.233828
0.233969
0.234347
0.234708
0.234848
0.235181
0.235532
0.235832
0.212764
0.212855
0.21316
0.213472
0.21357
0.213878
0.213972
0.214286
0.214611
0.214708
0.215029
0.215355
0.21546
0.215783
0.215882
0.216213
0.216554
0.216657
0.216994
0.217339
0.217449
0.217795
0.218144
0.21826
0.218613
0.218964
0.219087
0.219446
0.219555
0.21992
0.220298
0.220411
0.220782
0.221167
0.221283
0.221661
0.222052
0.222173
0.222559
0.222957
0.223083
0.223473
0.223876
0.224004
0.224398
0.224806
0.224935
0.225334
0.225746
0.225876
0.226279
0.22669
0.226817
0.227224
0.227634
0.228013
0.228174
0.228569
0.228951
0.229103
0.229488
0.229868
0.23001
0.230383
0.230755
0.230883
0.231246
0.231599
0.23171
0.232065
0.232394
0.232688
0.212489
0.212575
0.212882
0.213195
0.213281
0.213589
0.213682
0.213995
0.214315
0.214407
0.214728
0.215055
0.215147
0.215469
0.215572
0.215895
0.216231
0.216331
0.216666
0.217008
0.217108
0.217455
0.217805
0.217907
0.21826
0.218617
0.218723
0.219076
0.219197
0.219548
0.219915
0.220037
0.220396
0.220771
0.220896
0.221261
0.221644
0.22177
0.222144
0.222533
0.222663
0.223042
0.223435
0.223568
0.223949
0.224345
0.224483
0.224865
0.225265
0.225409
0.22579
0.22619
0.226341
0.226716
0.227119
0.227525
0.227647
0.228038
0.228435
0.228561
0.228943
0.229327
0.229459
0.229826
0.230192
0.230334
0.230675
0.231022
0.231176
0.231482
0.23181
0.232134
0.210883
0.210976
0.211251
0.211541
0.211634
0.211924
0.212027
0.2123
0.212607
0.212704
0.212993
0.213296
0.213395
0.213697
0.213809
0.214091
0.214412
0.214518
0.214811
0.215137
0.215241
0.215551
0.215878
0.215984
0.216306
0.216631
0.216739
0.217071
0.217196
0.217499
0.21785
0.217973
0.218282
0.218642
0.218763
0.219077
0.219445
0.219567
0.219888
0.220264
0.22039
0.220714
0.221095
0.221222
0.221547
0.221932
0.222063
0.222389
0.222777
0.222913
0.22324
0.223626
0.223769
0.224095
0.224474
0.224836
0.224959
0.225315
0.225686
0.225809
0.226144
0.226523
0.226648
0.226961
0.227336
0.227464
0.227761
0.228115
0.22825
0.228538
0.228851
0.229167
0.210585
0.210651
0.210939
0.211255
0.211309
0.211605
0.211685
0.211974
0.212291
0.21236
0.212659
0.212991
0.213047
0.213354
0.213445
0.213741
0.214066
0.214148
0.214453
0.214792
0.214868
0.215182
0.215536
0.215603
0.215926
0.21629
0.216351
0.216677
0.216793
0.217099
0.217446
0.21756
0.217872
0.218227
0.21834
0.218657
0.21902
0.219133
0.219455
0.219825
0.219942
0.220265
0.220639
0.220761
0.221082
0.221458
0.221588
0.221908
0.222282
0.222425
0.222741
0.223111
0.22327
0.223578
0.223944
0.224366
0.224423
0.224768
0.22518
0.225259
0.225584
0.225979
0.226086
0.226387
0.226757
0.2269
0.227173
0.22751
0.227694
0.227935
0.228232
0.228603
0.209082
0.209164
0.209436
0.209693
0.209784
0.210063
0.210151
0.210417
0.210696
0.210784
0.211071
0.211337
0.211433
0.211725
0.21182
0.212091
0.212386
0.212479
0.212769
0.213061
0.213155
0.213459
0.213745
0.213845
0.214158
0.21444
0.214547
0.214863
0.214968
0.215256
0.215579
0.215682
0.21598
0.216305
0.216409
0.216714
0.217042
0.217146
0.217458
0.21779
0.217897
0.218212
0.218546
0.218654
0.218971
0.219309
0.219419
0.219733
0.220076
0.22019
0.220502
0.220849
0.220967
0.221274
0.221624
0.221933
0.222051
0.222393
0.222705
0.222818
0.223151
0.223466
0.223577
0.223893
0.22421
0.224321
0.224616
0.224932
0.225045
0.225318
0.225623
0.225893
0.207552
0.207619
0.207882
0.208143
0.208218
0.208478
0.208542
0.208816
0.209085
0.209158
0.209432
0.2097
0.209782
0.210052
0.210119
0.210404
0.210684
0.210758
0.211044
0.211324
0.211406
0.211695
0.211976
0.212066
0.212355
0.212635
0.212731
0.213021
0.213092
0.213398
0.213697
0.213772
0.214079
0.21438
0.21446
0.214769
0.215072
0.215154
0.215467
0.215772
0.215857
0.216173
0.216478
0.216564
0.216882
0.217188
0.217272
0.217592
0.217901
0.217984
0.218307
0.218618
0.218696
0.219022
0.219335
0.219615
0.219743
0.220048
0.220329
0.220448
0.220754
0.221035
0.22114
0.221447
0.221727
0.221816
0.222122
0.222399
0.222467
0.222774
0.223048
0.223279
0.207613
0.207868
0.207945
0.208199
0.208277
0.208537
0.208799
0.208878
0.209144
0.209408
0.209489
0.209755
0.209838
0.210106
0.210379
0.210462
0.210737
0.211011
0.211097
0.211377
0.211656
0.211745
0.212029
0.212309
0.212401
0.212683
0.212778
0.21306
0.21335
0.213446
0.213732
0.214024
0.214121
0.214412
0.214707
0.214805
0.215099
0.215398
0.215496
0.215794
0.216094
0.216194
0.216491
0.216792
0.216893
0.217191
0.217492
0.217596
0.217893
0.218195
0.218303
0.218595
0.218902
0.219197
0.219299
0.219601
0.219893
0.219994
0.220292
0.220579
0.22068
0.220971
0.221252
0.221356
0.221633
0.221907
0.222016
0.222273
0.222543
0.222797
0.206382
0.20662
0.206704
0.206935
0.207187
0.207267
0.207509
0.207759
0.207841
0.208089
0.208179
0.208419
0.20868
0.208766
0.209013
0.209278
0.209365
0.20962
0.209884
0.209973
0.210236
0.210501
0.21059
0.210857
0.210954
0.211207
0.211486
0.211582
0.211838
0.212123
0.212217
0.212475
0.212763
0.212858
0.213119
0.21341
0.213507
0.213769
0.214062
0.214161
0.214422
0.214714
0.214814
0.215074
0.215367
0.21547
0.215729
0.216021
0.216126
0.216384
0.216672
0.216947
0.217044
0.217315
0.217596
0.21769
0.217951
0.218234
0.218329
0.218577
0.218857
0.218955
0.219192
0.219461
0.219562
0.219793
0.220041
0.220288
0.20609
0.206336
0.206399
0.206642
0.206904
0.20696
0.207211
0.207482
0.207531
0.207785
0.207856
0.208105
0.208373
0.208438
0.208693
0.20897
0.209031
0.209292
0.209577
0.209633
0.209901
0.210194
0.210246
0.210513
0.2106
0.210855
0.211134
0.211221
0.211478
0.211762
0.211848
0.212107
0.212395
0.212481
0.212742
0.213033
0.213121
0.213383
0.213675
0.213765
0.214025
0.214316
0.21441
0.214666
0.214955
0.215057
0.215309
0.215594
0.215707
0.215953
0.216234
0.21655
0.2166
0.216866
0.217173
0.217235
0.21749
0.217785
0.217865
0.218105
0.218385
0.218487
0.218709
0.218969
0.219097
0.219298
0.219536
0.219818
0.204638
0.204869
0.204943
0.20516
0.205392
0.205464
0.205699
0.20592
0.205998
0.20624
0.206319
0.206542
0.206787
0.206862
0.2071
0.20734
0.207418
0.207668
0.207902
0.207984
0.208241
0.208472
0.20856
0.208818
0.208904
0.209138
0.209401
0.209486
0.209727
0.20999
0.210074
0.210319
0.210583
0.210667
0.210918
0.211183
0.211268
0.21152
0.211786
0.211872
0.212124
0.212389
0.212476
0.212725
0.212992
0.21308
0.213326
0.213595
0.213686
0.213925
0.214195
0.214432
0.214525
0.214788
0.215027
0.215114
0.215373
0.215612
0.215697
0.215942
0.216184
0.216268
0.216497
0.216739
0.216826
0.217039
0.217277
0.217485
0.203169
0.203382
0.203435
0.203659
0.203881
0.203939
0.204164
0.204386
0.20445
0.204672
0.204727
0.20496
0.20519
0.205249
0.205484
0.205715
0.20578
0.206017
0.206247
0.206318
0.206555
0.206786
0.206861
0.207098
0.207155
0.207404
0.207648
0.207707
0.207957
0.208201
0.208264
0.208514
0.20876
0.208824
0.209076
0.209322
0.209389
0.209642
0.209887
0.209955
0.210208
0.210453
0.21052
0.210772
0.211017
0.211081
0.211335
0.21158
0.21164
0.211895
0.21214
0.212362
0.212455
0.212693
0.212914
0.213003
0.213239
0.213459
0.213539
0.213774
0.213992
0.214061
0.214295
0.214511
0.214563
0.214798
0.215012
0.215196
0.203189
0.203403
0.203619
0.203681
0.203899
0.204119
0.204182
0.2044
0.204465
0.204686
0.204911
0.204976
0.205201
0.20543
0.205496
0.205725
0.205956
0.206025
0.206255
0.206489
0.206559
0.206789
0.206864
0.207094
0.207331
0.207406
0.207638
0.207877
0.207953
0.208188
0.208426
0.208504
0.20874
0.208981
0.20906
0.209297
0.209539
0.209618
0.209854
0.210095
0.210174
0.21041
0.210649
0.210731
0.210964
0.211202
0.211285
0.211514
0.211754
0.211989
0.212064
0.212297
0.212528
0.212603
0.212833
0.213058
0.213134
0.213358
0.213576
0.213655
0.213868
0.21408
0.214164
0.214362
0.214572
0.214774
0.202117
0.202183
0.202379
0.202582
0.202648
0.20285
0.202925
0.203117
0.203329
0.2034
0.203599
0.203814
0.203884
0.204091
0.204305
0.204375
0.204589
0.204801
0.204873
0.205089
0.205171
0.205372
0.205596
0.205676
0.20588
0.206109
0.206187
0.206391
0.206622
0.2067
0.206907
0.207141
0.20722
0.207426
0.207661
0.20774
0.207945
0.20818
0.208261
0.208463
0.208697
0.208779
0.208979
0.20921
0.209296
0.209493
0.209719
0.209935
0.210008
0.21022
0.210441
0.210513
0.210714
0.210937
0.21101
0.211198
0.211419
0.211495
0.211675
0.211885
0.211966
0.21214
0.212333
0.212527
0.202078
0.202304
0.202335
0.202543
0.202598
0.2028
0.20302
0.203069
0.203276
0.203506
0.203547
0.20376
0.203998
0.204034
0.204252
0.204496
0.204525
0.204743
0.204813
0.205016
0.205244
0.205313
0.205516
0.205748
0.205815
0.20602
0.206254
0.206321
0.206526
0.206764
0.206831
0.207036
0.207273
0.207344
0.207546
0.207782
0.207857
0.208055
0.208286
0.208368
0.20856
0.208786
0.208879
0.209064
0.209286
0.209545
0.209569
0.209775
0.210027
0.210064
0.210258
0.210499
0.210554
0.210734
0.210959
0.211038
0.2112
0.211404
0.211513
0.211656
0.21184
0.212074
0.200716
0.200896
0.200961
0.20115
0.201213
0.201398
0.20159
0.201651
0.201845
0.202035
0.202099
0.202298
0.202487
0.202555
0.202756
0.202943
0.203015
0.203217
0.203283
0.203477
0.203682
0.203748
0.203947
0.20415
0.204216
0.204417
0.204621
0.204688
0.204892
0.205096
0.205163
0.205368
0.205572
0.20564
0.205844
0.206049
0.206116
0.206319
0.206523
0.20659
0.206789
0.206993
0.207063
0.207256
0.207463
0.207646
0.207722
0.207924
0.208106
0.208177
0.208378
0.208558
0.208624
0.208821
0.209
0.209064
0.209249
0.20943
0.209493
0.209663
0.209845
0.210003
0.199275
0.199452
0.199504
0.19968
0.19973
0.19991
0.200091
0.200144
0.200326
0.200509
0.200564
0.200749
0.200932
0.20099
0.201175
0.201359
0.201418
0.201603
0.201658
0.201846
0.202038
0.202093
0.202282
0.202475
0.202531
0.202719
0.202913
0.20297
0.20316
0.203353
0.203411
0.203602
0.203796
0.203854
0.204043
0.204236
0.204295
0.204484
0.204674
0.204733
0.20492
0.20511
0.205168
0.205353
0.205541
0.205719
0.205785
0.205966
0.206143
0.206207
0.206384
0.206559
0.20662
0.206792
0.206965
0.207022
0.20719
0.207358
0.207411
0.207576
0.207738
0.20789
0.199039
0.199223
0.199262
0.199439
0.199484
0.199662
0.199846
0.199892
0.200072
0.200261
0.200305
0.200489
0.200681
0.200723
0.20091
0.201105
0.201147
0.20133
0.201384
0.201567
0.201758
0.201812
0.201995
0.202188
0.202243
0.202425
0.202619
0.202675
0.202858
0.203052
0.203109
0.203292
0.203485
0.203543
0.203725
0.203918
0.203978
0.204157
0.204347
0.204409
0.204586
0.204773
0.204838
0.20501
0.205196
0.205391
0.205434
0.205611
0.205801
0.205847
0.206019
0.206202
0.206255
0.206419
0.206593
0.206654
0.206809
0.206974
0.207043
0.207187
0.207344
0.207513
0.197683
0.197839
0.197891
0.198056
0.198115
0.19826
0.198433
0.198486
0.198639
0.198812
0.198865
0.19903
0.199196
0.19925
0.199423
0.199583
0.199639
0.199814
0.199877
0.200029
0.200211
0.200271
0.200424
0.200606
0.200666
0.200822
0.201005
0.201064
0.201221
0.201405
0.201465
0.201622
0.201805
0.201864
0.202022
0.202205
0.202265
0.20242
0.202602
0.202664
0.202816
0.202995
0.203059
0.203207
0.203385
0.203542
0.203598
0.203766
0.203926
0.203981
0.204138
0.204302
0.204356
0.204498
0.204668
0.204723
0.20486
0.205021
0.20508
0.205211
0.20536
0.205501
0.196386
0.196539
0.196577
0.19673
0.196762
0.196923
0.197081
0.197116
0.197278
0.197436
0.197474
0.197637
0.197794
0.197837
0.197999
0.198154
0.198201
0.19836
0.198393
0.198561
0.198727
0.198761
0.19893
0.199093
0.199129
0.199298
0.19946
0.199498
0.199668
0.19983
0.199868
0.200037
0.200198
0.200237
0.200406
0.200565
0.200603
0.200772
0.200931
0.200966
0.201135
0.201292
0.201325
0.201492
0.20165
0.20179
0.201847
0.202002
0.202141
0.202194
0.202347
0.202484
0.202531
0.202684
0.20282
0.202858
0.203011
0.203146
0.203173
0.203326
0.203461
0.203575
0.196158
0.196309
0.196348
0.196496
0.196537
0.196688
0.19684
0.196883
0.197035
0.197189
0.197232
0.197387
0.197542
0.197586
0.197742
0.197898
0.197942
0.198096
0.198143
0.198297
0.198455
0.198503
0.198658
0.198815
0.198864
0.199018
0.199175
0.199225
0.19938
0.199538
0.199587
0.199741
0.199899
0.199949
0.200102
0.200258
0.200309
0.200461
0.200616
0.200667
0.200816
0.200969
0.20102
0.201167
0.201319
0.201468
0.201515
0.201662
0.201808
0.201853
0.201998
0.20214
0.202186
0.202327
0.202464
0.202512
0.202647
0.202779
0.202829
0.202956
0.203086
0.203212
0.194862
0.194998
0.195041
0.195176
0.195226
0.195353
0.195495
0.195541
0.195672
0.195814
0.19586
0.195997
0.196138
0.196182
0.196323
0.196463
0.196509
0.19665
0.196704
0.196834
0.19698
0.197032
0.197163
0.197311
0.197361
0.197492
0.197641
0.197691
0.197823
0.197973
0.198022
0.198153
0.198302
0.198352
0.198482
0.19863
0.198682
0.198809
0.198955
0.199008
0.199132
0.199276
0.19933
0.199452
0.199592
0.199726
0.199769
0.1999
0.200037
0.20008
0.200203
0.20034
0.200384
0.200498
0.200634
0.20068
0.200788
0.200917
0.200967
0.201071
0.201189
0.201309
0.19371
0.193839
0.193869
0.194001
0.194019
0.194162
0.194295
0.194319
0.19446
0.194592
0.19462
0.194761
0.19489
0.194924
0.195063
0.195191
0.195228
0.195363
0.195381
0.195528
0.195665
0.195686
0.195833
0.19597
0.195991
0.196137
0.196272
0.196295
0.196442
0.196575
0.196599
0.196745
0.196877
0.196901
0.197046
0.197177
0.197199
0.197345
0.197474
0.197492
0.197639
0.197767
0.197781
0.197928
0.198058
0.198164
0.198214
0.198341
0.198446
0.198489
0.198618
0.198722
0.198757
0.198888
0.198992
0.199013
0.199147
0.199253
0.199259
0.199396
0.199507
0.199587
0.193466
0.193589
0.193627
0.19375
0.193789
0.193912
0.194038
0.194077
0.194203
0.194328
0.194367
0.194496
0.194621
0.194661
0.19479
0.194915
0.194957
0.195084
0.195124
0.19525
0.19538
0.19542
0.195547
0.195676
0.195716
0.195843
0.195972
0.196012
0.19614
0.196268
0.196309
0.196436
0.196562
0.196604
0.19673
0.196855
0.196897
0.197021
0.197145
0.197186
0.197307
0.19743
0.197472
0.19759
0.197713
0.197827
0.197869
0.197988
0.1981
0.198139
0.198256
0.198365
0.198404
0.198517
0.198624
0.198662
0.19877
0.198875
0.198913
0.199013
0.199118
0.199213
0.192303
0.192418
0.192453
0.192565
0.192603
0.192714
0.19283
0.192867
0.19298
0.193097
0.193134
0.193248
0.193366
0.193402
0.193518
0.193635
0.193672
0.193787
0.193827
0.193939
0.194058
0.194097
0.194209
0.194328
0.194367
0.194479
0.194597
0.194636
0.194748
0.194867
0.194906
0.195016
0.195134
0.195173
0.195282
0.195398
0.195438
0.195544
0.19566
0.195699
0.195803
0.195916
0.195955
0.196058
0.196169
0.196274
0.196309
0.196413
0.196519
0.196553
0.196651
0.196757
0.196791
0.196885
0.196987
0.197022
0.19711
0.197207
0.197244
0.197329
0.19742
0.197511
0.192088
0.192215
0.192229
0.192346
0.192374
0.192487
0.19261
0.192634
0.192749
0.192876
0.192896
0.193014
0.193143
0.19316
0.19328
0.193411
0.193425
0.193543
0.193576
0.193687
0.193809
0.193841
0.19395
0.194075
0.194105
0.194215
0.194338
0.194369
0.194478
0.194601
0.194633
0.194739
0.194861
0.194894
0.194998
0.195119
0.195152
0.195254
0.195371
0.195408
0.195505
0.195619
0.195661
0.195754
0.195863
0.195991
0.195997
0.196099
0.196222
0.196235
0.196328
0.196446
0.196469
0.196554
0.196662
0.196697
0.196772
0.196869
0.196919
0.196985
0.197072
0.197185
0.191109
0.191209
0.191243
0.191346
0.191379
0.191482
0.191586
0.191618
0.191723
0.191826
0.19186
0.191967
0.192068
0.192103
0.19221
0.19231
0.192347
0.192451
0.192486
0.192589
0.192694
0.192728
0.192831
0.192935
0.192968
0.193073
0.193176
0.19321
0.193314
0.193416
0.193449
0.193552
0.193653
0.193686
0.193787
0.193886
0.193919
0.194019
0.194117
0.194149
0.194246
0.194343
0.194374
0.194468
0.194565
0.194652
0.194685
0.19478
0.194865
0.194896
0.194989
0.195071
0.1951
0.19519
0.195271
0.195299
0.195384
0.195464
0.195491
0.195569
0.19565
0.195719
0.190119
0.190216
0.190244
0.190339
0.190369
0.190463
0.19056
0.19059
0.190684
0.190782
0.190813
0.190908
0.191006
0.191035
0.191131
0.191228
0.191259
0.191354
0.191386
0.191478
0.191576
0.191607
0.191698
0.191796
0.191827
0.191919
0.192016
0.192046
0.192137
0.192233
0.192263
0.192352
0.192447
0.192477
0.192564
0.192657
0.192687
0.192773
0.192865
0.192894
0.192978
0.193067
0.193097
0.193177
0.193263
0.193346
0.193373
0.193454
0.193536
0.193562
0.193638
0.193719
0.193744
0.193815
0.193893
0.193919
0.193986
0.19406
0.194086
0.194151
0.194219
0.194287
0.189932
0.190039
0.19005
0.190148
0.190172
0.190266
0.190368
0.190389
0.190485
0.19059
0.190607
0.190704
0.190812
0.190825
0.190923
0.191033
0.191044
0.191141
0.191169
0.191259
0.191359
0.191386
0.191474
0.191575
0.191601
0.191688
0.191789
0.191814
0.191901
0.192001
0.192026
0.192111
0.192209
0.192236
0.192317
0.192414
0.192442
0.19252
0.192613
0.192644
0.192719
0.192808
0.192843
0.192913
0.192998
0.1931
0.193103
0.19318
0.193277
0.193286
0.193357
0.193448
0.193465
0.193527
0.193611
0.193638
0.193691
0.193766
0.193808
0.193852
0.193916
0.194004
0.189103
0.189187
0.189216
0.189302
0.18933
0.189415
0.189502
0.18953
0.189617
0.189702
0.189731
0.189819
0.189903
0.189932
0.19002
0.190103
0.190133
0.190219
0.190247
0.190332
0.190417
0.190444
0.190529
0.190613
0.19064
0.190726
0.190809
0.190835
0.190919
0.191001
0.191027
0.19111
0.19119
0.191215
0.191297
0.191375
0.1914
0.191479
0.191556
0.191581
0.191657
0.191733
0.191757
0.19183
0.191905
0.191972
0.191997
0.192069
0.192134
0.192158
0.192228
0.192289
0.192311
0.192379
0.192438
0.192459
0.192522
0.19258
0.192601
0.192658
0.192717
0.192767
0.188265
0.188346
0.188371
0.18845
0.188477
0.188553
0.188635
0.18866
0.188738
0.18882
0.188844
0.188923
0.189004
0.189028
0.189108
0.189187
0.189211
0.189291
0.189318
0.189392
0.189472
0.189498
0.189571
0.189651
0.189676
0.189748
0.189827
0.189852
0.189923
0.19
0.190025
0.190094
0.190171
0.190195
0.190262
0.190336
0.190361
0.190425
0.190497
0.190521
0.190583
0.190652
0.190677
0.190737
0.190803
0.190866
0.190885
0.190945
0.191008
0.191027
0.191082
0.191143
0.191162
0.191212
0.191271
0.19129
0.191337
0.191391
0.191412
0.191456
0.191504
0.191552
0.187551
0.187626
0.187645
0.187722
0.187732
0.187816
0.187893
0.187907
0.187989
0.188064
0.188081
0.18816
0.188233
0.188252
0.188331
0.1884
0.188422
0.188497
0.188506
0.188588
0.188663
0.188673
0.188754
0.188825
0.188837
0.188915
0.188985
0.188997
0.189075
0.189142
0.189154
0.18923
0.189296
0.189306
0.189381
0.189445
0.189453
0.189528
0.189589
0.189595
0.189668
0.189728
0.18973
0.189802
0.189862
0.189905
0.189931
0.189989
0.19003
0.190052
0.19011
0.190149
0.190165
0.190223
0.190263
0.190268
0.190329
0.190369
0.190363
0.190423
0.190463
0.190482
0.187393
0.187468
0.187488
0.187561
0.187582
0.187654
0.187729
0.187749
0.187822
0.187896
0.187916
0.187989
0.188062
0.188082
0.188155
0.188227
0.188247
0.188318
0.188339
0.188408
0.188479
0.1885
0.188569
0.188638
0.188658
0.188725
0.188793
0.188813
0.18888
0.188946
0.188966
0.18903
0.189094
0.189115
0.189176
0.189238
0.189258
0.189317
0.189378
0.189397
0.189454
0.189511
0.189531
0.189584
0.189639
0.189693
0.189708
0.18976
0.18981
0.189825
0.189875
0.189921
0.189937
0.189983
0.190027
0.190042
0.190083
0.190123
0.190138
0.190172
0.190208
0.190242
0.186687
0.186755
0.186776
0.186844
0.186868
0.186927
0.186997
0.18702
0.187081
0.18715
0.187171
0.187236
0.187302
0.187322
0.187389
0.187452
0.187472
0.187537
0.187561
0.187618
0.187684
0.187706
0.187762
0.187828
0.187849
0.187903
0.187968
0.187988
0.188042
0.188105
0.188125
0.188176
0.188238
0.188257
0.188306
0.188365
0.188384
0.18843
0.188487
0.188505
0.188549
0.188603
0.188622
0.188663
0.188712
0.188758
0.188771
0.188814
0.18886
0.188873
0.18891
0.188955
0.188967
0.188999
0.189039
0.189051
0.189077
0.18911
0.189123
0.189145
0.189169
0.189194
0.186044
0.186108
0.186124
0.186187
0.186201
0.186266
0.18633
0.186345
0.186409
0.186472
0.186488
0.186551
0.186611
0.186628
0.18669
0.186749
0.186767
0.186826
0.186838
0.1869
0.186959
0.186972
0.187032
0.18709
0.187103
0.18716
0.187216
0.187228
0.187285
0.187338
0.187351
0.187406
0.187457
0.187468
0.18752
0.187569
0.187579
0.18763
0.187676
0.187685
0.187733
0.187777
0.187785
0.187831
0.187872
0.187906
0.187922
0.18796
0.187991
0.188004
0.188038
0.188066
0.188076
0.188106
0.188129
0.188134
0.18816
0.188179
0.188178
0.188202
0.188217
0.188223
0.185912
0.185979
0.18599
0.186052
0.186068
0.186128
0.186194
0.186208
0.186268
0.186334
0.186347
0.186407
0.186472
0.186483
0.186543
0.186609
0.186618
0.186676
0.186693
0.186747
0.186806
0.186823
0.186875
0.186933
0.186949
0.186999
0.187056
0.187071
0.187121
0.187175
0.18719
0.187236
0.187289
0.187304
0.187347
0.187397
0.187412
0.187452
0.187499
0.187515
0.187551
0.187594
0.187613
0.187645
0.187684
0.187731
0.187732
0.187767
0.187808
0.187811
0.187839
0.187873
0.187879
0.187899
0.187925
0.187936
0.187947
0.187966
0.187981
0.187984
0.187994
0.188015
0.185318
0.185372
0.185391
0.185448
0.185465
0.185521
0.185576
0.185593
0.18565
0.185703
0.185721
0.185778
0.185828
0.185847
0.185902
0.185951
0.18597
0.186022
0.186038
0.186089
0.18614
0.186156
0.186206
0.186254
0.186269
0.186317
0.186363
0.186378
0.186426
0.186469
0.186483
0.186528
0.18657
0.186583
0.186626
0.186665
0.186677
0.186718
0.186755
0.186766
0.186802
0.186837
0.186848
0.186882
0.186914
0.186939
0.186951
0.186979
0.186999
0.187008
0.187032
0.187047
0.187052
0.187072
0.187081
0.187084
0.187098
0.187103
0.187105
0.187112
0.187116
0.187113
0.184714
0.184767
0.184783
0.184835
0.184853
0.184903
0.184956
0.184972
0.185021
0.185074
0.185089
0.185139
0.185189
0.185204
0.185253
0.185301
0.185316
0.185363
0.185381
0.185423
0.185471
0.185487
0.185528
0.185574
0.185589
0.185629
0.185672
0.185686
0.185724
0.185766
0.185779
0.185815
0.185855
0.185867
0.1859
0.185937
0.185949
0.185979
0.186013
0.186024
0.186051
0.18608
0.186091
0.186114
0.186138
0.186159
0.186165
0.186181
0.186199
0.186203
0.186212
0.186226
0.186228
0.186231
0.18624
0.186241
0.186239
0.186241
0.186242
0.186237
0.186231
0.186227
0.184158
0.184207
0.184221
0.184271
0.18428
0.184333
0.184383
0.184393
0.184445
0.184492
0.184504
0.184554
0.184599
0.184612
0.184659
0.184701
0.184715
0.18476
0.184766
0.184814
0.184857
0.184864
0.18491
0.18495
0.184957
0.185
0.185038
0.185045
0.185086
0.185121
0.185128
0.185167
0.185199
0.185204
0.185241
0.185271
0.185274
0.185308
0.185334
0.185335
0.185366
0.185387
0.185385
0.185412
0.185428
0.185433
0.185444
0.185456
0.185456
0.185463
0.18547
0.185466
0.185468
0.185472
0.185466
0.185462
0.185463
0.185454
0.185441
0.185442
0.18543
0.185406
0.184028
0.184082
0.18409
0.18414
0.184153
0.1842
0.184251
0.184262
0.184308
0.184359
0.184369
0.184415
0.184464
0.184472
0.184517
0.184567
0.184573
0.184616
0.18463
0.184668
0.184711
0.184724
0.18476
0.184801
0.184813
0.184848
0.184887
0.184898
0.18493
0.184967
0.184978
0.185007
0.18504
0.185051
0.185077
0.185109
0.185119
0.185142
0.185168
0.185178
0.185195
0.185214
0.185226
0.185235
0.185249
0.185268
0.185264
0.185271
0.185284
0.18528
0.18528
0.185285
0.185283
0.185277
0.185275
0.185277
0.185262
0.185254
0.18526
0.185238
0.185222
0.185215
0.183478
0.18352
0.183536
0.183581
0.183594
0.183639
0.183682
0.183695
0.183741
0.183781
0.183795
0.183839
0.183877
0.183891
0.183933
0.183969
0.183983
0.184022
0.184034
0.184072
0.184108
0.184119
0.184156
0.184189
0.184199
0.184235
0.184265
0.184274
0.184309
0.184336
0.184344
0.184376
0.1844
0.184408
0.184436
0.184458
0.184463
0.184487
0.184504
0.184508
0.184525
0.184536
0.184538
0.18455
0.184557
0.18456
0.184561
0.184565
0.184561
0.184561
0.18456
0.184549
0.184547
0.184542
0.184526
0.184522
0.184512
0.184493
0.184487
0.184471
0.184452
0.184427
0.182892
0.182934
0.182948
0.18299
0.183005
0.183043
0.183086
0.1831
0.183138
0.183179
0.183191
0.183229
0.183268
0.183279
0.183318
0.183354
0.183365
0.183401
0.183413
0.183445
0.18348
0.183491
0.18352
0.183554
0.183564
0.183591
0.183622
0.183631
0.183656
0.183685
0.183693
0.183715
0.183741
0.183747
0.183765
0.183786
0.183791
0.183803
0.183817
0.183821
0.183828
0.183835
0.183838
0.18384
0.183841
0.183842
0.183839
0.183833
0.18383
0.183826
0.183813
0.183805
0.183801
0.183782
0.183769
0.183764
0.183742
0.183721
0.183716
0.183692
0.183664
0.18364
0.182312
0.182352
0.182364
0.182405
0.182414
0.182455
0.182496
0.182506
0.182545
0.182583
0.182594
0.182632
0.182667
0.182678
0.182715
0.182747
0.182758
0.182791
0.182798
0.182833
0.182864
0.182871
0.182903
0.182932
0.182938
0.182967
0.182993
0.183
0.183026
0.18305
0.183055
0.183077
0.183096
0.183099
0.183116
0.18313
0.183131
0.183143
0.183151
0.18315
0.183157
0.183159
0.183155
0.183157
0.183154
0.183144
0.183145
0.183136
0.183123
0.183121
0.183108
0.183089
0.183084
0.183067
0.183045
0.183036
0.183015
0.182989
0.182976
0.182953
0.182923
0.182887
0.182154
0.182205
0.182206
0.182247
0.182261
0.182295
0.182339
0.182348
0.182382
0.182428
0.182432
0.182466
0.182514
0.182513
0.182548
0.182596
0.182591
0.182625
0.18264
0.182662
0.182696
0.182709
0.18273
0.182763
0.182774
0.182792
0.182824
0.182834
0.182848
0.182877
0.182886
0.182896
0.18292
0.182929
0.182932
0.182949
0.182959
0.182955
0.182966
0.182977
0.182966
0.182969
0.182983
0.182963
0.182959
0.18297
0.18295
0.182936
0.182941
0.182926
0.182902
0.182899
0.182891
0.182858
0.182845
0.182847
0.182804
0.18278
0.182795
0.182742
0.182708
0.182696
0.181586
0.181627
0.181635
0.181674
0.181685
0.181722
0.18176
0.181769
0.181805
0.181842
0.18185
0.181886
0.181922
0.181928
0.181962
0.181997
0.182002
0.182033
0.182043
0.182071
0.1821
0.182109
0.182135
0.182162
0.182169
0.182193
0.182217
0.182224
0.182244
0.182264
0.182269
0.182284
0.182299
0.182303
0.182312
0.182321
0.182324
0.182326
0.18233
0.182332
0.18233
0.182326
0.182328
0.182319
0.182311
0.182304
0.182296
0.182282
0.18227
0.182261
0.182242
0.182224
0.182215
0.182191
0.182166
0.182159
0.18213
0.182099
0.182095
0.182058
0.182023
0.181992
0.180976
0.181011
0.181023
0.181061
0.181071
0.181108
0.181143
0.181152
0.181189
0.181221
0.181231
0.181267
0.181297
0.181307
0.181341
0.181368
0.181379
0.181409
0.181416
0.181446
0.181473
0.181479
0.181508
0.181531
0.181537
0.181564
0.181584
0.181588
0.181611
0.181625
0.181628
0.181646
0.181654
0.181656
0.181668
0.181671
0.18167
0.181676
0.181674
0.181672
0.181674
0.181667
0.181662
0.181657
0.181646
0.181632
0.181627
0.181613
0.181593
0.181587
0.181569
0.181542
0.181535
0.181514
0.181482
0.181473
0.181446
0.181412
0.181401
0.18137
0.181334
0.181296
0.180345
0.180382
0.180393
0.18043
0.180442
0.180474
0.180512
0.180522
0.180554
0.180591
0.180601
0.180632
0.180666
0.180674
0.180706
0.180736
0.180743
0.180774
0.180785
0.180809
0.180839
0.180848
0.18087
0.180897
0.180905
0.180924
0.180948
0.180954
0.180967
0.180987
0.18099
0.180999
0.181012
0.181015
0.181018
0.181025
0.181026
0.181024
0.181026
0.181026
0.181019
0.181015
0.181013
0.181002
0.18099
0.18098
0.180973
0.180953
0.180939
0.180931
0.180905
0.180887
0.180879
0.180845
0.180823
0.180815
0.18078
0.180751
0.180741
0.180706
0.180666
0.180635
0.179747
0.179785
0.179795
0.179832
0.179843
0.179878
0.179915
0.179925
0.179959
0.179995
0.180005
0.180037
0.180071
0.18008
0.180112
0.180144
0.180153
0.180183
0.180191
0.180219
0.180249
0.180257
0.180282
0.180309
0.180316
0.180336
0.180359
0.180364
0.180379
0.180397
0.1804
0.18041
0.180422
0.180424
0.180429
0.180434
0.180435
0.180434
0.180435
0.180435
0.180429
0.180424
0.180422
0.180411
0.1804
0.180387
0.180382
0.180363
0.180347
0.180341
0.180318
0.180297
0.180289
0.18026
0.180235
0.180226
0.180194
0.180164
0.180153
0.18012
0.180082
0.180048
0.179228
0.179265
0.179277
0.179315
0.179321
0.179363
0.1794
0.179408
0.179447
0.179482
0.179491
0.179529
0.179561
0.179572
0.179607
0.179637
0.179648
0.179681
0.179685
0.17972
0.17975
0.179755
0.179786
0.179812
0.179815
0.179841
0.179862
0.179864
0.179885
0.1799
0.179902
0.179917
0.179927
0.179927
0.179936
0.179941
0.179939
0.179944
0.179944
0.179939
0.179941
0.179935
0.179927
0.179924
0.179914
0.179896
0.179897
0.179881
0.179859
0.179857
0.179837
0.179813
0.179806
0.179783
0.179756
0.179745
0.179721
0.179689
0.179673
0.179648
0.179613
0.179572
0.178841
0.178879
0.178891
0.178932
0.178934
0.178981
0.179021
0.179026
0.17907
0.179107
0.179115
0.179156
0.17919
0.179201
0.17924
0.17927
0.179283
0.179318
0.179318
0.179359
0.17939
0.179391
0.179427
0.179452
0.179453
0.179484
0.179504
0.179504
0.17953
0.179544
0.179543
0.179563
0.179572
0.17957
0.179585
0.179588
0.179584
0.179595
0.179594
0.179587
0.179593
0.179588
0.179577
0.17958
0.179571
0.17955
0.179554
0.179543
0.179518
0.179517
0.179503
0.179475
0.179471
0.179454
0.179424
0.179413
0.179394
0.179363
0.179345
0.179325
0.179294
0.17925
0.178749
0.178793
0.178801
0.178841
0.178852
0.178891
0.178932
0.178942
0.178981
0.179022
0.17903
0.179068
0.179109
0.179116
0.179153
0.179193
0.179199
0.179234
0.179244
0.179274
0.179307
0.179315
0.179342
0.17937
0.179377
0.179398
0.179421
0.179426
0.179444
0.179462
0.179466
0.179477
0.17949
0.179493
0.179499
0.179507
0.179509
0.17951
0.179512
0.179513
0.17951
0.179506
0.179507
0.179498
0.179489
0.179482
0.179475
0.17946
0.179448
0.179441
0.179421
0.179404
0.179398
0.179374
0.17935
0.179345
0.179316
0.179289
0.179283
0.179251
0.179219
0.179189
0.178621
0.178665
0.178676
0.178718
0.178731
0.178771
0.178814
0.178827
0.178867
0.178909
0.178921
0.17896
0.179
0.179012
0.17905
0.179087
0.179097
0.179131
0.179143
0.179173
0.179205
0.179214
0.17924
0.179268
0.179276
0.179296
0.179319
0.179326
0.179343
0.179361
0.179366
0.179378
0.179391
0.179396
0.179402
0.179411
0.179414
0.179416
0.179419
0.179421
0.179419
0.179417
0.179417
0.17941
0.179403
0.179395
0.179392
0.179379
0.179368
0.179364
0.179346
0.179331
0.179327
0.179304
0.179285
0.17928
0.179254
0.17923
0.179224
0.179198
0.179168
0.179141
0.178838
0.178889
0.178899
0.178942
0.178962
0.178996
0.179044
0.179061
0.179094
0.179143
0.179155
0.179188
0.179234
0.179244
0.179277
0.179317
0.179324
0.179357
0.179374
0.179396
0.179428
0.179442
0.179458
0.179489
0.179501
0.179513
0.17954
0.179551
0.179557
0.179581
0.17959
0.179592
0.179611
0.17962
0.179617
0.179632
0.17964
0.179633
0.179644
0.17965
0.179641
0.179643
0.17965
0.179638
0.179632
0.179633
0.179627
0.179612
0.179612
0.179608
0.179583
0.179582
0.17958
0.179548
0.179543
0.179542
0.179509
0.179495
0.179496
0.179466
0.179437
0.179425
0.179562
0.179629
0.179631
0.179671
0.179704
0.179718
0.179776
0.179797
0.179806
0.179869
0.17988
0.179893
0.179954
0.179955
0.179977
0.180028
0.180023
0.180052
0.180081
0.180083
0.18012
0.180143
0.180137
0.180177
0.180197
0.180185
0.180227
0.180243
0.180225
0.180266
0.18028
0.180259
0.180297
0.18031
0.180285
0.180318
0.180332
0.180305
0.180329
0.180346
0.180318
0.180331
0.18035
0.180324
0.180321
0.180339
0.180325
0.180302
0.180326
0.180318
0.180274
0.180304
0.180303
0.180245
0.180272
0.18028
0.180225
0.180231
0.180246
0.180209
0.180178
0.180192
0.180979
0.181068
0.181058
0.181091
0.181135
0.181115
0.181186
0.181211
0.18117
0.181269
0.181277
0.181256
0.181341
0.181335
0.181341
0.181407
0.181385
0.181414
0.181456
0.181431
0.181477
0.181511
0.181473
0.181532
0.18156
0.18151
0.181579
0.181602
0.181544
0.181616
0.181638
0.181576
0.181647
0.181669
0.181606
0.181669
0.181693
0.181634
0.181684
0.181712
0.18166
0.181688
0.181723
0.181681
0.181683
0.181721
0.181697
0.181665
0.181718
0.181707
0.181632
0.181708
0.18171
0.181601
0.181688
0.181705
0.181624
0.181659
0.181691
0.181643
0.181613
0.181657
0.183346
0.183444
0.183425
0.183451
0.183504
0.183459
0.183537
0.183564
0.183465
0.183608
0.183616
0.183574
0.183675
0.183662
0.183657
0.183733
0.183702
0.183727
0.183782
0.183737
0.183788
0.183832
0.18377
0.183842
0.183877
0.183801
0.183888
0.18392
0.183834
0.183928
0.183958
0.183868
0.183962
0.183993
0.183904
0.18399
0.184025
0.183943
0.184012
0.184053
0.183983
0.184027
0.184077
0.184023
0.184032
0.184088
0.184059
0.184025
0.184104
0.184092
0.183999
0.184112
0.18412
0.183947
0.184111
0.184142
0.184043
0.184105
0.184157
0.184103
0.184078
0.184153
0.187079
0.187178
0.187154
0.187174
0.187238
0.18718
0.187257
0.18729
0.187215
0.187329
0.187337
0.187287
0.187392
0.187376
0.187366
0.187451
0.187412
0.187437
0.187507
0.187447
0.187502
0.18756
0.187483
0.187562
0.18761
0.187522
0.187616
0.187659
0.187563
0.187666
0.187707
0.187607
0.187713
0.187756
0.187656
0.187755
0.187805
0.18771
0.187794
0.187853
0.187769
0.187827
0.187901
0.187835
0.187854
0.187936
0.187902
0.187871
0.187979
0.18797
0.187876
0.188018
0.188037
0.187895
0.188053
0.188101
0.18799
0.188079
0.18816
0.188099
0.188088
0.188204
0.192866
0.192984
0.192951
0.192971
0.193057
0.192974
0.193065
0.193112
0.193014
0.193148
0.19316
0.193093
0.193224
0.193203
0.193186
0.193294
0.193243
0.193272
0.193372
0.193287
0.193356
0.193439
0.193335
0.193436
0.193506
0.193391
0.193512
0.193577
0.193452
0.193586
0.193649
0.19352
0.193659
0.193726
0.193597
0.193731
0.193808
0.193683
0.1938
0.193892
0.193783
0.193868
0.193982
0.193894
0.193931
0.194057
0.194015
0.193986
0.194148
0.194142
0.194035
0.194238
0.194273
0.194108
0.194326
0.194406
0.194269
0.194406
0.194537
0.194462
0.194468
0.194651
0.201871
0.202051
0.201996
0.202017
0.202155
0.202012
0.202149
0.202224
0.202058
0.202266
0.202283
0.202169
0.202373
0.202338
0.202305
0.202475
0.202393
0.202436
0.202596
0.202454
0.202563
0.202696
0.202526
0.202686
0.202802
0.202613
0.202808
0.202913
0.202714
0.202929
0.203033
0.202829
0.203052
0.203163
0.202959
0.203176
0.203304
0.203109
0.203302
0.203456
0.203284
0.203429
0.203616
0.203482
0.203551
0.203761
0.203698
0.203664
0.203934
0.203929
0.203768
0.204109
0.204171
0.203916
0.204281
0.204418
0.204209
0.204445
0.204665
0.204559
0.204584
0.204895
0.215975
0.216319
0.21621
0.216237
0.216485
0.216194
0.216459
0.21659
0.21623
0.216647
0.216675
0.216429
0.216819
0.216751
0.216673
0.216983
0.216827
0.216902
0.217185
0.216914
0.217117
0.217352
0.21702
0.217327
0.217529
0.217155
0.217535
0.21772
0.217321
0.217743
0.217927
0.217518
0.217957
0.218152
0.217751
0.218177
0.2184
0.218027
0.2184
0.218667
0.21835
0.218625
0.218951
0.218714
0.218841
0.219216
0.219109
0.219036
0.219531
0.219528
0.2192
0.219849
0.219963
0.21944
0.220164
0.220404
0.220012
0.220465
0.220845
0.220667
0.220706
0.221268
0.238157
0.238883
0.238686
0.238718
0.23917
0.238557
0.23912
0.239355
0.238175
0.239425
0.2395
0.238917
0.239725
0.239618
0.239428
0.239995
0.239725
0.23986
0.24035
0.239842
0.240248
0.240649
0.239983
0.240619
0.240965
0.240178
0.240985
0.241303
0.24044
0.241354
0.241667
0.240789
0.241734
0.242066
0.241231
0.242128
0.2425
0.241768
0.24253
0.242963
0.24239
0.242931
0.243451
0.243076
0.243308
0.243919
0.243803
0.243623
0.244501
0.244557
0.243801
0.245092
0.245317
0.243716
0.245664
0.24607
0.245342
0.246232
0.246799
0.246592
0.246629
0.247578
0.272195
0.272709
0.272787
0.272787
0.273212
0.272879
0.273349
0.273683
0.273107
0.273805
0.274061
0.27357
0.274188
0.274381
0.274174
0.274543
0.274688
0.274807
0.275213
0.275038
0.275429
0.275808
0.275448
0.276047
0.276414
0.275936
0.276676
0.277039
0.276499
0.277325
0.277689
0.27714
0.278009
0.278373
0.277869
0.278733
0.279086
0.278705
0.27949
0.279816
0.279666
0.280266
0.280551
0.28075
0.281031
0.281305
0.281918
0.281759
0.282464
0.283111
0.282484
0.283683
0.284252
0.283476
0.284917
0.285295
0.285053
0.286075
0.286217
0.286903
0.287009
0.287707
0.357498
0.35833
0.358227
0.35831
0.359524
0.359011
0.359315
0.360143
0.359873
0.360494
0.360881
0.360795
0.361785
0.361749
0.361809
0.363152
0.362749
0.362943
0.364517
0.363865
0.364191
0.365625
0.365071
0.365538
0.366858
0.366377
0.366966
0.368223
0.367777
0.368456
0.369723
0.369279
0.370011
0.371378
0.370891
0.371631
0.373198
0.372625
0.373328
0.375194
0.374496
0.375117
0.377372
0.376536
0.37703
0.379473
0.378789
0.379117
0.38141
0.38131
0.381422
0.383399
0.384132
0.383927
0.385462
0.387232
0.3866
0.387678
0.390546
0.389618
0.39023
0.39323
0.478901
0.482435
0.480972
0.481042
0.484814
0.482281
0.483766
0.485912
0.483945
0.486798
0.487186
0.485934
0.489906
0.488703
0.488264
0.493011
0.490506
0.4909
0.495485
0.49256
0.493742
0.497681
0.494852
0.496699
0.500112
0.497364
0.499708
0.502798
0.500071
0.502728
0.505745
0.502969
0.505751
0.508981
0.506076
0.508768
0.512511
0.50942
0.51178
0.516332
0.513052
0.514801
0.520426
0.51706
0.517886
0.524586
0.521531
0.521168
0.527818
0.526473
0.524867
0.530958
0.531838
0.529126
0.533957
0.537467
0.533987
0.536857
0.543211
0.539789
0.540037
0.547708
0.637965
0.637232
0.640777
0.641493
0.640177
0.643384
0.643852
0.644187
0.645448
0.64605
0.648214
0.649371
0.648539
0.652134
0.653272
0.651327
0.655844
0.656616
0.654834
0.659346
0.659814
0.658713
0.662752
0.663106
0.662604
0.666238
0.666594
0.666488
0.669947
0.670304
0.670348
0.673944
0.674257
0.674189
0.678234
0.678462
0.678018
0.682744
0.682923
0.681854
0.687268
0.687633
0.685735
0.691538
0.692541
0.690351
0.695419
0.697425
0.695226
0.698981
0.701668
0.70035
0.702464
0.705777
0.705832
0.706099
0.711881
0.711823
0.710032
0.716067
0.717977
0.715718
0.925382
0.915938
0.92302
0.923588
0.918217
0.929817
0.923072
0.922059
0.933945
0.92389
0.926226
0.934771
0.925401
0.930673
0.934465
0.927286
0.935246
0.934655
0.929716
0.93965
0.935605
0.932503
0.943562
0.937101
0.935168
0.946804
0.938936
0.937666
0.949469
0.940991
0.939979
0.951686
0.943199
0.942104
0.953417
0.945531
0.94405
0.954481
0.948012
0.945856
0.954796
0.950729
0.947555
0.954592
0.953859
0.949403
0.954318
0.957713
0.951433
0.954295
0.962283
0.953498
0.95461
0.965438
0.955686
0.95519
0.96382
0.958255
0.955898
0.960685
0.962109
0.957012
)
;

boundaryField
{
    inlet
    {
        type            turbulentIntensityKineticEnergyInlet;
        intensity       0.03;
        value           nonuniform List<scalar> 0();
    }
    outlet
    {
        type            zeroGradient;
    }
    front
    {
        type            empty;
    }
    back
    {
        type            empty;
    }
    hub
    {
        type            fixedValue;
        value           nonuniform List<scalar> 
72
(
0.0022034
0.0022034
0.00512753
0.00803574
0.00803574
0.0129922
0.0129922
0.0129922
0.0185831
0.0185831
0.0221664
0.0221664
0.0221664
0.0238112
0.0238112
0.0101509
0.00233309
0.00233309
0.00233309
0.00158755
0.00158755
0.00134815
0.00345239
0.00345239
0.00345239
0.00984929
0.00984929
0.0240353
0.0240353
0.0276018
0.017242
0.017242
0.017242
0.0106473
0.0106473
0.0158978
0.0345948
0.0345948
0.0712912
0.0726852
0.0726852
0.0726852
0.048776
0.048776
0.0621543
0.0718006
0.0718006
0.0892607
0.10828
0.10828
0.10828
0.131156
0.131156
0.157344
0.186713
0.218407
0.218407
0.251588
0.284495
0.284495
0.315292
0.339697
0.339697
0.361303
0.379647
0.379647
0.379647
0.393034
0.393034
0.400483
0.401066
0.39461
)
;
    }
    tip
    {
        type            kqRWallFunction;
        value           nonuniform List<scalar> 
62
(
0.925382
0.915938
0.92302
0.923588
0.918217
0.929817
0.923072
0.922059
0.933945
0.92389
0.926226
0.934771
0.925401
0.930673
0.934465
0.927286
0.935246
0.934655
0.929716
0.93965
0.935605
0.932503
0.943562
0.937101
0.935168
0.946804
0.938936
0.937666
0.949469
0.940991
0.939979
0.951686
0.943199
0.942104
0.953417
0.945531
0.94405
0.954481
0.948012
0.945856
0.954796
0.950729
0.947555
0.954592
0.953859
0.949403
0.954318
0.957713
0.951433
0.954295
0.962283
0.953498
0.95461
0.965438
0.955686
0.95519
0.96382
0.958255
0.955898
0.960685
0.962109
0.957012
)
;
    }
    procBoundary1to0
    {
        type            processor;
        value           nonuniform List<scalar> 
160
(
0.0409302
0.0686716
0.113717
0.124047
0.160973
0.191709
0.200302
0.227618
0.236067
0.263697
0.291658
0.301518
0.332682
0.343807
0.381507
0.395113
0.443393
0.459978
0.477319
0.550951
0.573796
0.686948
0.717929
0.896884
0.946075
1.01088
1.35013
1.42938
1.94538
2.10971
2.21139
2.61653
2.77316
2.64807
2.43297
2.35784
1.69778
1.43611
1.37863
0.856166
0.713269
0.717634
0.511135
0.479225
0.478049
0.418014
0.414295
0.387978
0.384286
0.363444
0.358484
0.35574
0.338425
0.336019
0.320126
0.317789
0.303574
0.301071
0.288979
0.286329
0.276364
0.27379
0.272037
0.263287
0.261704
0.254037
0.252647
0.245917
0.244733
0.239091
0.238094
0.233554
0.229952
0.229114
0.226138
0.225559
0.223017
0.222597
0.220391
0.220046
0.218098
0.217756
0.21603
0.214406
0.214084
0.212452
0.212183
0.210589
0.210283
0.20881
0.207292
0.207284
0.207358
0.207358
0.206063
0.206304
0.206304
0.206044
0.204563
0.20311
0.202919
0.203128
0.203128
0.201727
0.201912
0.201912
0.201833
0.201872
0.201872
0.200528
0.199099
0.198862
0.197525
0.19623
0.196009
0.194731
0.193575
0.193343
0.192192
0.191971
0.191006
0.190024
0.189833
0.189015
0.188186
0.18747
0.187319
0.186622
0.185978
0.185848
0.18526
0.184662
0.184105
0.183978
0.183429
0.182849
0.182269
0.182113
0.181546
0.180936
0.180308
0.179709
0.179187
0.178796
0.178708
0.178579
0.1788
0.179539
0.180987
0.183378
0.187118
0.192923
0.201973
0.2162
0.238702
0.272641
0.357612
0.480082
0.637122
0.916845
)
;
    }
    procBoundary1to5
    {
        type            processor;
        value           nonuniform List<scalar> 
65
(
0.232828
0.232241
0.229277
0.228669
0.225995
0.223399
0.22289
0.220377
0.219873
0.217565
0.215285
0.214842
0.212594
0.212104
0.210066
0.207951
0.207555
0.205549
0.203629
0.203254
0.201347
0.199634
0.199249
0.197542
0.197194
0.195747
0.19431
0.194008
0.192787
0.191568
0.190504
0.190251
0.1892
0.188231
0.188011
0.187114
0.186224
0.185409
0.185204
0.18442
0.183631
0.182881
0.182673
0.181977
0.181283
0.180621
0.180036
0.179565
0.179248
0.179178
0.179133
0.179417
0.180182
0.181647
0.184146
0.1882
0.194656
0.20491
0.221303
0.247723
0.288591
0.393151
0.546466
0.719193
0.959114
)
;
    }
    procBoundary1to6
    {
        type            processor;
        value           nonuniform List<scalar> 
85
(
0.699463
0.76761
0.882071
0.897549
1.03589
1.17001
1.19805
1.32492
1.35936
1.50298
1.64084
1.68533
1.81219
1.86012
1.99023
2.04234
2.17489
2.21
2.24829
2.39066
2.45122
2.60358
2.66869
2.82928
2.87581
2.92617
3.10393
3.17845
3.37247
3.42858
3.48821
3.70656
3.768
3.83423
4.08652
4.17643
4.45979
4.53701
4.61222
4.94368
5.02705
5.10766
5.48215
5.56708
5.66042
6.0502
6.14959
6.54984
6.64749
7.0255
7.11229
7.1878
7.49664
7.54738
7.67835
7.68216
7.51993
7.45718
6.95612
6.81269
6.02646
5.81778
5.59879
4.56
4.30603
3.16918
2.93959
1.93927
1.77669
1.09586
1.00292
0.629433
0.441853
0.40611
0.322837
0.309102
0.27355
0.268667
0.253626
0.251842
0.244948
0.244016
0.239955
0.236665
0.235956
)
;
    }
}


// ************************************************************************* //
