/*--------------------------------*- C++ -*----------------------------------*\
| =========                 |                                                 |
| \\      /  F ield         | OpenFOAM: The Open Source CFD Toolbox           |
|  \\    /   O peration     | Version:  v2012                                 |
|   \\  /    A nd           | Website:  www.openfoam.com                      |
|    \\/     M anipulation  |                                                 |
\*---------------------------------------------------------------------------*/
FoamFile
{
    version     2.0;
    format      ascii;
    class       volScalarField;
    location    "1e-06";
    object      kMean;
}
// * * * * * * * * * * * * * * * * * * * * * * * * * * * * * * * * * * * * * //

dimensions      [0 2 -2 0 0 0 0];


internalField   nonuniform List<scalar> 
10248
(
0.0392507
0.0371376
0.0167008
0.0104219
0.0107154
0.0139252
0.0130637
0.0148091
0.0165906
0.016898
0.0190615
0.0235639
0.0257812
0.0335756
0.0297333
0.0335456
0.0333604
0.0315641
0.0161249
0.0413973
0.0428654
0.0487324
0.0527455
0.0585482
0.0750966
0.0828463
0.0949331
0.11625
0.10481
0.120754
0.132703
0.134285
0.169512
0.213549
0.221013
0.269896
0.313233
0.319314
0.358014
0.397667
0.403891
0.446047
0.484396
0.488888
0.523989
0.554833
0.557074
0.584811
0.605397
0.604326
0.624195
0.640325
0.637695
0.656533
0.670234
0.673706
0.681628
0.693608
0.695701
0.700551
0.708729
0.710579
0.71172
0.694355
0.715487
0.712385
0.715657
0.714271
0.70658
0.711907
0.710546
0.698056
0.0687186
0.0648219
0.0319557
0.0221221
0.0195878
0.0236784
0.0239414
0.0251018
0.0292624
0.0289347
0.0312076
0.0409438
0.0417454
0.0522576
0.0531611
0.053894
0.060662
0.0609275
0.0701324
0.0768374
0.0767229
0.0811509
0.0950823
0.0938622
0.109814
0.133026
0.131197
0.156899
0.161771
0.163269
0.181307
0.18477
0.203114
0.248395
0.254858
0.296996
0.347044
0.352112
0.387133
0.435538
0.440769
0.477514
0.527245
0.531804
0.563619
0.603427
0.606069
0.627713
0.656271
0.657231
0.671367
0.693236
0.693426
0.706474
0.722894
0.7316
0.733208
0.744901
0.752214
0.753175
0.757135
0.766587
0.766266
0.756578
0.773244
0.771333
0.76807
0.774722
0.771496
0.771571
0.772499
0.768701
0.111552
0.106661
0.0576076
0.0423263
0.0370354
0.0409984
0.0421676
0.0427459
0.0510003
0.0509672
0.0530186
0.0671973
0.0669595
0.0780474
0.0807794
0.0834702
0.094237
0.0957093
0.0978283
0.117057
0.117463
0.12396
0.138619
0.137801
0.153461
0.175857
0.176317
0.202615
0.207729
0.224088
0.245571
0.248859
0.259066
0.300715
0.30736
0.345725
0.402228
0.408455
0.441452
0.501162
0.507734
0.543181
0.606487
0.611691
0.639106
0.688949
0.692344
0.709981
0.746385
0.748551
0.760692
0.78781
0.789702
0.800176
0.818859
0.831226
0.829939
0.840312
0.852944
0.851902
0.848673
0.868707
0.867565
0.841569
0.878712
0.877561
0.869744
0.884472
0.883568
0.882122
0.884896
0.887806
0.113755
0.108669
0.0660137
0.042926
0.0389587
0.0426321
0.042639
0.0492516
0.0518562
0.0518912
0.0595277
0.0677804
0.0689839
0.0800254
0.0811931
0.0880705
0.0953632
0.0963995
0.113717
0.117915
0.118579
0.131235
0.139433
0.139371
0.156567
0.176523
0.178356
0.204471
0.208416
0.228588
0.248583
0.249933
0.268679
0.303786
0.309064
0.358231
0.405509
0.41066
0.458907
0.505556
0.510842
0.564775
0.611775
0.616075
0.661443
0.695456
0.697415
0.729313
0.754476
0.754484
0.776385
0.797379
0.796078
0.812479
0.830887
0.838143
0.839941
0.857187
0.860302
0.860751
0.87959
0.876706
0.875832
0.876373
0.887703
0.885642
0.890935
0.895219
0.891698
0.89418
0.901111
0.896451
0.14956
0.143936
0.0917077
0.0650626
0.0591326
0.0616718
0.0621717
0.0669391
0.0734495
0.0737404
0.0796139
0.0876526
0.0880689
0.0948206
0.0959597
0.101305
0.110842
0.112411
0.126234
0.135335
0.136727
0.148705
0.159505
0.160397
0.175696
0.194337
0.197448
0.225194
0.230191
0.258534
0.291018
0.294388
0.316998
0.359403
0.365487
0.411041
0.469684
0.476193
0.524757
0.586884
0.593737
0.646402
0.709119
0.714912
0.755459
0.802157
0.805166
0.83245
0.867889
0.869362
0.888135
0.915912
0.916502
0.930698
0.952185
0.963741
0.962878
0.97895
0.988449
0.987321
0.997006
1.00725
1.00584
1.01022
1.02099
1.01925
1.01854
1.03091
1.02893
1.02971
1.03699
1.03761
0.179558
0.173518
0.115203
0.0866758
0.0791095
0.0791924
0.0803728
0.0820524
0.089967
0.0901576
0.0926638
0.0975329
0.0974818
0.100749
0.101443
0.105732
0.115992
0.11727
0.127195
0.141189
0.142934
0.156158
0.170688
0.172642
0.189809
0.211743
0.214258
0.245395
0.252021
0.284188
0.327672
0.333579
0.362229
0.415313
0.422964
0.465935
0.538371
0.546895
0.594133
0.674325
0.683124
0.73185
0.811852
0.819357
0.853168
0.91408
0.918685
0.939532
0.986055
0.989526
1.00356
1.03831
1.04173
1.0528
1.0768
1.09384
1.08994
1.10313
1.12087
1.11807
1.11673
1.1416
1.13959
1.12274
1.15707
1.15588
1.14731
1.16789
1.16799
1.16614
1.17204
1.17889
0.181991
0.175807
0.122041
0.0876268
0.0816438
0.0811253
0.080982
0.0866679
0.09075
0.090902
0.0951427
0.0978034
0.0980812
0.101321
0.101553
0.10656
0.116338
0.117454
0.125829
0.141519
0.143317
0.158182
0.171231
0.173685
0.192778
0.212582
0.21705
0.24854
0.253063
0.289341
0.331239
0.335303
0.373087
0.420501
0.426327
0.482737
0.545053
0.551977
0.617736
0.683401
0.690573
0.761264
0.823613
0.828984
0.884698
0.927756
0.930021
0.969381
1.00184
1.00199
1.02959
1.05646
1.05495
1.07481
1.09834
1.10804
1.10905
1.13102
1.13589
1.13547
1.15777
1.15756
1.15603
1.16247
1.17438
1.17187
1.18014
1.18772
1.18382
1.18786
1.19872
1.19546
0.209517
0.202935
0.144521
0.109519
0.101614
0.0974077
0.0977942
0.0991499
0.101868
0.101774
0.102323
0.104098
0.103974
0.107018
0.107874
0.112835
0.124326
0.125681
0.136364
0.152707
0.154367
0.170388
0.189522
0.191645
0.214813
0.24089
0.244057
0.279842
0.286266
0.32254
0.373003
0.379697
0.421024
0.481069
0.489044
0.543655
0.620926
0.630036
0.69372
0.776781
0.78588
0.851355
0.930079
0.93643
0.9843
1.04187
1.04589
1.07733
1.12172
1.12413
1.14539
1.17994
1.1816
1.19724
1.22335
1.23895
1.23644
1.25475
1.26875
1.26644
1.27639
1.29184
1.28976
1.30123
1.30963
1.30766
1.30629
1.32286
1.3212
1.32171
1.33059
1.33395
0.21218
0.20547
0.151898
0.110688
0.104813
0.0994484
0.0984679
0.101941
0.102415
0.102278
0.103801
0.104369
0.104655
0.10805
0.108104
0.115147
0.125237
0.126233
0.141094
0.153573
0.155508
0.175656
0.190603
0.194044
0.219959
0.242386
0.248859
0.284793
0.288106
0.330441
0.378178
0.382467
0.434622
0.488013
0.493888
0.563895
0.629872
0.63718
0.720561
0.788575
0.7959
0.883771
0.94429
0.949072
1.01909
1.05914
1.0605
1.11171
1.14144
1.14002
1.1767
1.20238
1.19838
1.22457
1.2496
1.25691
1.26051
1.2877
1.28764
1.28836
1.32207
1.3118
1.3104
1.3436
1.3311
1.32764
1.3446
1.34713
1.34085
1.34851
1.36212
1.35433
0.240811
0.233706
0.174956
0.134457
0.126128
0.114268
0.113431
0.110209
0.109602
0.109258
0.109174
0.111704
0.111719
0.117365
0.118428
0.126254
0.140075
0.141488
0.154734
0.17406
0.17585
0.195951
0.219005
0.221584
0.250648
0.28074
0.284854
0.32589
0.33236
0.373496
0.430352
0.437735
0.489822
0.558043
0.566678
0.632256
0.716423
0.726297
0.802686
0.892086
0.901771
0.978853
1.06036
1.06729
1.12379
1.18368
1.18761
1.22618
1.27242
1.27442
1.30062
1.33708
1.33802
1.35678
1.38535
1.40152
1.39921
1.42062
1.43426
1.43171
1.4458
1.45964
1.45705
1.46601
1.47936
1.47674
1.47838
1.49419
1.49162
1.49298
1.50346
1.5059
0.271239
0.264088
0.201072
0.159654
0.148242
0.127159
0.12618
0.115918
0.115661
0.115375
0.115608
0.122101
0.12153
0.130142
0.133117
0.140817
0.159725
0.162072
0.1741
0.200822
0.202457
0.221824
0.254405
0.255364
0.286438
0.32607
0.326401
0.372558
0.384171
0.422647
0.488935
0.500852
0.549086
0.6323
0.644885
0.702982
0.805835
0.819261
0.885083
0.996279
1.00927
1.07235
1.1756
1.1857
1.2269
1.30708
1.31478
1.33916
1.40169
1.4086
1.42302
1.46958
1.47732
1.48739
1.51837
1.54541
1.53628
1.55088
1.57978
1.57356
1.5694
1.60591
1.60225
1.58135
1.62534
1.62435
1.60942
1.63803
1.64076
1.63468
1.64075
1.65532
0.275374
0.267709
0.209224
0.161561
0.152254
0.128962
0.126832
0.117458
0.11625
0.115891
0.117576
0.122811
0.123266
0.132664
0.133966
0.145244
0.162109
0.163682
0.180013
0.203217
0.205298
0.229957
0.257093
0.260259
0.294921
0.329345
0.334461
0.3813
0.388142
0.435072
0.498445
0.506541
0.567309
0.643754
0.653195
0.727887
0.819905
0.830626
0.916409
1.01371
1.02412
1.1091
1.19657
1.20379
1.26651
1.33145
1.33553
1.37909
1.42914
1.43107
1.46081
1.50022
1.50097
1.52202
1.55302
1.57065
1.568
1.59134
1.60622
1.60312
1.61825
1.63366
1.63043
1.63614
1.65489
1.65167
1.65418
1.67073
1.6676
1.66909
1.68038
1.68306
0.310985
0.303439
0.240813
0.190157
0.17643
0.141878
0.139991
0.124252
0.125195
0.124984
0.127661
0.138266
0.137573
0.150148
0.154108
0.164417
0.187143
0.190014
0.205447
0.236174
0.237973
0.26154
0.299011
0.299873
0.335986
0.381231
0.381378
0.433495
0.446741
0.489748
0.562538
0.576002
0.630646
0.721099
0.735112
0.801209
0.91031
0.925058
0.999915
1.11658
1.13079
1.20263
1.30953
1.32056
1.3686
1.45205
1.46058
1.48974
1.55523
1.56292
1.57987
1.6291
1.63769
1.6487
1.68198
1.7115
1.70103
1.71756
1.74828
1.74094
1.73982
1.77598
1.77162
1.7557
1.79633
1.79512
1.78049
1.8093
1.81241
1.80527
1.81199
1.82767
0.316553
0.308306
0.250272
0.192756
0.181373
0.144128
0.140937
0.125958
0.126329
0.126091
0.130668
0.139466
0.140374
0.153782
0.155481
0.170103
0.190551
0.192406
0.212214
0.239563
0.241978
0.27102
0.302715
0.306381
0.346246
0.385597
0.39148
0.444294
0.451968
0.504524
0.574267
0.583242
0.650833
0.734719
0.745106
0.827264
0.926584
0.93825
1.03167
1.1363
1.14758
1.23959
1.33298
1.34086
1.40943
1.47941
1.48383
1.53201
1.58595
1.588
1.62099
1.66324
1.66399
1.68707
1.72022
1.73948
1.73642
1.76127
1.77757
1.77388
1.78999
1.8067
1.80284
1.80888
1.82904
1.82524
1.82839
1.84542
1.84184
1.8433
1.85502
1.85805
0.361062
0.353224
0.290559
0.230347
0.212258
0.162999
0.160795
0.138238
0.141651
0.141377
0.146111
0.161265
0.160122
0.176477
0.181721
0.194102
0.221113
0.22467
0.24275
0.278587
0.280541
0.307855
0.351103
0.351657
0.392612
0.444321
0.443828
0.501978
0.51747
0.564308
0.643527
0.658963
0.71816
0.815942
0.831791
0.903412
1.01979
1.03626
1.11709
1.24132
1.25723
1.33487
1.44872
1.4614
1.51398
1.60358
1.61363
1.6454
1.71586
1.72522
1.743
1.7959
1.8065
1.81708
1.85271
1.88629
1.87337
1.89078
1.92535
1.91624
1.91505
1.95433
1.9491
1.93248
1.9751
1.97407
1.95726
1.98768
1.99221
1.98269
1.98934
2.00788
0.36873
0.360005
0.302848
0.23452
0.219513
0.167107
0.162766
0.141412
0.143767
0.143509
0.150597
0.163167
0.164234
0.181371
0.183793
0.201295
0.225704
0.228017
0.251614
0.283139
0.285843
0.318938
0.355986
0.359834
0.404612
0.449921
0.45594
0.514738
0.524067
0.581257
0.657325
0.667787
0.740332
0.831616
0.843473
0.931138
1.03814
1.05125
1.15033
1.26326
1.27599
1.37354
1.47484
1.48402
1.5571
1.6341
1.6396
1.69052
1.75004
1.7532
1.78752
1.8337
1.8358
1.85921
1.89463
1.91743
1.91259
1.9378
1.95793
1.95285
1.96779
1.98849
1.98376
1.98977
2.01143
2.00739
2.0086
2.02759
2.02466
2.02452
2.03584
2.04138
0.426864
0.41915
0.356341
0.290714
0.265681
0.20068
0.198423
0.163712
0.168664
0.167862
0.17263
0.19247
0.190226
0.209802
0.216805
0.230102
0.262034
0.266499
0.285856
0.328278
0.330341
0.36041
0.410818
0.410694
0.456077
0.515307
0.513393
0.577448
0.595959
0.645185
0.730937
0.748942
0.81042
0.916106
0.934306
1.00855
1.13359
1.15231
1.23594
1.37013
1.3884
1.46901
1.5933
1.60841
1.66307
1.76207
1.77453
1.80644
1.88423
1.89633
1.9128
1.97062
1.98465
1.9931
2.03121
2.07066
2.05397
2.07116
2.11181
2.10019
2.09564
2.1417
2.13546
2.11313
2.16237
2.16203
2.14015
2.17383
2.18107
2.16761
2.17343
2.19677
0.436079
0.427181
0.374005
0.296675
0.276903
0.207892
0.201801
0.170174
0.171857
0.171123
0.179182
0.194775
0.195547
0.215714
0.219128
0.239029
0.267208
0.27014
0.298135
0.333033
0.336003
0.373249
0.415443
0.419308
0.468803
0.520055
0.526015
0.59021
0.601401
0.662653
0.743939
0.755981
0.833002
0.929938
0.943247
1.03642
1.14887
1.16334
1.26888
1.38767
1.40177
1.50678
1.61374
1.62408
1.70448
1.78602
1.79225
1.84858
1.91125
1.91486
1.9527
2.00108
2.00348
2.02897
2.06602
2.09053
2.08532
2.11197
2.13313
2.12748
2.14493
2.1649
2.15959
2.17242
2.18839
2.18377
2.18631
2.20451
2.20116
2.20104
2.21247
2.21811
0.446642
0.436916
0.393903
0.303116
0.290453
0.21763
0.206529
0.180332
0.17562
0.175196
0.187156
0.197391
0.201507
0.222492
0.221788
0.24763
0.272939
0.274353
0.309029
0.338166
0.34249
0.386313
0.420392
0.42884
0.482575
0.525178
0.539245
0.604011
0.607153
0.679763
0.757792
0.763507
0.853767
0.944443
0.952806
1.06085
1.16471
1.17511
1.29704
1.40578
1.41601
1.53943
1.63521
1.64112
1.74175
1.81111
1.81135
1.88871
1.93993
1.93502
1.99312
2.0337
2.02396
2.06721
2.1036
2.11179
2.11977
2.15587
2.15588
2.15773
2.19475
2.18957
2.18616
2.21957
2.21601
2.20759
2.23226
2.23727
2.22302
2.23753
2.25455
2.24075
0.528008
0.519115
0.472468
0.391369
0.36598
0.278379
0.269831
0.220633
0.21549
0.213327
0.219207
0.236457
0.23613
0.258354
0.263176
0.284587
0.316395
0.32019
0.351646
0.390663
0.393842
0.435205
0.482747
0.486239
0.540298
0.597914
0.60314
0.672338
0.686133
0.750245
0.836397
0.850748
0.931002
1.03326
1.04869
1.14597
1.26392
1.28048
1.39118
1.51672
1.53305
1.64487
1.75959
1.77214
1.85906
1.94703
1.95534
2.01598
2.08326
2.08893
2.1284
2.17985
2.1845
2.21
2.24898
2.27764
2.27005
2.29763
2.32222
2.31473
2.3335
2.35479
2.34849
2.36101
2.37814
2.3736
2.37474
2.39327
2.39133
2.3889
2.39998
2.40817
0.544386
0.534227
0.493503
0.403781
0.386252
0.294712
0.279357
0.232729
0.222265
0.220307
0.228133
0.240963
0.244098
0.266932
0.267619
0.293928
0.324403
0.326525
0.361524
0.398407
0.402851
0.44814
0.490659
0.498539
0.555711
0.60644
0.619013
0.689154
0.695691
0.769443
0.854371
0.862843
0.953132
1.05293
1.06373
1.17115
1.28609
1.29884
1.42006
1.54265
1.55539
1.67898
1.79064
1.79894
1.89977
1.98389
1.98656
2.06212
2.12476
2.12252
2.17756
2.22554
2.21935
2.25967
2.2989
2.3143
2.31797
2.35134
2.36073
2.3597
2.38768
2.39541
2.39047
2.41155
2.42164
2.41321
2.42978
2.44119
2.42914
2.43927
2.45399
2.44706
0.6574
0.647817
0.602903
0.529007
0.496652
0.390837
0.379611
0.301928
0.282824
0.27743
0.274506
0.292193
0.28916
0.311982
0.31894
0.339561
0.375628
0.38058
0.412937
0.45846
0.461596
0.505646
0.560503
0.562714
0.620801
0.686375
0.689154
0.763396
0.781229
0.845763
0.937731
0.955654
1.03604
1.14556
1.16428
1.26165
1.38847
1.40828
1.51955
1.65681
1.67679
1.79061
1.92017
1.9369
2.0254
2.12692
2.13967
2.19917
2.27685
2.2876
2.32283
2.38095
2.39203
2.41212
2.45413
2.49261
2.47793
2.50441
2.53903
2.52692
2.54022
2.57176
2.56377
2.56571
2.59378
2.59097
2.58253
2.60614
2.6098
2.59959
2.609
2.62596
0.680253
0.669101
0.628029
0.548118
0.524877
0.414503
0.395367
0.316168
0.293753
0.288417
0.285007
0.298803
0.299568
0.322361
0.32515
0.350491
0.385466
0.3887
0.423821
0.468034
0.472478
0.519428
0.570155
0.576878
0.637216
0.696467
0.706713
0.781461
0.792529
0.8664
0.957157
0.969495
1.05943
1.16679
1.18104
1.28803
1.41224
1.42833
1.54975
1.68442
1.70092
1.8265
1.95298
1.96531
2.06845
2.16683
2.1738
2.24819
2.32191
2.32454
2.37527
2.43016
2.43037
2.46542
2.50717
2.53307
2.52979
2.56026
2.58155
2.57592
2.59589
2.61658
2.6097
2.62001
2.64158
2.63427
2.64098
2.65807
2.65107
2.65379
2.66555
2.66867
0.845751
0.832543
0.77017
0.717284
0.673973
0.556751
0.545523
0.423516
0.386578
0.37507
0.351077
0.36843
0.359377
0.38026
0.390756
0.405498
0.447213
0.4536
0.482703
0.537862
0.540432
0.584017
0.649295
0.648861
0.709453
0.785078
0.783061
0.86225
0.885559
0.947261
1.04636
1.06881
1.14543
1.26458
1.28726
1.38028
1.51915
1.54282
1.65
1.80292
1.82729
1.93872
2.08909
2.11124
2.19694
2.31804
2.33676
2.3907
2.48415
2.50185
2.52841
2.59628
2.61631
2.62721
2.67311
2.72459
2.70013
2.72356
2.77237
2.75428
2.75613
2.80455
2.79482
2.77878
2.82434
2.82443
2.80043
2.83289
2.8446
2.82329
2.83005
2.85909
0.875912
0.860548
0.809496
0.740115
0.713055
0.589072
0.565474
0.450658
0.401939
0.3907
0.367331
0.3765
0.373437
0.393246
0.397911
0.421089
0.458146
0.462475
0.500184
0.547681
0.552077
0.602361
0.658409
0.664
0.727826
0.793737
0.80208
0.880547
0.895465
0.970192
1.06477
1.08056
1.17211
1.28367
1.30102
1.41074
1.5396
1.55875
1.68467
1.82581
1.84576
1.97897
2.11564
2.13235
2.2438
2.3509
2.36187
2.44159
2.52168
2.52833
2.57956
2.63788
2.6428
2.67574
2.7192
2.75236
2.74431
2.77496
2.80243
2.79339
2.81406
2.83742
2.82916
2.84472
2.86104
2.85471
2.85784
2.87499
2.87175
2.86946
2.87987
2.88838
0.912777
0.893867
0.849564
0.764898
0.750924
0.628451
0.591077
0.487417
0.420658
0.409464
0.388711
0.385942
0.388425
0.408172
0.406082
0.435838
0.470479
0.472313
0.515698
0.558667
0.564509
0.619392
0.668591
0.679314
0.746216
0.803543
0.820126
0.89954
0.905599
0.990618
1.08418
1.09274
1.19475
1.30383
1.31535
1.43569
1.56111
1.57533
1.71242
1.84982
1.86507
2.01086
2.14303
2.15411
2.28215
2.38548
2.38857
2.48585
2.56157
2.55692
2.62717
2.68235
2.67167
2.72389
2.76827
2.78211
2.79051
2.82791
2.83453
2.83573
2.86818
2.87253
2.86687
2.8942
2.90035
2.88807
2.91049
2.92032
2.90146
2.91734
2.93228
2.91937
1.19116
1.16168
1.06386
0.998616
0.963718
0.839088
0.812073
0.664516
0.573459
0.551993
0.495258
0.489947
0.47905
0.490425
0.496803
0.513078
0.550562
0.555753
0.59289
0.644163
0.647895
0.700058
0.761822
0.765274
0.832029
0.90478
0.909785
0.991792
1.01096
1.08482
1.18367
1.20325
1.29452
1.41118
1.43197
1.54197
1.67696
1.6995
1.82683
1.97675
2.00071
2.13821
2.29078
2.31226
2.42991
2.55055
2.56707
2.65042
2.74079
2.75345
2.80296
2.86668
2.87855
2.90646
2.95294
2.99557
2.97996
3.01131
3.04667
3.0325
3.05185
3.08074
3.07069
3.0788
3.10191
3.09777
3.09323
3.1124
3.11545
3.10458
3.1142
3.12984
1.25049
1.21761
1.10596
1.03592
1.01201
0.887578
0.850649
0.699326
0.60488
0.58298
0.517597
0.506372
0.499993
0.509344
0.510561
0.529639
0.56736
0.570558
0.607679
0.659738
0.664908
0.717512
0.776756
0.784734
0.852319
0.919491
0.931357
1.01391
1.02687
1.10814
1.20734
1.22173
1.31955
1.43667
1.45325
1.56912
1.7048
1.72383
1.85704
2.00813
2.0289
2.17344
2.32585
2.34401
2.47305
2.59665
2.60749
2.70242
2.79353
2.79764
2.86061
2.92389
2.9243
2.96688
3.01341
3.04347
3.04053
3.07299
3.09719
3.09085
3.11134
3.1341
3.12554
3.13625
3.15861
3.14896
3.15633
3.1729
3.16341
3.16692
3.17698
3.17971
1.7161
1.65527
1.44149
1.36635
1.30094
1.17735
1.16206
0.966242
0.849735
0.810942
0.693882
0.670368
0.639181
0.631554
0.643682
0.63702
0.677187
0.683282
0.708213
0.770203
0.770893
0.817554
0.892354
0.889155
0.955633
1.04114
1.03611
1.12215
1.1493
1.21502
1.32191
1.34773
1.43037
1.55822
1.58405
1.68495
1.83378
1.86089
1.97937
2.14683
2.17605
2.3069
2.4851
2.51476
2.62967
2.77767
2.80293
2.87823
2.99128
3.01475
3.0507
3.12799
3.15354
3.16557
3.21744
3.27887
3.2476
3.27454
3.33016
3.30651
3.31
3.36196
3.34926
3.33265
3.37875
3.37933
3.35119
3.38282
3.39871
3.36951
3.3757
3.40873
1.80561
1.7403
1.51519
1.41343
1.37157
1.24333
1.20663
1.04224
0.895082
0.857537
0.73342
0.693666
0.67297
0.65889
0.661541
0.665753
0.698435
0.701857
0.735384
0.787898
0.791726
0.844463
0.907796
0.913048
0.98188
1.05491
1.06312
1.14751
1.16521
1.24513
1.34688
1.36553
1.46358
1.58342
1.60383
1.72127
1.85986
1.88265
2.01914
2.17491
2.20002
2.35168
2.51634
2.5415
2.68309
2.8179
2.83524
2.93899
3.03806
3.04897
3.11334
3.17962
3.18748
3.2259
3.27393
3.31408
3.30345
3.33668
3.3683
3.35645
3.37916
3.40355
3.39312
3.40765
3.42468
3.41758
3.41995
3.43452
3.43223
3.42694
3.43537
3.4453
1.90677
1.83393
1.613
1.46587
1.43855
1.30949
1.25923
1.10715
0.948555
0.910132
0.787659
0.72142
0.70921
0.691103
0.682739
0.693237
0.722652
0.722233
0.760627
0.80829
0.813304
0.869338
0.925902
0.936263
1.00712
1.07145
1.08758
1.17292
1.18151
1.27066
1.37267
1.38384
1.49036
1.60984
1.62415
1.74944
1.88735
1.90491
2.04909
2.20433
2.22444
2.38463
2.5496
2.56675
2.72082
2.85904
2.86855
2.98612
3.0863
3.08547
3.1659
3.23288
3.22459
3.28099
3.33075
3.35207
3.35827
3.39521
3.40933
3.40836
3.4361
3.44831
3.44031
3.46122
3.47405
3.45945
3.47682
3.48921
3.46901
3.48261
3.49384
3.48411
2.49734
2.41597
2.16761
1.9831
1.89525
1.73086
1.70257
1.5104
1.33714
1.28162
1.1028
1.00868
0.960297
0.90264
0.904635
0.873363
0.893322
0.895119
0.916344
0.968978
0.968623
1.01714
1.08561
1.08398
1.15161
1.23212
1.23134
1.3169
1.34027
1.41371
1.5192
1.54244
1.63519
1.76019
1.78431
1.89721
2.04247
2.06858
2.20135
2.3661
2.39513
2.54579
2.72738
2.7624
2.90936
3.06556
3.09022
3.1973
3.31315
3.33278
3.39305
3.46809
3.48588
3.5146
3.56684
3.61952
3.59718
3.63064
3.67299
3.65344
3.67126
3.70524
3.69227
3.6952
3.72165
3.71807
3.70717
3.72585
3.73308
3.71377
3.72118
3.74039
2.59774
2.5204
2.25652
2.05946
1.98129
1.80612
1.76758
1.58422
1.40664
1.35312
1.15072
1.05272
1.01049
0.942358
0.937475
0.903684
0.925056
0.924377
0.932116
0.995845
0.997897
1.04297
1.10892
1.11375
1.18009
1.25257
1.26108
1.3461
1.36227
1.44335
1.54877
1.56611
1.66511
1.79007
1.80959
1.92798
2.07307
2.09544
2.23383
2.39811
2.42364
2.58173
2.76163
2.79112
2.95441
3.10912
3.12757
3.25057
3.36384
3.37258
3.45111
3.52281
3.52529
3.57417
3.62422
3.65977
3.65585
3.6895
3.71657
3.7087
3.72988
3.75255
3.7424
3.75262
3.77318
3.7623
3.76918
3.78162
3.77152
3.77324
3.77958
3.78166
2.68063
2.60795
2.42197
2.14636
2.10988
1.92074
1.85032
1.69802
1.49521
1.44202
1.27262
1.10719
1.08992
1.01434
0.980841
0.969383
0.970625
0.960942
0.998571
1.03114
1.03474
1.09444
1.13859
1.15223
1.22507
1.27883
1.30143
1.38723
1.38618
1.48588
1.58763
1.5918
1.70958
1.82764
1.83687
1.97407
2.11043
2.12419
2.28143
2.43622
2.45369
2.63071
2.80293
2.82189
3.00409
3.15767
3.16554
3.31253
3.42187
3.41488
3.51734
3.58738
3.56818
3.64073
3.69355
3.70322
3.72002
3.76299
3.76336
3.76855
3.80638
3.80372
3.79667
3.83042
3.83005
3.81027
3.84002
3.84548
3.81333
3.8376
3.85037
3.82498
2.83763
2.87905
3.00287
2.82961
2.74286
2.52108
2.46484
2.25433
2.05284
1.99162
1.77387
1.59878
1.52682
1.38825
1.37069
1.28227
1.26112
1.25486
1.251
1.29086
1.28632
1.32413
1.38471
1.38095
1.44158
1.51595
1.51511
1.59629
1.61674
1.69057
1.79329
1.81413
1.90882
2.03138
2.05382
2.17024
2.31404
2.33917
2.47697
2.64043
2.6691
2.82854
3.01483
3.05208
3.23091
3.40253
3.42766
3.56188
3.68713
3.70471
3.78502
3.86136
3.87299
3.91485
3.96733
4.01331
3.99852
4.03455
4.0678
4.05211
4.07662
4.09922
4.08629
4.09956
4.11365
4.10616
4.10566
4.11531
4.11467
4.10292
4.10858
4.11688
2.81114
2.88637
3.07434
2.92345
2.85101
2.62615
2.56703
2.34097
2.15537
2.09565
1.86112
1.68381
1.61566
1.46689
1.44125
1.34104
1.32338
1.31265
1.29557
1.34264
1.33871
1.36907
1.4298
1.42991
1.488
1.55609
1.56091
1.64295
1.65677
1.73426
1.84015
1.85546
1.95097
2.07846
2.09647
2.21183
2.3618
2.38325
2.51936
2.68899
2.71432
2.87252
3.06588
3.09634
3.27453
3.45994
3.48184
3.62294
3.75516
3.76509
3.85307
3.93372
3.93493
3.98773
4.04062
4.07656
4.07343
4.10652
4.13421
4.12656
4.14447
4.16885
4.15783
4.16501
4.18629
4.17307
4.17667
4.18967
4.17605
4.1774
4.18063
4.18031
2.34307
2.51835
3.02188
3.26723
3.27247
3.27232
3.24727
3.05323
2.90034
2.82468
2.56785
2.40216
2.27529
2.08478
2.07995
1.88185
1.82835
1.81158
1.74134
1.78512
1.75885
1.76216
1.83707
1.80052
1.84319
1.93703
1.89665
1.97303
2.00997
2.04579
2.15352
2.18473
2.24611
2.37941
2.40812
2.49524
2.65357
2.68244
2.79231
2.97065
3.00197
3.13446
3.34159
3.38307
3.55149
3.76339
3.79655
3.9146
4.0707
4.10434
4.16095
4.25524
4.28778
4.30054
4.35933
4.43355
4.38992
4.4197
4.48218
4.4482
4.45212
4.50533
4.48629
4.46695
4.509
4.50856
4.47188
4.49694
4.51699
4.47262
4.47366
4.50713
2.1815
2.38177
3.09443
3.31883
3.42706
3.43773
3.35947
3.25303
3.0391
2.97225
2.7466
2.52306
2.43716
2.22132
2.17853
2.01548
1.9288
1.90539
1.84165
1.86349
1.84819
1.8521
1.9008
1.88639
1.92427
1.98953
1.9789
2.0465
2.06552
2.12508
2.2213
2.2404
2.32315
2.44281
2.4637
2.57091
2.71407
2.73771
2.86708
3.02877
3.05595
3.20702
3.39871
3.43447
3.62599
3.8217
3.85334
4.00443
4.14275
4.16138
4.25264
4.33236
4.34268
4.38972
4.44163
4.48645
4.47366
4.50806
4.539
4.52422
4.54748
4.56669
4.55331
4.56665
4.57581
4.56638
4.56613
4.57033
4.56636
4.55487
4.55564
4.55951
2.06157
2.26975
2.95038
3.2997
3.40429
3.48488
3.42987
3.3422
3.157
3.09183
2.86329
2.6368
2.5594
2.34596
2.28716
2.1242
2.03669
2.00294
1.94136
1.95344
1.93697
1.94208
1.97579
1.96708
2.00587
2.05301
2.05265
2.12134
2.1247
2.19368
2.29126
2.29827
2.38816
2.50902
2.52041
2.63333
2.77758
2.79344
2.92726
3.09012
3.11019
3.2651
3.45836
3.4869
3.68027
3.88376
3.90988
4.06486
4.21017
4.21878
4.31892
4.40311
4.3991
4.45853
4.51242
4.54272
4.54353
4.57703
4.59867
4.59307
4.61216
4.63015
4.61866
4.628
4.64286
4.62604
4.6309
4.63946
4.61884
4.62233
4.623
4.61418
1.31904
1.44684
2.14523
2.7774
3.00662
3.52465
3.6161
3.87751
3.93326
3.87877
3.75496
3.59361
3.47901
3.26707
3.23203
3.00402
2.88969
2.8512
2.74102
2.73996
2.69495
2.66216
2.69735
2.64265
2.65123
2.71547
2.65947
2.70704
2.73327
2.74572
2.82991
2.85207
2.89582
3.00839
3.02928
3.1036
3.24463
3.26663
3.36737
3.52814
3.55253
3.6762
3.87037
3.90663
4.07747
4.29264
4.32747
4.45401
4.60924
4.63827
4.71011
4.79952
4.82317
4.84697
4.90186
4.96446
4.92849
4.95883
5.00687
4.97668
4.9871
5.02374
5.00404
4.99556
5.0202
5.01441
4.98827
5.00017
5.01027
4.97262
4.97035
4.98845
1.15552
1.28938
1.877
2.62294
2.88099
3.57448
3.63421
4.1585
4.06632
4.03077
3.95703
3.74178
3.67027
3.43891
3.37198
3.18055
3.04112
2.99904
2.87624
2.8719
2.83955
2.78488
2.80932
2.77527
2.76644
2.80945
2.77856
2.81467
2.82772
2.85202
2.93054
2.94348
2.99274
3.10206
3.11691
3.19411
3.33246
3.35051
3.4543
3.61133
3.6325
3.75793
3.94936
3.98194
4.15818
4.3683
4.39776
4.54496
4.68996
4.70669
4.803
4.88258
4.88836
4.93908
4.98777
5.02546
5.01712
5.04725
5.07162
5.05962
5.07871
5.09268
5.07941
5.09022
5.09354
5.08063
5.08006
5.07776
5.06698
5.05762
5.05234
5.04724
1.09202
1.21574
1.80537
2.49876
2.73156
3.38719
3.53003
3.96514
4.11073
4.08892
4.04847
3.86759
3.81038
3.60528
3.51634
3.34824
3.21466
3.15437
3.07603
3.03252
2.99868
2.97534
2.94902
2.93068
2.93609
2.92886
2.9273
2.96553
2.93752
2.99415
3.06451
3.04731
3.12648
3.22166
3.21404
3.31856
3.44093
3.44132
3.5702
3.71257
3.71812
3.86873
4.04559
4.06208
4.25718
4.45418
4.46705
4.63092
4.77441
4.77597
4.88636
4.96829
4.95386
5.0211
5.0729
5.0902
5.09764
5.13096
5.13958
5.13742
5.15926
5.16466
5.15268
5.16659
5.16939
5.14721
5.15604
5.15641
5.1254
5.13292
5.13077
5.1076
0.668405
0.715562
1.04638
1.58248
1.74466
2.48262
2.70483
3.45087
4.04999
4.18155
4.56016
4.65447
4.63023
4.58103
4.52667
4.42081
4.33076
4.28679
4.22597
4.19508
4.14501
4.10376
4.08656
4.02402
3.99507
4.00693
3.94232
3.94491
3.94553
3.92596
3.96023
3.96026
3.97054
4.0332
4.03525
4.07958
4.17678
4.18401
4.26274
4.38804
4.40052
4.50901
4.67134
4.69463
4.84069
5.01744
5.04297
5.14447
5.27507
5.29186
5.36589
5.44069
5.45275
5.48377
5.52928
5.57242
5.54735
5.57361
5.60174
5.57817
5.59127
5.60765
5.5889
5.58792
5.59252
5.5809
5.56412
5.56114
5.55871
5.52975
5.52171
5.52038
0.616748
0.659511
0.90398
1.41777
1.54124
2.28683
2.53707
3.36728
3.99054
4.16373
4.70913
4.73465
4.77608
4.72896
4.65397
4.59998
4.50275
4.46021
4.40589
4.37619
4.33864
4.27649
4.26033
4.21445
4.16441
4.16386
4.11576
4.11079
4.10043
4.07856
4.11729
4.10839
4.10254
4.17763
4.17288
4.1951
4.30862
4.31065
4.3686
4.51026
4.51805
4.60915
4.78701
4.80458
4.93623
5.11675
5.13214
5.23326
5.36395
5.37211
5.4546
5.52889
5.52717
5.57339
5.61512
5.64089
5.63595
5.65647
5.67322
5.66368
5.67055
5.68239
5.66888
5.66575
5.66999
5.65265
5.64515
5.63992
5.62074
5.61174
5.59874
5.58374
0.595851
0.632599
0.87898
1.33519
1.4409
2.07567
2.32457
3.01249
3.75551
3.91682
4.42471
4.72632
4.73486
4.81062
4.73862
4.75367
4.70593
4.63873
4.68046
4.61086
4.57935
4.60345
4.48983
4.49723
4.49827
4.37357
4.42114
4.42272
4.30213
4.38968
4.39462
4.30275
4.40128
4.41955
4.35308
4.47216
4.52011
4.47405
4.62055
4.69953
4.66596
4.8436
4.96356
4.93993
5.1407
5.26421
5.24048
5.39419
5.49331
5.46409
5.59171
5.65484
5.60858
5.69715
5.74086
5.71859
5.74757
5.78362
5.75392
5.76378
5.79905
5.7683
5.75749
5.79084
5.76306
5.72973
5.75887
5.74174
5.68671
5.71139
5.70923
5.6512
0.457456
0.470506
0.549513
0.762456
0.801989
1.17637
1.33612
1.83857
2.66604
2.88666
3.71556
4.30413
4.53415
4.99857
4.99591
5.32931
5.413
5.4113
5.66461
5.63019
5.6317
5.76068
5.69429
5.69173
5.71594
5.66248
5.65439
5.63275
5.57846
5.58659
5.54646
5.50461
5.51008
5.48212
5.45245
5.47363
5.48312
5.46589
5.51923
5.5711
5.56661
5.66647
5.76219
5.76274
5.87019
5.94869
5.95282
6.00049
6.06788
6.06583
6.12494
6.17124
6.16685
6.19801
6.22462
6.24043
6.22797
6.24205
6.24553
6.23022
6.23982
6.23179
6.21502
6.21781
6.19964
6.18267
6.17336
6.1538
6.13777
6.1181
6.10065
6.07866
0.448018
0.459216
0.540112
0.715666
0.761537
1.09638
1.22572
1.74405
2.45696
2.6854
3.45861
4.12208
4.3381
4.80699
4.89444
5.1896
5.37291
5.40331
5.59576
5.69233
5.70135
5.79966
5.82165
5.81882
5.84461
5.82007
5.81453
5.80928
5.75034
5.7609
5.74352
5.68803
5.68984
5.68039
5.63438
5.64959
5.66988
5.63696
5.68241
5.74136
5.72252
5.81548
5.91952
5.90754
6.01407
6.09087
6.06645
6.1211
6.18738
6.1704
6.23411
6.28295
6.25989
6.30248
6.33051
6.32709
6.32903
6.34148
6.33332
6.32702
6.33127
6.32151
6.30616
6.30347
6.29161
6.26664
6.26049
6.24644
6.213
6.20682
6.18964
6.15469
0.398237
0.401946
0.43029
0.494635
0.512165
0.650309
0.696486
0.955173
1.38224
1.50495
2.08489
2.75429
2.97272
3.62593
3.79256
4.3218
4.7601
4.87718
5.29159
5.60279
5.69588
6.00583
6.19101
6.25227
6.4354
6.52719
6.5527
6.63404
6.61972
6.67185
6.68898
6.66412
6.67813
6.66286
6.63363
6.63394
6.61976
6.59284
6.60171
6.61469
6.59989
6.65072
6.71279
6.70925
6.7794
6.79367
6.78666
6.78527
6.80688
6.79727
6.81553
6.84109
6.83816
6.84086
6.85504
6.86757
6.83842
6.83979
6.84056
6.81346
6.80711
6.79884
6.77653
6.76033
6.74466
6.72904
6.70065
6.67958
6.67131
6.63088
6.60671
6.58709
0.393361
0.396418
0.417413
0.471448
0.482396
0.597202
0.645957
0.836337
1.22628
1.33414
1.84245
2.50207
2.70835
3.39532
3.58318
4.15503
4.59181
4.72117
5.23843
5.50453
5.62554
6.02627
6.1648
6.27337
6.49661
6.55953
6.64732
6.72467
6.68914
6.81343
6.80593
6.77091
6.84408
6.796
6.7626
6.80374
6.7569
6.72838
6.7611
6.74546
6.7294
6.79664
6.83784
6.83864
6.92168
6.9114
6.89339
6.90076
6.9111
6.89472
6.92368
6.94151
6.92574
6.94423
6.95231
6.94852
6.93894
6.93326
6.92369
6.90983
6.89584
6.88413
6.86685
6.84641
6.83196
6.81163
6.78903
6.76711
6.74441
6.72062
6.69099
6.66076
0.366687
0.368003
0.377436
0.395451
0.401892
0.446163
0.455006
0.553337
0.71367
0.756148
1.04408
1.41232
1.54731
2.0314
2.10964
2.65517
3.0951
3.21788
3.73713
4.14256
4.31059
4.78237
5.12382
5.30249
5.66804
5.91873
6.07016
6.31551
6.35297
6.58798
6.73826
6.76343
6.90014
6.97981
6.9928
7.05909
7.09864
7.1008
7.1274
7.15499
7.15404
7.1858
7.23683
7.24538
7.28113
7.31045
7.31563
7.3158
7.33766
7.34026
7.33803
7.36256
7.37216
7.3592
7.37303
7.39767
7.35926
7.35493
7.368
7.33385
7.31344
7.31728
7.29274
7.25664
7.25157
7.24053
7.1892
7.17179
7.17616
7.11256
7.08065
7.07115
0.362188
0.363239
0.367646
0.384201
0.38624
0.418553
0.434291
0.477442
0.626915
0.663191
0.830914
1.20647
1.27138
1.6986
1.87415
2.22736
2.75473
2.90587
3.29059
3.83488
3.98668
4.48377
4.87991
5.03903
5.48353
5.7538
5.91985
6.22154
6.25672
6.55717
6.71147
6.72494
6.96319
7.00276
7.00385
7.18406
7.15461
7.14777
7.2779
7.22564
7.21627
7.31661
7.29678
7.29418
7.39232
7.37663
7.36893
7.435
7.41589
7.40094
7.45017
7.44877
7.43201
7.46262
7.46819
7.45687
7.45631
7.46105
7.43366
7.42376
7.43078
7.38933
7.37386
7.38582
7.33051
7.3117
7.29837
7.25804
7.23662
7.2089
7.17489
7.13429
0.358654
0.35984
0.365522
0.379399
0.38249
0.411833
0.423341
0.482627
0.59815
0.63118
0.819736
1.1246
1.19519
1.56831
1.71345
2.087
2.5295
2.67987
3.08356
3.5689
3.70988
4.13826
4.61962
4.72857
5.11558
5.5325
5.60017
5.90751
6.04368
6.26292
6.48593
6.57081
6.72209
6.86239
6.90767
7.00067
7.0767
7.0971
7.15053
7.18878
7.19728
7.24137
7.2871
7.29813
7.34562
7.38114
7.38256
7.41918
7.43794
7.42845
7.4632
7.48234
7.46607
7.49674
7.51093
7.49917
7.50556
7.5104
7.48512
7.48259
7.48224
7.44975
7.43626
7.43332
7.39888
7.37249
7.36563
7.33267
7.2923
7.28133
7.25211
7.19291
0.339974
0.340583
0.342413
0.346862
0.347846
0.356536
0.360567
0.376454
0.416855
0.427873
0.487393
0.61335
0.637222
0.80879
0.883952
1.07473
1.37289
1.46616
1.72018
2.11553
2.22247
2.55887
2.99433
3.11439
3.51212
3.92167
4.05672
4.4691
4.6098
4.96287
5.33046
5.43651
5.7496
6.01954
6.09201
6.34032
6.51371
6.56064
6.74786
6.85291
6.88184
7.02509
7.09851
7.12009
7.24364
7.3026
7.31577
7.40984
7.45339
7.45777
7.532
7.57179
7.56943
7.62585
7.66272
7.67175
7.68664
7.71764
7.70611
7.70903
7.73586
7.70671
7.70021
7.71821
7.67981
7.66615
7.66537
7.62979
7.61051
7.58913
7.56236
7.51755
0.337508
0.33811
0.340044
0.343804
0.344812
0.352476
0.355625
0.37127
0.403887
0.413301
0.471402
0.57373
0.598526
0.752764
0.81097
1.00148
1.25537
1.3366
1.6064
1.94032
2.03981
2.38767
2.77633
2.89031
3.28171
3.68759
3.8101
4.20077
4.35914
4.70879
5.06249
5.19649
5.50652
5.78191
5.88331
6.12707
6.32107
6.39432
6.57501
6.70695
6.76008
6.89371
6.99045
7.03253
7.14102
7.21967
7.25076
7.33595
7.3938
7.41489
7.48187
7.52988
7.54426
7.59675
7.63548
7.66452
7.67671
7.70285
7.71093
7.71598
7.73116
7.72276
7.72026
7.72507
7.70544
7.69467
7.68876
7.66267
7.64323
7.62692
7.59827
7.55712
0.321409
0.321946
0.323231
0.324917
0.325607
0.328367
0.329427
0.334626
0.345168
0.348286
0.367317
0.40285
0.412103
0.470996
0.49099
0.57746
0.701445
0.738719
0.882053
1.07545
1.13314
1.34151
1.59675
1.67796
1.94987
2.24691
2.3545
2.68081
2.79247
3.12705
3.48701
3.60507
3.94534
4.29419
4.40702
4.72506
5.0329
5.13256
5.41627
5.66985
5.74999
5.98778
6.18264
6.24149
6.4366
6.58792
6.63083
6.78617
6.90642
6.93741
7.06351
7.16307
7.18448
7.28833
7.37182
7.42607
7.46589
7.53293
7.5677
7.59331
7.64545
7.66196
7.67429
7.71081
7.71318
7.71448
7.7337
7.72803
7.72076
7.72045
7.71208
7.68546
0.319165
0.319663
0.32102
0.322575
0.323129
0.325554
0.3266
0.330733
0.339525
0.342118
0.357497
0.387431
0.394047
0.443838
0.464222
0.531866
0.64211
0.67627
0.798406
0.975462
1.02383
1.21448
1.45306
1.5171
1.77669
2.06416
2.14705
2.46451
2.5883
2.88734
3.24079
3.36847
3.69514
4.03893
4.16116
4.4879
4.7896
4.9
5.20722
5.45229
5.54567
5.81181
5.99515
6.06981
6.28745
6.42998
6.48664
6.66349
6.77786
6.8214
6.96152
7.05838
7.09257
7.20266
7.2887
7.3563
7.39523
7.47128
7.51062
7.53812
7.605
7.61789
7.63462
7.68798
7.68254
7.68934
7.72199
7.71141
7.70817
7.71677
7.70986
7.68445
0.304844
0.30536
0.306705
0.307794
0.308489
0.309899
0.310318
0.312514
0.315645
0.31672
0.322667
0.332571
0.335836
0.354296
0.358891
0.39051
0.435289
0.447143
0.510849
0.591695
0.61651
0.721896
0.842893
0.886908
1.03843
1.19846
1.26815
1.4675
1.5177
1.76032
2.00684
2.07415
2.35863
2.63621
2.71866
3.02893
3.32001
3.41288
3.73357
4.02066
4.1154
4.42497
4.68545
4.7707
5.05366
5.28041
5.35046
5.59982
5.79334
5.84487
6.05916
6.22001
6.25295
6.43598
6.5725
6.66664
6.74754
6.86313
6.9385
6.99828
7.09535
7.15274
7.19133
7.27138
7.31338
7.33218
7.39673
7.42698
7.42907
7.47657
7.4993
7.49808
0.302567
0.30304
0.304377
0.305601
0.306064
0.307463
0.308009
0.309591
0.312408
0.313273
0.317422
0.326094
0.327733
0.342152
0.348838
0.368163
0.408115
0.420439
0.461805
0.541003
0.560083
0.639578
0.761595
0.788283
0.918813
1.08201
1.11818
1.30693
1.38486
1.55588
1.80506
1.89485
2.10566
2.39977
2.49926
2.74642
3.0625
3.16853
3.44667
3.75811
3.86511
4.15587
4.43283
4.53247
4.81383
5.04876
5.13429
5.39205
5.58889
5.6578
5.87657
6.04141
6.09433
6.27013
6.41882
6.53151
6.59749
6.73562
6.81558
6.8662
6.99643
7.04212
7.07945
7.19603
7.21673
7.24177
7.32696
7.34798
7.35994
7.41001
7.44456
7.44243
0.290216
0.290684
0.29212
0.293051
0.293784
0.294934
0.295165
0.29672
0.298022
0.298612
0.300909
0.30379
0.305182
0.310903
0.311864
0.32245
0.337072
0.340462
0.36444
0.394363
0.403501
0.448615
0.498872
0.518695
0.590561
0.664201
0.700865
0.803628
0.820255
0.960784
1.09875
1.12641
1.31021
1.48121
1.52206
1.74819
1.94867
2.0034
2.26887
2.49241
2.55828
2.85138
3.08502
3.15499
3.46212
3.69493
3.76016
4.06772
4.29138
4.34224
4.63627
4.84182
4.87185
5.14419
5.33387
5.45713
5.59075
5.76416
5.86728
5.96667
6.12303
6.20603
6.27041
6.41292
6.48197
6.51216
6.64249
6.70448
6.70364
6.81977
6.88049
6.89656
0.287893
0.288341
0.289593
0.290868
0.291262
0.292511
0.29297
0.293987
0.295507
0.295969
0.297511
0.300414
0.300978
0.305278
0.307449
0.312633
0.325643
0.329709
0.340528
0.371837
0.378542
0.405485
0.459288
0.468845
0.523191
0.601851
0.614431
0.706198
0.747669
0.827009
0.965893
1.01739
1.12046
1.30949
1.3719
1.50093
1.73822
1.81247
1.97199
2.24792
2.33346
2.52292
2.81632
2.90989
3.12576
3.4153
3.51135
3.74447
4.01367
4.10539
4.3378
4.57743
4.6585
4.87339
5.09054
5.26028
5.34773
5.54787
5.68068
5.75144
5.93591
6.02836
6.0833
6.25034
6.31376
6.35513
6.47861
6.54848
6.5774
6.66561
6.74458
6.78073
0.277527
0.277932
0.279376
0.280223
0.280953
0.282043
0.28218
0.283633
0.284494
0.284955
0.286342
0.287374
0.288259
0.290326
0.290476
0.294316
0.298908
0.299905
0.308248
0.318273
0.321442
0.338442
0.357075
0.364947
0.39473
0.424832
0.441284
0.487651
0.491809
0.560821
0.627893
0.637175
0.735745
0.825143
0.841655
0.974042
1.08733
1.11268
1.28333
1.42128
1.45527
1.66416
1.82375
1.86308
2.10838
2.28635
2.32506
2.60193
2.79412
2.82329
3.12217
3.32316
3.33329
3.64261
3.85111
3.97554
4.14514
4.35743
4.46936
4.60289
4.81397
4.91184
4.99926
5.20843
5.29819
5.33567
5.53887
5.6299
5.61825
5.80756
5.90773
5.93224
0.275284
0.275702
0.276818
0.278128
0.27847
0.279665
0.280107
0.28095
0.282225
0.282585
0.283543
0.284996
0.285323
0.287005
0.287848
0.289562
0.293777
0.295142
0.297687
0.30892
0.311199
0.31984
0.340081
0.34338
0.363515
0.396062
0.400311
0.438731
0.457364
0.491038
0.555904
0.580908
0.626884
0.724761
0.757398
0.817434
0.953694
0.995716
1.07353
1.25037
1.30332
1.40155
1.61379
1.67851
1.80082
2.03846
2.1151
2.26392
2.51302
2.59998
2.77289
3.01868
3.11219
3.30137
3.53524
3.74447
3.82549
4.04214
4.23651
4.3151
4.51245
4.67989
4.74995
4.93241
5.0685
5.12772
5.27835
5.40455
5.4517
5.57215
5.68964
5.76941
0.273487
0.273928
0.275001
0.276468
0.276639
0.277745
0.278335
0.279138
0.280361
0.280728
0.281651
0.283216
0.283393
0.284921
0.285819
0.287686
0.291131
0.292358
0.296901
0.304781
0.306802
0.316905
0.332924
0.336132
0.355456
0.384231
0.388765
0.421713
0.436474
0.473436
0.525562
0.547211
0.600904
0.676479
0.706437
0.779508
0.882734
0.922853
1.01784
1.15172
1.20428
1.31992
1.48322
1.55069
1.68387
1.87256
1.95842
2.10395
2.31027
2.41818
2.56817
2.78024
2.91334
3.06009
3.26526
3.54561
3.56368
3.74728
4.01349
4.05164
4.20285
4.43799
4.50261
4.61846
4.81224
4.90752
4.99137
5.13832
5.26358
5.31943
5.41852
5.58955
0.264606
0.264985
0.266006
0.26724
0.267538
0.268659
0.269082
0.269873
0.271044
0.271368
0.27219
0.27328
0.273543
0.274574
0.275062
0.275928
0.277648
0.278224
0.279493
0.283089
0.283919
0.286938
0.293875
0.295048
0.302141
0.314182
0.315694
0.330201
0.33752
0.35094
0.377467
0.388071
0.407703
0.45097
0.465832
0.49319
0.558053
0.578521
0.616127
0.706752
0.734349
0.784114
0.90174
0.938038
1.00274
1.14624
1.19306
1.27622
1.44083
1.50014
1.60504
1.78248
1.85587
1.98427
2.16462
2.35064
2.40472
2.57599
2.78006
2.84491
2.99873
3.21213
3.28239
3.42332
3.62843
3.69856
3.84369
4.01766
4.08329
4.22202
4.36971
4.49428
0.263055
0.263439
0.264498
0.265813
0.266007
0.267062
0.267547
0.268371
0.269457
0.269779
0.270605
0.271772
0.271927
0.27288
0.273453
0.274331
0.275796
0.276371
0.277999
0.280799
0.28155
0.284998
0.290566
0.291711
0.298592
0.309032
0.310802
0.323365
0.328813
0.343743
0.36509
0.373599
0.397117
0.430288
0.442905
0.47744
0.525851
0.543947
0.592229
0.659246
0.684523
0.747712
0.835053
0.869516
0.948008
1.05639
1.10296
1.19604
1.32433
1.38686
1.49243
1.63706
1.72026
1.83505
1.9903
2.19712
2.22027
2.37578
2.59288
2.63293
2.7795
2.99259
3.05679
3.18577
3.38026
3.47487
3.58251
3.74688
3.87464
3.95937
4.08686
4.28336
0.255323
0.255693
0.256747
0.257902
0.258204
0.259269
0.259644
0.260426
0.261487
0.261778
0.262548
0.263509
0.263745
0.264599
0.26498
0.265628
0.266679
0.267029
0.267751
0.269296
0.269689
0.270935
0.27345
0.273933
0.276485
0.280744
0.28133
0.286517
0.289174
0.294162
0.304076
0.308125
0.315833
0.332995
0.339011
0.350404
0.37781
0.386615
0.403189
0.443992
0.456604
0.479662
0.53602
0.553646
0.584987
0.658038
0.682216
0.724255
0.813265
0.845946
0.901754
1.00354
1.04727
1.12019
1.22908
1.35202
1.38101
1.48713
1.63795
1.67818
1.77132
1.95185
2.00328
2.0867
2.28276
2.34409
2.4473
2.62042
2.69007
2.81202
2.95452
3.10564
0.253956
0.254316
0.255384
0.256646
0.256845
0.257875
0.258295
0.259124
0.260143
0.260426
0.261219
0.262242
0.262391
0.26319
0.26364
0.264287
0.265225
0.265603
0.266432
0.267746
0.268108
0.269467
0.271631
0.272058
0.274532
0.278351
0.278955
0.283486
0.285516
0.290991
0.299032
0.302233
0.311411
0.32462
0.329568
0.343948
0.364398
0.371878
0.393309
0.423333
0.43437
0.464198
0.505619
0.521481
0.56079
0.615118
0.637633
0.687031
0.755058
0.786781
0.846309
0.927791
0.972186
1.04138
1.13491
1.25971
1.27527
1.37634
1.5176
1.54489
1.64932
1.80068
1.8466
1.94836
2.10038
2.17263
2.26741
2.40987
2.51486
2.60049
2.72489
2.91119
0.247141
0.247492
0.24852
0.249665
0.249971
0.251054
0.251422
0.252268
0.253302
0.253587
0.254388
0.25527
0.255497
0.256292
0.256619
0.257218
0.258082
0.258358
0.258926
0.259914
0.260176
0.260898
0.262097
0.262361
0.263482
0.265159
0.265433
0.267402
0.26841
0.270252
0.273893
0.275402
0.278237
0.284675
0.286959
0.291252
0.301996
0.305473
0.311953
0.328815
0.334038
0.343445
0.368025
0.375709
0.389092
0.422628
0.433752
0.452582
0.495399
0.511256
0.537499
0.588541
0.610943
0.646972
0.703442
0.770532
0.78393
0.839858
0.92748
0.948002
0.99544
1.10905
1.13833
1.17729
1.31196
1.35168
1.40784
1.53208
1.58456
1.66382
1.76394
1.89537
0.245949
0.246274
0.247313
0.248539
0.248735
0.249772
0.250172
0.251037
0.252071
0.252338
0.253148
0.254144
0.254278
0.255053
0.255442
0.256047
0.256852
0.257158
0.257785
0.258688
0.258927
0.259689
0.260829
0.261027
0.262106
0.263753
0.26395
0.265685
0.266554
0.268522
0.271497
0.272754
0.276094
0.281063
0.282964
0.288414
0.296401
0.299326
0.307865
0.320151
0.324626
0.337148
0.354949
0.361666
0.379042
0.40354
0.413514
0.436444
0.46856
0.483251
0.512193
0.552389
0.573844
0.609031
0.657154
0.722566
0.730176
0.78448
0.862027
0.876269
0.93521
1.02293
1.04856
1.1094
1.2032
1.24646
1.30718
1.40142
1.46911
1.52938
1.61849
1.75543
0.240168
0.240472
0.241383
0.242449
0.242723
0.243761
0.244117
0.244948
0.246006
0.246294
0.247158
0.248059
0.248316
0.249169
0.249471
0.250139
0.250955
0.251203
0.251796
0.252604
0.252825
0.25344
0.254239
0.254438
0.25515
0.256026
0.256207
0.257155
0.257615
0.258413
0.259895
0.260503
0.261581
0.264042
0.26492
0.266467
0.270575
0.271899
0.274211
0.280831
0.28286
0.286287
0.296309
0.299398
0.304481
0.318701
0.323366
0.330903
0.349744
0.35671
0.367781
0.391001
0.401314
0.417241
0.443618
0.475942
0.481413
0.50782
0.55174
0.560937
0.582166
0.642158
0.656391
0.670229
0.746407
0.767387
0.792956
0.863249
0.893572
0.934538
0.989843
1.07314
0.239149
0.239418
0.240343
0.241468
0.241629
0.242609
0.242976
0.243824
0.24486
0.245115
0.245955
0.246995
0.247126
0.247944
0.248328
0.248966
0.249783
0.250066
0.250673
0.251499
0.251693
0.252315
0.253189
0.253308
0.253994
0.254991
0.255053
0.25591
0.256403
0.257203
0.258446
0.259035
0.260266
0.262191
0.262983
0.264957
0.268006
0.269163
0.272313
0.277075
0.278837
0.283616
0.29073
0.293431
0.300336
0.310492
0.314644
0.32414
0.337959
0.344326
0.356793
0.374705
0.384394
0.400109
0.42222
0.453409
0.456203
0.481788
0.519907
0.52605
0.554436
0.59888
0.61112
0.64105
0.690068
0.712266
0.742977
0.793704
0.830535
0.862434
0.911858
0.992362
0.234455
0.234702
0.235492
0.236389
0.236625
0.237538
0.237841
0.238593
0.239568
0.239831
0.240671
0.241554
0.241808
0.24269
0.242991
0.243714
0.244566
0.244817
0.245514
0.246301
0.24653
0.247236
0.247925
0.24814
0.248818
0.249455
0.24965
0.250327
0.250591
0.251148
0.251938
0.252233
0.252824
0.253897
0.254271
0.254971
0.256593
0.257115
0.258044
0.260573
0.261347
0.262653
0.266499
0.267677
0.269606
0.275185
0.276999
0.279925
0.287529
0.290325
0.294751
0.304423
0.308712
0.315273
0.326603
0.340645
0.342728
0.354374
0.373963
0.377736
0.387088
0.414658
0.420878
0.423347
0.462521
0.472277
0.483307
0.51731
0.532071
0.550718
0.577487
0.619636
0.230659
0.230837
0.231621
0.23231
0.232578
0.233341
0.23348
0.234351
0.235102
0.235327
0.236173
0.236881
0.237195
0.237995
0.238116
0.239032
0.23978
0.239973
0.240829
0.241506
0.241767
0.242558
0.243159
0.243475
0.244183
0.244708
0.245063
0.245695
0.24577
0.246554
0.247155
0.247258
0.248041
0.248654
0.248783
0.249641
0.250352
0.250521
0.251587
0.252523
0.252748
0.254193
0.255514
0.255813
0.257868
0.259773
0.260142
0.263096
0.265826
0.266216
0.27043
0.274279
0.274552
0.280449
0.285775
0.290129
0.293766
0.300907
0.306571
0.310625
0.320145
0.327384
0.331234
0.343742
0.352962
0.355525
0.371821
0.383689
0.383418
0.404307
0.42017
0.43023
0.229847
0.230049
0.230742
0.23145
0.231663
0.232422
0.232663
0.233356
0.234148
0.234375
0.235142
0.235904
0.23614
0.236947
0.237214
0.237929
0.238737
0.238981
0.239727
0.240489
0.240726
0.241486
0.242179
0.242416
0.243145
0.243767
0.244007
0.244678
0.244899
0.245493
0.246136
0.246347
0.246928
0.247577
0.247792
0.248367
0.249116
0.249365
0.24999
0.250979
0.251302
0.252046
0.25345
0.253906
0.254875
0.256882
0.257561
0.258894
0.261683
0.262721
0.264611
0.268296
0.269905
0.272616
0.277151
0.282676
0.283546
0.28854
0.296282
0.297803
0.302585
0.313258
0.315786
0.319949
0.333661
0.337694
0.343171
0.357398
0.363687
0.371935
0.38415
0.402359
0.226732
0.226885
0.227517
0.228114
0.228316
0.228952
0.229093
0.229788
0.230439
0.230627
0.231327
0.231969
0.23221
0.232905
0.233051
0.233818
0.234514
0.234702
0.235459
0.236139
0.236372
0.237113
0.237759
0.23803
0.238735
0.239336
0.239637
0.240296
0.24043
0.241164
0.241788
0.241935
0.24263
0.243212
0.243365
0.244028
0.244591
0.244752
0.245429
0.246022
0.246196
0.246941
0.24762
0.247807
0.248695
0.24954
0.249751
0.250896
0.252014
0.252251
0.253796
0.255311
0.255556
0.25767
0.259718
0.261603
0.262819
0.265513
0.268015
0.269423
0.27295
0.276201
0.27767
0.28224
0.28636
0.287615
0.293531
0.298663
0.29927
0.306947
0.313368
0.31863
0.226151
0.226322
0.226914
0.227492
0.227681
0.228303
0.228496
0.229108
0.229748
0.229942
0.230602
0.231243
0.231455
0.23214
0.232363
0.233018
0.233718
0.233935
0.234629
0.235324
0.235547
0.236267
0.236939
0.23717
0.237885
0.238526
0.238768
0.23945
0.239675
0.240306
0.240955
0.241166
0.241784
0.242388
0.242586
0.243178
0.243756
0.243951
0.244537
0.245137
0.245342
0.245946
0.246613
0.246843
0.247491
0.248306
0.248593
0.249347
0.250407
0.250804
0.25174
0.253131
0.253715
0.254929
0.2567
0.258775
0.259201
0.261305
0.264137
0.264778
0.267136
0.270902
0.271906
0.274442
0.279173
0.280746
0.283652
0.288995
0.29143
0.295127
0.300432
0.307544
0.223522
0.223661
0.224179
0.224695
0.224855
0.225388
0.225529
0.226085
0.226643
0.226805
0.227377
0.227942
0.228129
0.228715
0.228873
0.229489
0.230101
0.230278
0.230907
0.231532
0.231732
0.232373
0.232997
0.233219
0.233864
0.234475
0.234718
0.235358
0.235532
0.236196
0.236832
0.237012
0.237656
0.238267
0.238449
0.239066
0.23965
0.239832
0.240428
0.240995
0.241175
0.241759
0.242313
0.242488
0.243074
0.243642
0.243818
0.244445
0.245074
0.245256
0.245972
0.246697
0.246887
0.247743
0.248611
0.249476
0.249902
0.250954
0.25207
0.252562
0.253857
0.255289
0.255846
0.257447
0.259229
0.259816
0.261836
0.263961
0.264508
0.26714
0.269603
0.272142
0.2231
0.223243
0.223746
0.224246
0.224401
0.22492
0.22508
0.225604
0.226143
0.226305
0.226862
0.227414
0.227588
0.228163
0.228348
0.228918
0.229514
0.229699
0.230302
0.230914
0.231106
0.231738
0.232357
0.232557
0.233201
0.233821
0.23403
0.234668
0.234888
0.2355
0.236131
0.236345
0.236953
0.237565
0.23777
0.238364
0.238949
0.239147
0.239726
0.24029
0.240484
0.241045
0.241594
0.241786
0.242333
0.242887
0.243087
0.243644
0.244246
0.24447
0.245064
0.245739
0.246006
0.246655
0.247444
0.24832
0.248554
0.249478
0.250576
0.250874
0.251954
0.253332
0.253749
0.25498
0.256665
0.257278
0.25867
0.260636
0.26155
0.263175
0.265338
0.268018
0.220831
0.220959
0.221393
0.221845
0.22198
0.222436
0.222578
0.22303
0.223515
0.223658
0.224133
0.224626
0.224778
0.225276
0.225437
0.22593
0.226461
0.226625
0.227139
0.227693
0.227864
0.228401
0.228966
0.229145
0.229706
0.230272
0.230463
0.231042
0.231237
0.231797
0.232398
0.232592
0.233153
0.233756
0.233952
0.234507
0.235104
0.235299
0.235847
0.236432
0.236623
0.237156
0.237722
0.23791
0.238424
0.238973
0.239155
0.239659
0.2402
0.240381
0.240886
0.241422
0.241606
0.242121
0.242667
0.243212
0.243425
0.243989
0.244615
0.24484
0.245426
0.246152
0.246398
0.247023
0.247864
0.248151
0.248867
0.249793
0.250139
0.251038
0.251986
0.253172
0.220492
0.220608
0.221045
0.221498
0.221612
0.222063
0.222196
0.222648
0.223123
0.223253
0.223727
0.224222
0.22435
0.224842
0.224997
0.225484
0.226002
0.226154
0.226665
0.227209
0.227362
0.227901
0.228463
0.228616
0.229174
0.229755
0.229908
0.230476
0.230676
0.231223
0.231806
0.232006
0.232559
0.233146
0.233345
0.233897
0.234478
0.234676
0.235222
0.235793
0.235989
0.236521
0.237073
0.237269
0.23778
0.238315
0.238512
0.239006
0.23953
0.239735
0.240214
0.240733
0.240952
0.24142
0.241948
0.24253
0.242673
0.24322
0.243837
0.244006
0.244581
0.245243
0.245452
0.24606
0.246788
0.247072
0.24772
0.248526
0.248925
0.249624
0.250505
0.251586
0.218496
0.218614
0.218989
0.219392
0.219509
0.219916
0.220053
0.220429
0.220864
0.220991
0.221396
0.221833
0.221959
0.222397
0.222555
0.222954
0.223429
0.223575
0.223997
0.224491
0.224635
0.22509
0.225591
0.225737
0.226223
0.226724
0.226875
0.227389
0.227582
0.228038
0.228586
0.228775
0.229239
0.229805
0.229992
0.230463
0.23104
0.231227
0.231704
0.232285
0.232471
0.232945
0.233521
0.233708
0.234173
0.234738
0.234924
0.235381
0.235928
0.236116
0.236561
0.237084
0.237276
0.23771
0.238208
0.238682
0.238842
0.239303
0.2398
0.239959
0.240377
0.240898
0.241064
0.241444
0.241993
0.242177
0.242555
0.243096
0.243315
0.243723
0.244181
0.244774
0.218167
0.218258
0.218645
0.219073
0.219148
0.219554
0.219667
0.220061
0.220497
0.220595
0.221009
0.221471
0.221553
0.221987
0.222122
0.222537
0.223001
0.223125
0.22356
0.224053
0.224168
0.224628
0.225148
0.22525
0.225731
0.226277
0.226367
0.226865
0.227049
0.22751
0.228034
0.228218
0.228688
0.229228
0.22941
0.229887
0.230439
0.230621
0.231102
0.231659
0.231845
0.23232
0.232872
0.233064
0.233527
0.234068
0.234271
0.234716
0.235241
0.235459
0.235882
0.236384
0.236623
0.23702
0.237499
0.23807
0.238141
0.23859
0.23914
0.239244
0.239663
0.240189
0.240335
0.240724
0.241228
0.241435
0.241799
0.242278
0.242563
0.242898
0.243337
0.243928
0.216398
0.216499
0.21685
0.217203
0.217309
0.217687
0.217804
0.218142
0.218534
0.218643
0.219019
0.219395
0.21951
0.219912
0.220045
0.220397
0.220823
0.220946
0.221316
0.221757
0.22188
0.222292
0.22272
0.222846
0.223288
0.22371
0.223843
0.224307
0.224468
0.224863
0.225353
0.225509
0.225917
0.226424
0.226579
0.226996
0.227517
0.227675
0.228102
0.228634
0.228796
0.229226
0.229761
0.229926
0.230358
0.230893
0.231061
0.231495
0.232021
0.232193
0.232622
0.233134
0.233311
0.233731
0.234225
0.234664
0.234819
0.235281
0.23572
0.235869
0.236293
0.236734
0.236879
0.237247
0.237701
0.237848
0.238197
0.23862
0.238776
0.239102
0.239469
0.239833
0.214744
0.21482
0.215173
0.215506
0.215602
0.215948
0.216015
0.216389
0.216739
0.216827
0.217197
0.217543
0.217651
0.218017
0.218084
0.218484
0.218855
0.218941
0.219341
0.219713
0.219818
0.220223
0.220594
0.22072
0.221126
0.221497
0.221641
0.222048
0.222121
0.222576
0.222995
0.223079
0.223541
0.223963
0.224057
0.224528
0.224953
0.225056
0.225537
0.225967
0.226076
0.226564
0.226996
0.227105
0.227602
0.228038
0.228142
0.228648
0.229087
0.229181
0.229695
0.230137
0.230213
0.230733
0.231179
0.23154
0.23176
0.232203
0.232559
0.232754
0.233199
0.233549
0.233706
0.234153
0.234501
0.234606
0.235057
0.235402
0.235446
0.235898
0.236241
0.236474
0.214415
0.21451
0.214844
0.21516
0.215267
0.215604
0.215705
0.216042
0.216379
0.216483
0.216836
0.217168
0.217283
0.217639
0.21775
0.2181
0.218463
0.218571
0.218941
0.219302
0.219418
0.219806
0.220169
0.220292
0.220689
0.221056
0.221191
0.221591
0.221719
0.222106
0.222517
0.222647
0.223049
0.223465
0.223598
0.224011
0.224436
0.224572
0.224998
0.225429
0.225568
0.226
0.226436
0.226577
0.227014
0.227455
0.2276
0.228036
0.228483
0.228631
0.229063
0.229511
0.229664
0.230084
0.230536
0.230943
0.231099
0.231542
0.231942
0.23209
0.232524
0.232911
0.233052
0.233467
0.23384
0.233977
0.234357
0.23472
0.234857
0.235191
0.235542
0.235843
0.212764
0.212848
0.213159
0.213472
0.213563
0.213878
0.213965
0.214285
0.214611
0.214702
0.215028
0.215355
0.215453
0.215783
0.215875
0.216211
0.216554
0.216651
0.216992
0.21734
0.217443
0.217793
0.218144
0.218254
0.218611
0.218963
0.219081
0.219445
0.219549
0.219919
0.220297
0.220405
0.220781
0.221166
0.221277
0.221659
0.222051
0.222167
0.222557
0.222956
0.223076
0.223471
0.223875
0.223997
0.224396
0.224805
0.224929
0.225332
0.225744
0.225869
0.226277
0.226688
0.226811
0.227222
0.227632
0.228012
0.228169
0.228566
0.228949
0.229097
0.229485
0.229867
0.230005
0.23038
0.230754
0.230878
0.231243
0.231598
0.231705
0.232062
0.232391
0.232686
0.212499
0.21258
0.21289
0.213205
0.213286
0.213599
0.213687
0.214003
0.214325
0.214412
0.214736
0.215066
0.215152
0.21548
0.215577
0.215903
0.216242
0.216337
0.216674
0.217019
0.217115
0.217463
0.217816
0.217913
0.218268
0.218629
0.218729
0.219087
0.219202
0.219556
0.219926
0.220042
0.220403
0.220781
0.2209
0.221268
0.221653
0.221774
0.222151
0.222542
0.222667
0.223049
0.223444
0.223572
0.223956
0.224355
0.224488
0.224873
0.225275
0.225415
0.225799
0.226201
0.226348
0.226725
0.227129
0.227536
0.227653
0.228047
0.228447
0.228568
0.228953
0.229338
0.229466
0.229835
0.230204
0.230342
0.230685
0.231033
0.231184
0.231491
0.231819
0.232145
0.210882
0.21097
0.211249
0.211541
0.211628
0.211924
0.212022
0.212299
0.212607
0.212698
0.212991
0.213296
0.213389
0.213697
0.213804
0.214089
0.214412
0.214513
0.21481
0.215138
0.215236
0.215549
0.215878
0.215978
0.216305
0.21663
0.216733
0.21707
0.217191
0.217497
0.21785
0.217968
0.21828
0.218642
0.218758
0.219075
0.219445
0.219562
0.219886
0.220264
0.220384
0.220712
0.221094
0.221217
0.221545
0.221931
0.222058
0.222387
0.222776
0.222908
0.223238
0.223624
0.223763
0.224093
0.224472
0.224835
0.224953
0.225313
0.225685
0.225804
0.226141
0.226522
0.226643
0.226958
0.227335
0.227459
0.227758
0.228114
0.228245
0.228535
0.228848
0.229165
0.210593
0.210653
0.210944
0.211264
0.211312
0.211613
0.211688
0.211979
0.212299
0.212363
0.212665
0.213
0.21305
0.213362
0.213449
0.213746
0.214075
0.214152
0.214459
0.214801
0.214871
0.215189
0.215545
0.215605
0.215933
0.2163
0.216353
0.216686
0.216796
0.217105
0.217454
0.217563
0.217877
0.218235
0.218343
0.218662
0.219027
0.219136
0.21946
0.219833
0.219945
0.22027
0.220647
0.220764
0.221088
0.221466
0.221591
0.221913
0.222291
0.222429
0.222747
0.223119
0.223275
0.223585
0.223951
0.224377
0.224427
0.224775
0.225191
0.225263
0.225591
0.225989
0.226091
0.226394
0.226767
0.226906
0.22718
0.227519
0.227702
0.227941
0.228239
0.228614
0.209083
0.209161
0.209436
0.209693
0.209781
0.210064
0.210148
0.210417
0.210697
0.210781
0.211071
0.211338
0.21143
0.211726
0.211817
0.212091
0.212388
0.212476
0.212769
0.213061
0.213152
0.21346
0.213746
0.213843
0.214158
0.21444
0.214545
0.214864
0.214965
0.215256
0.21558
0.21568
0.21598
0.216306
0.216406
0.216714
0.217043
0.217143
0.217458
0.217791
0.217894
0.218212
0.218548
0.218652
0.218971
0.21931
0.219417
0.219734
0.220078
0.220188
0.220503
0.220851
0.220966
0.221275
0.221625
0.221935
0.22205
0.222394
0.222706
0.222817
0.223152
0.223468
0.223575
0.223894
0.224212
0.224319
0.224617
0.224934
0.225044
0.225319
0.225624
0.225894
0.207554
0.207615
0.207882
0.208145
0.208214
0.20848
0.208538
0.208816
0.209087
0.209154
0.209432
0.209702
0.209778
0.210054
0.210115
0.210404
0.210686
0.210754
0.211044
0.211326
0.211402
0.211695
0.211978
0.212062
0.212355
0.212636
0.212728
0.213022
0.213088
0.213398
0.213698
0.213768
0.214079
0.21438
0.214455
0.214769
0.215072
0.21515
0.215467
0.215772
0.215853
0.216172
0.216478
0.21656
0.216881
0.217188
0.217268
0.217592
0.217901
0.217979
0.218307
0.218618
0.218691
0.219022
0.219335
0.219615
0.219739
0.220048
0.220329
0.220444
0.220753
0.221034
0.221137
0.221446
0.221726
0.221812
0.222121
0.222399
0.222462
0.222773
0.223047
0.223278
0.207619
0.207876
0.207949
0.208208
0.208281
0.208543
0.208808
0.208882
0.20915
0.209417
0.209493
0.209763
0.209843
0.210113
0.210387
0.210467
0.210744
0.21102
0.211102
0.211385
0.211665
0.211749
0.212036
0.212318
0.212406
0.212692
0.212783
0.213067
0.213359
0.21345
0.213739
0.214033
0.214125
0.214418
0.214714
0.214808
0.215105
0.215405
0.2155
0.2158
0.216101
0.216197
0.216497
0.216799
0.216897
0.217197
0.2175
0.2176
0.217899
0.218203
0.218308
0.218601
0.218908
0.219205
0.219304
0.219608
0.219901
0.219998
0.220299
0.220587
0.220685
0.220978
0.22126
0.221361
0.22164
0.221915
0.222022
0.222279
0.22255
0.222805
0.206378
0.20662
0.206699
0.206934
0.207188
0.207262
0.207508
0.20776
0.207837
0.20809
0.208175
0.208418
0.208681
0.208762
0.209012
0.209279
0.209361
0.209619
0.209886
0.209969
0.210236
0.210501
0.210586
0.210857
0.210951
0.211206
0.211486
0.211578
0.211837
0.212122
0.212213
0.212474
0.212762
0.212854
0.213118
0.21341
0.213503
0.213767
0.214062
0.214157
0.214421
0.214714
0.21481
0.215073
0.215367
0.215466
0.215728
0.21602
0.216122
0.216383
0.21667
0.216946
0.21704
0.217314
0.217595
0.217686
0.217949
0.218234
0.218325
0.218574
0.218857
0.218951
0.21919
0.21946
0.219558
0.219791
0.220038
0.220287
0.206092
0.206343
0.206401
0.206647
0.206911
0.206962
0.207216
0.20749
0.207534
0.207792
0.207859
0.20811
0.20838
0.208442
0.208698
0.208978
0.209034
0.209298
0.209585
0.209636
0.209907
0.210202
0.210248
0.21052
0.210603
0.21086
0.211141
0.211224
0.211483
0.211769
0.211851
0.212111
0.212401
0.212483
0.212747
0.21304
0.213123
0.213387
0.213681
0.213768
0.214029
0.214322
0.214413
0.214671
0.214961
0.215061
0.215314
0.215601
0.215711
0.215958
0.216239
0.216558
0.216602
0.216871
0.217181
0.217239
0.217495
0.217793
0.217869
0.21811
0.218392
0.218491
0.218714
0.218976
0.219102
0.219303
0.219541
0.219826
0.204635
0.20487
0.20494
0.20516
0.205393
0.205461
0.2057
0.205921
0.205996
0.206241
0.206317
0.206542
0.206788
0.20686
0.207101
0.207341
0.207416
0.207668
0.207903
0.207982
0.208242
0.208472
0.208558
0.208819
0.208902
0.209138
0.209402
0.209484
0.209727
0.209991
0.210072
0.21032
0.210584
0.210665
0.210918
0.211184
0.211266
0.21152
0.211787
0.21187
0.212124
0.212391
0.212474
0.212725
0.212994
0.213079
0.213326
0.213597
0.213685
0.213925
0.214196
0.214433
0.214523
0.214789
0.215028
0.215113
0.215373
0.215614
0.215696
0.215943
0.216186
0.216267
0.216498
0.216741
0.216825
0.217039
0.217278
0.217486
0.203166
0.203384
0.203432
0.203659
0.203883
0.203936
0.204164
0.204388
0.204448
0.204674
0.204724
0.20496
0.205192
0.205247
0.205484
0.205717
0.205777
0.206017
0.206249
0.206316
0.206556
0.206787
0.206859
0.207099
0.207153
0.207404
0.207649
0.207704
0.207957
0.208202
0.208262
0.208514
0.20876
0.208821
0.209077
0.209323
0.209386
0.209642
0.209888
0.209951
0.210208
0.210453
0.210517
0.210772
0.211017
0.211078
0.211335
0.21158
0.211637
0.211895
0.21214
0.212361
0.212452
0.212693
0.212914
0.213
0.213239
0.213459
0.213537
0.213774
0.213992
0.214058
0.214295
0.21451
0.21456
0.214798
0.215011
0.215195
0.203192
0.203408
0.203626
0.203684
0.203905
0.204126
0.204185
0.204407
0.204469
0.204691
0.204918
0.20498
0.205207
0.205437
0.2055
0.205731
0.205964
0.206029
0.206261
0.206496
0.206563
0.206797
0.206868
0.2071
0.207338
0.20741
0.207644
0.207884
0.207956
0.208193
0.208433
0.208507
0.208746
0.208988
0.209063
0.209302
0.209545
0.209621
0.209859
0.210102
0.210178
0.210415
0.210656
0.210734
0.210968
0.211208
0.211289
0.211519
0.211759
0.211995
0.212067
0.212302
0.212534
0.212607
0.212838
0.213064
0.213138
0.213363
0.213582
0.213659
0.213873
0.214087
0.214168
0.214367
0.214577
0.21478
0.202118
0.20218
0.202378
0.202583
0.202645
0.202851
0.202923
0.203116
0.20333
0.203398
0.203599
0.203815
0.203882
0.20409
0.204306
0.204373
0.204588
0.204802
0.20487
0.20509
0.205169
0.205371
0.205597
0.205674
0.205879
0.206109
0.206184
0.20639
0.206623
0.206697
0.206906
0.207141
0.207217
0.207425
0.207661
0.207737
0.207944
0.20818
0.208258
0.208462
0.208696
0.208776
0.208977
0.209209
0.209293
0.209491
0.209718
0.209935
0.210005
0.210219
0.21044
0.21051
0.210713
0.210936
0.211007
0.211197
0.211418
0.211492
0.211673
0.211885
0.211964
0.212138
0.212332
0.212526
0.202082
0.20231
0.202336
0.202549
0.202601
0.202804
0.203027
0.203072
0.20328
0.203512
0.20355
0.203764
0.204005
0.204036
0.204256
0.204503
0.204527
0.20475
0.204815
0.20502
0.205251
0.205315
0.20552
0.205754
0.205817
0.206024
0.206261
0.206323
0.20653
0.20677
0.206833
0.20704
0.207279
0.207346
0.207549
0.207787
0.207859
0.208058
0.208292
0.20837
0.208563
0.208792
0.208882
0.209067
0.20929
0.209551
0.209571
0.209779
0.210034
0.210066
0.210262
0.210505
0.210557
0.210737
0.210964
0.211042
0.211203
0.21141
0.211517
0.211659
0.211844
0.21208
0.200716
0.200897
0.200959
0.201151
0.201211
0.201398
0.201591
0.20165
0.201845
0.202036
0.202098
0.202299
0.202488
0.202554
0.202757
0.202944
0.203014
0.203218
0.203282
0.203477
0.203683
0.203747
0.203947
0.204151
0.204215
0.204418
0.204622
0.204687
0.204893
0.205097
0.205162
0.205369
0.205573
0.205638
0.205845
0.20605
0.206115
0.20632
0.206524
0.206589
0.20679
0.206995
0.207062
0.207257
0.207464
0.207647
0.207721
0.207925
0.208107
0.208176
0.208379
0.208559
0.208624
0.208822
0.209001
0.209064
0.20925
0.209431
0.209493
0.209664
0.209846
0.210004
0.199275
0.199454
0.199503
0.199681
0.199728
0.19991
0.200093
0.200142
0.200326
0.200511
0.200562
0.200749
0.200934
0.200988
0.201176
0.201361
0.201417
0.201605
0.201656
0.201846
0.20204
0.202091
0.202282
0.202476
0.202529
0.20272
0.202914
0.202968
0.20316
0.203354
0.20341
0.203602
0.203796
0.203852
0.204043
0.204236
0.204293
0.204483
0.204675
0.204731
0.204919
0.20511
0.205165
0.205352
0.205541
0.205719
0.205783
0.205966
0.206143
0.206205
0.206383
0.206559
0.206618
0.206791
0.206965
0.20702
0.207189
0.207358
0.207409
0.207575
0.207737
0.20789
0.199043
0.199229
0.199264
0.199444
0.199487
0.199666
0.199852
0.199894
0.200076
0.200267
0.200307
0.200493
0.200687
0.200726
0.200914
0.201111
0.201149
0.201336
0.201387
0.201571
0.201763
0.201815
0.201999
0.202193
0.202245
0.202429
0.202624
0.202677
0.202862
0.203058
0.203111
0.203296
0.203491
0.203545
0.203729
0.203923
0.20398
0.204161
0.204352
0.204412
0.204589
0.204777
0.20484
0.205013
0.2052
0.205396
0.205436
0.205615
0.205806
0.20585
0.206023
0.206207
0.206257
0.206422
0.206598
0.206657
0.206812
0.206979
0.207047
0.20719
0.207348
0.207518
0.197683
0.19784
0.197889
0.198057
0.198114
0.198259
0.198434
0.198485
0.198639
0.198813
0.198864
0.199031
0.199197
0.199249
0.199423
0.199584
0.199638
0.199816
0.199876
0.200029
0.200212
0.20027
0.200424
0.200607
0.200665
0.200822
0.201006
0.201063
0.201221
0.201406
0.201463
0.201622
0.201806
0.201863
0.202022
0.202206
0.202264
0.20242
0.202603
0.202663
0.202816
0.202996
0.203058
0.203208
0.203385
0.203543
0.203597
0.203766
0.203927
0.20398
0.204138
0.204303
0.204355
0.204498
0.204669
0.204723
0.20486
0.205022
0.20508
0.205211
0.20536
0.205502
0.196386
0.196541
0.196576
0.196732
0.19676
0.196924
0.197083
0.197115
0.197279
0.197438
0.197473
0.197638
0.197796
0.197836
0.198
0.198156
0.198199
0.198362
0.198392
0.198562
0.198728
0.19876
0.198931
0.199094
0.199128
0.199299
0.199462
0.199497
0.199668
0.199831
0.199867
0.200037
0.200199
0.200235
0.200407
0.200566
0.200601
0.200772
0.200931
0.200964
0.201135
0.201292
0.201323
0.201492
0.201649
0.20179
0.201846
0.202001
0.202141
0.202192
0.202346
0.202484
0.202529
0.202683
0.20282
0.202856
0.20301
0.203146
0.203171
0.203325
0.203461
0.203574
0.196161
0.196313
0.19635
0.196501
0.19654
0.196692
0.196845
0.196886
0.197039
0.197194
0.197235
0.197391
0.197547
0.197588
0.197746
0.197903
0.197944
0.198101
0.198145
0.198301
0.19846
0.198506
0.198662
0.19882
0.198866
0.199022
0.19918
0.199227
0.199384
0.199542
0.199589
0.199745
0.199904
0.199951
0.200106
0.200263
0.200311
0.200464
0.20062
0.200669
0.20082
0.200973
0.201023
0.20117
0.201323
0.201472
0.201517
0.201666
0.201812
0.201856
0.202002
0.202144
0.202189
0.202331
0.202468
0.202515
0.20265
0.202784
0.202832
0.202959
0.203089
0.203217
0.194862
0.194999
0.19504
0.195177
0.195225
0.195353
0.195496
0.19554
0.195672
0.195816
0.195858
0.195997
0.196139
0.196181
0.196324
0.196464
0.196507
0.196651
0.196703
0.196834
0.196981
0.197031
0.197163
0.197312
0.19736
0.197492
0.197642
0.19769
0.197823
0.197974
0.198021
0.198153
0.198303
0.198351
0.198482
0.198631
0.198681
0.198809
0.198956
0.199007
0.199132
0.199277
0.199329
0.199452
0.199593
0.199727
0.199768
0.199901
0.200038
0.200079
0.200203
0.200341
0.200383
0.200498
0.200635
0.20068
0.200788
0.200918
0.200967
0.201071
0.201189
0.20131
0.193711
0.193841
0.193868
0.194003
0.194018
0.194163
0.194297
0.194317
0.194461
0.194594
0.194619
0.194762
0.194892
0.194923
0.195064
0.195192
0.195227
0.195364
0.19538
0.195529
0.195667
0.195685
0.195834
0.195971
0.19599
0.196138
0.196273
0.196294
0.196443
0.196576
0.196598
0.196746
0.196878
0.196899
0.197047
0.197178
0.197198
0.197345
0.197475
0.197491
0.197639
0.197768
0.197779
0.197929
0.198058
0.198164
0.198213
0.198341
0.198446
0.198488
0.198618
0.198722
0.198756
0.198888
0.198992
0.199012
0.199147
0.199254
0.199257
0.199396
0.199507
0.199586
0.19347
0.193593
0.193629
0.193754
0.193791
0.193915
0.194042
0.194079
0.194206
0.194332
0.19437
0.194499
0.194625
0.194664
0.194793
0.194919
0.19496
0.195088
0.195127
0.195254
0.195384
0.195422
0.195551
0.19568
0.195719
0.195847
0.195976
0.196014
0.196144
0.196272
0.196312
0.196439
0.196566
0.196606
0.196733
0.196859
0.196899
0.197024
0.197149
0.197188
0.197311
0.197434
0.197474
0.197593
0.197716
0.19783
0.197871
0.197991
0.198103
0.198141
0.198259
0.198368
0.198406
0.19852
0.198627
0.198664
0.198773
0.198878
0.198915
0.199016
0.199121
0.199217
0.192303
0.192419
0.192452
0.192566
0.192602
0.192714
0.192831
0.192866
0.19298
0.193098
0.193133
0.193248
0.193367
0.193401
0.193518
0.193636
0.193671
0.193788
0.193827
0.193939
0.194059
0.194097
0.19421
0.194329
0.194367
0.194479
0.194598
0.194636
0.194748
0.194868
0.194905
0.195017
0.195135
0.195172
0.195282
0.195399
0.195437
0.195544
0.19566
0.195698
0.195803
0.195916
0.195954
0.196058
0.196168
0.196275
0.196308
0.196413
0.196519
0.196552
0.196651
0.196757
0.19679
0.196884
0.196987
0.197021
0.197109
0.197207
0.197243
0.197328
0.197419
0.197511
0.192091
0.192219
0.192231
0.192351
0.192375
0.19249
0.192614
0.192635
0.192752
0.19288
0.192897
0.193017
0.193148
0.193162
0.193283
0.193416
0.193427
0.193547
0.193578
0.19369
0.193813
0.193843
0.193954
0.194079
0.194107
0.194218
0.194342
0.194371
0.194481
0.194605
0.194634
0.194742
0.194866
0.194895
0.195
0.195123
0.195154
0.195256
0.195375
0.19541
0.195508
0.195622
0.195663
0.195756
0.195866
0.195995
0.195999
0.196102
0.196226
0.196237
0.196331
0.196449
0.19647
0.196556
0.196665
0.196699
0.196774
0.196873
0.196922
0.196987
0.197075
0.197188
0.191109
0.19121
0.191243
0.191347
0.191379
0.191482
0.191587
0.191618
0.191723
0.191828
0.19186
0.191967
0.192069
0.192102
0.19221
0.192311
0.192346
0.192452
0.192485
0.192589
0.192695
0.192727
0.192831
0.192936
0.192968
0.193073
0.193177
0.193209
0.193314
0.193417
0.193448
0.193552
0.193654
0.193685
0.193787
0.193887
0.193918
0.194019
0.194118
0.194148
0.194246
0.194344
0.194374
0.194468
0.194565
0.194653
0.194685
0.19478
0.194866
0.194896
0.194989
0.195072
0.1951
0.19519
0.195272
0.195299
0.195384
0.195465
0.195491
0.195569
0.19565
0.19572
0.19012
0.190217
0.190244
0.19034
0.190369
0.190463
0.190562
0.19059
0.190685
0.190784
0.190813
0.190909
0.191007
0.191035
0.191132
0.191229
0.191259
0.191355
0.191386
0.191479
0.191577
0.191607
0.191699
0.191797
0.191826
0.191919
0.192017
0.192045
0.192137
0.192234
0.192263
0.192352
0.192448
0.192477
0.192564
0.192658
0.192687
0.192774
0.192865
0.192894
0.192978
0.193067
0.193096
0.193177
0.193263
0.193347
0.193372
0.193453
0.193536
0.193561
0.193637
0.193719
0.193743
0.193815
0.193893
0.193918
0.193986
0.19406
0.194085
0.194151
0.194219
0.194287
0.189934
0.190043
0.190052
0.190152
0.190173
0.190268
0.190372
0.19039
0.190487
0.190594
0.190609
0.190706
0.190816
0.190827
0.190926
0.191037
0.191046
0.191145
0.191171
0.191261
0.191363
0.191388
0.191477
0.191579
0.191603
0.191691
0.191793
0.191816
0.191903
0.192005
0.192028
0.192113
0.192213
0.192238
0.19232
0.192417
0.192444
0.192523
0.192617
0.192646
0.192721
0.192811
0.192845
0.192915
0.193
0.193103
0.193104
0.193182
0.193281
0.193288
0.193359
0.193451
0.193467
0.193529
0.193614
0.19364
0.193693
0.193769
0.19381
0.193853
0.193918
0.194007
0.189103
0.189189
0.189216
0.189303
0.189329
0.189415
0.189503
0.189529
0.189617
0.189703
0.18973
0.189819
0.189904
0.189931
0.19002
0.190104
0.190133
0.19022
0.190246
0.190332
0.190418
0.190444
0.190529
0.190614
0.19064
0.190726
0.19081
0.190835
0.190919
0.191002
0.191027
0.19111
0.191191
0.191215
0.191297
0.191376
0.1914
0.191479
0.191557
0.191581
0.191657
0.191734
0.191757
0.19183
0.191905
0.191973
0.191997
0.192069
0.192135
0.192158
0.192228
0.19229
0.192311
0.192379
0.192439
0.192459
0.192522
0.192581
0.192601
0.192658
0.192717
0.192768
0.188265
0.188347
0.18837
0.188451
0.188476
0.188553
0.188636
0.18866
0.188738
0.188821
0.188844
0.188923
0.189005
0.189028
0.189108
0.189188
0.189211
0.189292
0.189318
0.189392
0.189473
0.189498
0.189571
0.189652
0.189676
0.189748
0.189828
0.189852
0.189923
0.190001
0.190025
0.190094
0.190172
0.190195
0.190263
0.190337
0.190361
0.190426
0.190498
0.190521
0.190584
0.190653
0.190677
0.190737
0.190804
0.190867
0.190885
0.190946
0.191009
0.191027
0.191082
0.191144
0.191162
0.191212
0.191272
0.19129
0.191337
0.191391
0.191412
0.191456
0.191504
0.191553
0.187552
0.187628
0.187644
0.187724
0.187732
0.187817
0.187895
0.187906
0.18799
0.188065
0.18808
0.188161
0.188234
0.188252
0.188332
0.188401
0.188422
0.188498
0.188505
0.188589
0.188664
0.188672
0.188755
0.188826
0.188836
0.188916
0.188986
0.188996
0.189076
0.189143
0.189153
0.189231
0.189297
0.189305
0.189382
0.189445
0.189452
0.189528
0.189589
0.189595
0.189668
0.189728
0.18973
0.189803
0.189862
0.189905
0.189931
0.189989
0.19003
0.190051
0.19011
0.190149
0.190165
0.190223
0.190263
0.190268
0.190329
0.190369
0.190362
0.190423
0.190463
0.190481
0.187396
0.187471
0.18749
0.187564
0.187584
0.187657
0.187732
0.18775
0.187825
0.187899
0.187917
0.187992
0.188065
0.188084
0.188157
0.18823
0.188249
0.188321
0.188341
0.18841
0.188482
0.188502
0.188571
0.188641
0.18866
0.188727
0.188796
0.188815
0.188882
0.188949
0.188968
0.189033
0.189097
0.189117
0.189179
0.189241
0.18926
0.18932
0.18938
0.189399
0.189456
0.189513
0.189532
0.189586
0.189641
0.189696
0.18971
0.189762
0.189813
0.189827
0.189877
0.189924
0.189939
0.189985
0.190029
0.190043
0.190085
0.190125
0.19014
0.190174
0.19021
0.190244
0.186687
0.186756
0.186775
0.186845
0.186868
0.186927
0.186999
0.18702
0.187081
0.187151
0.187171
0.187236
0.187303
0.187322
0.187389
0.187453
0.187472
0.187538
0.187562
0.187618
0.187685
0.187707
0.187762
0.187829
0.187849
0.187904
0.187969
0.187989
0.188042
0.188106
0.188126
0.188177
0.188239
0.188258
0.188307
0.188366
0.188385
0.188431
0.188488
0.188506
0.18855
0.188604
0.188623
0.188664
0.188712
0.188759
0.188771
0.188814
0.188861
0.188873
0.188911
0.188956
0.188968
0.188999
0.18904
0.189052
0.189077
0.189111
0.189124
0.189145
0.189169
0.189194
0.186045
0.186109
0.186124
0.186188
0.186201
0.186267
0.186331
0.186345
0.18641
0.186473
0.186488
0.186552
0.186612
0.186628
0.186691
0.18675
0.186767
0.186827
0.186838
0.186901
0.18696
0.186972
0.187033
0.187091
0.187103
0.187161
0.187217
0.187228
0.187286
0.187339
0.187351
0.187406
0.187457
0.187468
0.18752
0.187569
0.187579
0.18763
0.187676
0.187685
0.187734
0.187777
0.187784
0.187831
0.187872
0.187906
0.187922
0.18796
0.187991
0.188003
0.188038
0.188066
0.188075
0.188106
0.188129
0.188134
0.18816
0.188179
0.188178
0.188201
0.188217
0.188222
0.185914
0.185982
0.185992
0.186055
0.18607
0.186131
0.186197
0.18621
0.186271
0.186337
0.186349
0.18641
0.186475
0.186485
0.186546
0.186612
0.18662
0.186679
0.186695
0.18675
0.186809
0.186825
0.186878
0.186936
0.186951
0.187002
0.187059
0.187073
0.187123
0.187177
0.187191
0.187238
0.187291
0.187306
0.187349
0.187399
0.187414
0.187454
0.187502
0.187517
0.187553
0.187597
0.187614
0.187647
0.187686
0.187734
0.187734
0.187768
0.18781
0.187813
0.187841
0.187875
0.187881
0.187901
0.187927
0.187938
0.187949
0.187967
0.187983
0.187986
0.187996
0.188017
0.185319
0.185373
0.185392
0.185449
0.185466
0.185522
0.185577
0.185594
0.185651
0.185704
0.185722
0.185779
0.185829
0.185848
0.185903
0.185952
0.18597
0.186023
0.186038
0.18609
0.186141
0.186156
0.186207
0.186255
0.186269
0.186318
0.186364
0.186378
0.186427
0.18647
0.186483
0.186529
0.186572
0.186583
0.186627
0.186666
0.186677
0.186719
0.186756
0.186766
0.186803
0.186838
0.186848
0.186882
0.186914
0.18694
0.186951
0.186979
0.187
0.187008
0.187032
0.187047
0.187052
0.187072
0.187081
0.187084
0.187098
0.187103
0.187105
0.187113
0.187117
0.187114
0.184715
0.184768
0.184784
0.184836
0.184853
0.184903
0.184957
0.184972
0.185022
0.185075
0.185089
0.18514
0.18519
0.185204
0.185254
0.185302
0.185316
0.185364
0.185381
0.185424
0.185472
0.185487
0.185529
0.185575
0.185589
0.185629
0.185674
0.185686
0.185724
0.185768
0.185779
0.185815
0.185856
0.185867
0.1859
0.185938
0.185949
0.185979
0.186014
0.186024
0.186051
0.186081
0.186091
0.186114
0.186138
0.18616
0.186165
0.186182
0.1862
0.186203
0.186213
0.186226
0.186228
0.186231
0.18624
0.186241
0.186239
0.186241
0.186242
0.186237
0.186231
0.186228
0.184159
0.184208
0.184221
0.184272
0.18428
0.184334
0.184384
0.184393
0.184446
0.184493
0.184504
0.184555
0.1846
0.184612
0.18466
0.184702
0.184716
0.184761
0.184766
0.184815
0.184858
0.184864
0.184911
0.184951
0.184957
0.185001
0.185039
0.185045
0.185087
0.185122
0.185128
0.185167
0.185199
0.185204
0.185241
0.185271
0.185274
0.185308
0.185334
0.185335
0.185367
0.185388
0.185385
0.185412
0.185428
0.185433
0.185444
0.185456
0.185456
0.185463
0.18547
0.185466
0.185468
0.185472
0.185465
0.185461
0.185463
0.185453
0.185441
0.185441
0.18543
0.185406
0.18403
0.184084
0.184092
0.184142
0.184155
0.184202
0.184253
0.184264
0.18431
0.184361
0.184371
0.184417
0.184466
0.184474
0.184519
0.184569
0.184575
0.184619
0.184631
0.18467
0.184714
0.184725
0.184762
0.184804
0.184815
0.18485
0.18489
0.184899
0.184932
0.18497
0.184979
0.185009
0.185043
0.185053
0.185079
0.185111
0.185121
0.185143
0.18517
0.18518
0.185197
0.185216
0.185228
0.185237
0.185251
0.18527
0.185266
0.185273
0.185285
0.185282
0.185281
0.185287
0.185285
0.185278
0.185277
0.185279
0.185263
0.185255
0.185262
0.185239
0.185223
0.185217
0.183479
0.183521
0.183536
0.183582
0.183594
0.18364
0.183683
0.183695
0.183742
0.183782
0.183795
0.18384
0.183878
0.183891
0.183934
0.18397
0.183984
0.184023
0.184034
0.184073
0.184109
0.184119
0.184157
0.18419
0.1842
0.184236
0.184266
0.184275
0.18431
0.184337
0.184345
0.184377
0.184402
0.184409
0.184437
0.184459
0.184464
0.184488
0.184505
0.184508
0.184526
0.184537
0.184539
0.18455
0.184557
0.18456
0.184562
0.184565
0.184561
0.184561
0.18456
0.184549
0.184547
0.184542
0.184527
0.184522
0.184513
0.184494
0.184487
0.184472
0.184452
0.184427
0.182893
0.182935
0.182948
0.182991
0.183005
0.183044
0.183087
0.1831
0.183139
0.18318
0.183191
0.18323
0.183269
0.18328
0.183319
0.183355
0.183365
0.183402
0.183414
0.183446
0.183481
0.183492
0.183521
0.183555
0.183565
0.183592
0.183623
0.183632
0.183657
0.183687
0.183694
0.183716
0.183742
0.183748
0.183765
0.183787
0.183792
0.183803
0.183818
0.183822
0.183828
0.183836
0.183838
0.18384
0.183841
0.183842
0.183839
0.183834
0.18383
0.183826
0.183813
0.183805
0.183801
0.183782
0.183769
0.183764
0.183742
0.183722
0.183716
0.183692
0.183664
0.183641
0.182312
0.182353
0.182364
0.182406
0.182414
0.182456
0.182497
0.182506
0.182546
0.182584
0.182594
0.182632
0.182668
0.182678
0.182715
0.182748
0.182758
0.182792
0.182798
0.182833
0.182865
0.182871
0.182903
0.182933
0.182938
0.182967
0.182994
0.183
0.183026
0.18305
0.183055
0.183077
0.183096
0.183099
0.183117
0.183131
0.183131
0.183144
0.183151
0.18315
0.183157
0.183159
0.183155
0.183157
0.183154
0.183144
0.183145
0.183136
0.183122
0.183121
0.183107
0.183088
0.183084
0.183066
0.183044
0.183036
0.183015
0.182989
0.182975
0.182953
0.182923
0.182887
0.182156
0.182208
0.182207
0.18225
0.182263
0.182296
0.182342
0.18235
0.182384
0.18243
0.182434
0.182468
0.182516
0.182515
0.18255
0.182598
0.182592
0.182627
0.182642
0.182664
0.182699
0.182711
0.182732
0.182765
0.182776
0.182794
0.182826
0.182835
0.18285
0.182879
0.182887
0.182898
0.182922
0.18293
0.182934
0.182951
0.182961
0.182956
0.182967
0.182979
0.182967
0.182971
0.182985
0.182964
0.18296
0.182972
0.182951
0.182937
0.182943
0.182927
0.182903
0.182901
0.182893
0.182859
0.182846
0.182849
0.182805
0.182781
0.182797
0.182743
0.182709
0.182697
0.181587
0.181628
0.181635
0.181675
0.181686
0.181723
0.181761
0.18177
0.181806
0.181843
0.181851
0.181887
0.181923
0.181929
0.181963
0.181998
0.182003
0.182034
0.182044
0.182072
0.182101
0.18211
0.182136
0.182163
0.18217
0.182194
0.182218
0.182225
0.182245
0.182265
0.18227
0.182285
0.1823
0.182304
0.182313
0.182322
0.182325
0.182327
0.182331
0.182333
0.18233
0.182327
0.182329
0.182319
0.182311
0.182305
0.182296
0.182282
0.18227
0.182262
0.182243
0.182224
0.182216
0.182192
0.182167
0.18216
0.18213
0.1821
0.182096
0.182058
0.182023
0.181993
0.180977
0.181012
0.181024
0.181062
0.181071
0.18111
0.181144
0.181153
0.18119
0.181222
0.181232
0.181268
0.181298
0.181308
0.181343
0.181369
0.18138
0.18141
0.181417
0.181447
0.181474
0.18148
0.181509
0.181532
0.181538
0.181565
0.181585
0.181589
0.181612
0.181626
0.181629
0.181647
0.181655
0.181657
0.181669
0.181672
0.181671
0.181677
0.181675
0.181673
0.181674
0.181667
0.181663
0.181657
0.181646
0.181632
0.181628
0.181613
0.181594
0.181587
0.181569
0.181543
0.181535
0.181515
0.181482
0.181473
0.181447
0.181412
0.181401
0.18137
0.181334
0.181296
0.180346
0.180383
0.180393
0.180431
0.180443
0.180475
0.180513
0.180523
0.180555
0.180592
0.180601
0.180633
0.180667
0.180675
0.180707
0.180737
0.180744
0.180775
0.180786
0.18081
0.18084
0.180849
0.180871
0.180898
0.180906
0.180925
0.18095
0.180955
0.180968
0.180988
0.180991
0.180999
0.181013
0.181016
0.181018
0.181026
0.181027
0.181024
0.181027
0.181027
0.181019
0.181015
0.181014
0.181003
0.180991
0.18098
0.180973
0.180954
0.180939
0.180931
0.180905
0.180888
0.180879
0.180845
0.180824
0.180815
0.18078
0.180751
0.180741
0.180706
0.180666
0.180635
0.179748
0.179786
0.179795
0.179833
0.179843
0.179879
0.179916
0.179925
0.17996
0.179996
0.180005
0.180038
0.180072
0.18008
0.180113
0.180145
0.180153
0.180184
0.180192
0.18022
0.18025
0.180258
0.180283
0.18031
0.180317
0.180337
0.18036
0.180364
0.18038
0.180398
0.180401
0.18041
0.180423
0.180424
0.180429
0.180435
0.180435
0.180434
0.180436
0.180435
0.180429
0.180424
0.180422
0.180412
0.180401
0.180387
0.180382
0.180364
0.180348
0.180341
0.180318
0.180298
0.180289
0.18026
0.180236
0.180226
0.180194
0.180164
0.180153
0.18012
0.180082
0.180048
0.179229
0.179266
0.179277
0.179316
0.179322
0.179364
0.179401
0.179408
0.179448
0.179483
0.179491
0.17953
0.179562
0.179572
0.179608
0.179639
0.179649
0.179682
0.179685
0.179721
0.179751
0.179755
0.179787
0.179813
0.179815
0.179842
0.179863
0.179864
0.179886
0.179901
0.179902
0.179918
0.179928
0.179927
0.179937
0.179942
0.179939
0.179944
0.179944
0.179939
0.179941
0.179935
0.179927
0.179924
0.179914
0.179897
0.179897
0.179882
0.17986
0.179857
0.179838
0.179813
0.179806
0.179784
0.179756
0.179745
0.179721
0.179689
0.179673
0.179648
0.179613
0.179572
0.178843
0.17888
0.178891
0.178933
0.178935
0.178982
0.179022
0.179026
0.179071
0.179108
0.179115
0.179157
0.179191
0.179201
0.179241
0.179271
0.179284
0.179319
0.179318
0.17936
0.179391
0.179391
0.179428
0.179454
0.179453
0.179485
0.179505
0.179504
0.179531
0.179545
0.179543
0.179564
0.179573
0.17957
0.179586
0.179589
0.179584
0.179596
0.179594
0.179587
0.179594
0.179588
0.179577
0.17958
0.179571
0.17955
0.179555
0.179543
0.179518
0.179518
0.179503
0.179475
0.179471
0.179455
0.179424
0.179413
0.179395
0.179363
0.179346
0.179326
0.179294
0.17925
0.178751
0.178795
0.178802
0.178843
0.178853
0.178893
0.178934
0.178943
0.178983
0.179024
0.179031
0.17907
0.179111
0.179117
0.179155
0.179194
0.1792
0.179236
0.179245
0.179276
0.179309
0.179316
0.179343
0.179372
0.179378
0.179399
0.179423
0.179427
0.179445
0.179463
0.179467
0.179478
0.179491
0.179494
0.1795
0.179508
0.17951
0.179512
0.179513
0.179514
0.179511
0.179508
0.179508
0.179499
0.17949
0.179483
0.179476
0.179461
0.179449
0.179442
0.179422
0.179405
0.179399
0.179374
0.179351
0.179346
0.179316
0.179289
0.179284
0.179251
0.179219
0.179189
0.178622
0.178666
0.178677
0.17872
0.178732
0.178772
0.178815
0.178827
0.178868
0.17891
0.178921
0.178961
0.179001
0.179012
0.179051
0.179088
0.179097
0.179133
0.179143
0.179174
0.179206
0.179214
0.179241
0.179269
0.179276
0.179297
0.17932
0.179326
0.179343
0.179362
0.179366
0.179378
0.179392
0.179396
0.179402
0.179411
0.179414
0.179416
0.179419
0.179421
0.179419
0.179417
0.179417
0.179411
0.179404
0.179396
0.179392
0.17938
0.179369
0.179364
0.179346
0.179332
0.179327
0.179304
0.179285
0.17928
0.179254
0.17923
0.179224
0.179198
0.179168
0.179141
0.178839
0.17889
0.1789
0.178943
0.178962
0.178997
0.179045
0.179061
0.179094
0.179144
0.179155
0.179189
0.179235
0.179244
0.179278
0.179319
0.179324
0.179358
0.179374
0.179396
0.179429
0.179442
0.179458
0.17949
0.179501
0.179513
0.179541
0.179551
0.179558
0.179582
0.17959
0.179593
0.179612
0.17962
0.179618
0.179633
0.17964
0.179634
0.179644
0.17965
0.179641
0.179643
0.17965
0.179638
0.179633
0.179633
0.179628
0.179612
0.179612
0.179608
0.179583
0.179582
0.17958
0.179548
0.179544
0.179542
0.179509
0.179495
0.179496
0.179466
0.179437
0.179426
0.179563
0.179631
0.179631
0.179672
0.179705
0.179718
0.179777
0.179797
0.179806
0.179871
0.17988
0.179894
0.179955
0.179956
0.179977
0.180029
0.180023
0.180053
0.180082
0.180083
0.180121
0.180144
0.180137
0.180179
0.180198
0.180185
0.180228
0.180244
0.180225
0.180267
0.180281
0.180259
0.180298
0.180311
0.180285
0.180319
0.180333
0.180304
0.18033
0.180347
0.180318
0.180331
0.180351
0.180324
0.180322
0.18034
0.180325
0.180302
0.180327
0.180319
0.180274
0.180305
0.180303
0.180245
0.180273
0.18028
0.180225
0.180231
0.180246
0.180208
0.180177
0.180192
0.180978
0.18107
0.181058
0.181092
0.181136
0.181115
0.181188
0.181212
0.181169
0.181271
0.181277
0.181256
0.181343
0.181335
0.181341
0.181409
0.181385
0.181415
0.181457
0.181431
0.181478
0.181513
0.181472
0.181533
0.181561
0.181509
0.18158
0.181603
0.181543
0.181618
0.181639
0.181575
0.181648
0.18167
0.181605
0.18167
0.181694
0.181633
0.181685
0.181713
0.181659
0.181689
0.181724
0.181681
0.181684
0.181722
0.181697
0.181665
0.181719
0.181708
0.181631
0.181709
0.18171
0.181599
0.18169
0.181706
0.181622
0.18166
0.181692
0.181643
0.181612
0.181658
0.183345
0.183446
0.183425
0.183452
0.183505
0.183458
0.183539
0.183565
0.183463
0.183611
0.183617
0.183573
0.183677
0.183662
0.183657
0.183735
0.183702
0.183728
0.183783
0.183736
0.183789
0.183833
0.183769
0.183843
0.183878
0.1838
0.18389
0.183921
0.183832
0.18393
0.183959
0.183866
0.183964
0.183994
0.183903
0.183992
0.184026
0.183942
0.184013
0.184054
0.183981
0.184028
0.184078
0.184022
0.184033
0.18409
0.184059
0.184025
0.184105
0.184093
0.183997
0.184114
0.184121
0.183944
0.184114
0.184143
0.184042
0.184106
0.184158
0.184102
0.184078
0.184155
0.187078
0.18718
0.187153
0.187175
0.18724
0.187179
0.187259
0.187291
0.187214
0.187331
0.187337
0.187286
0.187394
0.187376
0.187366
0.187453
0.187412
0.187438
0.187509
0.187446
0.187503
0.187561
0.187482
0.187563
0.187611
0.18752
0.187618
0.18766
0.187561
0.187668
0.187708
0.187605
0.187715
0.187757
0.187654
0.187757
0.187806
0.187708
0.187795
0.187854
0.187768
0.187828
0.187902
0.187834
0.187855
0.187937
0.187902
0.187871
0.187981
0.18797
0.187874
0.18802
0.188037
0.187893
0.188055
0.188102
0.187988
0.18808
0.188161
0.188098
0.188087
0.188205
0.192865
0.192987
0.192951
0.192971
0.193059
0.192972
0.193067
0.193113
0.193013
0.193151
0.19316
0.193092
0.193227
0.193202
0.193185
0.193296
0.193242
0.193273
0.193374
0.193285
0.193357
0.193441
0.193334
0.193438
0.193508
0.193389
0.193513
0.193578
0.19345
0.193588
0.19365
0.193518
0.193661
0.193727
0.193595
0.193732
0.193809
0.193681
0.193802
0.193894
0.193781
0.193869
0.193984
0.193892
0.193931
0.194059
0.194014
0.193986
0.19415
0.194142
0.194033
0.194241
0.194274
0.194105
0.194328
0.194407
0.194266
0.194407
0.194539
0.194461
0.194467
0.194653
0.201869
0.202054
0.201995
0.202017
0.202158
0.202009
0.202152
0.202225
0.202054
0.202269
0.202284
0.202167
0.202376
0.202338
0.202304
0.202478
0.202391
0.202437
0.202599
0.202452
0.202565
0.202699
0.202523
0.202689
0.202804
0.20261
0.202811
0.202915
0.20271
0.202932
0.203035
0.202825
0.203055
0.203165
0.202955
0.203179
0.203306
0.203106
0.203305
0.203458
0.203281
0.203431
0.203619
0.203479
0.203551
0.203764
0.203697
0.203663
0.203937
0.203929
0.203765
0.204113
0.204172
0.203912
0.204285
0.20442
0.204205
0.204448
0.204668
0.204557
0.204584
0.204898
0.21597
0.216326
0.216208
0.216237
0.21649
0.216188
0.216463
0.216593
0.216223
0.216654
0.216676
0.216424
0.216825
0.21675
0.216671
0.216988
0.216824
0.216903
0.217189
0.216909
0.21712
0.217356
0.217014
0.217331
0.217533
0.217148
0.21754
0.217724
0.217314
0.217749
0.21793
0.217511
0.217963
0.218156
0.217745
0.218182
0.218403
0.218021
0.218405
0.218671
0.218345
0.218628
0.218955
0.21871
0.218842
0.219221
0.219107
0.219035
0.219536
0.219527
0.219194
0.219857
0.219964
0.219431
0.220173
0.220407
0.220006
0.22047
0.220849
0.220664
0.220705
0.221274
0.238147
0.238898
0.238684
0.238721
0.23918
0.238547
0.239131
0.239363
0.238154
0.239447
0.239504
0.238908
0.23974
0.239618
0.239426
0.240006
0.239722
0.239863
0.24036
0.239834
0.240256
0.240658
0.239973
0.240629
0.240972
0.240166
0.240998
0.24131
0.240427
0.241368
0.241675
0.240775
0.241749
0.242073
0.241218
0.242141
0.242507
0.241758
0.242542
0.24297
0.242382
0.242939
0.243459
0.243071
0.243312
0.243928
0.243802
0.243621
0.244513
0.244559
0.24379
0.245109
0.245322
0.243693
0.245689
0.246076
0.245332
0.246243
0.246807
0.246589
0.24663
0.24759
0.272173
0.272704
0.272775
0.272773
0.273205
0.272859
0.273342
0.273675
0.273083
0.273802
0.274052
0.273547
0.274183
0.27437
0.274157
0.274534
0.274676
0.274795
0.275204
0.27502
0.275421
0.2758
0.275428
0.276041
0.276405
0.275913
0.276671
0.27703
0.276476
0.277321
0.27768
0.277117
0.278006
0.278363
0.277846
0.27873
0.279075
0.278684
0.279485
0.279805
0.279648
0.280258
0.280538
0.280737
0.281019
0.281291
0.28191
0.28174
0.282456
0.283103
0.282458
0.283681
0.284243
0.283449
0.284917
0.285282
0.285032
0.28607
0.2862
0.286894
0.286993
0.287697
0.357491
0.358337
0.358219
0.358306
0.359537
0.358997
0.359314
0.360149
0.359863
0.360497
0.36088
0.360787
0.361793
0.361742
0.361803
0.363165
0.362736
0.362939
0.364533
0.363847
0.364189
0.365638
0.365055
0.365537
0.366869
0.366363
0.366966
0.368233
0.367763
0.368457
0.369733
0.369264
0.370012
0.371387
0.370876
0.371632
0.37321
0.372608
0.373329
0.375209
0.374477
0.375115
0.377391
0.376515
0.377027
0.379494
0.378771
0.379111
0.381428
0.381299
0.381414
0.383412
0.38413
0.383915
0.385469
0.387242
0.386582
0.38768
0.390568
0.389596
0.390226
0.393252
0.478889
0.482501
0.480956
0.48105
0.484885
0.482248
0.483797
0.485956
0.483923
0.48685
0.487202
0.485922
0.489975
0.488694
0.488264
0.493093
0.490475
0.490913
0.495564
0.492524
0.493766
0.49775
0.494818
0.496732
0.500172
0.497333
0.499748
0.502852
0.50004
0.502772
0.505798
0.502939
0.505796
0.509036
0.506045
0.508811
0.512573
0.509386
0.511818
0.516404
0.513017
0.51483
0.520511
0.517024
0.517903
0.524683
0.521501
0.52117
0.527911
0.526468
0.524855
0.531041
0.531861
0.529103
0.534023
0.537523
0.533954
0.536898
0.543301
0.539758
0.540047
0.547808
0.637938
0.637185
0.64079
0.641467
0.640124
0.643388
0.643823
0.644157
0.645425
0.646024
0.648209
0.64935
0.648492
0.652147
0.653253
0.651266
0.655868
0.656594
0.654776
0.659369
0.659788
0.658666
0.662767
0.663078
0.662565
0.666247
0.666567
0.666455
0.669954
0.670277
0.670317
0.673952
0.674231
0.674156
0.678248
0.678436
0.677981
0.682767
0.682897
0.681811
0.6873
0.687611
0.685683
0.691574
0.692527
0.690296
0.695446
0.697421
0.695172
0.698994
0.701668
0.700308
0.702458
0.705782
0.705808
0.706074
0.711915
0.711801
0.709987
0.716104
0.717974
0.715669
0.925676
0.915993
0.923287
0.92378
0.918322
0.930148
0.923174
0.922222
0.934284
0.923955
0.926436
0.93507
0.925477
0.930924
0.934708
0.927389
0.935533
0.934848
0.929849
0.939965
0.935762
0.932661
0.943894
0.937235
0.935343
0.947146
0.93906
0.937853
0.949815
0.941114
0.940174
0.952034
0.943327
0.942301
0.953762
0.945671
0.944248
0.954817
0.948173
0.946052
0.955117
0.950919
0.947747
0.954893
0.954087
0.949588
0.954598
0.957988
0.951608
0.954558
0.962609
0.953658
0.954859
0.965795
0.955845
0.955428
0.964155
0.958459
0.956124
0.960982
0.962381
0.957221
)
;

boundaryField
{
    inlet
    {
        type            calculated;
        value           nonuniform List<scalar> 0();
    }
    outlet
    {
        type            calculated;
        value           nonuniform List<scalar> 0();
    }
    front
    {
        type            empty;
    }
    back
    {
        type            empty;
    }
    hub
    {
        type            calculated;
        value           nonuniform List<scalar> 
72
(
0.0022034
0.0022034
0.00512753
0.00803574
0.00803574
0.0129922
0.0129922
0.0129922
0.0185831
0.0185831
0.0221664
0.0221664
0.0221664
0.0238112
0.0238112
0.0101509
0.00233309
0.00233309
0.00233309
0.00158755
0.00158755
0.00134815
0.00345239
0.00345239
0.00345239
0.00984929
0.00984929
0.0240353
0.0240353
0.0276018
0.017242
0.017242
0.017242
0.0106473
0.0106473
0.0158978
0.0345948
0.0345948
0.0712912
0.0726852
0.0726852
0.0726852
0.048776
0.048776
0.0621543
0.0718006
0.0718006
0.0892607
0.10828
0.10828
0.10828
0.131156
0.131156
0.157344
0.186713
0.218407
0.218407
0.251588
0.284495
0.284495
0.315292
0.339697
0.339697
0.361303
0.379647
0.379647
0.379647
0.393034
0.393034
0.400483
0.401066
0.39461
)
;
    }
    tip
    {
        type            calculated;
        value           nonuniform List<scalar> 
62
(
0.925676
0.915993
0.923287
0.92378
0.918322
0.930148
0.923174
0.922222
0.934284
0.923955
0.926436
0.93507
0.925477
0.930924
0.934708
0.927389
0.935533
0.934848
0.929849
0.939965
0.935762
0.932661
0.943894
0.937235
0.935343
0.947146
0.93906
0.937853
0.949815
0.941114
0.940174
0.952034
0.943327
0.942301
0.953762
0.945671
0.944248
0.954817
0.948173
0.946052
0.955117
0.950919
0.947747
0.954893
0.954087
0.949588
0.954598
0.957988
0.951608
0.954558
0.962609
0.953658
0.954859
0.965795
0.955845
0.955428
0.964155
0.958459
0.956124
0.960982
0.962381
0.957221
)
;
    }
    procBoundary1to0
    {
        type            processor;
        value           nonuniform List<scalar> 
160
(
0.0411042
0.0686675
0.113957
0.123893
0.160952
0.192027
0.200067
0.227954
0.235794
0.263652
0.292047
0.30119
0.33313
0.343404
0.382041
0.394604
0.444063
0.46012
0.476611
0.551934
0.572742
0.688396
0.716142
0.899187
0.946413
1.00802
1.35446
1.42492
1.95038
2.11141
2.2081
2.6184
2.77695
2.64263
2.4289
2.35817
1.69111
1.43697
1.3831
0.852275
0.713717
0.720703
0.509913
0.479667
0.478922
0.417645
0.414525
0.387083
0.3837
0.363341
0.358517
0.355807
0.338377
0.336104
0.320081
0.317867
0.303538
0.301137
0.288953
0.286381
0.276347
0.273808
0.272085
0.263256
0.261749
0.254009
0.252689
0.24589
0.244767
0.239068
0.238116
0.233546
0.229949
0.229129
0.226133
0.225573
0.223013
0.22261
0.220387
0.220057
0.218095
0.217764
0.216028
0.214406
0.214092
0.212451
0.21219
0.210588
0.210289
0.20881
0.207292
0.207292
0.207362
0.207362
0.206062
0.206304
0.206304
0.206052
0.204563
0.203112
0.202922
0.203135
0.203135
0.201724
0.201912
0.201912
0.201839
0.201874
0.201874
0.200526
0.199097
0.198864
0.197523
0.196228
0.196011
0.19473
0.193574
0.193345
0.192191
0.191973
0.191005
0.190024
0.189835
0.189015
0.188185
0.187469
0.187321
0.186621
0.185978
0.18585
0.18526
0.184662
0.184105
0.18398
0.183429
0.182849
0.182269
0.182115
0.181546
0.180936
0.180308
0.179709
0.179187
0.178797
0.178709
0.17858
0.178801
0.179539
0.180987
0.183379
0.187119
0.192924
0.201974
0.216201
0.238707
0.272633
0.357613
0.480104
0.63711
0.917036
)
;
    }
    procBoundary1to5
    {
        type            processor;
        value           nonuniform List<scalar> 
65
(
0.232824
0.232249
0.229273
0.228674
0.225994
0.223396
0.222895
0.220373
0.219877
0.217564
0.215282
0.214846
0.212591
0.212106
0.210066
0.207949
0.207558
0.205549
0.203628
0.203257
0.201347
0.199633
0.199251
0.197541
0.197196
0.195747
0.194309
0.19401
0.192787
0.191568
0.190503
0.190253
0.189201
0.18823
0.188013
0.187114
0.186225
0.185409
0.185206
0.18442
0.183631
0.182881
0.182674
0.181977
0.181283
0.180621
0.180036
0.179565
0.179248
0.179179
0.179133
0.179418
0.180183
0.181648
0.184147
0.188201
0.194656
0.20491
0.221303
0.247726
0.288585
0.393138
0.546464
0.719203
0.959387
)
;
    }
    procBoundary1to6
    {
        type            processor;
        value           nonuniform List<scalar> 
85
(
0.700795
0.767699
0.885136
0.8951
1.03506
1.17504
1.19336
1.33035
1.35296
1.50186
1.64827
1.67828
1.81943
1.8525
1.99788
2.03438
2.18434
2.21034
2.23904
2.3985
2.4426
2.61188
2.65981
2.83944
2.87611
2.91612
3.11248
3.16911
3.38277
3.42898
3.47803
3.71657
3.7684
3.82418
4.09541
4.16677
4.46972
4.5379
4.6024
4.95335
5.02805
5.09906
5.49085
5.56789
5.65338
6.05744
6.14322
6.55661
6.64243
7.03134
7.11421
7.18459
7.50095
7.54669
7.68045
7.68484
7.51891
7.46231
6.95254
6.81854
6.022
5.81971
5.60452
4.55557
4.31063
3.16532
2.94255
1.93661
1.7782
1.09444
1.00356
0.628956
0.441661
0.406228
0.322746
0.309161
0.273505
0.268698
0.253605
0.251859
0.244939
0.244027
0.239955
0.236662
0.235964
)
;
    }
}


// ************************************************************************* //
