/*--------------------------------*- C++ -*----------------------------------*\
| =========                 |                                                 |
| \\      /  F ield         | OpenFOAM: The Open Source CFD Toolbox           |
|  \\    /   O peration     | Version:  v2012                                 |
|   \\  /    A nd           | Website:  www.openfoam.com                      |
|    \\/     M anipulation  |                                                 |
\*---------------------------------------------------------------------------*/
FoamFile
{
    version     2.0;
    format      ascii;
    class       volScalarField;
    location    "1e-06";
    object      omega;
}
// * * * * * * * * * * * * * * * * * * * * * * * * * * * * * * * * * * * * * //

dimensions      [0 0 -1 0 0 0 0];


internalField   nonuniform List<scalar> 
10248
(
85782.9
86811.6
88431
91964
87838.8
88414.4
92837.3
93118.8
91426.8
91828.1
92785.5
97225.9
92894.1
93494.8
98308.1
95085.5
94889.6
96738
113369
97606.2
96936.1
96952.1
103775
102243
104967
113363
109404
109173
111924
104320
108161
115858
120714
128994
134096
129474
127722
130891
126349
122872
125900
122795
119698
122493
117089
114970
118261
111814
110376
114451
107014
105650
110948
103550
101634
106764
101205
98388.8
102909
99638.7
97453.6
99354.5
98672.8
115929
96161
97941.2
93190.5
92856.7
97394.2
91555.4
89408.6
93305.1
55708.2
56347.9
60429
58021.5
62411.7
61635.7
60374.6
65449.9
62617.9
63848.9
67638.8
65111.8
69061.6
70633.2
69397.9
75535.2
72873.4
72895.5
65019.2
74265.1
75524.5
77679.2
77469.8
80015.1
82406.7
82148.7
85801.7
84694.8
83604.9
83550.9
83236.7
82999
93708.4
93280.3
92335
97639.5
90747.2
90387.6
95942.6
87798.1
87516.5
92856
85865.7
85549.8
90073.2
83297.9
82730.9
86320.9
80764.1
79828
82335.3
78332.7
76984.9
79001.8
76480.2
73807.4
76318.6
75212.4
72543.5
74115.9
74940.7
71424.4
72052.5
64434.5
70485.1
70336.4
72871
69467.6
68386.4
69859
68437.8
66105.6
28401
28733.6
32344.4
32186.2
33994
33163.6
32778.5
37354.2
36892.7
37640
40339.3
40308.6
41785.3
44842.3
44920.1
49846.5
49263.3
49610.5
54191.2
51125.9
51688.6
54158.8
51948.6
52850.7
53542
52349.2
54394.9
53760.8
53053.8
55999.7
54171.8
53690
56746.7
52541.6
51993.9
55089.1
51682.5
51608.9
56130.1
50876.1
50798.2
54905.8
50478
50345.6
53656.8
49436.8
49164.8
51635.5
48368.9
47909.4
49624.4
47471.2
46779
48056.2
46868.3
45493.1
46832.8
46635.4
44992.4
45829.5
47261.2
44506.1
44906.2
48657.1
43991.1
43929
45632.2
43446.1
42878.3
43670.7
43017.1
41598
27590.9
28038.5
28786.6
31786.1
32753.4
32097.9
32388.9
32752.8
36345.5
37022.4
37489.6
39963.8
40684.7
43541.7
44519.1
46748.5
48503.7
49093.4
50351.6
50563.9
50953.5
50261.1
51430.9
51621.3
50910.9
51775.2
52308.3
51843.1
52428.5
53046.8
52819
52912.7
52444.9
51115.3
51027.4
49268.6
50268.8
50503.4
49574.4
49418.6
49566
48492
48865.1
48998.9
48108.8
47776.7
47817.7
47348.2
46659.9
46610.9
46532.4
45629.8
45511.8
45766.5
44757.9
44213.9
45008.1
43857.2
43689.8
44264.2
42497
43170.5
43472.2
40396
42585.7
42639.1
42510.7
41863.5
41667.3
41911.5
40850.7
40375.1
19023.2
19365.2
21484.6
23630.7
24409.4
23756.3
23882.3
24943
27680.5
28199.9
29709.5
30499.5
31006
32209
32404.7
34420.1
35246
35607.2
35018
36388.8
36863.7
37106.8
36086.6
36546.2
35202.3
34174.3
34932.9
34266.7
34494.4
36598.9
36727
36620.6
36376.2
33918.4
33813.2
33441.9
33359.2
33476.4
34033.2
33031.9
33120.9
33543.7
32900.2
32978.7
33298.7
32331.9
32337.1
32669.4
31762.7
31712.1
32071.5
31316.7
31202.9
31564.9
30967
30572.8
31105.1
30675.5
30315.9
30680.8
30376.8
30035.8
30222.5
28707.5
29701.3
29738.9
30049.2
29305.2
29176.5
29382.7
28839.8
28398.8
15283.8
15584.5
18186.1
19710.6
20371.4
20076.6
20173.2
21582.3
23093.8
23438.1
24667.6
23754.9
24241.6
23963.2
23692.8
25155.6
24890
24987
26584.3
25254
25656.2
26738.6
25024.5
25628.2
24830.2
23575.7
24321
23986.2
23959.2
26239.3
26473.4
26259.9
26762.1
24506.2
24387
24935.8
24289
24323
25463.9
24188.5
24223.5
25299.7
24206.9
24220.9
25045.4
23859.8
23824.8
24493.6
23551.7
23469.9
24010.6
23359.5
23210.5
23624.3
23245.2
22878.8
23301.4
23223.3
22744.6
23018
23355.1
22585.2
22728.6
23392.6
22389.5
22405.4
22915.4
22174
22046.6
22261.9
21995
21543.1
15057.1
15384.5
17531.7
19582
19982.2
19807.6
20055.5
20860.5
22892.9
23183
23443.2
23547.3
23557.6
23173.1
23443.8
23469.1
24338.2
24599.2
23726.2
24827.3
25099
24535.3
24658.1
24855.2
23554.6
23248.2
23360.9
23153.9
23609.9
24867.1
25693.3
25808.7
25022.3
23858.6
23918.4
23151.8
23640.3
23793.1
23468
23502.9
23633.6
23326.9
23467.7
23567.3
23172.9
23060.2
23145.8
22881.5
22716.5
22796
22702.2
22465.5
22539.5
22559.7
22242.4
22197.4
22401.3
21995.3
22050
22216.6
21634.5
21872.4
21986.5
21272.8
21645.6
21710.9
21572.3
21359.6
21384.3
21378.6
20964.2
20881.2
13223.4
13523.1
15905.3
17450
17864.6
17885.5
18033
18877.1
19507.5
19677
19501.5
18484.4
18647.5
17928.1
17865.7
18105.7
18000.1
18102.8
17522
18086.5
18306.2
18474.5
18042.4
18342.9
17814.5
17400.1
17738.2
17720.5
17833.1
19064.5
19467
19440.1
19513.7
18479
18485
18566.2
18522.2
18596.2
18889.4
18571.2
18638.7
18905.3
18599.3
18637.8
18763.4
18338.3
18362.6
18506.2
18134.8
18143.1
18319.8
18016.8
18000.8
18166
17933
17801.9
18021.3
17869
17717.4
17872.2
17789.6
17607.1
17696.2
17156.6
17463.9
17500.5
17636.8
17293.8
17268.7
17341.3
17104
16913.8
13080.7
13391.4
15545.6
17365.9
17620.8
17704.4
17943.8
18292.3
19298.4
19408.1
18481.9
18308.3
18078.5
17352.7
17670.8
17091
17616.5
17819.7
16993.9
17784.6
17902.8
17241.6
17776.2
17794.3
17006.9
17166.4
17086.5
17157
17577.4
18145.1
18894.7
19094.8
18395.9
18006.4
18133.5
17499.5
18044.7
18199.2
17737.2
18066.3
18198.1
17737.1
18045.4
18152.5
17600.7
17748.3
17853.2
17437
17518.1
17635.3
17393.1
17358.1
17493.7
17380.1
17201.6
17288.1
17343.5
16997.5
17192.9
17265.4
16662.7
17068.6
17139.5
16413.7
16902.3
16972.2
16685.4
16681.7
16763.7
16670.6
16349.2
16409.7
11982
12276.5
14560.6
15984.2
16303.1
16201.2
16256
16337.6
16108.2
16159
15340.7
14483.3
14497.9
13830.9
13850.1
13758.7
13703.5
13790.7
13429.2
13698.1
13829.3
13781.7
13720.4
13880.4
13610.5
13556.1
13727.7
13834.5
13965.4
14629.4
14956.4
14999.9
15006.1
14579.9
14630.4
14660.3
14735.4
14811.4
14903.3
14825.8
14892.4
14944.6
14806.3
14852.2
14804.2
14596.4
14632.8
14630.9
14445.4
14476.1
14533.9
14364.1
14384.5
14459.4
14303.6
14247.5
14381.2
14245.8
14186.7
14288.6
14163.2
14104.4
14171.6
13885.3
13996.3
14034.3
14062.8
13865.3
13871
13895.8
13709.6
13607.3
11179.1
11447.9
13682
14616.9
15019.2
14506.1
14298.7
14253.3
13118.9
13148.8
12703.2
11532.5
11747.9
11255.3
11068.4
11385.2
11023.6
11030
11482.4
10992.2
11122.4
11440.4
11080.7
11307.7
11341.3
11166.8
11470.4
11600.9
11549.9
12260.8
12353.6
12291
12693.1
12254.9
12240.8
12670.5
12450.8
12464.6
12920.3
12560.4
12573.5
12969.9
12544.4
12539.9
12814.9
12385.6
12368.5
12623.1
12287.9
12253.6
12488.2
12253.9
12189.2
12375.9
12248.6
12092.1
12272.3
12269.8
12051
12169
12321
11994.7
12058.1
12332.9
11924.5
11934.3
12155.2
11852.1
11797.3
11897.1
11805.9
11592.6
11084.1
11358.6
13429.7
14523
14787.2
14221.5
14170.1
13528.3
12889
12891.4
12022.2
11391.5
11379.3
10897.5
10939.6
10820.7
10787.2
10859.7
10653.8
10809.5
10901
10869.8
10920
11024.4
10939.4
11019.1
11132.3
11281.2
11390.8
11798
12025.1
12083.4
12122.5
11960.6
12018.8
12078.7
12145.2
12210.5
12270.6
12232.2
12288.2
12305.2
12192
12228.8
12164.4
12008.6
12041.6
12025.4
11895.4
11926
11957.3
11837.7
11860
11907.2
11794.7
11755.7
11852.5
11753.2
11706.8
11783.3
11699.9
11640.8
11694.6
11559.8
11555.3
11588.5
11600.8
11453.4
11463.6
11475.9
11335.8
11257.1
10426.1
10646.7
12451.6
12882.7
13259.4
12270.5
11997
11494.8
10423.8
10440.9
10005.4
9230.45
9402.97
9092.95
8968.51
9190.76
8980.95
8992.57
9261.47
9032.14
9133.63
9357.43
9206.88
9378.03
9476
9433.87
9662.68
9811.22
9779.76
10276.3
10357
10323.7
10630.3
10415.2
10413.3
10731.8
10610.9
10624.9
10928.4
10713.9
10726.2
10975.2
10692.3
10690.5
10851.3
10563.4
10551.8
10714.5
10487.5
10463.6
10627.4
10462.4
10415.5
10552.3
10456.3
10337.2
10476.2
10463.1
10301.4
10394.2
10475.2
10252.9
10303.6
10453.2
10193.3
10202.5
10351.2
10131.8
10090.6
10164.1
10086.4
9921.57
10334.5
10558.2
12170.2
12742.6
12929.9
11919.6
11834.9
10860.2
10209.6
10204.8
9505.63
9105.98
9105.6
8813.85
8857.69
8789.4
8792.08
8853.11
8747.21
8885.93
8958.39
8980.05
9078.78
9159.85
9184.42
9314.05
9403.06
9563.87
9650.84
9935.04
10103.9
10159.8
10222.6
10179.4
10233.9
10303.3
10364.5
10419.7
10464.2
10451
10498.1
10498.8
10413.4
10444.7
10381.6
10268.6
10297.1
10272.5
10181.7
10209.1
10223.8
10139
10160.3
10189.2
10105.8
10076.6
10148.3
10070.7
10034.2
10093
10024.1
9977.29
10020.5
9922.23
9904.94
9933.29
9930.08
9819.65
9831.02
9833.35
9722.55
9659.95
9764.12
9897.43
11065.7
10911.6
11203.9
9966.58
9703.32
9148.94
8298.27
8318
8030.48
7539.86
7688.77
7529.18
7439.96
7644.09
7531.12
7543.73
7772.83
7656.24
7739.81
7944.9
7888.28
8028.15
8165.55
8180.07
8368.33
8517.05
8488.65
8869.16
8934.3
8909.52
9169.79
9054.6
9053.01
9317.15
9233.67
9242.95
9481.76
9330.79
9338.85
9528.87
9316.29
9312.9
9432.4
9215.12
9202.76
9326.31
9155.87
9133.21
9262.49
9137.02
9094.84
9205.33
9130.67
9027.73
9142.71
9130.13
8994.31
9071.51
9128.66
8950.12
8991.62
9100.89
8897.62
8903.1
9017.32
8844.19
8805.94
8866.37
8802.66
8661.12
9685.22
9819.93
10746.7
10749.9
10832.5
9631.83
9540.31
8600.8
8118.57
8122.3
7657.13
7435.63
7458.54
7315.81
7347.76
7346.31
7381.4
7430.42
7395.39
7538.06
7600.63
7670.71
7783.68
7857.33
7945.28
8080.19
8163.97
8321.08
8381.71
8606.45
8733.74
8776.23
8859.32
8861.63
8904.71
8984.27
9031.17
9073.93
9123.38
9116.43
9152.78
9163.64
9091.78
9115.01
9073.74
8980.13
8999.65
8987.12
8913.2
8931.01
8949.2
8881.33
8892.35
8919.86
8855.27
8820.56
8882.49
8825.9
8781.4
8831.36
8783.77
8730.01
8765.63
8690.56
8666.74
8688.17
8689.1
8594.49
8598.65
8602.18
8515.76
8451.41
9335.7
9363.8
9825.06
9205.15
9350.12
8102.53
7878.05
7400.32
6766.72
6786.31
6650.24
6337.55
6468.16
6410.07
6339.86
6548.72
6492.17
6503.2
6735.39
6667.16
6738.26
6947.56
6928.11
7049.11
7207.65
7239.64
7405.41
7544.95
7511.56
7827.68
7876.47
7850.77
8090.25
8016.21
8009.86
8250.3
8176.12
8179.01
8396.56
8272.38
8275.05
8451.25
8274.63
8267.21
8379.92
8198.69
8182.76
8294.05
8153.54
8128
8242.02
8139.43
8095.95
8192.84
8132.71
8035.89
8135.93
8128.31
8002.94
8069.49
8124.14
7960.84
7994.79
8096.57
7912.57
7912.81
8012.28
7864.53
7824.02
7878.19
7826.96
7695.84
9300.74
9327.06
9529.9
9091.99
9059.84
7864.99
7766.23
6953.13
6642.26
6650.34
6366.4
6265.52
6302.29
6256.43
6277.57
6322.75
6386.29
6425.35
6427.98
6586
6641.52
6737.17
6859.09
6927.89
7045.9
7176.06
7255.29
7403.84
7446.07
7632.57
7738.8
7770.56
7857.53
7887.13
7921.09
7995.68
8045.59
8079.91
8124.81
8139.23
8169.29
8179.78
8138.56
8157.14
8121.62
8058.26
8073.49
8058.2
8008.86
8022.93
8032.76
7984.65
7993.21
8010.88
7961.22
7931.04
7978.72
7930.28
7893.14
7932.26
7881.77
7843.99
7872.15
7783.1
7784.65
7801.93
7790.25
7717.74
7721.13
7717.1
7644.15
7589.25
9286.71
9307.34
9395.12
8995.01
8841.33
7672.91
7667.7
6793.93
6529.46
6521.52
6194.68
6201.69
6158.74
6118.26
6217.44
6174.68
6287.41
6349.78
6338
6512.53
6547.45
6588.24
6798.84
6813.59
6902.25
7122.04
7121.38
7271.41
7385.03
7472.83
7610.51
7696.93
7683.37
7768.28
7839.73
7816.6
7927.18
7989.88
7940.05
8020.3
8074.32
7993.47
8019.22
8062.3
7936.68
7936.22
7980.05
7875.18
7880.64
7932.25
7856.43
7845.89
7905.8
7848.28
7806.21
7844.02
7834.61
7753.37
7801.17
7807.39
7689.35
7744.87
7764.13
7632.01
7674.14
7705.83
7606.05
7587.05
7634.08
7569.17
7478.21
7499.92
9461.63
9372.61
8968.9
8247
8101.3
6926.08
6807.82
6023.72
5736.28
5731.01
5526.52
5478.15
5515.62
5517.16
5529.85
5600.46
5677.58
5708.33
5774.03
5896.03
5945.22
6052.77
6172.87
6237.56
6364.64
6482.46
6558.58
6694.42
6721.24
6884.15
6976.48
6997.7
7087.34
7128.77
7153.26
7226.76
7277.09
7303.27
7352.59
7380.52
7404.26
7426.06
7408.29
7422.74
7398.5
7355.78
7365.25
7352.39
7318.98
7327
7334.96
7299.95
7303.22
7316.92
7277.15
7246.63
7286.12
7243.43
7208.41
7240.54
7190.26
7159.82
7182.34
7124.18
7102.55
7114.48
7097.8
7038.87
7037.79
7031.19
6968.01
6916.16
9550.77
9443.57
8988.95
8216.84
8038.32
6874
6767.96
5969.37
5660.6
5645.54
5432.84
5418.4
5411.07
5415.52
5471.06
5495.97
5590.34
5635.73
5691.63
5821.19
5857.49
5947.5
6103.69
6133.37
6247.31
6413.84
6438.5
6572.36
6645.21
6745.79
6849.03
6906.74
6940.13
7001.5
7051.83
7075.78
7144.56
7190.35
7196.52
7243.91
7284.16
7266.98
7270.41
7300.47
7237.06
7214.63
7242.63
7188.83
7175.37
7206.97
7170.21
7150.19
7184.11
7154.72
7118.77
7125.86
7130.96
7076.85
7083.12
7094.94
7026.56
7028.89
7046
6974.43
6963.69
6985.23
6925.4
6887.89
6914.14
6870.75
6801.26
6790.51
10508.9
10281.2
9311.16
8414.8
8154.47
6945.68
6792.31
5854.68
5393.49
5342.82
5082.71
5003.76
5027.04
5028.84
5031.74
5108.47
5175.92
5197.98
5296.18
5386.78
5429.53
5547.97
5645.68
5707.77
5834.02
5927.91
6005.91
6124.4
6133.27
6288.14
6362.37
6369.78
6474.68
6507.69
6519.9
6611.74
6643.96
6659.47
6736.93
6754.01
6768.87
6827.36
6807.96
6813.87
6825.79
6780.11
6780.03
6792.51
6756.67
6753.17
6777.28
6742.55
6731.92
6755.77
6720.73
6677.11
6719.32
6687.38
6636.97
6668.27
6639.56
6587.75
6605.92
6584.91
6531.99
6535.23
6535.59
6472.29
6457.74
6460.59
6408.37
6343.24
10755
10499.4
9421.06
8508.2
8264.43
7051.19
6867.06
5839.99
5393.19
5332.28
5028.75
4972.02
4966.89
4967.18
4994.42
5028.86
5115.55
5146.37
5212.86
5330.43
5364.24
5464.29
5590.46
5627.31
5744.77
5870.86
5909.64
6029.05
6071.3
6175.32
6261.83
6296.06
6352.28
6406.01
6437.83
6483.49
6538.41
6569.09
6603.95
6646.12
6674.15
6694.34
6702.84
6721.01
6695.28
6672.62
6686.68
6664.62
6648.6
6662.76
6651.55
6630.57
6642.47
6633.14
6602.8
6585.81
6601.98
6563.41
6541.68
6557.64
6512.8
6487.56
6501.76
6453.92
6425.21
6436.39
6401.28
6356.4
6363
6336.98
6281.72
6245.96
12648.6
12256
10588.9
9596.32
9181.86
7904.5
7732.33
6451.1
5738.46
5591.85
5089.88
4900.29
4866.7
4805.83
4802.71
4835.22
4877.24
4890.37
4988.95
5052.03
5085.43
5204.38
5275.32
5330.62
5449.53
5517.98
5594.36
5694.7
5688.67
5839.1
5895.91
5892.27
6012.24
6032.06
6034.59
6146.35
6160.15
6167.37
6272.6
6277.57
6285.65
6379.16
6356.39
6357.3
6405.17
6356.81
6350.23
6385.68
6347.04
6335.65
6372.77
6337.01
6316.95
6346.9
6314.69
6262.62
6304
6280.86
6218.7
6246.92
6237.34
6166.46
6179.54
6183.28
6109
6104.88
6118.77
6049.3
6024.73
6032.89
5988.84
5913.71
13020.3
12596.1
10876.4
9767.4
9456.66
8132.49
7874.11
6622.29
5822.65
5667.18
5079.85
4906.27
4856.99
4781.44
4792.86
4777.1
4845.78
4864.34
4885.28
5019.36
5045.91
5127.5
5241.29
5275.34
5379.68
5481.92
5520.9
5625.27
5651.31
5746.35
5826.35
5847.38
5906.21
5964.21
5984.81
6031.74
6092.14
6113.49
6153.85
6209.87
6230.4
6264.02
6292.4
6304.6
6299.57
6292.82
6299.66
6289.73
6283.54
6288.87
6285.38
6270.15
6271.72
6267.55
6241.5
6216.21
6232.67
6197.92
6169.14
6183.16
6138.6
6112.62
6122.25
6057
6049.1
6053.21
6022.1
5980.68
5977.23
5955.78
5906.21
5863.2
13474.3
13010.6
11334.7
9961.59
9752.62
8417.23
8071.43
6900.82
5949.72
5789.43
5220.46
4928.29
4890.45
4794.06
4795.29
4777.6
4828.42
4847.86
4899.06
4995.47
5016.93
5098.86
5214.97
5234.94
5333.84
5453.89
5469.99
5570.17
5617.96
5687.15
5767.51
5807.55
5844.3
5905.69
5940.85
5969.37
6033.39
6066.35
6091.06
6151.76
6182.73
6201.69
6241.87
6263.25
6240.9
6241.02
6259.16
6231.22
6231.6
6251.33
6226.19
6215.86
6236.54
6208.37
6183.22
6181.34
6175.54
6135.91
6130.91
6130.43
6078.68
6069.86
6075.18
6015.8
6000.1
6011.22
5956.06
5922.95
5939.72
5892.48
5839.23
5823.39
16542.4
15891.4
13337.3
11814.8
11342.8
9852.6
9568.87
8095.24
6950.54
6702.44
5822.26
5385.18
5230.39
4974.5
4966.19
4824.97
4824.67
4828.81
4833.7
4904.3
4916.68
4972.81
5059.66
5082.14
5163.89
5243.38
5274.31
5357.64
5373.97
5457.03
5524.96
5538.01
5598.94
5650.94
5664.39
5718.52
5772.28
5787.46
5841.02
5895.23
5911.01
5964.18
6002.58
6012.77
6032.18
6033.34
6036.2
6039.5
6037.96
6038.54
6041.02
6028.06
6024.46
6021.13
5996.29
5967.84
5980.68
5947.43
5915.23
5924.95
5885.41
5853.37
5858.22
5818.36
5785.27
5783.59
5755.18
5712.82
5703.08
5682.07
5634.84
5588.46
17202.3
16540
13773.7
12125.7
11740
10189.3
9854.52
8366.47
7178.99
6940.6
5975.35
5483.73
5341.65
5048.76
5020.02
4850.84
4849.5
4847.78
4828.01
4906.48
4914.97
4959.58
5048.62
5063.49
5140.23
5223.01
5240.53
5322.19
5347.7
5411.21
5481.83
5503.28
5546.48
5603.79
5623.79
5661.94
5721.7
5742.12
5781.7
5842.87
5863.7
5904.38
5955.7
5970.81
5978.7
5987.66
5995.59
5989.25
5994.79
6001.6
5992.53
5984.19
5988.55
5972.47
5949.87
5930.7
5931.76
5898.21
5874.98
5876.79
5834.34
5809.45
5811.44
5763.92
5736.99
5738.39
5696.77
5659.62
5659.32
5624.18
5577.39
5542.34
21620.9
20647.4
16758.1
14681.9
13892.5
12104.3
11868.2
10003.3
8734.06
8389.29
7133.13
6497.86
6192.37
5705.15
5686.72
5295.29
5194.45
5175.1
5059.13
5081.28
5061.27
5052.63
5110.9
5102.17
5145.03
5198.1
5203.41
5256.55
5267.11
5323.35
5373
5379.65
5432.52
5469.87
5476.62
5532.59
5572.38
5581.34
5644.86
5688.59
5699.47
5769.33
5811.66
5819.12
5864.89
5872.46
5873.25
5892.69
5893.82
5891.42
5900.37
5887.16
5879.61
5875.27
5850.18
5817.3
5825.34
5795.02
5755.37
5759.98
5729.03
5684.56
5684.17
5656.17
5608.41
5601.25
5578.43
5529.38
5513.46
5492.44
5448.08
5393.81
22490.4
21466.3
17439.1
15081.1
14438.9
12525.7
12163.4
10493.7
9024.97
8696.49
7421.41
6665.21
6427.53
5865.13
5788.95
5408.06
5275.57
5244.17
5088.32
5122.62
5102.86
5062.96
5129
5120.06
5147.12
5201
5198.49
5246.81
5264.47
5298.98
5356.2
5369.38
5395.11
5448.5
5460.65
5486.27
5547.73
5561.27
5593.94
5661.97
5677.18
5718.67
5786.82
5800.13
5824.1
5851.75
5856.63
5860.43
5875.76
5877.85
5873.16
5867.97
5866.28
5850.4
5827.31
5803.25
5801.74
5766.22
5739.21
5737.6
5690.84
5665.65
5663.05
5609.34
5585.91
5581.31
5538.95
5502
5494.3
5459.83
5412.89
5372.85
23421.1
22355.6
18316.4
15500.5
14981.9
12978.6
12534.1
10885.2
9354.72
9034.08
7767.33
6850.92
6671.76
6075.39
5927.1
5577.35
5397.48
5342.48
5224.97
5190.69
5171.25
5146.7
5166.81
5165.83
5193.61
5219.7
5224.84
5266.59
5274.47
5311.38
5361.41
5370.99
5399.88
5444.42
5455.64
5485.31
5537.77
5551.5
5588.74
5648.41
5664.54
5709.94
5774.58
5789.73
5817.64
5843.65
5849.47
5855.72
5870.32
5873.58
5868.68
5863.44
5863.46
5844.15
5821.46
5799.33
5793.08
5759.11
5732.99
5727.3
5685.04
5656.77
5652.08
5604.95
5573.84
5570.37
5524.37
5486.45
5483.91
5441.48
5394.98
5360.56
28521.4
27307.9
22705
19317.1
18255
15688.2
15273.9
13148.7
11496.3
11076.3
9548.88
8524.8
8140.32
7322.85
7223.37
6605
6287.02
6212.58
5937.34
5834.71
5762.82
5635.2
5626.98
5565.8
5517.79
5520.98
5469.73
5457.36
5470.46
5446.37
5468.05
5475.75
5465.63
5489.23
5494.91
5500.56
5541.07
5548.82
5573.99
5625.45
5636
5677.51
5744.41
5760.82
5798.54
5835.03
5840.37
5854.88
5875.43
5877.89
5875.12
5869.75
5867.95
5844.93
5819.1
5793.97
5783.74
5746.52
5716.23
5707.32
5662.76
5629.41
5621.28
5573.19
5537.11
5528.77
5483.97
5441.68
5431.83
5391.44
5343.24
5300.31
29432.4
28229.8
23461.4
19923.1
18906
16175.2
15706.5
13550.1
11875.7
11476.7
9855.51
8783.29
8451.02
7564.53
7419.06
6803.54
6466.33
6374.75
6002.53
5961.2
5893.01
5712.82
5713.71
5662.51
5589.01
5575.52
5529.85
5508.04
5511.59
5476.64
5502.97
5504
5476.39
5509.97
5511.59
5497.8
5551.88
5557.15
5564.17
5629.35
5638.37
5664.82
5741.99
5760.06
5793.77
5840.12
5844.32
5855.7
5883.58
5883.69
5879.66
5877.64
5872.81
5849.65
5824.12
5797.55
5786.74
5747.25
5718.22
5708.12
5656.75
5629.54
5619.92
5554.31
5535
5525.72
5474.88
5436.77
5427.26
5383.18
5334.23
5294.37
30202.1
29072.3
24703.4
20539.7
19858.4
16957.3
16292.5
14235.6
12341.8
11958.8
10467.7
9074.18
8877.51
7965.81
7678.2
7165.5
6720.08
6579.46
6370.45
6134.96
6077.18
5986.25
5835.57
5827.02
5772.71
5656.64
5665.8
5628.56
5579
5586.28
5583.95
5555.42
5563.7
5562.4
5547.92
5563.2
5586.47
5582.29
5614.36
5652.29
5654.88
5700.17
5758.34
5772.12
5820.74
5859.85
5858.39
5886.27
5907.1
5900.05
5909.49
5903.33
5889.36
5874.96
5848.86
5810.8
5806.12
5771.08
5729.74
5722.1
5681.51
5639.46
5629.77
5585.14
5543.44
5532.32
5487.89
5443.93
5431.7
5388.76
5341.04
5296.33
32093.2
31585.2
29069.4
25278
24157.7
20703.1
19976.2
17254.2
15159.2
14676
12865.5
11452.4
10997.9
9825.21
9610.61
8756.18
8182.03
8055.9
7617.84
7371.32
7264.45
7025.18
6885.47
6778.02
6601.14
6499.69
6392.05
6268.53
6255.23
6126.59
6068.78
6055.41
5951.85
5912.12
5900.08
5829.12
5835.57
5830.92
5801.41
5825.53
5825.7
5824.81
5880.82
5901.39
5937.26
5984.23
5988.16
6006.41
6037.34
6039.3
6034.95
6028.8
6024.59
5990.11
5957.6
5929.06
5906.8
5861.68
5828.47
5809.03
5755.71
5719.64
5703.54
5645.79
5606.12
5593.13
5536.19
5490.35
5479.59
5426.23
5372.92
5330.21
32063.7
31858.6
29696.8
26010.3
24976.3
21406.7
20683.9
17777.2
15703.2
15240.8
13310.7
11862.6
11454.1
10212.3
9973.01
9069.43
8494.76
8351.35
7851.71
7619.21
7520.52
7243.52
7086.99
6998.93
6800.04
6662.92
6572.92
6440.94
6401.81
6271.67
6211.71
6179.16
6060.34
6024.71
5998.83
5906.47
5923.15
5908.61
5860.6
5891.59
5884.3
5868.03
5930.85
5937.62
5968.62
6030.75
6030.39
6048.35
6086.87
6082.39
6079.31
6077.57
6065.86
6033.83
6001.42
5966.09
5946.97
5899.29
5862.65
5844.65
5786.01
5751.07
5734.01
5669.86
5634.68
5618.41
5559.06
5515.52
5500.09
5447.64
5393.43
5347.96
28983.5
29702.6
30182.5
28858.4
28159.3
25490.4
24892.4
21707.3
19367.9
18730.3
16426.6
14878.6
14208.1
12782.7
12639.3
11320.8
10616
10454.3
9734.62
9465.23
9270.31
8848.88
8713.81
8481.79
8194.8
8110.37
7857.41
7669.17
7702.3
7363.51
7240.79
7236.85
6948.4
6854.32
6835.58
6614.86
6577.16
6560.42
6404.47
6382.53
6367.72
6261.19
6288.63
6298.02
6289.83
6339.66
6343.34
6325.94
6371.72
6384.48
6346.15
6343.5
6352.99
6278.23
6239.96
6221.12
6168.41
6110.86
6085.9
6046.09
5974.96
5944.98
5918.64
5838.16
5801.42
5787.92
5704.77
5658.05
5655.4
5575.8
5516.18
5477.88
27930.2
28845.5
30948.1
29438.2
29233.2
26498.7
25569
22809.1
20094.9
19464.2
17174.1
15415.4
14893.5
13357.6
13048.1
11912
11052
10855.5
10213
9802.84
9648.32
9247.48
8984.51
8838.21
8536.2
8336.24
8198.02
7965.95
7906.57
7672.25
7480.46
7420.76
7198.11
7043.8
6993.48
6804.09
6726.2
6690.73
6548.55
6495.39
6467.55
6359.57
6371.86
6368.54
6368.12
6406.49
6407.23
6409.42
6442.11
6440.6
6426.64
6411.28
6401.98
6351
6304.07
6265.7
6231.29
6170.63
6128.57
6098.65
6030.12
5986.05
5961.28
5889.03
5841.08
5821.56
5751.27
5696.18
5681.25
5614.94
5551.78
5503.53
27028.5
28082.3
30154.7
29498
29330.7
26947.9
26141.5
23394.4
20718.7
20104.2
17762.8
15901.3
15424.6
13858
13506.7
12337
11475.6
11249.3
10582.9
10150.5
9999.38
9578.46
9265.39
9144.77
8834.31
8568.07
8467.72
8232.16
8126.59
7911.75
7717.55
7621.32
7412.66
7255.39
7174.01
7000.17
6906.07
6846.27
6710.78
6640.58
6593.21
6487.98
6483.86
6464.27
6461.71
6496.03
6485.66
6490.99
6526.65
6511.02
6505.62
6492.36
6465.86
6424.39
6378.49
6321.8
6298.41
6238.12
6182.55
6158.75
6090.43
6038.35
6013.68
5942.3
5891.69
5865.94
5799.07
5744.53
5718.08
5658.81
5596.42
5537.58
21072.1
21929
25297.8
27089.7
27854.4
28160
27970.3
26779.6
24757.2
24059.6
21742.6
19795.3
19081.4
17318.8
17013.5
15485.5
14467.9
14226
13345.8
12840.9
12591.7
12022.4
11692
11420
10993.9
10752.4
10472.7
10146.7
10116.7
9671.64
9403.63
9355.46
8965.93
8746.27
8688.77
8359.61
8190.81
8126.68
7845.2
7692.02
7631.04
7392.36
7305.04
7276.57
7158.39
7141.16
7122.5
7042.09
7059.61
7062.54
7000.39
6972.86
6972.51
6871.43
6809.06
6770.08
6702.11
6624
6579.16
6525.88
6438.1
6388.77
6351.37
6255.82
6200.75
6179.17
6080.23
6017.82
6010.25
5912.69
5840.38
5791.63
19629.3
20564.1
23842
26363.7
27513.5
28638.5
28214.8
28211.4
25505.6
24845.2
22575.6
20462.6
19857.5
17955.1
17540
16133.4
15012.3
14752.5
13890.5
13308.3
13102
12493.4
12084.2
11887.5
11408.3
11082
10892
10513.2
10414
10044.8
9731
9635.64
9305.95
9042.34
8951.71
8669.61
8448.16
8361.48
8096.57
7906.93
7828.99
7575.18
7475.58
7432.17
7288.87
7266.39
7240.32
7162.9
7173.52
7159.22
7116.56
7078.22
7056.05
6979.85
6906.25
6844.12
6799.53
6711.99
6650.08
6610.84
6516.21
6457.15
6423.17
6326.66
6266.77
6237.9
6150.94
6081
6056.85
5977.48
5898.81
5837.32
18920.8
19825.2
22946
25616.2
26571.5
27842.6
27928.4
27657.1
25894.7
25325.7
23195
21006.8
20493.3
18630.6
18131
16740.1
15604.1
15293.9
14491.6
13818.1
13612.5
13056.8
12515.4
12365
11915.7
11440.4
11332.7
10959.5
10758.2
10445.8
10114.6
9946.69
9660.83
9371.97
9231.9
8982.78
8737.39
8612.92
8387.76
8168.39
8054.75
7859.08
7705.14
7624.02
7512.52
7438.08
7377.5
7330.17
7319.34
7277.22
7257.27
7213.96
7158.64
7103.74
7031.38
6931.2
6909.02
6827.97
6734.14
6706.77
6624.24
6539.35
6506.1
6425.29
6347.64
6308.09
6234.31
6160.36
6115.22
6050.35
5975.59
5891.4
14349.8
14794.7
17043.2
19830.4
20741.2
23577.3
24309.7
26231.8
26724.6
26696
26140.9
24660.2
24093.1
22426.5
21938.3
20478.6
19256.8
18937.2
18017.7
17270.8
16996.7
16314
15752.9
15473
14888.2
14427.7
14143.4
13629.6
13500.2
12943.5
12478.7
12350.3
11856.6
11458.4
11336.8
10915.7
10579
10468.4
10103.8
9812
9710.84
9386.35
9126.32
9032.97
8757.13
8573.82
8503.77
8291.56
8211.92
8181.76
8065.47
7980.21
7955.6
7817.19
7707.73
7621.91
7544.1
7429.08
7341
7277.32
7162.97
7074.35
7025.55
6911.29
6821.64
6787.39
6673.59
6583.43
6561.85
6449.57
6357.47
6284.19
13661.1
14070.8
15887.9
18657.2
19464.5
22574.2
23458
26159.1
26678.7
26850.4
26852.1
25159.3
24763
23022.5
22474.7
21107
19847.7
19528.9
18579.9
17828.7
17586.4
16840.6
16261.2
16033.7
15387.9
14876.3
14651.5
14096.1
13917
13387
12898.3
12735.2
12231.9
11829.2
11684.7
11235.7
10910.4
10782.8
10392.8
10116
9999.65
9660.79
9400.81
9288.64
8970.98
8786.64
8696.01
8456.05
8383
8336.4
8217.93
8135.01
8086.72
7962.35
7843.21
7733.05
7678.12
7545.75
7446.21
7397.46
7260.64
7174.75
7129.83
6996.67
6917.54
6874.87
6762.37
6673.31
6632.67
6537.64
6437.12
6351.96
13168.2
13555.2
15261.4
17898.7
18492.8
21179.6
22284.2
24300.1
25801.2
26043.3
26186.3
25267
24942.3
23568.5
22987.7
21810.4
20577.8
20190
19478.2
18508.9
18300
17732.5
16860.3
16778.3
16229.3
15386.6
15398.4
14846.7
14443.1
14111.1
13551.4
13223.2
12911.1
12392.4
12126.6
11859.7
11397.9
11177.7
10953.4
10545
10352.2
10164.3
9785.32
9603.39
9419.11
9115.33
8950.76
8836.09
8669.17
8543.14
8517.56
8392.44
8256.42
8207.74
8081.16
7866.16
7878.33
7768.82
7574.18
7560.21
7471.36
7301.37
7261.91
7189.69
7046.34
6982.08
6921.75
6806.65
6719.64
6665.03
6575.8
6430.54
10512.1
10717.5
11546.7
13116.7
13470.6
15615.9
16446.8
18697.3
21462.5
22168
24354.1
24839.1
25188.7
25085.7
24621.6
24298.4
23273.9
22981.3
22594.1
21612.1
21389.5
20875.3
20073.5
19887.5
19272
18562.7
18377.3
17698.8
17422
16867
16163.5
15927.7
15396.8
14754
14557.5
14081.7
13524.9
13358.2
12934.4
12461.5
12317.3
11948.6
11512.5
11369.7
10985.9
10629.2
10521.3
10186.2
9939.91
9853.02
9651.87
9460.3
9389.97
9195.25
8999.81
8833.94
8749.36
8563.02
8408.58
8336.47
8167.17
8024.18
7963.61
7812.36
7677.24
7626.39
7490
7360.65
7316.81
7190.56
7065.86
6957.47
10152.4
10348
11188.4
12528.6
12915.1
14836
15584.1
17882.6
20374.5
21207.4
23214.6
24243.9
24608.2
24635.1
24494.1
24068.8
23365.9
23153.4
22621.6
21934.8
21731.5
21150.4
20485.7
20308.4
19679.5
18987.3
18816.2
18157.5
17877.9
17293.8
16631
16376.4
15807.4
15208.8
14985.7
14475.8
13954.1
13758.1
13305.4
12854.6
12682.2
12289.7
11876.6
11708.6
11336
10969.3
10804.3
10490.3
10242.5
10116.9
9924.97
9731.24
9613.72
9438.61
9241.73
9017.23
8964.59
8775.82
8580.15
8524.92
8352.57
8186.51
8126.73
7973.83
7832.05
7765.78
7635.69
7507.18
7434.02
7324.78
7200.58
7065.09
8131.81
8264.92
8763.65
9476.44
9717.61
10804.4
11168.1
12706.7
14710.3
15318.6
17463.9
19339.6
20003.5
21362.6
21611.7
22325.3
22562.8
22616.4
22783.8
22620.3
22595.8
22453
22057.5
21954.9
21543.1
21002.4
20829.9
20244.1
20029.6
19438.2
18777.7
18570.5
17966.9
17333.8
17143.1
16579.8
15994.8
15814.8
15287.9
14753.9
14590.7
14120.7
13650.9
13511.1
13104.1
12652.8
12539.8
12132.5
11784.5
11674.3
11365.2
11087.9
11005
10711.5
10447.5
10224.6
10090.9
9843.95
9634.22
9524.14
9299.96
9106.86
9022.22
8817.5
8641.78
8581.42
8390.26
8227.29
8186.35
8003.94
7849.52
7721.7
7839
7959.08
8411.81
9049.73
9234.73
10201.5
10583.8
11834.7
13731.8
14306.2
16373.2
18312.6
19051.4
20615.1
20948.7
21967.9
22216.5
22313
22799.5
22546.9
22593.9
22643.7
22162.8
22152.7
21794
21210.8
21139.7
20530.4
20271.9
19799.9
19096.9
18867.6
18348
17671
17468.7
16961.8
16333.5
16146.8
15654.2
15080
14910.5
14463.4
13976.7
13844.9
13437.1
12960.9
12820
12433.4
12067.1
11941.7
11652.7
11354.1
11238.6
10975.9
10690.3
10431.1
10332.9
10059.4
9830.2
9742.03
9486.25
9292.19
9213.34
8982.31
8816.26
8744.55
8550.52
8388.54
8321.65
8160.03
7992.08
7848.64
6192.9
6291.52
6659.08
7016.49
7203.84
7754.51
7869.6
8750.09
9785.91
10115.7
11613.7
13072.8
13728
15318
15575.7
17091
17989.1
18280.6
19223.5
19685.7
19970
20459.8
20585.2
20788.2
20860.4
20698.5
20767.7
20512.9
20423.2
20122.4
19691.5
19581.1
19127.8
18626.8
18503.3
17986.8
17471.2
17340.1
16800
16295.8
16169.6
15653.8
15201.6
15099.7
14621.4
14219.8
14130.2
13680.5
13319.3
13242.4
12844.6
12540.3
12493.3
12117.6
11823.7
11602.4
11429.5
11138.3
10926.8
10784
10496.2
10297.2
10193.7
9912.95
9727.06
9666.37
9394.66
9212.17
9191.13
8931.13
8741.27
8612.35
5870.94
5966.36
6235.06
6645.33
6742.99
7237.4
7443.89
7929.14
9006.17
9295.68
10334.3
11980.4
12384.8
13992
14569.5
15759.5
16996.7
17357.8
18386.6
19015.6
19281.2
20022
20193.8
20398.4
20682.8
20538.8
20668.6
20499.5
20349.3
20246
19804.4
19641.2
19400.8
18816.8
18651.2
18328
17698.8
17535.8
17160.3
16536
16377.1
15980
15424.6
15285.7
14944.8
14453.8
14320.2
14003.4
13566.1
13438.5
13156.7
12794.9
12673.6
12407.3
12085.4
11786
11694.6
11408
11111.4
11019
10768.6
10481.9
10393.4
10182.7
9911.64
9829.94
9624.17
9396.52
9320.28
9127.87
8924.13
8741.94
5636.53
5734.6
6013.05
6408.21
6493.88
6943.32
7140.76
7709.42
8596.79
8871.96
9937.43
11395.5
11748.4
13153.8
13760
14892.6
16079.2
16510.1
17343.6
18224.4
18485.3
19049.2
19606
19707.3
19947.2
20148.6
20121
20046
20085.4
19863.6
19580
19525.1
19168.1
18750.7
18642.3
18213.9
17729.6
17597.7
17141.1
16629.6
16488.1
16038.9
15566.3
15436.5
15039.1
14613.8
14480
14133.2
13743.4
13603.5
13311.9
12979.3
12834.9
12579.3
12275.2
11930.6
11878.6
11600
11270.4
11205.7
10956.5
10653.7
10572
10358.2
10092.6
9990.91
9808.95
9582.99
9459.15
9303.15
9110.91
8871.55
4329.18
4406.86
4615.24
4887.33
4963.01
5252.91
5371.3
5672.2
6173.85
6323.53
6854.7
7707.55
7911.76
8868.9
9273.92
10179.4
11369.9
11744.5
12645.5
13747.8
14076.1
14920.1
15753.8
16035.7
16707.6
17194.9
17424.1
17816.7
17909.2
18163.6
18260.4
18262.7
18298.5
18135.9
18080.5
17941.4
17620.6
17532.8
17286.4
16879
16770
16465.4
16038.8
15928.6
15631
15225
15114.4
14813.8
14439.7
14329.4
14051
13720.8
13613.8
13351.2
13051.9
12762.2
12680.1
12410.1
12115.1
12031.1
11789.9
11494.2
11410.4
11193.6
10909.6
10827.2
10617.1
10365.2
10284.5
10075.8
9860.55
9644.43
4154.73
4228.71
4448.12
4699.76
4774.09
5046.08
5153.19
5464.28
5892.27
6029.93
6563.31
7293.74
7499.92
8377.31
8731.45
9647.52
10702
11066.7
12029.2
13027.5
13359
14245.8
15079.1
15354.2
16042.5
16634.7
16832.8
17235
17420.2
17681.9
17821.9
17902.8
17943
17847.8
17847.6
17709.4
17458.2
17409.7
17155.7
16810.4
16734.1
16414.3
16036.9
15951.3
15622.9
15261.7
15166.9
14851.5
14506.5
14407.8
14119.1
13805.8
13705.6
13441.9
13148.5
12860.6
12790.6
12514
12229.5
12157.6
11896.8
11622.7
11545.7
11305.6
11047.8
10961.8
10743.9
10506.4
10410.2
10214.4
9994.73
9768.23
3144.24
3203.16
3374.58
3563.08
3629.79
3828.64
3899.17
4113.04
4378.76
4467.18
4768
5164.37
5294.88
5795.78
5973.54
6575.61
7312.73
7550.45
8282.57
9126.67
9406.19
10197.8
11019
11321.4
12084.6
12777.1
13081.2
13732.1
13945.7
14512.2
14992.6
15146.5
15519.4
15778
15865
16045.3
16100.6
16127.5
16142.8
16035.5
16014.3
15904.7
15692.3
15638.7
15454.9
15193
15124.8
14899.1
14623.9
14548.7
14312.9
14046
13969.1
13735.9
13480.3
13234.2
13167.5
12925.9
12676.9
12608.7
12378.8
12128.4
12059.6
11839.9
11593.1
11525
11309.5
11075.1
11007.9
10791.7
10575.5
10365.5
3003.95
3059.01
3229.03
3410.16
3469.16
3662.86
3733.61
3933.39
4179.91
4259.67
4541.45
4903.09
5010.24
5468.52
5653.26
6167.86
6852.75
7080.96
7765.09
8566.63
8821.73
9611.51
10414.5
10682.9
11468.7
12188
12456.5
13131.5
13384.7
13955.9
14458.4
14643.2
15070.8
15343.9
15458.5
15714.8
15777.2
15829.3
15918
15813.4
15815.6
15765.5
15553.9
15521.8
15375.2
15118.4
15061.9
14870.4
14596.5
14527.4
14315.8
14049.4
13974.7
13760.9
13506.4
13266.1
13210.5
12971.8
12725.1
12667.3
12442
12192.1
12130.2
11918.3
11670.4
11601.9
11400.3
11163.1
11085.4
10890.3
10669.4
10452.4
2273.36
2314.35
2449.49
2581.12
2636.81
2782.03
2824.02
2988.91
3156.52
3215.87
3410.56
3620.23
3708.72
3979.66
4053.36
4409.84
4813.25
4935.62
5418.52
5937.54
6122.31
6711.18
7294.4
7542.19
8184.81
8770.23
9071.37
9710.12
9879.13
10566.4
11156
11326.7
11924
12397.8
12550.8
13017.7
13348
13467.8
13786.2
13965.1
14041.2
14215.1
14255.4
14284.1
14327.8
14258.7
14249.1
14195
14059.9
14025.3
13912.4
13740.8
13690.4
13542.9
13354.2
13159.6
13129.8
12939.2
12737.5
12698
12505.1
12298.8
12252.8
12059.9
11852.5
11802.4
11609.6
11404.6
11352.8
11158.2
10958.6
10767.5
2154.88
2194.11
2315.39
2451.76
2492.57
2636.88
2689.02
2823.74
2995.35
3047.88
3219.77
3430.37
3490.82
3740.4
3842.57
4102.24
4492.92
4620.28
4994.46
5526.44
5680.89
6194.02
6807.43
6987
7606.23
8237.95
8442.28
9101.77
9352.42
9918.11
10555.4
10777.9
11317.3
11843.9
12028.7
12502.7
12871.9
13012.5
13388.6
13583.9
13676.1
13931.4
13967.3
14010.5
14134.3
14053.4
14052.1
14066.1
13922.9
13892.3
13827
13654.2
13603.6
13485.8
13304.5
13122
13094.7
12921.4
12718.3
12681.8
12516.7
12296.4
12252.5
12094.8
11866.7
11814.8
11653.2
11436
11373.5
11205.6
11009.2
10807.5
1654.93
1681.74
1782.47
1872.18
1915.28
2020.47
2044.1
2170.96
2284.45
2325.62
2463.58
2589.2
2653.58
2817.03
2848.48
3067.55
3287.29
3349.16
3640.63
3929.67
4038.76
4415.62
4768.21
4937.99
5386.06
5781.12
6018.46
6511.02
6599.75
7211.05
7726.28
7841.94
8461.81
8948.52
9080.41
9666.41
10091.5
10225.4
10743.2
11081.1
11199.9
11618.8
11855.1
11942.8
12247.4
12377.1
12424.9
12616.2
12658.3
12666
12759.9
12730.5
12704.3
12718.3
12640.4
12517.3
12551.9
12448.3
12301
12305.1
12182.1
12018.7
12000.8
11867
11696.4
11662.3
11521.4
11349.4
11304.2
11157.9
10988
10815.4
1558.37
1585.53
1664.06
1766.6
1792.28
1896.26
1935.39
2020.73
2150.89
2187.4
2297.65
2441.43
2478.55
2631.27
2695.46
2833.74
3060.93
3133.52
3314.6
3643.51
3730.57
4009.61
4414.27
4516.35
4908.28
5363.87
5482.88
5973.2
6175.67
6585.06
7148.46
7349.7
7784.69
8358.21
8551.02
8991.06
9519.49
9696.55
10122.5
10557.9
10709.7
11091.4
11401.3
11517.9
11828.2
12006.7
12080.6
12299.7
12370.9
12402.2
12523.3
12516
12509
12536.7
12486
12395.8
12412.7
12343.4
12207.2
12200.3
12121.3
11947.4
11924.1
11839.5
11644.5
11608.9
11495.4
11316.6
11268.8
11137.7
10978.1
10804.8
1226.45
1243.52
1315.13
1374.66
1406.13
1479.95
1492.51
1586.2
1663.6
1691.71
1791.08
1871.62
1919.08
2026.62
2039.88
2185.31
2313.25
2346.7
2525.13
2683.52
2747.78
2974.03
3170.12
3277.1
3555.27
3788.99
3950.74
4276.94
4310.44
4757.61
5128.75
5188.59
5691.55
6079.42
6163.68
6698.72
7082.23
7183.92
7727.1
8085.68
8191.82
8710.9
9022.95
9116.46
9586.44
9838.57
9904.7
10305.5
10493.7
10521.3
10840.1
10964.7
10950.6
11181.7
11252.3
11221.4
11353.9
11381.4
11309.3
11380
11370.9
11267.1
11287.7
11253.2
11132.3
11115.2
11059.1
10931.5
10886.5
10811.7
10685.2
10531.9
1152.85
1171.33
1221.1
1294.31
1310.71
1382.06
1410.15
1464.17
1558.93
1584.3
1656.01
1758.27
1782.4
1882.72
1926.42
2010.03
2150.57
2195.19
2283.8
2488.8
2539.52
2689.84
2932.11
2989.12
3213.61
3499.09
3563.79
3872
4009.59
4265.69
4663.51
4812.45
5101.5
5565.1
5722.59
6037.49
6536.52
6699.08
7034.17
7530.49
7691.41
8030.01
8481.06
8631.32
8956.04
9331.71
9462.29
9753.21
10039.9
10142.3
10379.5
10579
10646.2
10814.1
10943.2
10998.7
11068.6
11147.1
11126.3
11162.3
11205.3
11116.5
11124.5
11148.4
11008.9
10996.1
10949.7
10830.6
10801.5
10718.3
10607.6
10475.5
1107.61
1124.63
1176.76
1246.36
1258.59
1322.73
1349.93
1410.2
1491.42
1514.54
1587.32
1686.88
1704.05
1794.72
1838.94
1925.45
2046.65
2090.54
2203.79
2367.98
2412.45
2567.79
2789.01
2833.54
3041.91
3331.35
3373.72
3642.48
3782.6
4033.43
4372.15
4530.87
4820.38
5213.26
5386.54
5700.91
6130.78
6315.09
6638.33
7081.47
7273.14
7579.11
8003.58
8198.38
8465.2
8842.02
9037.58
9248.11
9555.28
9748.84
9892.47
10115.3
10302.9
10378.3
10513.3
10726.4
10706
10758.3
10882.1
10878.6
10861.4
10902.4
10914.7
10847.7
10822.3
10847.1
10745.4
10669.2
10699.3
10575.6
10464.5
10388.1
881.713
894.034
926.779
975.775
986.413
1033.94
1053.34
1090.13
1153.86
1171.1
1219.22
1289.4
1305.38
1372.53
1402.76
1457.88
1548.83
1578.1
1640.82
1759.32
1790.22
1879.32
2021.18
2054.3
2182.86
2350.72
2386.86
2566.42
2649.95
2801.05
3045.52
3140.54
3318.12
3626.39
3733.71
3938.14
4303.47
4423.42
4656.3
5062.55
5193.14
5447.43
5867.2
6004
6271.7
6678.1
6815.68
7086.2
7455.18
7587.27
7847.26
8162.31
8281.41
8516.29
8772.12
8968.93
9068.62
9267.02
9401.45
9480.43
9635.83
9697.4
9749.73
9866.12
9864.25
9888.16
9941.57
9917.72
9914.33
9911.67
9879.85
9804.68
850.158
861.237
896.26
941.572
950.408
993.357
1010.76
1052.34
1106.48
1122.06
1172.18
1238.02
1250.71
1311.85
1340.06
1398.71
1476.69
1504.49
1577.01
1676.3
1703.89
1797.43
1925.41
1952.75
2074.51
2239.78
2267.05
2425.21
2504.17
2658.33
2864.96
2957.95
3147.22
3401.17
3508.96
3731.68
4030.61
4154.18
4405.97
4741.66
4881.15
5147.4
5501.99
5656.3
5921.22
6275.01
6444.16
6691.61
7023.66
7207.64
7423.05
7714.19
7912.06
8084.49
8320.84
8638.62
8655.57
8823.43
9073.42
9108.32
9209.03
9381.13
9435.36
9473.59
9567
9637.75
9623.6
9645.46
9725.21
9669.86
9635.82
9646.88
697.3
705.452
727.331
759.175
766.237
797.281
810.023
834.599
876.18
887.551
919.419
965.98
976.502
1020.93
1041.18
1077.84
1137.56
1156.95
1199
1273.81
1293.72
1350.36
1436.32
1457.05
1533.99
1632.38
1654.25
1758.06
1806.68
1894.46
2035.91
2091.75
2195.93
2379.67
2444.9
2568.29
2798.11
2874.96
3021.85
3296.64
3386.16
3555.82
3864.92
3966.67
4157.87
4486.4
4598.95
4808.62
5138.19
5258.92
5481.74
5794.16
5919.58
6147.66
6428.94
6684.76
6781.38
7018.8
7253.72
7347.39
7543.58
7744.05
7826.92
7989.13
8140.2
8205.05
8335.02
8438.3
8479.27
8568.43
8642.53
8659.48
675.984
683.215
706.43
736.085
741.971
770.251
781.405
809.059
844.648
854.819
888.188
931.479
940.046
980.618
998.841
1038.04
1089.24
1107.3
1154.84
1218.33
1236.03
1295.02
1373.62
1390.56
1463.94
1561.72
1577.96
1670.45
1715.99
1805.95
1926.36
1979.73
2091.92
2243.08
2306.32
2443.74
2629.52
2704.97
2869.8
3091.16
3181.15
3368.7
3619.69
3725.87
3929.07
4200.52
4325.19
4534.43
4813.67
4959.33
5163.78
5436.22
5605.22
5794.51
6046.22
6376.19
6408.71
6621.52
6920.4
6973.86
7142.57
7393.59
7473.53
7592.03
7781.93
7890.09
7959.02
8082.15
8214.47
8238
8297.73
8420.93
572.145
577.548
592.075
613.078
617.794
638.319
646.7
663.008
690.213
697.648
718.541
748.837
755.615
784.425
797.636
821.188
860.094
872.728
899.532
948.424
961.307
997.674
1052.76
1066.09
1114.83
1175.5
1189.41
1252.47
1281.59
1333.94
1416.63
1449.3
1509.68
1616.09
1653.94
1724.73
1859.87
1905.24
1990.32
2158.01
2212.79
2313.82
2512.74
2578.35
2697.43
2922.69
3000.33
3139.08
3381.06
3471.21
3629.98
3875.82
3978.51
4155.47
4391.78
4626.68
4700.76
4910.77
5155.61
5237.3
5414.51
5662.58
5747.46
5897.86
6129.64
6212.51
6359.16
6544.74
6620.62
6757.49
6902.41
7018.82
557.324
562.039
577.391
597.077
600.819
619.51
626.839
645.045
668.552
675.101
696.936
725.39
730.709
757.127
768.895
794.274
827.578
839.171
869.845
911.065
922.321
960.102
1010.61
1021.11
1067.2
1128.6
1138.01
1194.27
1222.28
1275.37
1346.49
1378.16
1442.87
1531.02
1567.77
1646.92
1755.91
1800.02
1897
2030.46
2084.37
2199.24
2357.27
2423.41
2554.82
2735.39
2817.11
2961.47
3159.45
3260.69
3412.58
3619.94
3744.97
3898.04
4105.06
4381.24
4409.2
4600.42
4873.08
4922.04
5091.23
5345.54
5424.04
5562.85
5783.29
5898.23
6003.14
6177.36
6331.29
6403.44
6525.63
6731.45
486.622
490.155
499.633
513.591
516.685
530.349
535.893
546.54
564.796
569.727
583.633
603.557
608.073
627.093
635.605
650.883
676.08
684.13
700.712
732.5
740.634
763.463
798.764
807.035
837.959
876.49
885.112
925.127
943.553
975.956
1027.23
1047.13
1083.77
1147.16
1169.49
1210.77
1289.6
1315.75
1363.76
1461.9
1493.52
1550.03
1668.84
1707.57
1775.24
1914.26
1961.87
2043.69
2199.38
2257.7
2356.28
2521.99
2592.94
2709.66
2876.39
3051.72
3099.3
3252.79
3450.32
3508.43
3637.92
3858.48
3926.11
4031.99
4262.95
4338.49
4459.12
4653.17
4734.97
4866.43
5020.97
5181.76
475.948
478.992
489.044
502.264
504.465
516.825
521.728
533.637
549.339
553.551
567.899
586.981
590.087
607.383
615.23
631.505
653.178
660.623
680.048
706.724
713.602
737.383
770.043
776.071
805.054
844.725
849.668
884.919
903.149
935.288
979.206
999.313
1037.34
1090.41
1112.89
1158.09
1222.44
1248.52
1303.11
1381.39
1412.93
1477.75
1571.29
1610.48
1686.14
1795.73
1845.61
1931.71
2056.31
2120.76
2215.6
2351.98
2435.64
2536.55
2679.41
2878.84
2893.85
3032.61
3241.4
3274.46
3404.12
3612
3672.42
3785.83
3979.78
4076.99
4170.9
4337.45
4478.65
4554.18
4684
4907.1
427.353
429.669
436.216
445.269
447.365
456.456
459.99
467.108
479.123
482.347
491.802
504.812
507.889
520.669
526.163
536.527
553.005
558.192
568.805
589.681
594.972
610.217
632.116
637.461
657.295
681.08
686.579
711.725
723.037
743.405
775.362
787.606
810.558
849.693
863.321
889.403
936.826
952.432
982.524
1039.47
1057.75
1091.92
1159.66
1181.62
1221.26
1301.03
1328.21
1375.72
1466.77
1500.85
1558.66
1658.46
1701.43
1771.52
1875.54
1987.91
2015.34
2114.5
2247.24
2283.08
2367.9
2525
2570.34
2627.37
2813.62
2869.64
2953.27
3107.7
3174.45
3273.54
3398.99
3545.21
392.581
394.022
400.085
405.604
407.948
414.369
415.605
423.334
430.416
432.656
441.031
448.564
452.042
461.135
462.585
473.748
483.847
486.466
498.732
509.713
513.828
527.488
539.406
545.241
560.301
573.281
581.097
597.831
600.114
621.902
641.199
644.708
669.773
691.655
696.553
725.648
750.717
757.099
791.144
820.006
827.765
867.398
900.675
909.404
956.016
994.705
1003.61
1058.61
1103.87
1111.71
1176.94
1230.39
1235.32
1312.76
1376.22
1422.49
1468.02
1541.81
1594.33
1638.62
1725.87
1785.38
1822.64
1925.24
1993.16
2015.77
2135.52
2214.6
2214.21
2351.36
2447.2
2499.09
385.161
386.754
391.709
397.409
399.041
405.118
407.335
412.81
420.147
422.292
429.066
437.086
439.321
447.75
451.115
458.569
468.959
472.292
481.064
493.139
496.632
507.551
520.879
524.632
537.916
552.44
556.53
572.395
578.983
592.721
612.044
619.252
634.914
658.041
666.141
684.244
711.781
721.092
742.185
774.665
785.494
809.728
847.574
860.322
888.129
931.726
946.928
978.464
1028.03
1046.58
1082.66
1138.17
1161.54
1203.59
1263.59
1327.67
1343.9
1404.12
1480.57
1501.48
1558.35
1648.84
1675.81
1727.71
1829.69
1864.2
1920.93
2020.02
2063.82
2129.97
2216.61
2318.86
359.374
360.459
364.606
368.634
370.153
374.571
375.627
380.66
385.562
387.097
392.555
397.802
399.92
405.876
407.19
414.156
420.891
422.791
430.5
437.954
440.597
449.238
457.451
460.953
470.556
479.54
484.034
494.723
496.994
509.913
522.252
525.216
539.865
553.777
557.485
574.218
590.048
594.6
614.029
632.328
637.81
660.399
681.5
687.749
713.952
738.14
744.863
775.189
802.865
809.635
844.749
876.536
882.647
923.484
959.944
990.354
1012.54
1053.46
1088.21
1110.53
1157.58
1197.39
1217.89
1272.24
1317.43
1333.19
1396.44
1447.47
1454.78
1528.78
1587.1
1630.41
354.599
355.76
359.491
363.378
364.67
368.861
370.322
374.484
379.226
380.732
385.582
390.748
392.43
398.014
400.09
405.528
412.05
414.209
420.59
428.006
430.368
437.941
446.245
448.889
457.719
466.942
469.964
480.118
484.112
493.722
505.664
510.045
521.102
534.8
539.655
552.286
568.088
573.635
588.249
606.772
613.279
630.186
651.702
659.329
678.577
703.252
712.243
733.94
761.967
772.669
796.923
828.362
841.287
868.239
902.686
938.415
948.905
984.903
1026.14
1038.52
1075.64
1123.01
1138.38
1175.71
1228.47
1248.14
1286.53
1341.67
1367.14
1408.58
1462.22
1523.41
334.626
335.485
338.437
341.474
342.515
345.686
346.606
350.01
353.549
354.664
358.345
362.132
363.493
367.53
368.69
373.111
377.715
379.131
384.001
389.134
390.877
396.346
402.031
404.154
410.29
416.538
419.117
426.032
428.053
435.776
443.786
446.182
454.838
463.865
466.685
476.415
486.627
489.933
501.049
512.768
516.619
529.366
542.72
547.099
561.651
576.869
581.816
598.615
616.058
621.508
640.839
660.467
666.17
688.304
710.126
730.538
741.589
765.073
788.316
799.752
825.432
851.674
863.024
891.194
920.125
930.628
962.28
993.411
1002.07
1039.04
1072.1
1103.38
331.478
332.349
335.153
338.058
339.007
342.033
343.07
346.174
349.527
350.611
354.081
357.722
358.915
362.742
364.122
368.012
372.358
373.813
378.25
383.13
384.734
389.844
395.305
397.096
402.898
409.015
411.038
417.567
420.085
426.622
434.167
436.949
444.391
452.932
456.017
464.45
474.123
477.612
487.263
498.359
502.37
513.358
526.003
530.63
542.989
557.431
562.898
576.902
593.484
600.014
615.697
634.293
642.068
659.268
679.853
701.489
708.275
730.247
754.247
762.012
785.426
811.734
820.942
845.187
873.499
884.817
909.444
939.443
953.859
979.131
1010.25
1045.01
315.687
316.393
318.564
320.934
321.686
324.064
324.881
327.262
329.939
330.789
333.38
336.226
337.146
340.02
341.047
343.947
347.244
348.337
351.515
355.183
356.38
359.943
363.978
365.305
369.327
373.714
375.215
379.785
381.491
386.109
391.431
393.321
398.434
404.439
406.549
412.239
419.031
421.418
427.819
435.53
438.247
445.419
454.11
457.195
465.229
475.001
478.522
487.633
498.634
502.685
513.037
525.188
529.817
541.618
554.914
568.781
574.182
588.098
604.048
610.045
624.443
642.376
648.984
663.965
683.444
690.657
706.968
726.947
734.686
753.553
772.924
794.754
313.422
314.065
316.221
318.548
319.184
321.486
322.257
324.594
327.151
327.916
330.47
333.254
334.025
336.791
337.784
340.575
343.687
344.702
347.794
351.27
352.332
355.822
359.689
360.805
364.701
369.023
370.208
374.526
376.23
380.557
385.508
387.365
392.213
397.768
399.807
405.233
411.468
413.741
419.861
426.899
429.48
436.328
444.223
447.181
454.802
463.659
467.113
475.617
485.602
489.724
499.134
510.245
515.215
525.522
537.879
551.853
555.532
568.8
584.107
588.612
602.718
619.114
624.774
639.485
656.804
664.099
679.137
697.13
706.604
721.77
740.266
761.863
300.794
301.371
303.022
304.942
305.491
307.378
308.095
309.799
311.95
312.604
314.503
316.746
317.382
319.559
320.457
322.415
324.948
325.798
327.934
330.734
331.574
333.997
337.01
337.859
340.634
343.817
344.701
347.891
349.286
352.089
355.823
357.276
360.311
364.53
366.073
369.385
374.139
375.828
379.481
384.84
386.72
390.717
396.699
398.823
403.207
409.842
412.286
417.134
424.404
427.273
432.703
440.502
443.932
450.102
458.259
467.333
469.785
477.791
488.502
491.521
499.094
511.538
515.33
522.714
536.528
541.345
549.542
563.207
569.266
579.151
590.965
606.271
298.853
299.316
301.017
302.983
303.359
305.193
305.795
307.576
309.645
310.174
312.111
314.387
314.828
316.93
317.709
319.729
322.11
322.84
325.042
327.702
328.389
330.845
333.802
334.427
337.144
340.432
340.999
343.989
345.267
348.083
351.494
352.841
355.936
359.731
361.164
364.57
368.798
370.354
374.13
378.845
380.587
384.731
389.942
391.934
396.463
402.2
404.543
409.477
415.766
418.599
423.944
430.771
434.267
440.018
447.399
456.736
458.105
465.799
475.903
478.025
486.008
496.729
499.99
508.187
519.405
524.316
532.62
543.955
551.007
559.228
570.232
585.215
288.744
289.195
290.558
292.102
292.535
294.114
294.671
295.987
297.763
298.264
299.798
301.549
302.035
303.803
304.487
305.958
307.974
308.6
310.104
312.372
312.988
314.823
317.068
317.677
319.797
322.068
322.683
325.082
326.066
328.003
330.747
331.738
333.774
336.845
337.879
340.015
343.447
344.563
346.839
350.671
351.894
354.318
358.541
359.903
362.525
367.125
368.679
371.561
376.487
378.297
381.521
386.676
388.848
392.481
397.722
403.295
404.631
409.58
416.18
417.862
422.085
430.11
432.285
435.078
445.104
447.993
452.302
461.175
464.989
470.476
477.78
487.405
280.222
280.536
281.87
283.129
283.548
284.873
285.15
286.604
287.973
288.354
289.817
291.179
291.673
293.139
293.423
295.066
296.598
296.983
298.661
300.218
300.72
302.453
304.035
304.66
306.442
308.057
308.808
310.647
310.984
313.133
315.103
315.521
317.788
319.845
320.337
322.746
324.913
325.479
328.072
330.382
331.012
333.798
336.265
336.931
339.952
342.612
343.282
346.584
349.476
350.1
353.735
356.902
357.406
361.436
364.93
367.738
369.799
373.602
376.699
378.67
382.941
386.397
388.114
392.966
396.879
398.123
403.708
408.19
408.68
415.122
420.312
424.091
278.551
278.932
280.161
281.365
281.787
283.055
283.472
284.739
286.053
286.478
287.832
289.157
289.623
291.027
291.507
292.883
294.36
294.841
296.322
297.847
298.355
299.951
301.526
302.075
303.76
305.396
305.996
307.761
308.401
310.102
312.001
312.668
314.486
316.503
317.201
319.142
321.293
322.036
324.125
326.433
327.233
329.453
331.928
332.798
335.153
337.819
338.777
341.27
344.145
345.217
347.849
350.94
352.162
354.932
358.246
361.537
362.631
366.055
369.681
370.874
374.407
378.395
379.758
383.35
387.7
389.329
392.994
397.617
399.638
403.457
408.16
413.222
270.866
271.181
272.247
273.344
273.688
274.783
275.109
276.23
277.395
277.747
278.899
280.082
280.466
281.655
282.014
283.233
284.505
284.892
286.148
287.463
287.886
289.198
290.55
291.01
292.376
293.759
294.262
295.689
296.136
297.61
299.147
299.623
301.157
302.763
303.272
304.876
306.563
307.11
308.803
310.585
311.172
312.949
314.825
315.448
317.318
319.301
319.96
321.941
324.038
324.73
326.838
329.05
329.762
332.029
334.347
336.58
337.581
339.948
342.378
343.403
345.866
348.505
349.543
352.131
354.961
355.99
358.784
361.749
362.729
365.858
368.895
371.96
269.679
269.982
271.028
272.12
272.423
273.495
273.831
274.913
276.052
276.384
277.513
278.692
279.026
280.185
280.571
281.73
282.961
283.344
284.561
285.846
286.235
287.517
288.859
289.257
290.591
291.996
292.402
293.782
294.283
295.645
297.12
297.637
299.067
300.61
301.148
302.647
304.266
304.83
306.414
308.12
308.719
310.377
312.166
312.805
314.538
316.418
317.114
318.924
320.903
321.671
323.553
325.633
326.495
328.441
330.635
332.974
333.648
335.896
338.348
339.111
341.443
344.003
344.894
347.289
349.952
351.029
353.456
356.218
357.553
359.985
362.843
366.007
262.816
263.114
263.987
264.946
265.236
266.182
266.528
267.399
268.425
268.742
269.677
270.708
271.019
272.028
272.42
273.338
274.442
274.808
275.772
276.921
277.277
278.312
279.484
279.838
280.945
282.121
282.483
283.661
284.139
285.185
286.466
286.939
288.015
289.361
289.838
290.949
292.361
292.853
294.006
295.49
296.003
297.189
298.733
299.274
300.489
302.095
302.676
303.926
305.586
306.219
307.514
309.204
309.906
311.261
312.941
314.691
315.211
316.798
318.717
319.292
320.779
322.874
323.534
324.937
327.145
327.924
329.351
331.502
332.446
334.039
335.931
338.276
261.658
261.878
262.78
263.806
263.976
264.922
265.199
266.108
267.144
267.378
268.333
269.435
269.619
270.619
270.951
271.896
272.984
273.282
274.272
275.43
275.695
276.738
277.968
278.194
279.289
280.586
280.774
281.913
282.364
283.402
284.628
285.077
286.15
287.434
287.884
288.993
290.335
290.796
291.947
293.35
293.834
295.013
296.463
296.984
298.185
299.677
300.256
301.477
303.005
303.666
304.899
306.449
307.224
308.457
310.022
311.978
312.194
313.71
315.695
316.051
317.532
319.518
320.074
321.5
323.452
324.28
325.636
327.509
328.686
329.969
331.728
334.154
255.759
256.008
256.814
257.602
257.87
258.717
258.994
259.784
260.649
260.915
261.777
262.612
262.896
263.796
264.104
264.92
265.854
266.146
267.023
267.962
268.258
269.195
270.128
270.437
271.422
272.348
272.676
273.694
274.057
274.957
276.024
276.381
277.314
278.411
278.77
279.734
280.863
281.232
282.226
283.394
283.777
284.792
285.992
286.392
287.418
288.654
289.075
290.113
291.386
291.836
292.886
294.184
294.675
295.737
297.044
298.277
298.684
299.948
301.262
301.685
302.885
304.298
304.755
305.867
307.372
307.89
308.978
310.471
311.084
312.197
313.575
315.051
250.176
250.363
251.118
251.864
252.083
252.833
253.015
253.803
254.582
254.793
255.583
256.359
256.601
257.39
257.578
258.412
259.231
259.446
260.287
261.11
261.357
262.208
263.034
263.31
264.169
264.993
265.3
266.164
266.373
267.301
268.201
268.428
269.369
270.277
270.522
271.477
272.397
272.657
273.634
274.571
274.843
275.84
276.788
277.065
278.081
279.043
279.319
280.359
281.341
281.607
282.678
283.681
283.926
285.031
286.058
286.957
287.439
288.463
289.389
289.842
290.892
291.846
292.251
293.336
294.321
294.655
295.788
296.802
297.033
298.238
299.284
300.159
250.165
250.893
251.113
251.838
252.064
252.797
253.55
253.779
254.534
255.296
255.532
256.294
256.541
257.303
258.094
258.342
259.129
259.935
260.189
260.999
261.821
262.083
262.912
263.745
264.016
264.851
265.14
265.966
266.834
267.127
267.974
268.855
269.153
270.02
270.916
271.221
272.111
273.025
273.339
274.245
275.172
275.495
276.41
277.348
277.681
278.604
279.558
279.908
280.835
281.805
282.175
283.097
284.086
285.067
285.401
286.384
287.369
287.711
288.698
289.684
290.043
291.021
292.007
292.396
293.345
294.333
294.768
295.669
296.664
297.661
245.641
246.291
246.518
247.143
247.835
248.052
248.704
249.399
249.616
250.295
250.544
251.19
251.914
252.152
252.82
253.561
253.796
254.492
255.238
255.474
256.196
256.939
257.182
257.923
258.205
258.897
259.679
259.958
260.658
261.459
261.737
262.445
263.264
263.545
264.265
265.1
265.387
266.112
266.958
267.252
267.978
268.83
269.133
269.859
270.715
271.032
271.76
272.613
272.946
273.68
274.516
275.349
275.631
276.416
277.282
277.57
278.312
279.204
279.505
280.206
281.1
281.425
282.106
282.962
283.315
284.014
284.779
285.624
244.697
245.358
245.536
246.179
246.891
247.047
247.714
248.458
248.588
249.273
249.481
250.137
250.869
251.058
251.734
252.497
252.669
253.369
254.163
254.313
255.036
255.857
255.988
256.72
256.983
257.663
258.435
258.694
259.383
260.173
260.43
261.126
261.933
262.192
262.899
263.72
263.987
264.696
265.525
265.803
266.508
267.336
267.635
268.331
269.156
269.487
270.171
270.986
271.361
272.026
272.828
273.781
273.906
274.663
275.598
275.776
276.496
277.398
277.651
278.324
279.18
279.531
280.146
280.941
281.413
281.966
282.688
283.626
239.873
240.47
240.664
241.22
241.824
242.011
242.614
243.192
243.391
244.016
244.228
244.794
245.434
245.634
246.239
246.873
247.075
247.718
248.337
248.546
249.211
249.822
250.045
250.719
250.954
251.552
252.245
252.474
253.087
253.786
254.013
254.638
255.343
255.572
256.209
256.921
257.154
257.795
258.513
258.749
259.389
260.109
260.351
260.982
261.707
261.957
262.581
263.307
263.57
264.183
264.905
265.556
265.793
266.486
267.153
267.385
268.043
268.729
268.964
269.574
270.277
270.524
271.098
271.788
272.058
272.607
273.252
273.876
235.23
235.765
235.891
236.45
237.004
237.146
237.705
238.256
238.417
238.973
239.102
239.684
240.258
240.404
240.987
241.561
241.725
242.312
242.886
243.065
243.654
244.223
244.42
245.007
245.147
245.769
246.374
246.523
247.147
247.752
247.91
248.536
249.141
249.306
249.937
250.545
250.716
251.35
251.955
252.128
252.764
253.369
253.538
254.175
254.777
254.938
255.581
256.185
256.332
256.982
257.586
258.119
258.385
258.975
259.508
259.754
260.343
260.878
261.095
261.687
262.222
262.4
262.999
263.533
263.657
264.272
264.805
265.246
235.134
235.657
236.197
236.349
236.883
237.43
237.585
238.122
238.287
238.824
239.382
239.547
240.095
240.661
240.829
241.389
241.963
242.133
242.699
243.279
243.452
244.019
244.209
244.769
245.355
245.545
246.111
246.702
246.893
247.465
248.057
248.252
248.83
249.426
249.625
250.205
250.801
251.003
251.582
252.175
252.38
252.954
253.542
253.754
254.32
254.905
255.126
255.679
256.266
256.851
257.037
257.607
258.179
258.37
258.929
259.486
259.683
260.225
260.765
260.976
261.49
262.014
262.244
262.719
263.23
263.742
231.573
231.729
232.188
232.678
232.831
233.311
233.493
233.938
234.448
234.618
235.079
235.598
235.763
236.244
236.763
236.925
237.424
237.936
238.099
238.612
238.812
239.274
239.81
240.004
240.468
241.013
241.205
241.671
242.224
242.414
242.883
243.442
243.634
244.102
244.662
244.857
245.319
245.879
246.078
246.533
247.085
247.29
247.738
248.28
248.494
248.939
249.461
249.976
250.141
250.622
251.149
251.317
251.76
252.297
252.473
252.877
253.41
253.599
253.981
254.478
254.687
255.067
255.498
255.971
231.302
231.846
231.915
232.403
232.545
233.003
233.528
233.649
234.121
234.669
234.772
235.26
235.83
235.911
236.413
237.002
237.061
237.571
237.752
238.207
238.742
238.917
239.373
239.918
240.088
240.545
241.099
241.268
241.726
242.284
242.457
242.91
243.469
243.65
244.094
244.647
244.842
245.272
245.811
246.031
246.441
246.964
247.216
247.604
248.106
248.738
248.769
249.228
249.837
249.912
250.331
250.906
251.042
251.415
251.944
252.159
252.48
252.95
253.259
253.527
253.929
254.506
227.248
227.657
227.804
228.235
228.377
228.799
229.234
229.374
229.812
230.244
230.388
230.84
231.267
231.42
231.876
232.296
232.46
232.914
233.067
233.503
233.962
234.112
234.555
235.012
235.161
235.611
236.066
236.217
236.672
237.126
237.279
237.734
238.187
238.339
238.792
239.242
239.397
239.842
240.291
240.445
240.879
241.327
241.484
241.905
242.354
242.757
242.922
243.363
243.76
243.915
244.348
244.739
244.887
245.306
245.693
245.837
246.23
246.616
246.763
247.12
247.506
247.844
223.09
223.483
223.597
223.985
224.093
224.486
224.888
225.002
225.397
225.803
225.921
226.321
226.726
226.85
227.251
227.654
227.784
228.186
228.304
228.711
229.125
229.246
229.651
230.066
230.189
230.594
231.008
231.134
231.539
231.953
232.081
232.483
232.895
233.024
233.425
233.834
233.962
234.358
234.762
234.889
235.281
235.678
235.801
236.19
236.58
236.948
237.095
237.467
237.832
237.972
238.332
238.694
238.827
239.174
239.53
239.654
239.992
240.334
240.445
240.783
241.104
241.409
222.429
222.838
222.92
223.307
223.412
223.792
224.197
224.297
224.683
225.097
225.194
225.587
226.009
226.101
226.498
226.927
227.013
227.41
227.534
227.917
228.329
228.452
228.835
229.248
229.371
229.754
230.168
230.292
230.675
231.09
231.215
231.595
232.007
232.136
232.511
232.919
233.051
233.419
233.819
233.96
234.316
234.706
234.857
235.2
235.581
235.996
236.078
236.438
236.838
236.933
237.275
237.657
237.769
238.09
238.45
238.585
238.882
239.216
239.382
239.649
239.958
240.308
218.608
218.945
219.051
219.401
219.529
219.827
220.195
220.31
220.617
220.993
221.103
221.443
221.797
221.907
222.264
222.604
222.716
223.08
223.218
223.523
223.903
224.032
224.34
224.722
224.847
225.154
225.54
225.664
225.972
226.359
226.484
226.788
227.174
227.299
227.6
227.983
228.111
228.407
228.782
228.914
229.204
229.569
229.705
229.988
230.339
230.661
230.767
231.09
231.42
231.525
231.813
232.155
232.263
232.504
232.864
232.98
233.221
233.544
233.67
233.906
234.187
234.47
215.067
215.38
215.461
215.775
215.836
216.166
216.488
216.558
216.886
217.207
217.286
217.614
217.93
218.019
218.344
218.655
218.753
219.073
219.134
219.475
219.803
219.87
220.21
220.532
220.603
220.941
221.259
221.334
221.671
221.987
222.063
222.398
222.71
222.786
223.119
223.427
223.499
223.832
224.136
224.203
224.534
224.834
224.891
225.221
225.518
225.772
225.899
226.19
226.44
226.554
226.843
227.09
227.187
227.476
227.722
227.794
228.085
228.331
228.371
228.667
228.914
229.103
214.456
214.764
214.845
215.146
215.232
215.532
215.842
215.928
216.233
216.545
216.632
216.939
217.254
217.341
217.65
217.965
218.053
218.359
218.455
218.757
219.071
219.167
219.47
219.781
219.877
220.18
220.49
220.586
220.888
221.198
221.295
221.594
221.9
221.998
222.294
222.595
222.695
222.985
223.282
223.383
223.665
223.956
224.06
224.333
224.619
224.903
224.99
225.265
225.54
225.628
225.894
226.158
226.248
226.504
226.757
226.852
227.093
227.336
227.436
227.658
227.892
228.123
210.993
211.263
211.345
211.61
211.709
211.952
212.23
212.322
212.572
212.853
212.941
213.2
213.479
213.564
213.833
214.105
214.19
214.462
214.57
214.811
215.093
215.197
215.438
215.722
215.822
216.062
216.346
216.445
216.684
216.97
217.068
217.304
217.587
217.685
217.917
218.197
218.297
218.522
218.796
218.9
219.118
219.385
219.491
219.704
219.958
220.208
220.283
220.514
220.77
220.845
221.054
221.312
221.393
221.581
221.833
221.921
222.095
222.327
222.427
222.597
222.797
223.018
207.999
208.242
208.301
208.552
208.582
208.853
209.105
209.147
209.414
209.66
209.715
209.977
210.217
210.283
210.54
210.771
210.848
211.098
211.126
211.404
211.656
211.689
211.965
212.212
212.249
212.521
212.762
212.804
213.076
213.311
213.355
213.625
213.856
213.897
214.166
214.393
214.43
214.699
214.924
214.952
215.221
215.444
215.458
215.73
215.954
216.119
216.23
216.451
216.613
216.706
216.932
217.094
217.164
217.396
217.562
217.599
217.84
218.013
218.007
218.259
218.445
218.552
207.375
207.606
207.678
207.909
207.981
208.211
208.446
208.518
208.75
208.985
209.058
209.294
209.528
209.603
209.838
210.07
210.147
210.38
210.455
210.684
210.921
210.996
211.225
211.458
211.533
211.761
211.992
212.067
212.295
212.523
212.599
212.825
213.05
213.124
213.347
213.569
213.643
213.86
214.078
214.152
214.365
214.579
214.652
214.856
215.067
215.265
215.338
215.541
215.733
215.803
216.002
216.187
216.254
216.447
216.625
216.691
216.872
217.046
217.113
217.278
217.451
217.608
204.425
204.635
204.697
204.901
204.97
205.167
205.378
205.445
205.644
205.857
205.922
206.124
206.336
206.401
206.605
206.814
206.878
207.082
207.154
207.349
207.559
207.629
207.821
208.031
208.1
208.29
208.498
208.567
208.756
208.963
209.033
209.217
209.422
209.491
209.671
209.871
209.941
210.116
210.313
210.383
210.554
210.743
210.814
210.98
211.162
211.343
211.399
211.568
211.747
211.803
211.96
212.137
212.194
212.339
212.51
212.571
212.706
212.865
212.93
213.061
213.203
213.355
203.897
204.131
204.155
204.364
204.417
204.612
204.835
204.879
205.079
205.308
205.344
205.547
205.783
205.81
206.017
206.257
206.274
206.481
206.547
206.73
206.945
207.007
207.188
207.405
207.464
207.643
207.859
207.918
208.093
208.308
208.368
208.539
208.751
208.811
208.976
209.183
209.25
209.406
209.606
209.681
209.827
210.016
210.104
210.239
210.417
210.644
210.643
210.803
211.019
211.035
211.177
211.378
211.417
211.539
211.722
211.791
211.892
212.05
212.155
212.234
212.366
212.564
201.476
201.649
201.709
201.888
201.945
202.121
202.301
202.357
202.537
202.713
202.771
202.952
203.125
203.185
203.366
203.536
203.598
203.774
203.833
204.006
204.183
204.239
204.412
204.585
204.641
204.814
204.984
205.039
205.211
205.378
205.433
205.603
205.767
205.821
205.986
206.147
206.2
206.362
206.519
206.572
206.727
206.881
206.934
207.082
207.235
207.372
207.428
207.575
207.707
207.758
207.902
208.029
208.077
208.216
208.34
208.385
208.515
208.637
208.681
208.799
208.921
209.026
199.091
199.254
199.301
199.459
199.51
199.665
199.829
199.878
200.033
200.196
200.245
200.401
200.563
200.611
200.767
200.926
200.974
201.13
201.182
201.33
201.489
201.54
201.685
201.843
201.893
202.036
202.192
202.241
202.382
202.536
202.585
202.723
202.873
202.922
203.056
203.202
203.251
203.38
203.524
203.572
203.697
203.834
203.883
204.003
204.134
204.262
204.303
204.422
204.549
204.589
204.699
204.823
204.863
204.964
205.083
205.125
205.219
205.33
205.372
205.464
205.561
205.665
198.651
198.833
198.851
199.012
199.056
199.204
199.376
199.411
199.563
199.74
199.767
199.922
200.103
200.122
200.279
200.464
200.474
200.631
200.684
200.818
200.981
201.029
201.161
201.324
201.37
201.5
201.662
201.707
201.834
201.994
202.039
202.162
202.319
202.366
202.482
202.634
202.686
202.794
202.94
202.999
203.097
203.234
203.303
203.391
203.519
203.689
203.68
203.792
203.951
203.956
204.053
204.2
204.226
204.305
204.436
204.487
204.548
204.66
204.742
204.785
204.872
205.019
196.696
196.831
196.877
197.015
197.058
197.195
197.333
197.376
197.514
197.649
197.693
197.833
197.965
198.01
198.147
198.276
198.323
198.455
198.499
198.629
198.761
198.804
198.934
199.063
199.104
199.232
199.358
199.398
199.525
199.648
199.687
199.812
199.931
199.97
200.091
200.206
200.244
200.361
200.473
200.51
200.622
200.731
200.768
200.873
200.98
201.078
201.115
201.219
201.311
201.345
201.445
201.532
201.564
201.66
201.743
201.774
201.863
201.944
201.975
202.053
202.135
202.204
194.767
194.894
194.93
195.053
195.095
195.21
195.337
195.376
195.491
195.618
195.656
195.772
195.897
195.933
196.051
196.171
196.206
196.323
196.366
196.473
196.592
196.632
196.738
196.855
196.895
196.996
197.112
197.151
197.249
197.363
197.401
197.496
197.607
197.644
197.735
197.843
197.879
197.966
198.07
198.106
198.189
198.287
198.324
198.403
198.495
198.586
198.611
198.691
198.782
198.807
198.878
198.967
198.993
199.054
199.139
199.168
199.224
199.301
199.332
199.388
199.451
199.525
193.166
193.276
193.306
193.422
193.433
193.56
193.674
193.691
193.815
193.922
193.947
194.065
194.167
194.199
194.311
194.407
194.444
194.551
194.558
194.681
194.786
194.796
194.915
195.015
195.026
195.143
195.237
195.25
195.364
195.455
195.468
195.579
195.665
195.677
195.786
195.868
195.877
195.985
196.065
196.067
196.174
196.252
196.246
196.353
196.431
196.474
196.523
196.6
196.641
196.68
196.759
196.801
196.825
196.909
196.954
196.959
197.048
197.099
197.08
197.176
197.236
197.251
192.818
192.929
192.958
193.066
193.097
193.202
193.311
193.341
193.446
193.553
193.583
193.687
193.793
193.823
193.925
194.029
194.057
194.157
194.188
194.284
194.384
194.414
194.508
194.605
194.634
194.726
194.819
194.848
194.937
195.028
195.056
195.142
195.229
195.257
195.339
195.422
195.45
195.528
195.608
195.635
195.709
195.784
195.811
195.879
195.951
196.023
196.041
196.108
196.174
196.193
196.256
196.317
196.336
196.395
196.453
196.474
196.527
196.581
196.605
196.651
196.702
196.753
191.277
191.377
191.404
191.5
191.537
191.617
191.719
191.75
191.832
191.933
191.96
192.046
192.142
192.168
192.256
192.346
192.369
192.459
192.495
192.566
192.658
192.69
192.758
192.849
192.879
192.944
193.034
193.063
193.125
193.213
193.24
193.298
193.383
193.411
193.465
193.547
193.573
193.624
193.701
193.728
193.776
193.845
193.874
193.919
193.98
194.042
194.054
194.104
194.167
194.181
194.219
194.285
194.301
194.329
194.394
194.414
194.44
194.494
194.517
194.545
194.583
194.633
189.941
190.028
190.051
190.138
190.155
190.244
190.33
190.349
190.435
190.518
190.539
190.623
190.702
190.725
190.806
190.88
190.905
190.982
190.997
191.077
191.152
191.167
191.245
191.318
191.332
191.407
191.476
191.49
191.562
191.627
191.642
191.71
191.772
191.785
191.851
191.909
191.92
191.983
192.037
192.047
192.106
192.157
192.163
192.22
192.269
192.305
192.328
192.374
192.408
192.427
192.472
192.506
192.52
192.563
192.596
192.603
192.645
192.677
192.674
192.719
192.749
192.765
189.677
189.771
189.784
189.869
189.892
189.97
190.056
190.077
190.154
190.241
190.258
190.336
190.423
190.435
190.512
190.598
190.607
190.682
190.707
190.772
190.847
190.87
190.932
191.005
191.027
191.086
191.157
191.177
191.233
191.302
191.322
191.374
191.439
191.459
191.507
191.568
191.588
191.631
191.687
191.711
191.748
191.798
191.825
191.855
191.902
191.963
191.958
191.997
192.053
192.053
192.086
192.136
192.144
192.169
192.211
192.228
192.244
192.278
192.308
192.314
192.338
192.383
188.513
188.583
188.607
188.68
188.703
188.773
188.844
188.866
188.936
189.003
189.025
189.095
189.158
189.18
189.248
189.308
189.33
189.394
189.413
189.474
189.535
189.554
189.613
189.67
189.687
189.744
189.797
189.814
189.869
189.92
189.935
189.986
190.034
190.048
190.096
190.14
190.153
190.198
190.238
190.251
190.292
190.329
190.341
190.378
190.414
190.446
190.457
190.492
190.52
190.529
190.562
190.586
190.594
190.624
190.645
190.652
190.677
190.695
190.702
190.721
190.74
190.754
187.434
187.502
187.52
187.583
187.606
187.663
187.729
187.749
187.805
187.87
187.887
187.943
188.005
188.021
188.076
188.135
188.149
188.204
188.225
188.271
188.326
188.344
188.387
188.44
188.457
188.496
188.548
188.563
188.6
188.648
188.663
188.695
188.741
188.756
188.784
188.826
188.84
188.865
188.904
188.918
188.94
188.974
188.988
189.008
189.037
189.069
189.072
189.092
189.123
189.127
189.14
189.169
189.174
189.18
189.206
189.213
189.216
189.234
189.243
189.247
189.254
189.272
186.573
186.631
186.646
186.705
186.712
186.774
186.831
186.841
186.9
186.953
186.965
187.02
187.069
187.084
187.135
187.178
187.196
187.243
187.247
187.3
187.345
187.35
187.4
187.441
187.446
187.492
187.53
187.535
187.578
187.612
187.616
187.657
187.687
187.69
187.728
187.755
187.756
187.792
187.817
187.816
187.849
187.872
187.868
187.9
187.921
187.926
187.943
187.961
187.965
187.976
187.994
187.996
188.001
188.019
188.021
188.019
188.036
188.039
188.026
188.046
188.05
188.037
186.393
186.455
186.464
186.52
186.535
186.586
186.643
186.656
186.706
186.762
186.773
186.821
186.876
186.885
186.931
186.985
186.99
187.035
187.051
187.089
187.133
187.146
187.182
187.224
187.236
187.269
187.308
187.319
187.349
187.386
187.396
187.423
187.456
187.466
187.488
187.519
187.529
187.547
187.574
187.585
187.6
187.622
187.636
187.646
187.663
187.691
187.684
187.697
187.719
187.716
187.723
187.74
187.741
187.742
187.753
187.76
187.755
187.761
187.774
187.762
187.761
187.772
185.715
185.763
185.778
185.825
185.841
185.884
185.931
185.945
185.988
186.032
186.045
186.086
186.129
186.14
186.18
186.219
186.23
186.268
186.281
186.313
186.349
186.361
186.391
186.424
186.434
186.463
186.492
186.502
186.527
186.554
186.563
186.585
186.609
186.616
186.636
186.657
186.664
186.681
186.699
186.705
186.718
186.733
186.738
186.748
186.76
186.771
186.771
186.779
186.787
186.787
186.791
186.796
186.796
186.796
186.797
186.798
186.794
186.792
186.794
186.788
186.782
186.777
185.232
185.28
185.289
185.329
185.348
185.377
185.422
185.436
185.463
185.509
185.519
185.548
185.591
185.596
185.628
185.666
185.668
185.7
185.717
185.735
185.768
185.783
185.797
185.83
185.842
185.853
185.885
185.895
185.903
185.933
185.943
185.948
185.975
185.983
185.986
186.009
186.018
186.017
186.037
186.045
186.042
186.055
186.065
186.061
186.066
186.08
186.074
186.069
186.084
186.078
186.065
186.08
186.078
186.056
186.068
186.069
186.046
186.048
186.053
186.034
186.019
186.024
185.074
185.111
185.119
185.154
185.163
185.196
185.23
185.238
185.27
185.302
185.309
185.339
185.368
185.375
185.404
185.43
185.436
185.461
185.468
185.492
185.516
185.521
185.542
185.564
185.569
185.587
185.606
185.611
185.626
185.643
185.647
185.659
185.672
185.676
185.685
185.695
185.698
185.705
185.712
185.713
185.717
185.721
185.721
185.722
185.723
185.722
185.721
185.718
185.715
185.714
185.707
185.703
185.701
185.69
185.683
185.681
185.668
185.658
185.655
185.642
185.629
185.615
185.106
185.14
185.147
185.182
185.186
185.221
185.254
185.259
185.292
185.322
185.327
185.357
185.384
185.39
185.417
185.442
185.448
185.472
185.476
185.501
185.522
185.526
185.548
185.567
185.57
185.59
185.607
185.61
185.627
185.641
185.643
185.656
185.667
185.669
185.679
185.687
185.688
185.695
185.7
185.701
185.704
185.706
185.706
185.706
185.705
185.703
185.702
185.699
185.693
185.692
185.686
185.679
185.676
185.667
185.657
185.654
185.643
185.631
185.628
185.614
185.599
185.585
185.384
185.411
185.42
185.447
185.454
185.48
185.507
185.514
185.538
185.562
185.569
185.592
185.612
185.619
185.64
185.658
185.666
185.684
185.688
185.707
185.723
185.728
185.745
185.76
185.764
185.778
185.791
185.795
185.805
185.816
185.819
185.826
185.834
185.835
185.84
185.845
185.846
185.848
185.85
185.85
185.849
185.848
185.846
185.844
185.84
185.834
185.834
185.826
185.819
185.818
185.807
185.799
185.796
185.783
185.772
185.769
185.755
185.741
185.735
185.723
185.705
185.689
186.19
186.229
186.225
186.245
186.266
186.266
186.297
186.31
186.307
186.345
186.348
186.349
186.386
186.383
186.39
186.423
186.414
186.429
186.45
186.443
186.464
186.481
186.469
186.495
186.51
186.493
186.52
186.532
186.512
186.537
186.548
186.524
186.548
186.558
186.531
186.552
186.563
186.533
186.547
186.561
186.531
186.536
186.553
186.525
186.519
186.533
186.515
186.494
186.514
186.502
186.464
186.488
186.484
186.435
186.455
186.459
186.41
186.414
186.428
186.391
186.365
186.38
187.803
187.855
187.841
187.854
187.884
187.858
187.899
187.914
187.881
187.937
187.938
187.916
187.969
187.958
187.954
187.998
187.976
187.989
188.02
187.992
188.02
188.045
188.011
188.048
188.067
188.024
188.066
188.082
188.033
188.077
188.091
188.038
188.081
188.095
188.04
188.077
188.094
188.04
188.069
188.089
188.038
188.051
188.078
188.034
188.028
188.054
188.027
187.995
188.031
188.015
187.953
188.003
188
187.917
187.968
187.978
187.908
187.926
187.952
187.903
187.873
187.907
190.572
190.588
190.587
190.594
190.608
190.607
190.617
190.626
190.626
190.639
190.642
190.644
190.66
190.659
190.663
190.682
190.677
190.684
190.701
190.696
190.705
190.721
190.714
190.722
190.734
190.725
190.731
190.742
190.73
190.734
190.744
190.729
190.732
190.742
190.724
190.725
190.736
190.716
190.713
190.727
190.704
190.697
190.716
190.689
190.678
190.687
190.671
190.656
190.663
190.653
190.632
190.636
190.635
190.607
190.606
190.616
190.583
190.575
190.598
190.562
190.545
190.555
194.728
194.754
194.74
194.737
194.774
194.744
194.752
194.771
194.751
194.771
194.773
194.76
194.791
194.778
194.773
194.816
194.788
194.789
194.836
194.8
194.805
194.844
194.807
194.813
194.846
194.807
194.814
194.843
194.803
194.81
194.837
194.795
194.8
194.83
194.784
194.787
194.822
194.77
194.768
194.814
194.755
194.747
194.806
194.739
194.724
194.772
194.724
194.698
194.739
194.711
194.674
194.702
194.702
194.652
194.666
194.701
194.634
194.631
194.708
194.625
194.602
194.656
200.7
200.791
200.724
200.706
200.823
200.703
200.727
200.784
200.692
200.76
200.755
200.692
200.8
200.737
200.702
200.842
200.728
200.718
200.868
200.718
200.726
200.848
200.702
200.727
200.827
200.683
200.72
200.809
200.663
200.707
200.791
200.641
200.686
200.779
200.619
200.658
200.772
200.598
200.624
200.772
200.58
200.585
200.782
200.569
200.542
200.738
200.565
200.501
200.676
200.574
200.464
200.609
200.6
200.44
200.537
200.646
200.437
200.468
200.713
200.462
200.411
200.631
202.97
202.89
202.969
202.96
202.915
202.982
202.948
202.948
202.992
202.933
202.975
202.998
202.918
202.999
203.005
202.901
203.019
203.009
202.944
203.03
203.002
202.955
203.03
202.988
202.958
203.024
202.974
202.953
203.016
202.959
202.94
203.002
202.944
202.919
202.987
202.931
202.893
202.971
202.921
202.858
202.952
202.913
202.815
202.932
202.907
202.741
202.906
202.903
202.76
202.877
202.898
202.784
202.838
202.893
202.814
202.785
202.886
202.842
202.712
202.871
202.867
202.709
212.541
212.51
212.552
212.532
212.539
212.54
212.529
212.553
212.533
212.521
212.557
212.529
212.505
212.551
212.523
212.473
212.532
212.506
212.504
212.503
212.479
212.486
212.469
212.449
212.463
212.436
212.417
212.435
212.399
212.382
212.402
212.363
212.348
212.365
212.329
212.315
212.326
212.298
212.282
212.284
212.271
212.25
212.235
212.25
212.217
212.141
212.234
212.187
212.148
212.223
212.161
212.156
212.208
212.148
212.162
212.181
212.156
212.159
212.128
212.184
212.15
212.117
226.235
226.312
226.28
226.237
226.34
226.207
226.248
226.314
226.15
226.237
226.255
226.105
226.189
226.167
226.062
226.112
226.063
226.012
226.117
225.963
225.957
226.051
225.866
225.9
225.983
225.779
225.838
225.912
225.694
225.768
225.841
225.616
225.696
225.773
225.547
225.623
225.707
225.491
225.548
225.643
225.451
225.47
225.576
225.431
225.386
225.443
225.428
225.299
225.425
225.442
225.222
225.404
225.454
225.183
225.37
225.449
225.219
225.313
225.414
225.319
225.232
225.38
245.469
245.74
245.59
245.497
245.74
245.352
245.498
245.611
245.154
245.437
245.426
245.038
245.319
245.201
244.964
245.172
244.967
244.889
245.142
244.747
244.802
245.004
244.545
244.7
244.866
244.365
244.589
244.732
244.206
244.465
244.602
244.065
244.338
244.482
243.95
244.207
244.372
243.866
244.07
244.271
243.822
243.925
244.172
243.817
243.762
243.974
243.837
243.577
243.92
243.877
243.384
243.858
243.911
243.285
243.777
243.924
243.403
243.657
243.902
243.629
243.464
243.83
272.058
272.561
272.3
272.135
272.494
271.776
272.07
272.218
271.267
271.909
271.884
271.164
271.705
271.513
271.125
271.475
271.13
271.026
271.407
270.755
270.885
271.178
270.397
270.718
270.953
270.079
270.534
270.738
269.808
270.339
270.533
269.591
270.141
270.347
269.435
269.941
270.181
269.347
269.737
270.03
269.319
269.519
269.888
269.337
269.274
269.602
269.373
268.975
269.505
269.425
268.584
269.399
269.47
268.307
269.274
269.496
268.676
269.111
269.488
269.06
268.822
269.368
308.702
309.236
308.925
308.695
309.11
308.214
308.529
308.703
307.258
308.259
308.242
307.372
307.972
307.749
307.277
307.649
307.242
307.099
307.554
306.748
306.873
307.229
306.268
306.624
306.914
305.838
306.362
306.616
305.467
306.089
306.335
305.172
305.818
306.083
304.963
305.551
305.86
304.838
305.285
305.663
304.787
305.01
305.487
304.79
304.708
305.1
304.818
304.351
304.969
304.876
303.872
304.835
304.938
303.202
304.677
304.996
303.991
304.507
305.027
304.465
304.193
304.858
359.363
359.831
359.489
359.203
359.697
358.702
358.952
359.177
358.016
358.621
358.6
357.69
358.242
357.994
357.459
357.842
357.386
357.195
357.761
356.81
356.898
357.355
356.265
356.585
356.968
355.782
356.264
356.605
355.362
355.935
356.269
355.006
355.614
355.975
354.731
355.301
355.724
354.549
354.995
355.513
354.463
354.687
355.337
354.463
354.361
354.855
354.516
353.992
354.726
354.626
353.557
354.601
354.763
353.292
354.464
354.909
353.718
354.296
355.041
354.304
354.008
354.851
430.646
431.257
430.82
430.47
431.184
429.895
430.22
430.566
429.133
429.876
429.879
428.741
429.472
429.158
428.488
429.041
428.442
428.218
429.055
427.784
427.918
428.607
427.174
427.603
428.19
426.65
427.281
427.81
426.203
426.951
427.471
425.837
426.632
427.195
425.568
426.325
426.981
425.417
426.03
426.83
425.402
425.734
426.729
425.517
425.419
426.187
425.72
425.059
426.135
426.014
424.651
426.089
426.362
424.485
426.03
426.733
425.106
425.925
427.092
426.035
425.681
426.951
534.398
535.617
534.901
534.473
535.727
533.67
534.412
535.033
532.728
534.188
534.222
532.434
533.858
533.353
532.373
533.477
532.489
532.276
533.729
531.71
532.121
533.318
531.016
531.93
532.952
530.464
531.722
532.646
530.041
531.497
532.405
529.751
531.283
532.26
529.619
531.081
532.213
529.679
530.887
532.26
529.959
530.681
532.382
530.449
530.426
531.849
531.081
530.077
532.035
531.853
529.627
532.22
532.697
529.584
532.367
533.565
530.888
532.419
534.396
532.707
532.204
534.474
691.617
694.709
693.236
692.686
695.237
691.164
693.265
694.503
689.629
693.436
693.512
689.894
693.386
692.377
690.608
693.211
691.207
691.116
693.983
690.144
691.435
693.762
689.232
691.636
693.603
688.598
691.777
693.544
688.252
691.873
693.601
688.202
691.967
693.818
688.495
692.064
694.193
689.191
692.146
694.717
690.317
692.168
695.352
691.813
692.04
695.005
693.532
691.622
695.792
695.442
690.795
696.542
697.42
690.725
697.177
699.371
694.075
697.575
701.184
698.175
697.267
701.937
940.248
948.425
945.433
944.581
949.899
940.902
946.778
949.325
933.07
947.649
948.127
939.404
948.348
946.495
942.7
948.58
944.631
944.869
950.516
942.809
946.384
950.878
941.176
947.537
951.311
940.081
948.51
951.904
939.735
949.387
952.695
940.305
950.261
953.759
941.892
951.142
955.083
944.486
951.976
956.621
947.94
952.632
958.294
951.997
952.849
958.513
956.333
952.158
960.93
960.831
949.662
963.277
965.222
943.873
965.23
969.327
958.489
966.931
972.946
968.341
966.459
975.77
1345.18
1350.83
1350.81
1348.82
1354.33
1347.41
1351.93
1355.92
1345.68
1353.46
1356.08
1347.03
1353.83
1355.28
1350.15
1353.63
1354.16
1353.46
1358.62
1353.47
1356.42
1361.08
1353.37
1359.09
1363.45
1354.11
1361.66
1365.88
1355.65
1364.25
1368.42
1357.98
1367.04
1371.19
1361.25
1370.07
1374.12
1365.68
1373.27
1377.06
1371.52
1376.43
1379.83
1378.72
1379.2
1380.78
1386.69
1381.26
1388.24
1394.83
1383.09
1396.11
1402.1
1388.2
1403.87
1407.89
1400.61
1410.41
1411.95
1416.3
1413.94
1420.49
2526.27
2536.32
2532.66
2529.57
2547.77
2533.85
2535.32
2547
2536.13
2542.89
2547.25
2539.43
2551.39
2548.8
2543.95
2560.3
2551.78
2549.76
2572.79
2556.18
2556.66
2577.25
2561.41
2564.36
2582.96
2567.68
2572.58
2590.03
2574.88
2581.07
2598.47
2583.06
2589.83
2608.55
2592.33
2598.89
2620.37
2602.87
2608.27
2633.97
2614.94
2618.2
2649.34
2628.98
2629.02
2657.65
2645.34
2641.36
2668.5
2664.87
2655.91
2679.22
2687.57
2672.96
2689.96
2712.8
2692.79
2701.6
2739.4
2717.39
2716.32
2750.93
4711
4774.42
4740.64
4730.32
4805.81
4739.25
4759.93
4801.39
4744.62
4793.58
4798.47
4756.59
4826.71
4798.7
4774.74
4857.82
4803.15
4797.57
4887.01
4811.86
4822.77
4898.71
4823.77
4848.46
4913.37
4838.85
4873.39
4931.37
4856.44
4896.76
4952.87
4876.36
4918.39
4978.21
4898.89
4938.13
5007.38
4924.54
4955.81
5040.06
4954.43
4971.63
5075.6
4990.11
4986.4
5095.26
5032.51
5002.5
5111.64
5082.11
5024.19
5124.05
5136.68
5055.43
5131.3
5192.64
5098.74
5133.66
5246.52
5159.16
5137.56
5259.05
8907.69
8881.84
8987.39
8971.93
8929
8975.11
8979.67
8986.64
8940.32
8971.74
9037.31
8998.74
8968.28
9077.51
9058.56
8970.53
9104.44
9089.48
9027.09
9120.33
9107.62
9065.21
9128.83
9123.25
9099.46
9138.75
9140.92
9129.58
9156.22
9162.22
9155.23
9183.93
9188.04
9176.6
9222.35
9218.54
9193.77
9268.97
9253.52
9207.07
9315.6
9292.01
9217.25
9350.89
9330.53
9212.1
9367.42
9358.54
9253.85
9368.17
9350.36
9299.75
9359.23
9342.24
9352.64
9347.75
9449.8
9415.8
9338.25
9480.53
9469.03
9350.67
26776.7
26616.1
26693.9
26676.9
26575.3
26716.5
26594.7
26555.7
26699.6
26531
26539.5
26634.9
26476.4
26526
26553.5
26426.3
26512.8
26478
26382.5
26495.7
26412.3
26342.7
26470.6
26353.4
26300.2
26434.9
26298.4
26254.2
26390.3
26245.5
26204.7
26338.4
26193.7
26151.6
26279
26142.7
26095
26209.5
26092.8
26035.6
26129
26045
25973.7
26040.7
26001.8
25912.9
25950.7
25967.2
25853.6
25863.3
25940.9
25793.7
25779.7
25894.5
25734.6
25698.8
25783.8
25679.7
25618.7
25652.3
25640.7
25543
)
;

boundaryField
{
    inlet
    {
        type            turbulentMixingLengthFrequencyInlet;
        mixingLength    0.0044;
        phi             phi;
        k               k;
        value           nonuniform List<scalar> 0();
    }
    outlet
    {
        type            zeroGradient;
    }
    front
    {
        type            empty;
    }
    back
    {
        type            empty;
    }
    hub
    {
        type            fixedValue;
        value           nonuniform List<scalar> 
72
(
293351
293351
292876
292429
292429
292388
292388
292388
292302
292302
291913
291913
291913
291236
291236
288509
286545
286545
286545
285556
285556
284633
284133
284133
284133
284117
284117
285207
285207
284777
282429
282429
282429
280612
280612
280428
282088
282088
286146
285260
285260
285260
281282
281282
282186
282564
282564
283982
285584
285584
285584
287667
287667
290147
292991
296075
296075
299283
302393
302393
305190
307177
307177
308801
310015
310015
310015
310628
310628
310549
309671
307951
)
;
    }
    tip
    {
        type            omegaWallFunction;
        blending        binomial2;
        n               2;
        beta1           0.075;
        value           nonuniform List<scalar> 
62
(
26776.7
26616.1
26693.9
26676.9
26575.3
26716.5
26594.7
26555.7
26699.6
26531
26539.5
26634.9
26476.4
26526
26553.5
26426.3
26512.8
26478
26382.5
26495.7
26412.3
26342.7
26470.6
26353.4
26300.2
26434.9
26298.4
26254.2
26390.3
26245.5
26204.7
26338.4
26193.7
26151.6
26279
26142.7
26095
26209.5
26092.8
26035.6
26129
26045
25973.7
26040.7
26001.8
25912.9
25950.7
25967.2
25853.6
25863.3
25940.9
25793.7
25779.7
25894.5
25734.6
25698.8
25783.8
25679.7
25618.7
25652.3
25640.7
25543
)
;
    }
    procBoundary1to0
    {
        type            processor;
        value           nonuniform List<scalar> 
160
(
88763.1
62485.6
30839
27478.2
18516
14519.8
13812
11995.4
11639.3
10664.3
10053.1
9896.21
9540.92
9446.39
9281.14
9239.99
9344.59
9376.83
9507.21
10158.6
10419.8
11971.1
12377.7
14898.8
15608.4
16421.8
20407.6
21281.3
26429.3
28041
28983.3
32973.5
34337.9
33629.6
32419.5
31952.6
26363.2
24221.7
23551.4
18005.4
16515.6
16302.5
12919.9
12378.6
12006.8
9872.02
9589.91
7745.74
7455.88
5912.26
5547.76
5346.73
4086.04
3932.98
2966.72
2833.32
2146.88
2026.43
1567.66
1464.88
1167.83
1088.59
1051.48
839.594
813.419
669.827
651.827
553.984
541.359
474.554
465.31
419.32
387.265
379.869
355.516
350.927
331.732
328.744
313.433
311.258
298.947
297.056
287.194
278.948
277.343
269.784
268.624
261.865
260.695
254.934
249.427
249.235
249.447
249.447
244.773
245.435
245.435
244.575
239.682
235.084
234.464
234.982
234.982
230.644
231.081
231.081
230.732
230.828
230.828
226.819
222.704
222.047
218.281
214.747
214.155
210.738
207.741
207.143
204.224
203.691
201.295
198.933
198.492
196.554
194.646
193.043
192.709
191.187
189.852
189.592
188.437
187.372
186.51
186.336
185.666
185.195
185.037
185.068
185.356
186.182
187.818
190.568
194.741
200.761
202.955
212.568
226.359
245.801
272.716
309.525
360.218
431.708
536.06
694.984
948.475
1353.44
2533.67
4749.64
8950.07
26678.5
)
;
    }
    procBoundary1to5
    {
        type            processor;
        value           nonuniform List<scalar> 
65
(
373.421
366.992
338.987
334.561
315.516
300.697
298.018
285.921
283.793
274.097
265.507
263.92
256.127
254.562
247.984
241.545
240.392
234.563
229.223
228.201
223.085
218.654
217.669
213.404
212.57
209.069
205.7
205.016
202.233
199.545
197.292
196.767
194.642
192.783
192.378
190.759
189.273
188.047
187.764
186.773
186.015
185.611
185.58
185.686
186.368
187.89
190.543
194.624
200.517
202.845
212.213
225.426
243.83
269.345
304.832
354.832
426.941
534.47
701.935
976.568
1429.74
2747.63
5231.98
9456.72
25540.6
)
;
    }
    procBoundary1to6
    {
        type            processor;
        value           nonuniform List<scalar> 
85
(
90509
67313.9
42215.4
40822.6
28669.6
21741.7
21008.8
17027.9
16468.5
13684.4
11680.9
11316.6
9992.4
9706.59
8721.22
8491.66
7748.7
7621.02
7505.9
6942.63
6800.69
6369.72
6259.73
5938.28
5875.62
5822.26
5597.76
5543.93
5399.7
5372.24
5354.41
5294.28
5285.67
5287.14
5314.57
5332.39
5448.44
5478.96
5517.34
5751.26
5805.81
5868.74
6236.63
6315.77
6416.89
6907.7
7028.15
7648.94
7791.4
8509.28
8671.63
8828.31
9569.54
9708.94
10293.2
10394.3
10710.2
10760.7
10783
10771.9
10529.1
10456.8
10357.7
9809.9
9631.58
8700.99
8429.62
7085.27
6758.07
5247.46
4933.72
3594.63
2571.82
2351.01
1669.42
1542.51
1122.32
1056.04
803.962
768.123
610.961
588.198
489.919
427.237
414.862
)
;
    }
}


// ************************************************************************* //
