/*--------------------------------*- C++ -*----------------------------------*\
| =========                 |                                                 |
| \\      /  F ield         | OpenFOAM: The Open Source CFD Toolbox           |
|  \\    /   O peration     | Version:  v2012                                 |
|   \\  /    A nd           | Website:  www.openfoam.com                      |
|    \\/     M anipulation  |                                                 |
\*---------------------------------------------------------------------------*/
FoamFile
{
    version     2.0;
    format      ascii;
    class       volScalarField;
    location    "1e-06";
    object      p;
}
// * * * * * * * * * * * * * * * * * * * * * * * * * * * * * * * * * * * * * //

dimensions      [1 -1 -2 0 0 0 0];


internalField   nonuniform List<scalar> 
10248
(
2024.06
2022.49
1954.65
2000.02
1954.12
2000.9
2000.54
2001.53
2001.04
2001.47
2001.22
2001.88
2001.36
2001.12
2002.3
2001.46
2001.16
2001.14
3320.19
2001.43
2000.74
2000.59
2000.89
2000.35
2000.48
2001.53
2000.57
2001.04
2001.17
1989.06
1899.88
1970.89
1994.04
1996.66
1952.77
2006.41
2000.4
2000.62
1998.09
1961.49
1987.94
2595.26
79988.4
126764
169209
205949
237454
261413
275188
283083
286420
286690
285133
282766
279591
276660
273035
268942
266051
262748
258955
256784
254100
250832
249302
247241
244408
243448
241890
239646
238145
237812
2018.43
2011.43
1944.34
1858.25
1812.82
1768.4
1659.52
1744.81
1737.63
1773.76
1764.27
1562.15
1639.75
1549.23
1457.31
1653.45
1592.16
1553.68
1790.91
1595.09
1605.8
1686.88
1582.34
1672.14
1736.59
1614.11
1711.75
1745.92
1621.06
1737.59
1731.14
1791.5
1897.98
1880.32
1833.39
1916.74
1916.58
1915.04
1956.6
1933.15
1954.13
2477.06
80023.2
126786
169216
205954
237469
261428
275208
283088
286422
286696
285145
282763
279604
276657
273034
268941
266051
262747
258952
256782
254115
250827
249296
247239
244405
243447
241887
239641
238141
237808
2011.12
2003.13
1961.99
1899.07
1849.26
1809.78
1684.19
1775.99
1764.05
1804.15
1800.12
1599.59
1655.2
1756.07
1489.76
1667.08
1606.07
1562.37
1788.52
1598.14
1613.37
1704.39
1623.23
1689.27
1765.47
1630.05
1718.85
1752.51
1641.64
1731.9
1760.4
1820.76
1914.1
1893.81
1838.06
1894.84
1891.04
1892.82
1948.05
1935.97
1961.44
2165.15
80032.1
126723
169217
205972
237499
261447
275228
283095
286432
286705
285163
282780
279603
276657
273049
268940
266051
262747
258952
256782
254112
250827
249316
247252
244403
243445
241887
239640
238139
237807
2005.53
2002.67
1962.69
1906.02
1860.88
1822.45
1700.58
1802.43
1783.05
1835.64
1848.17
1639.31
1676.41
1758.9
1534.9
1686.7
1631.55
1615.44
1781.94
1632.06
1641.2
1726.4
1660.79
1709.62
1786.24
1683.99
1728.08
1748.13
1661.64
1726.68
1774.7
1837.12
1918.71
1884.42
1831.33
1855.7
1844.51
1858.2
1926.1
1914.44
1953.49
2010.89
80050.8
126748
169221
205998
237548
261503
275257
283108
286453
286721
285186
282797
279617
276655
273049
268939
266050
262746
258951
256780
254128
250826
249310
247260
244400
243443
241885
239639
238136
237806
2007.32
2003.84
1951.16
1880
1841.09
1818.88
1695.79
1820.77
1775.35
1824.07
1870.81
1661.77
1683.94
1746.2
1554.76
1691.8
1643.04
1634.51
1757.19
1640.6
1648.32
1731.72
1674.04
1710.22
1785.12
1690.45
1708.89
1704.99
1644.18
1719.53
1758.9
1815.3
1890.82
1848.56
1798.57
1813.34
1794.73
1806.22
1896.74
1883.11
1931.67
2006.19
80015.5
126749
169222
206052
237615
261562
275278
283136
286481
286744
285213
282815
279631
276655
273048
268936
266049
262744
258948
256779
254126
250823
249308
247274
244396
243442
241885
239637
238133
237806
2001.1
2000.7
1970.19
1911.76
1865.07
1851.18
1726.18
1848.11
1783.66
1823.99
1890.65
1690.07
1698.16
1740.42
1587.12
1700.42
1649.96
1642.08
1741.01
1650.92
1652.77
1731.98
1689.87
1717.9
1785.93
1710.95
1714.19
1705.59
1664.24
1739.36
1785.61
1834.63
1900.88
1864.81
1829.62
1808.09
1828.84
1840.85
1897.4
1891.41
1946.04
2007.22
80069.5
126462
169235
206128
237704
261615
275337
283182
286522
286773
285246
282837
279632
276654
273048
268931
266046
262743
258941
256774
254123
250817
249303
247272
244390
243438
241883
239631
238127
237803
1998.83
2000.43
1974.44
1913.32
1870.07
1865.14
1743.75
1862.46
1777.64
1814.86
1897.54
1700.84
1701.5
1727.14
1603.76
1699.37
1648.31
1646.44
1723.45
1645.2
1650.12
1723.91
1690.58
1716.01
1775.71
1708.28
1707.45
1691.69
1665.5
1742.56
1794.56
1838.95
1903.04
1859.58
1834.52
1811.69
1841.79
1856.16
1902.96
1902.37
1963.2
2008.81
80121.1
126035
169242
206204
237812
261725
275411
283246
286576
286811
285285
282864
279649
276653
273048
268927
266044
262740
258936
256770
254121
250811
249297
247277
244384
243436
241882
239627
238122
237801
2000.13
2000.41
1987.31
1920.3
1879.65
1887.29
1764.95
1880.14
1777.9
1800.97
1898.23
1709.09
1701.1
1713.65
1613.08
1694.14
1644.45
1643.9
1705.7
1636.84
1642.84
1713.72
1685.4
1707.73
1759.36
1697.53
1696.57
1678.29
1661.8
1740.39
1792
1825.77
1887.43
1830.11
1816.31
1816.86
1841.49
1854.46
1904.91
1904.78
1969.81
2292.04
80188.7
125598
169247
206295
237963
261845
275517
283332
286643
286858
285332
282896
279668
276662
273047
268921
266041
262738
258929
256766
254118
250804
249291
247276
244377
243433
241880
239623
238116
237799
1995.52
2000.41
1993.38
1927.36
1899.95
1909.68
1793.07
1895.67
1778.21
1792.94
1896.11
1712.87
1700.37
1703.04
1621.4
1688.98
1638.93
1640.03
1694.35
1628.9
1637.48
1704.73
1677.5
1699.84
1743.4
1682.79
1685.35
1665.51
1654.31
1733.97
1783.39
1809.37
1872.33
1814
1805.91
1821.3
1834.09
1847.69
1907.35
1901.68
1977.86
13794.8
80210.4
125091
169250
206460
238135
262013
275658
283446
286728
286916
285387
282933
279686
276673
273047
268915
266038
262735
258921
256761
254116
250796
249285
247275
244370
243429
241879
239617
238110
237796
2000.11
2000.18
1992.65
1926.25
1911.26
1926.61
1813.99
1908.44
1776.72
1774.71
1884.96
1704.65
1689.66
1687.33
1616.6
1675.09
1625.96
1624.03
1677.53
1612.53
1620.18
1689.19
1659.5
1680.25
1719.17
1655.61
1663.57
1643.16
1629.52
1713.54
1759.85
1773.27
1841.56
1785.84
1777.11
1811.54
1811.62
1821.2
1897.1
1884.73
1966.36
17255.6
80265.2
124562
169254
206589
238349
262232
275837
283587
286829
286985
285451
282976
279700
276682
273046
268907
266034
262732
258911
256754
254112
250788
249277
247274
244362
243425
241876
239612
238102
237794
2000.12
2000.29
2000.42
2000.01
1972.71
1976.49
1869.66
1937.33
1801.25
1781.9
1881.85
1717.59
1696.71
1691.58
1633.66
1677.85
1638.5
1634.32
1680
1631.69
1636.81
1698.57
1680.75
1696.16
1732.06
1684.55
1689.78
1683.21
1678.23
1749.18
1795.86
1804.68
1857.39
1827.24
1823.32
1852.99
1860.39
1869.03
1924.97
1920.42
2000.14
18656.1
80288.9
124004
169258
206809
238637
262515
276064
283762
286952
287065
285525
283023
279698
276681
273045
268896
266026
262724
258899
256746
254107
250778
249268
247271
244350
243416
241870
239604
238089
237785
1995.76
2000.28
2000.56
2000.48
2000.4
2000.38
1919.03
1961.11
1817.4
1788.73
1874.92
1723.83
1701.39
1692.74
1644.69
1678.58
1645.13
1641.41
1680.87
1643.45
1649.54
1706.4
1694.99
1708.66
1742.58
1706.29
1711.53
1715.19
1714.6
1778.73
1820.71
1827.77
1870.93
1855.04
1854.6
1881.26
1889.64
1897.83
1941.71
1939.72
2000.78
19921.2
79941.4
123411
169272
207032
238991
262860
276342
283974
287098
287161
285611
283078
279716
276687
273044
268886
266020
262718
258887
256736
254102
250768
249259
247268
244340
243409
241866
239596
238077
237780
2000.11
2000.41
2000.77
2000.67
2000.56
2000.66
1960.13
1980.82
1836.05
1795.96
1866.59
1731.81
1707.36
1697.7
1657.64
1681.6
1656.84
1651.69
1685.85
1661.17
1665.61
1717.37
1713.15
1723.63
1755.7
1730.41
1733.89
1744.81
1746.42
1802.1
1839.43
1844.34
1880.43
1871.65
1872.44
1897.11
1903.41
1910.75
1949.15
1946.99
2001.53
21333.5
79455.9
122830
169302
207295
239424
263281
276679
284227
287270
287272
285710
283141
279740
276706
273044
268876
266013
262712
258874
256727
254097
250757
249250
247265
244329
243402
241862
239587
238065
237774
1996
2000.41
2000.92
2000.87
2000.83
2000.82
2000.13
2000.18
1854.06
1810.68
1861.66
1742.12
1718.26
1705.85
1674.14
1689.08
1670.8
1667.78
1694.42
1679.58
1685.61
1731.18
1731.09
1741.22
1771.09
1753.34
1757.28
1772.71
1775.89
1825.45
1855.88
1860.2
1891.58
1885.65
1887.71
1910.87
1915.66
1922.72
1955.73
1953.89
2001.94
22501.1
78907.5
122242
169344
207638
239951
263787
277079
284525
287471
287401
285824
283211
279767
276722
273044
268864
266004
262703
258858
256716
254090
250744
249238
247260
244316
243392
241857
239578
238051
237767
2000.12
2000.51
2001.09
2001.01
2000.88
2000.9
2000.22
2000.15
1867.95
1821.67
1855.35
1752.55
1728.82
1715.75
1691.13
1697.82
1687.52
1685.19
1705
1701.24
1706.56
1746.6
1751.54
1759.61
1787.8
1777.18
1780.28
1797.7
1801.08
1844.27
1868.9
1871.95
1899.01
1894.35
1897.05
1918.88
1921.52
1928.72
1958.8
1956.66
2002.92
23723.9
78312.8
121648
169367
208068
240581
264388
277551
284874
287704
287550
285953
283288
279796
276743
273044
268851
265995
262693
258842
256703
254083
250729
249225
247255
244303
243381
241850
239568
238037
237759
2000
2000.56
2001.24
2001.18
2001.08
2000.99
2000.42
2000.28
1881.21
1837.64
1853.67
1765.83
1743.65
1729.05
1712.56
1711.86
1708.48
1709.54
1722.17
1727.93
1734.56
1768.17
1777.82
1784.92
1810.84
1806.17
1808.85
1826.93
1831.43
1866.97
1885.33
1888.28
1909.71
1906.6
1910.2
1929.19
1930.97
1938.29
1964.02
1962.5
2003.32
24839.5
77660.7
121042
169402
208597
241329
265098
278105
285280
287971
287721
286100
283372
279829
276763
273044
268837
265984
262683
258824
256689
254073
250712
249210
247246
244288
243369
241842
239556
238020
237749
2000.17
2000.62
2001.36
2001.25
2001.1
2001.01
2000.36
2000.16
1890.33
1848.52
1850.52
1778.67
1757.03
1743.16
1733.94
1726.9
1733.6
1736.55
1742.56
1763.74
1768.67
1795.7
1816.12
1818.37
1841.72
1847.26
1843.41
1859.94
1867.19
1891
1904.85
1909.04
1922.17
1921.33
1926.44
1939.64
1942.02
1950.09
1970.19
1970.44
2004.52
25854.8
76946.4
120424
169465
209238
242210
265932
278748
285750
288278
287918
286266
283464
279865
276775
273043
268821
265970
262671
258804
256672
254061
250693
249193
247236
244272
243352
241831
239543
238001
237735
2000.45
2000.88
2001.28
2001
2000.95
2000.97
2000.44
2000.4
1903.02
1866.83
1855.52
1799.47
1778.16
1765.25
1766.06
1751.85
1769.4
1777.94
1775.72
1813.74
1818.7
1837
1873.42
1869.71
1889.97
1911.8
1897.22
1913.55
1930.22
1933.06
1945.18
1954.34
1950.69
1956.96
1964.77
1964.01
1971.83
1980.05
1987.42
1994.29
2006.53
26744.8
76149
119774
169566
210004
243238
266903
279494
286291
288625
288147
286456
283562
279907
276808
273042
268805
265957
262657
258784
256654
254049
250673
249176
247224
244254
243334
241820
239529
237981
237720
2000.05
2000.65
2001.49
2001.33
2001.23
2001.03
2000.45
2000.18
1892.77
1859.51
1841.7
1783.43
1769.01
1753.03
1749.97
1742.98
1753.66
1760.42
1769.99
1793.71
1800.91
1827.16
1845.18
1849.38
1871.88
1876.8
1876.09
1890.38
1895.13
1912.12
1919.61
1921.41
1931.18
1932.38
1934.97
1947.18
1949.49
1953.57
1971.9
1974.46
2004.38
27472.4
75226.4
119061
169655
210900
244420
268026
280347
286908
289021
288410
286674
283671
279960
276848
273083
268792
265948
262645
258762
256637
254035
250654
249159
247214
244240
243322
241814
239519
237967
237714
2000.1
2000.67
2001.48
2001.32
2001.22
2000.99
2000.43
2000.16
1886.81
1855.69
1834.11
1776.62
1766.34
1750.41
1744.34
1743.69
1752.47
1757.48
1777.44
1793.21
1801.12
1833.5
1842.44
1849.75
1873.33
1872.05
1877.28
1889.01
1887.46
1909.94
1913.44
1912.96
1927.76
1925.02
1926.79
1944.11
1941.59
1945.98
1967.4
1965.59
2003.75
28078.9
74208.4
118331
169780
211975
245806
269328
281326
287615
289472
288705
286912
283786
280013
276885
273083
268773
265930
262629
258738
256616
254020
250631
249137
247202
244221
243300
241801
239503
237946
237698
1988
2000.5
2001.5
2001.32
2001.22
2000.99
2000.43
2000.17
1886.16
1854.2
1829.73
1773.51
1766.43
1751.22
1744.07
1747.89
1758.12
1762.77
1788.62
1803.73
1812.19
1845.23
1852.98
1861.2
1883.95
1882.64
1888.46
1899.13
1897.28
1915.81
1918
1917.08
1929.4
1927.21
1928.31
1943.85
1941.57
1945.02
1964.82
1963.78
2003.31
28527.5
73031.6
117540
169945
213241
247409
270832
282447
288417
289977
289040
287177
283908
280073
276919
273082
268753
265909
262608
258711
256592
254002
250607
249110
247184
244201
243275
241786
239487
237922
237678
1983.29
2000.51
2001.49
2001.2
2001.15
2000.9
2000.42
2000.21
1891.56
1859.04
1833.24
1780.98
1775.42
1762.36
1755.55
1762.14
1775.11
1779.97
1806.09
1822.72
1831.18
1860.7
1867.86
1876.13
1894.56
1893.13
1899.41
1906.08
1904.46
1920.61
1919.6
1919.69
1931.15
1926.9
1929.79
1943.07
1938.53
1944.12
1962.56
1959.25
2002.37
28786.8
71619.6
116656
170145
214724
249258
272564
283722
289326
290548
289419
287467
284042
280140
276958
273082
268730
265887
262586
258681
256563
253980
250580
249080
247165
244179
243245
241768
239469
237895
237654
1941.13
1998.93
2001.25
2001.07
2001.04
2000.87
2000.42
2000.25
1906.49
1872.22
1845.73
1798.97
1793.29
1782.61
1778.28
1784.79
1799.57
1805.84
1829.41
1845.87
1854.6
1880.08
1886
1893.48
1908.97
1907.1
1912.48
1917.44
1916.05
1927.97
1925.2
1924.81
1934.21
1929.68
1931.85
1943.88
1939.64
1944.58
1961.62
1958.42
2001.91
29105.1
69924.9
115660
170373
216460
251386
274551
285171
290345
291184
289851
287782
284187
280214
276999
273080
268706
265860
262560
258649
256531
253956
250552
249046
247143
244155
243214
241749
239449
237868
237629
1947.98
1996.63
2001.44
2000.95
2000.97
2000.76
2000.43
2000.34
1935.4
1897.11
1868.86
1832.3
1822.71
1814.03
1816.1
1815.42
1834.55
1842.45
1852.06
1875.24
1883.12
1896.88
1907.19
1912.84
1920.41
1922.96
1925.78
1926.17
1928.63
1935.49
1930.86
1934.58
1937.94
1933.32
1939.84
1945.47
1942.35
1951.74
1962.32
1959.44
2001.16
28941.7
67844.8
114525
170642
218490
253846
276833
286805
291486
291901
290338
288122
284348
280294
277024
273077
268678
265830
262530
258614
256490
253927
250520
249004
247118
244128
243174
241725
239427
237834
237596
2000.59
2000.96
2001.34
2000.76
2000.79
2000.77
2000.49
2000.53
1979.16
1936.54
1910.24
1888.32
1870.45
1869.16
1881.56
1870.03
1896.94
1907.22
1906.51
1934.03
1937.03
1941.37
1958.93
1955.48
1959.81
1970.08
1961.02
1962.35
1971.23
1964.04
1963.33
1970.81
1962.29
1964.6
1972.31
1967.13
1971.05
1979.48
1980.96
1982.85
2001.54
28238
65273
113173
170943
220866
256681
279436
288655
292765
292686
290894
288484
284520
280385
277054
273074
268649
265799
262496
258575
256447
253892
250480
248961
247084
244094
243133
241692
239396
237799
237558
1864.22
1888.13
2000.69
2000.58
2000.66
2000.75
2000.44
2000.42
1971.9
1921.34
1899.14
1860.28
1848.47
1847.02
1846.46
1847.83
1867.26
1871.65
1886.17
1900.86
1904.88
1918.74
1924.97
1927.15
1936.01
1934.02
1933.66
1936.43
1934.81
1936.57
1935.04
1934.02
1934.85
1936.03
1936.81
1941.78
1944.56
1947.21
1957.5
1958.41
2000.04
26116.6
61856
111429
171292
223618
259924
282401
290735
294194
293552
291525
288874
284717
280492
277115
273069
268624
265769
262462
258538
256413
253860
250448
248928
247056
244069
243103
241670
239375
237777
237540
1858.68
1872.82
2001.3
2000.53
2000.68
2000.66
2000.47
2000.54
1988.48
1938.44
1918.86
1864.38
1856.66
1853.04
1847.56
1856.58
1869.61
1873.57
1889.12
1899.81
1906.03
1918.66
1921.13
1926.96
1931.64
1927.71
1931.96
1929.9
1927.46
1931.67
1925.94
1925.57
1929.5
1926.26
1928.5
1936
1934.61
1939.53
1951.08
1947.92
1979.98
2173.71
57301.9
109327
171690
226872
263711
285815
293067
295785
294520
292223
289279
284933
280598
277169
273062
268589
265730
262423
258491
256359
253822
250406
248875
247022
244037
243055
241638
239349
237741
237503
1735.22
1747.29
1978.34
1980.72
2000.22
2000.49
2000.33
2000.58
1994.29
1953.84
1936.91
1874.59
1868.63
1866.79
1860.65
1872.53
1882.09
1887.61
1901.97
1908.06
1915.35
1926.54
1925.92
1931.72
1935.62
1929.96
1933.68
1929.87
1926.6
1930.19
1924.55
1923.82
1927.7
1924.94
1926.78
1934.09
1932.75
1937.02
1948.1
1944.78
1969.84
2008.4
52174.7
106710
172128
230703
268110
289716
295685
297539
295584
292999
289703
285164
280714
277226
273052
268553
265685
262377
258440
256298
253774
250358
248817
246977
243997
243003
241597
239315
237704
237460
1799.01
1786.08
1986.66
1977.07
2000.29
2000.47
2000.41
2000.73
2000.12
1994.07
1977.39
1912.37
1899.42
1888.74
1886.66
1892.94
1897.19
1906.02
1909.68
1918.49
1927.52
1929.47
1933.24
1940.09
1935
1934.02
1937.46
1928.59
1932
1932.14
1923.64
1929.72
1928.44
1924.38
1933
1933.73
1931.65
1942.88
1946.63
1943.22
1969.87
2003.49
45988.2
103116
172475
235224
273249
294174
298590
299482
296781
293842
290150
285420
280827
277263
273044
268509
265628
262327
258377
256224
253719
250303
248744
246923
243955
242938
241545
239278
237652
237406
2005.13
2002.29
2012.55
2000.77
2000.77
2000.66
2000.6
2000.85
2000.35
2000.22
2000.19
1978.75
1952.41
1946.72
1948.65
1941.9
1948.39
1955.71
1951.19
1962.42
1965.41
1963.51
1972.47
1970.62
1967.26
1974.07
1966.79
1963.26
1971.71
1960.8
1960.39
1968.6
1957.1
1960.78
1968.93
1959.96
1965.39
1974.21
1969.62
1973.42
1991.12
2002.76
38829
98213.8
172993
240573
279265
299222
301853
301595
298093
294764
290617
285680
280954
277264
273014
268458
265560
262253
258303
256143
253639
250232
248670
246846
243894
242874
241477
239216
237596
237341
1572.33
1544.1
1839.01
1808.04
1835.6
1981.54
1992.35
2000.57
2000.16
1998
2000.01
1927.89
1904.85
1909.26
1898.52
1907.63
1911.07
1913.71
1919.2
1923.76
1927.52
1931.67
1932.36
1933.99
1934.95
1932
1930.95
1930.45
1929.2
1925.98
1927.34
1927.24
1923.98
1928.15
1929.56
1929.05
1934.62
1937.52
1940.53
1944.23
1952.67
2000.76
30274.2
91313.8
173409
246851
286276
304917
305500
303862
299551
295752
291128
285968
281106
277342
272984
268415
265502
262183
258245
256072
253572
250180
248607
246791
243855
242820
241439
239187
237571
237308
1753.99
1624.69
2001.84
1848.77
1871.17
1986.05
1994.19
2000.9
2000.3
2000.17
2000.22
1960.4
1937.66
1927.61
1912.91
1929.08
1915.71
1920.31
1925.33
1922.94
1930.07
1929.87
1930.05
1934.95
1928.83
1928.84
1931.36
1924.27
1926.22
1924.72
1921.45
1924.73
1922.06
1922.31
1927.34
1926.29
1928.5
1935.27
1936.63
1937.64
1948.09
1986.49
18289.7
81166.7
173686
254321
294602
311489
309438
306339
301198
296764
291666
286278
281233
277343
272968
268353
265416
262106
258158
255964
253491
250109
248503
246715
243808
242727
241368
239149
237507
237239
2001.98
2000.99
2094.89
2003.19
2001.7
2000.81
2000.69
2001
2000.49
2000.42
2000.48
2000.11
1996.97
1985.47
1975.97
1974.88
1959.87
1970.79
1960.33
1959.95
1968.45
1963.3
1969.31
1967.88
1963.15
1971.09
1963.39
1961.27
1968.84
1956.28
1958.92
1966.23
1953.02
1958.87
1966.1
1954.89
1962.47
1969.99
1962.32
1968.89
1978.01
1991.62
2013.46
66059.2
171884
263164
304493
318930
313787
309001
302985
297807
292228
286577
281370
277333
272917
268281
265310
261992
258051
255843
253375
250009
248391
246603
243721
242638
241268
239060
237434
237150
1617.51
1348.99
1693.98
1582.14
1588.17
1777.91
1760.56
1996.56
1988.66
1957.42
2000.17
1948.85
1902.6
1926.56
1898.45
1919.26
1913.43
1906.39
1906.04
1912.78
1911.55
1916.29
1919.73
1916.57
1921.66
1921.69
1916.75
1923.11
1919.81
1911.43
1921.38
1918.44
1910.12
1922.54
1920.3
1914.75
1928.56
1927.1
1924.67
1936.39
1936.43
1947.08
2002.91
44158.9
168343
273631
316227
327296
318540
311835
304938
298878
292839
286904
281525
277331
272863
268214
265215
261886
257959
255739
253273
249929
248304
246522
243663
242567
241209
239013
237392
237102
1874.28
1610
2000.8
1655.53
1672.23
1814.82
1767.04
2000.82
1992.05
1987.69
2000.42
1980.82
1952.51
1947.39
1913.34
1962.97
1915.94
1913.1
1920.43
1904.47
1912.52
1914.86
1910.17
1917.53
1913.03
1912.04
1917.55
1911.93
1910.55
1910.21
1909.2
1909.99
1907.84
1909.85
1912.53
1911.39
1915.58
1919.58
1919.85
1922.75
1928.33
1935.14
2000.14
6719.7
162201
286074
330330
336754
323633
314906
307052
299936
293467
287256
281650
277300
272815
268112
265079
261775
257835
255587
253160
249828
248165
246419
243592
242444
241117
238963
237308
237011
2000.3
1772.58
1964.99
1395.98
1399.93
1536.38
1511.5
1865.02
1821.45
1849.65
2000.09
1902.12
1893.31
1906.31
1879.38
1943.43
1895.45
1901.16
1910.79
1887.2
1902.23
1903.76
1896.82
1908.45
1904.94
1903.2
1909.89
1904.95
1903.78
1902.67
1902.06
1904.78
1901.31
1903.02
1908.17
1905.46
1909.32
1915.72
1914.51
1916.61
1923.26
1926.03
1974.42
2009.88
152801
300796
347084
347308
329070
318213
309190
301037
294100
287579
281798
277279
272737
268013
264932
261612
257702
255433
253004
249706
248032
246283
243489
242338
241005
238870
237241
236922
1961.25
1883.57
2000.42
1583.19
1525.6
1640.39
1599.2
2000.23
1864.51
1887.39
2000.34
1961.63
1957.45
1938.08
1931.63
2000.05
1923.59
1933.24
1937.52
1902.25
1922.65
1907.56
1907.26
1923.73
1899.21
1910.62
1921.05
1895.2
1909.03
1908.3
1892.81
1910.22
1902.58
1894.79
1913.81
1903.87
1901.29
1921.06
1910.95
1907.92
1927.48
1918.75
1940.47
2003.33
137173
317027
366527
358657
334645
321792
311358
302130
294746
287952
281835
277226
272659
267867
264759
261471
257541
255244
252863
249579
247857
246155
243404
242178
240889
238815
237135
236809
2004.84
2004.3
2004.62
2002.42
2001.8
2003.18
2001.84
2015.06
2001.24
2000.89
2001.33
2000.49
2000.33
2000.28
2000.19
2000.36
2000.06
2000.06
2000.07
1979.02
1991.17
1982.73
1976.96
1980.52
1966.33
1973.16
1968.09
1955.58
1966.5
1953.21
1950.62
1963.39
1946.75
1949.96
1962.76
1945.49
1952.48
1964.91
1949.3
1956.62
1968.14
1954.01
1970.04
2002.48
111781
334106
388404
370845
340478
325560
313401
303281
295351
288236
281963
277150
272510
267716
264552
261238
257354
255037
252641
249406
247679
245959
243251
242032
240722
238670
237025
236666
2002.23
2002.38
2003.07
1868.13
1618.93
1486.06
1358.99
1648.02
1544.12
1584.08
1874.44
1820.16
1806.36
1880.1
1852.2
1953.24
1900.42
1897.63
1933.65
1898.72
1910.13
1922.44
1906.43
1913.57
1912.76
1907.19
1906.22
1902.52
1902.96
1896.52
1899.56
1905.04
1895.62
1901.7
1909.35
1898.99
1908.6
1917.47
1909.31
1917.65
1924.11
1912.6
1919.54
2001
69242.3
351415
412089
383489
346469
329329
315360
304401
295926
288488
281986
277068
272335
267570
264347
261000
257180
254841
252433
249251
247525
245793
243124
241925
240603
238560
236973
236591
1859.08
2001.05
2002.58
1862.69
1715.05
1569.78
1526.61
1974.8
1701.47
1685.25
2000.73
1896.17
1885.44
1932.04
1906.39
2000.17
1936.3
1939.63
1993.09
1931.47
1950.26
1952.24
1928.99
1944.14
1921.07
1920.63
1929.78
1896.85
1910.23
1914.1
1892.13
1910.15
1904.17
1894.41
1913.54
1901.53
1900.91
1921.12
1908.99
1909.66
1925.6
1902.34
1902.65
2000.41
2014.46
367810
436073
396359
352547
332896
317309
305402
296465
288781
281945
276957
272185
267358
264100
260777
256963
254593
252226
249082
247302
245617
243008
241725
240453
238484
236843
236455
2003.01
2003.87
2008.04
2003.88
2003.33
2002.6
2002.38
2006.27
2002.42
2002.53
2006.57
2000.83
2000.65
2000.5
2000.33
2000.59
2000.18
2000.25
2000.3
2000.03
2000.17
2000.15
2000
2000.07
2000.02
1992.71
1992.48
1968.73
1980.99
1971.92
1956.33
1976.44
1959.79
1953.92
1975.49
1954.34
1954.78
1976.75
1957.33
1960.25
1977.45
1951.58
1952.51
2000.51
2008.93
387499
460787
408964
358309
336129
319068
306364
296886
288758
281868
276762
271888
267129
263797
260436
256709
254309
251924
248845
247065
245358
242793
241538
240233
238277
236709
236272
2000.02
2002.01
2005.49
2001.65
2001.68
2000.56
1936.54
2000.35
1522.6
1407.34
1616.02
1543.89
1559.22
1737.38
1689.31
1881.66
1876.62
1866.68
1954.42
1926.5
1925.78
1963.13
1927.42
1917.67
1939.99
1916.45
1901.27
1912.72
1906.76
1897.89
1909.67
1912.46
1901.6
1917.1
1921.74
1907.78
1926.05
1933.26
1923.61
1941.76
1944.13
1921.56
1927.85
2000.24
2007.7
409807
485752
420333
363257
338991
320556
307156
297179
288671
281759
276501
271523
266872
263463
260059
256445
254016
251610
248614
246840
245111
242597
241386
240055
238106
236633
236158
1609.33
1799.15
2001.28
1943.83
2000.48
1950.74
1970.65
2000.99
1737.4
1611.42
1984.03
1703.37
1718.24
1857.09
1769.25
2000.14
1929.52
1924.7
2000.15
1978.04
1991.63
2000.09
1973.49
1982.58
1979.18
1951.73
1962.66
1929.66
1936.02
1957.64
1922.15
1935.94
1943.52
1924.24
1939.75
1935.15
1929.23
1948.17
1943.53
1943.73
1956.25
1931.78
1926.28
2000.64
2005.29
434443
507836
429561
366814
341448
321894
307727
297151
288609
281585
276193
271206
266549
263086
259718
256149
253675
251309
248388
246546
244858
242439
241130
239848
237999
236475
235985
2000.35
2000.63
2002.93
2001.97
2003.01
2003.11
2003.3
2004.55
2002.65
2002.57
2006.29
2002.19
2001.32
2000.79
2000.41
2000.97
2000.26
2000.43
2000.59
2000.19
2000.4
2000.41
2000.16
2000.25
2000.22
2000.12
2000.11
2000.02
2000.08
2000.07
1984.29
2000.06
2000
1973.92
2000.05
1985.73
1969.07
2000.04
1983.73
1975.17
2000.04
1977.82
1970.5
2000.9
2005.46
456240
515941
434697
368916
343030
322676
307710
296970
288385
281334
275765
270699
266188
262623
259246
255799
253271
250914
248079
246215
244524
242160
240882
239566
237733
236305
235750
2000.21
2000.45
2002.04
2001.32
2001.98
2002.01
2002.06
2003.18
2000.9
1986.87
2000.71
1674.08
1388.16
1583.43
1524.28
1752.12
1852.05
1785.11
2000.04
1976.65
1902.33
2000.15
1983.3
1902.01
2000.09
1962.78
1885.28
1991.39
1947.57
1920.63
1991.78
1948.38
1929.04
1994.11
1953.24
1935.6
1997.27
1962.08
1949.32
2000.05
1978.74
1966.56
2000.11
2001.01
2005.96
466599
517494
433666
368402
342879
322428
307441
296544
287882
280924
275181
270002
265749
262088
258635
255400
252853
250417
247742
245908
244155
241869
240664
239305
237468
236183
235579
2000.05
1996.31
2000.34
2000.06
2000.35
2000.34
2000.38
2001.8
2000.62
2000.16
2001.48
1893.64
1795.85
1804.4
1675.65
1970.37
1861.36
1867.31
2000.47
1969.68
1981.63
2000.36
1998.86
2000.02
2000.21
1997.58
2000.02
2000.03
1995.92
2000.16
2000.02
1999.94
2000.1
2000
2000
2000.05
1997.65
2000.01
2000.04
2000.04
2000.05
2000.12
2000.2
2001.04
2009.32
461439
511114
429363
367049
342411
322093
306831
296018
287594
280302
274561
269581
265219
261479
258268
254991
252313
250099
247470
245436
243878
241726
240242
239034
237423
235935
235302
2000.56
2000.55
2000.92
2000.78
2001.11
2001.33
2001.73
2003.26
2002.19
2002.36
2003.9
2001.85
2001.27
2000.12
1799.1
1850.15
1664.82
1668.94
1828.86
1764.4
1771.6
1927.15
1889.82
1891.4
2000.07
1966.1
1953.89
2000.03
1991.81
2000.12
2000.07
2000.03
2000.1
2000.07
2000.06
2000.09
2000.08
2000.09
2000.11
2000.15
2000.17
2000.28
2000.47
2001.57
2087.25
438418
486425
418652
363934
340487
320777
305631
294934
286680
279471
273673
268710
264555
260726
257570
254451
251698
249551
247034
244954
243432
241374
239884
238674
237116
235704
235019
2003.68
2002.74
2001.92
2001.06
2000.86
2000.78
2000.94
2001.57
2001.06
2001.32
2002.28
2001.08
2000.81
1997.7
1892.79
2000.26
2003.5
2005.01
2016.77
2004.76
2002.62
2003.66
2001.2
2001.08
2001.55
2000.44
2000.36
2000.2
2000.19
2000.72
2000.25
2000.23
2000.54
2000.22
2000.23
2000.44
2000.22
2000.26
2000.43
2000.32
2000.4
2000.8
2002.82
2010.35
157028
410206
457753
402855
359500
337921
319243
304086
293792
286027
278620
272853
268099
263966
260060
257068
254030
251143
249142
246748
244496
243085
241202
239491
238386
237017
235478
234776
4270.04
2017.8
2011.96
2006.22
2003.79
2001.31
2001.04
2001.64
2001.6
2001.83
2003.41
2002.97
2003.18
2004.3
2003.69
2389.2
23425.2
14982.8
16035.7
19519.9
17342.8
5589.32
2009.59
2008.68
2007.87
2003.31
2002.16
2000.24
1996.56
2000.7
2000.01
1974.2
2000.4
1976.38
1983.27
2000.36
1996.48
2000.09
2000.89
2000.81
2001.4
2006.03
2012.72
5360.62
197860
374952
423883
385537
351911
332944
316224
301735
291852
284512
277370
271571
266904
263100
259072
256163
253370
250358
248452
246219
243893
242529
240772
239055
237933
236636
235201
234421
25759.1
23568.1
22630.2
27408.1
72402.6
2016.84
2011.04
2006.17
2002.42
2002.59
2004.27
2003.92
2004.97
2013.22
2043.44
26281.1
33954.2
25843.7
25206.5
27052
25924.7
19478.5
11566.5
10949
12195.5
13725.4
35476.2
2034.18
2019.16
2017.79
2010.9
2009.95
2011.21
2005.78
2004.08
2009.28
2006.56
2008.23
2013.36
2015.16
2027.8
101108
71921.8
103479
213793
341562
386820
370340
343107
327228
313016
299103
289937
283335
276114
270465
266065
262310
258284
255544
252841
249729
247973
245906
243363
242179
240622
238555
237653
236596
234913
234161
27741.3
28306.1
32515
40254.6
63571.2
35094.4
56761.8
84010.3
2015.17
2010.93
2014.43
2014.49
2019.61
104065
50785.5
45704.9
45045.9
35540
35414.7
33976.1
30067.6
27689.7
20367.6
19376
24058.9
26010
42860
25000.9
20086.1
26765.2
30537.4
48589.8
37366.9
71403.8
40464.7
38983.2
89175.2
99366.9
68454
67938.7
68292.9
117572
100446
127605
216336
312629
354502
353579
333827
320892
309240
296740
288018
281863
275286
269479
265058
261879
257641
254830
252516
249267
247457
245603
243025
241752
240339
238363
237323
236298
234819
233912
30122.8
31530.4
35781.4
42448.1
53413.2
46478.3
70128.3
61886.1
47640.6
91962.3
92728.7
76099.7
49334.3
92758.9
68098.7
56252.9
49040.8
40379.3
38951.8
33736.7
29961.1
28354.7
20919
19718.3
24161.5
24765.1
33565.6
24900.4
22460.3
29015.5
39316.8
60683.5
46368.9
60893.1
38123.1
47552.9
78797.9
84837.3
69722.6
73536.6
78072.7
103371
113583
144317
215925
289047
326548
335181
322435
312314
303203
292460
284285
278675
273087
267216
262682
260403
256070
253016
251369
248152
246044
244642
242250
240717
239528
237773
236561
235550
234416
233403
33860.3
35853.7
40329.8
45673.5
53910.8
55425.6
70067
70170.5
71229.4
102825
107996
95193.4
73886.6
87268.5
72979.7
62202.4
52931.4
44297.6
42303.5
36896.2
32672.1
32133.2
26235.7
24907.7
29501.7
29850.9
35738.6
32443
30879.3
38647.8
46319.3
59346.4
57407.7
60428.8
49773.6
58604.9
74889.1
81777.9
80344.2
82307.2
89639.8
111654
125848
155209
213339
270759
304832
319170
311983
304792
298440
288601
281471
277015
271368
265719
261789
259497
255083
252417
250876
247403
245556
244447
241631
240298
239510
237194
236163
235686
234136
233029
36820.4
38716.2
42438.3
46508.3
52885.7
56162.5
65143.8
67819.1
72413
91543
97735.5
90667.8
76845.7
80218.8
71416.4
64428.6
56030.3
48500.2
46676.4
41054.1
37107.7
36950.9
31518.5
30154.6
34240.2
33324.9
36879.4
35837
34856.5
41381.3
46388.4
53527.4
54861.1
52751
45236.3
56908.2
68024.9
74911.4
79744.5
83606
92729.5
112935
130249
157986
208120
255422
286359
303398
300796
296365
292299
283957
277726
273948
269043
263516
259695
258014
253542
250913
249776
246227
244416
243567
240715
239398
238794
236498
235426
235029
233677
232451
39727
41565.8
44891.4
48577.9
53854.6
57971.2
64535.5
68945.9
74325.8
86105.1
91495.9
87487.1
79168.6
78012.9
71130
65306
57785.4
51070.2
48272.9
43019.8
39284.2
38442.6
34467.4
33263.8
36307.3
35593.7
38294.1
38534.6
38754.4
45040.7
48874
54088.6
58827.7
58504.9
57381.1
69016
74988.2
80122.4
87743.4
91296.8
100624
119867
136981
162790
205039
243338
271241
289858
290112
288265
286692
279271
274162
271614
266796
261629
258409
256787
252381
250057
249079
245411
243757
243235
240065
238885
238740
235900
235013
235112
233403
232121
42290.1
44081.9
47061.5
50363.8
54887.4
59056.5
64433.8
69160.7
74078.8
81788
86236.3
83991.4
78954.6
76382.9
70970.4
66371.8
60050.6
54337.8
51449.1
46956.4
43543.7
42701.7
39577.5
38520.6
41142.9
40435.2
42524.6
43572.2
44187
50017.3
52797.9
56643.8
62320
62060.2
62769.5
72419.1
77054
82811.6
92111.4
96535.1
106376
124662
141033
165016
201196
232882
258065
276848
279839
279839
280158
274186
269988
268201
264123
259159
256198
255122
250636
248497
247860
244053
242565
242272
238999
237929
237960
235106
234174
234405
232874
231422
44500.3
46244
48901.5
51898.3
55857.6
59765.2
64433.7
68925.2
73239.8
78638.5
82187.6
81005.9
77818.2
75034.7
70675.4
66745.8
61419.3
56557.9
53375.9
49390.6
46393.1
45035
42543.6
41726.2
43230.5
43095.8
44810.5
45831.7
47170.6
52333.3
54468
58183.1
63936.1
64365.7
66731.3
75445.1
79605
85791
95513.5
100796
111342
128944
144388
166494
198098
224503
247249
265866
270091
272097
274374
269015
266105
265509
261303
257005
254681
253495
249301
247525
246877
243099
241839
241749
238211
237379
237816
234378
233743
234485
232512
231091
46613.1
48281.5
50698.5
53433.1
56919.4
60507.4
64563.4
68644.9
72369.6
76362.3
79230.8
78748.3
76595.5
74173.2
70596.3
67232.1
62857.3
58705
55703.8
52343.9
49703.8
48481.9
46491.4
45901.6
47195
47317.5
48738.2
50253.8
51773.1
56543.4
58792.1
61987.4
67749
69187.5
71891.1
80122.5
84374.1
90191.3
100569
107299
116414
133300
147709
167407
195193
217637
237790
255717
261226
264223
267860
264026
261691
261677
258821
254312
252126
251716
247401
245694
245643
241794
240475
240795
237271
236231
236946
233780
232837
233602
232053
230394
48451.9
50071.9
52252.1
54749.3
57849.9
61071.5
64672.7
68203.3
71397.4
74523.6
76776.1
76776.3
75278.1
73313.2
70455.7
67589.3
63982.4
60491.3
57660.3
54743.2
52499.3
51187.3
49447.8
49165
49936.3
50205.7
51636.4
52922.2
54825
58989.3
60930.3
64335.4
69616.4
71430.5
75097.6
82474.2
86597.6
93079.2
102878
109326
119599
135239
148651
167698
191705
210745
229531
246613
252115
256885
261861
258363
257485
258618
255491
251875
250341
249682
245795
244570
244372
240601
239710
240051
236256
235681
236652
232497
232373
233764
231473
229993
50232.9
51775.8
53778.3
56083.8
58848.5
61770.5
64903.1
68089.4
70845.6
73369.1
75225
75554.8
74488.5
72959.9
70612.4
68200.8
65255
62239.1
59735.4
57288.9
55295.1
54172.3
52726.2
52595
53393.6
53701.1
55065.8
56630.3
58599.8
62331.2
64718.8
67871.9
72906.7
75710.6
79321.5
86426.1
91320.2
97192.2
107090
114575
123805
139225
152819
168463
190309
207444
222832
239003
245681
250070
255778
254098
253122
254578
252876
249135
247586
247979
244011
242502
243133
239478
238083
239027
235727
234390
235623
232805
231426
232475
231679
229558
51844.7
53330.8
55148.2
57260.1
59743.6
62344.3
65100.2
67855.7
70247.5
72379.2
73924.3
74365.9
73759.4
72511.7
70676.5
68711.4
66298.1
63809.4
61611.4
59537.6
57865.7
56811.3
55644.3
55694.1
56322.3
56658.5
58074.2
59579.7
61675
64994.1
67352
70645.1
75257
78239.6
82386.2
88884
93664.6
100037
109272
116380
126175
140043
151680
167252
186317
200617
215944
230835
236832
243004
249298
247596
248298
250530
248612
245927
245083
245127
241733
240825
241204
237645
236907
237733
233931
233470
234795
230537
230546
232162
229674
228193
53343.6
54760.4
56443.8
58395.6
60626
62965.3
65405.6
67845.7
69933.8
71744
73105.7
73569.9
73328.4
72390.5
70934.9
69312.7
67395.3
65296.1
63447.9
61791.7
60341.6
59466.9
58640.1
58719.5
59420.9
59847.8
61245.8
62935.7
65037.9
68083.4
70763.9
73965.3
78350.1
81937.9
86068.3
92312.3
97720.7
103755
112738
120608
129585
142738
154729
168043
185452
199591
212280
226143
233587
238861
245209
245697
246093
248101
248000
245283
243861
245294
242039
240211
241613
238556
236663
238134
235364
233744
235103
232437
231390
232244
231812
229804
54840.5
56190
57717.5
59504
61514.4
63591.8
65765.7
67925.3
69715.8
71303.7
72514.3
72964
72993.7
72346.5
71207.9
69936
68438.4
66769.1
65242.2
63902.5
62745
62018.1
61485.5
61639.1
62300.1
62833.9
64213.8
65922.4
68038.7
70881.3
73606
76812.3
80980.5
84647.7
88975.8
94894.4
100215
106397
114852
122406
131340
143393
154239
166751
182204
194618
206517
219118
226276
231882
238125
239384
240262
242337
243178
240534
239105
241374
238232
236252
238250
235465
233352
235071
232776
230846
232183
230320
228866
229325
229645
227393
56193.6
57474.7
58883
60533.5
62356.3
64224.7
66163.5
68045.5
69693.6
71079.5
72163
72623
72835.2
72466.8
71604.9
70595.1
69473
68157.7
66932.6
65901.6
64986.7
64416.5
64186.2
64398.3
65007.6
65706.3
67080.7
68808.1
70928.8
73604.3
76408
79581.8
83548.7
87377.2
91746.2
97326.7
102778
108834
116763
124382
132865
143917
154521
165646
179499
191192
201896
213414
220810
226338
232559
234663
235952
238326
239565
237573
236751
238941
236314
234638
236677
234267
232168
234132
232035
230064
231727
229742
228328
229293
229331
227124
57552.9
58778.8
60072.5
61604.5
63266
64939.1
66684.8
68351
69843.7
71132.6
72106.1
72601.1
72915.2
72789.4
72208.1
71391.6
70588.5
69601.6
68642.1
67872.4
67219.1
66812
66848.8
67125.5
67761.9
68617.2
70001
71750.6
73894.2
76501.1
79328.9
82546.4
86402
90293.7
94761.7
100145
105559
111647
119203
126611
134914
145146
154990
165823
178091
188729
198786
209358
216521
222240
228302
230914
232703
235148
236940
235335
234562
237053
234711
233076
235209
233026
230977
232811
231070
229058
230445
229132
227554
227992
228816
226577
58802.4
59962.9
61150.1
62587.4
64100.1
65622.6
67200.7
68676.4
70055.4
71232.2
72130.9
72689.7
73039.1
73127.7
72803.2
72172
71659.8
70950
70248.4
69739.5
69310.4
69116.1
69297.5
69672.5
70353.4
71332.7
72738.4
74496.6
76648.1
79169.2
82004.9
85214.3
88914.7
92873.9
97282.9
102446
107825
113763
120883
128123
136032
145511
154840
164674
175740
185663
194887
204486
211588
217192
223002
226116
228217
230777
232715
231824
231540
233758
232099
230741
232766
231158
229130
231086
229740
227703
229295
228025
226546
227293
227925
225844
60079.9
61191.8
62280.2
63631.6
65030.6
66411.9
67856.7
69176.6
70451
71545.7
72379.8
73007.5
73367.7
73628
73518.6
73081
72774.7
72328.7
71847.5
71572.2
71364.1
71390.5
71672.4
72177
72924
74015
75466.8
77244.1
79406.6
81889.6
84726.4
87939.8
91557.5
95518.8
99885.2
104907
110183
116035
122822
129791
137426
146210
155051
164210
174307
183449
192158
201028
207827
213505
219177
222515
225038
227785
229967
229577
229553
231811
230515
229562
231466
229992
228470
230149
228853
227207
228496
227493
226134
226538
227485
225436
61261.8
62318.8
63322.7
64605.6
65884
67156.8
68486.5
69671.9
70889.4
71912.3
72711.3
73404.7
73808.3
74161.6
74250.7
74037.7
73903
73684.9
73400.9
73356.8
73383
73524
73943.6
74559.4
75384.7
76565.9
78052.4
79855.5
82014.3
84459.4
87288
90455.9
94012.7
97938.6
102224
107075
112246
117917
124358
131073
138330
146519
154690
163274
172464
180992
189073
197200
203788
209319
214709
218313
221039
223815
226060
226172
226608
228546
227819
227138
228780
227855
226439
228007
227180
225586
226867
226046
224837
225371
226153
224436
62476.9
63496.5
64421.1
65649.9
66851.3
68020.1
69263.1
70344.1
71491.2
72487.1
73247.2
73972.7
74459.1
74843.3
75115.3
75114.7
75079.7
75090.1
75001.4
75132.5
75321.6
75587.2
76147.4
76890.7
77789.9
79055.8
80593.4
82414.6
84573
87009.1
89821.6
92952
96468.8
100302
104535
109246
114273
119793
125940
132353
139287
146900
154742
162661
171104
179008
186625
194179
200452
205931
211173
214868
217866
220783
223132
223722
224475
226397
225996
225741
227279
226506
225658
227013
226182
225108
226203
225473
224551
224986
225824
224193
63628.4
64600.9
65464.5
66642.3
67748
68849.2
70010.8
70997.5
72112.1
73062.1
73799.1
74582.5
75130.2
75556.6
75961.8
76159.8
76272.2
76447.5
76542.2
76850.2
77179.8
77582
78277.8
79116.6
80103.2
81446.7
83024
84856.5
87027.2
89438.9
92233.9
95324
98776.3
102538
106670
111227
116117
121436
127288
133426
139997
147136
154379
161848
169628
177009
184116
191123
197134
202435
207454
211239
214339
217270
219647
220654
221695
223463
223440
223422
224774
224391
223722
224912
224439
223498
224474
223928
223156
223593
224240
222978
64753.6
65700.9
66497.3
67643.6
68702.2
69739.6
70839.7
71754.1
72837.8
73783.3
74484.7
75304.7
75930.9
76407.3
76904.2
77292.2
77519.1
77840.7
78052.7
78522
79004
79510.7
80327.4
81275.5
82323.1
83738
85372.9
87213.3
89403.3
91804.7
94559.5
97632.3
100999
104682
108729
113141
117868
123010
128597
134440
140692
147386
154237
161196
168413
175284
181979
188543
194247
199419
204287
208063
211302
214319
216786
218088
219377
221153
221425
221778
223084
222848
222621
223718
223270
222763
223685
223186
222689
223191
223810
222682
66137
67039.5
67803.6
68894.3
69866.5
70860.5
71906.1
72756.6
73810.3
74721.6
75427.6
76272.6
76917.5
77496.8
78053.6
78535.8
78960.2
79359.1
79709.3
80326
80910.9
81533.3
82463.2
83477.4
84607.6
86079.3
87725.8
89596.6
91782.4
94155.4
96880.2
99907.8
103171
106777
110711
114960
119531
124464
129776
135341
141256
147537
153890
160448
167149
173572
179836
185970
191401
196368
201043
204802
208066
211087
213580
215109
216594
218316
218848
219432
220668
220624
220565
221596
221360
220993
221831
221444
221059
221554
222008
221084
67011.6
67903.4
68626.7
69690.9
70648.7
71608.3
72613.3
73413.5
74464.2
75379.1
76083.3
76963.3
77666.7
78323.8
78953.6
79468
80145
80620.2
81062.1
81803.5
82522
83236.9
84271.9
85386.8
86570.3
88115
89802.1
91704.1
93890.2
96236.7
98960.7
101941
105131
108672
112501
116612
121034
125780
130852
136158
141774
147690
153688
159829
166093
172110
178019
183798
188966
193770
198300
202015
205331
208393
210939
212687
214338
216094
216871
217696
218916
219069
219355
220313
220147
220117
220937
220586
220484
221080
221394
220731
68191.1
69053.3
69762.4
70788.3
71708
72624.6
73607.8
74388.6
75417.6
76320
77033.7
77940.8
78683
79386.6
80107.3
80633.9
81506.2
82057.4
82604.4
83455.8
84267
85081.6
86208.4
87390.3
88635.3
90231.3
91941.2
93854
96056.7
98376.8
101070
103994
107102
110560
114273
118234
122501
127049
131878
136933
142250
147810
153470
159220
165078
170723
176284
181722
186643
191257
195619
199282
202591
205642
208232
210109
211897
213711
214659
215639
216900
217250
217690
218675
218647
218776
219583
219413
219390
219981
220347
219833
69301.4
70153.7
70831.1
71840.3
72739.7
73634.7
74585.7
75335.6
76362.1
77265.8
77975.3
78922.9
79707.8
80466.8
81239.5
81791.8
82796.2
83453.2
84067
85017.3
85927.5
86808.6
88026
89275.1
90553.7
92213.4
93944.2
95873.2
98066
100338
103015
105883
108904
112281
115884
119698
123814
128175
132776
137591
142632
147883
153169
158603
164103
169408
174647
179787
184464
188892
193107
196683
199965
203022
205634
207623
209505
211378
212474
213597
214908
215398
216013
217025
217088
217402
218235
218095
218247
218898
219221
218847
70446.9
71278
71949.3
72931.1
73807
74679.5
75620.6
76365.3
77377.8
78283.3
79003.8
79966.7
80790.3
81587.5
82423.6
83043.8
84075.8
84897.2
85550.8
86577.7
87574.5
88527.4
89813.5
91124.3
92456.5
94144.9
95904.4
97841.4
100047
102291
104926
107750
110689
113978
117472
121139
125103
129283
133659
138247
143027
147976
152992
158081
163238
168239
173185
178036
182491
186744
190798
194297
197546
200568
203196
205254
207229
209162
210375
211617
212998
213623
214361
215411
215641
216064
216934
216897
217164
217833
218211
217944
71572.6
72398.7
73049.2
74023.9
74883.2
75743.7
76663.8
77394.7
78411.3
79325
80049.5
81045.4
81899.9
82737.9
83607.3
84304.4
85334.4
86321
87005
88109.1
89188.1
90194
91543.6
92910.9
94268.8
95993.4
97775.2
99716.2
101890
104106
106714
109468
112319
115521
118902
122427
126242
130246
134410
138780
143314
147979
152698
157522
162377
167099
171769
176362
180609
184681
188592
191999
195187
198192
200824
202949
204971
206959
208283
209615
211063
211805
212651
213762
214101
214631
215558
215599
215956
216691
217099
216930
72720.6
73533.6
74175.7
75133.3
75985.9
76833.9
77751.6
78482.1
79492.6
80409.3
81147.9
82154.6
83044.3
83914.4
84843
85603
86618.9
87720.5
88464.1
89619.3
90759.9
91819.4
93210.4
94627.4
96022.7
97759.6
99572.6
101517
103685
105873
108428
111137
113911
117021
120305
123693
127363
131205
135169
139334
143645
148053
152550
157081
161645
166109
170536
174878
178926
182839
186596
189906
193045
195998
198617
200764
202846
204877
206278
207705
209219
210059
211007
212181
212627
213254
214219
214392
214825
215596
216064
215965
73868.1
74679.1
75309.5
76267.9
77107.1
77947.1
78853
79581.4
80597.9
81522.6
82272.8
83308.9
84216.3
85117.8
86077.4
86886.5
87947.8
89079.3
89936
91121.8
92312.5
93412.7
94857.4
96315.2
97730.3
99500.3
101308
103251
105386
107547
110067
112704
115400
118422
121591
124848
128371
132048
135823
139790
143884
148062
152285
156584
160893
165121
169309
173428
177295
181037
184652
187874
190933
193844
196450
198642
200740
202801
204290
205775
207344
208287
209312
210546
211092
211793
212817
213087
213581
214410
214939
214916
75013.3
75816.3
76436.9
77390.5
78235.4
79071
79977.6
80701.5
81722.8
82653.4
83412.7
84461
85402.4
86332
87334.3
88174.8
89291
90409.6
91386.1
92577.3
93809.7
94947.3
96425.4
97916.9
99352.8
101132
102959
104895
107018
109146
111609
114197
116816
119742
122816
125946
129331
132861
136458
140240
144143
148105
152117
156183
160257
164261
168246
172160
175846
179446
182924
186040
189042
191897
194467
196651
198787
200871
202405
203963
205586
206598
207709
209004
209627
210416
211497
211844
212422
213302
213880
213929
76195.1
76997.9
77619.4
78572.4
79397.1
80232.2
81139.3
81868.2
82894.1
83834
84607.1
85676.7
86622.6
87576.3
88607.8
89491.1
90658.8
91765
92851.6
94029.3
95305.3
96486.7
98005.2
99505.6
100970
102767
104564
106499
108588
110693
113109
115624
118177
121016
123978
126989
130241
133616
137044
140648
144353
148105
151903
155764
159615
163418
167197
170913
174443
177880
181222
184254
187161
189957
192501
194709
196835
198925
200527
202118
203777
204880
206043
207384
208107
208949
210076
210522
211142
212062
212696
212858
77270.8
78071.7
78674.6
79642
80482
81316.1
82224.2
82939.6
83984.9
84936.9
85704.2
86798.1
87780.3
88753.6
89811.6
90706.8
91905.2
93018.8
94168.8
95389
96727.5
97917.8
99450.8
100974
102436
104237
106055
107961
110037
112101
114464
116928
119405
122154
125023
127921
131044
134287
137563
141000
144540
148112
151674
155375
159038
162643
166248
169796
173162
176472
179702
182625
185473
188224
190722
192909
195061
197158
198784
200438
202136
203283
204528
205924
206695
207626
208818
209305
210015
211003
211678
211892
78878.5
79673.3
80292.2
81233.6
82043.9
82878.8
83792.6
84519
85542.1
86491.6
87282.1
88369.2
89335.5
90330.1
91414.1
92334
93531.4
94700.8
95842.5
97118.1
98420.4
99645.1
101184
102708
104190
105977
107759
109634
111697
113711
116010
118417
120799
123457
126227
128994
131988
135092
138201
141471
144819
148216
151668
155115
158556
161977
165398
168753
171969
175134
178209
181044
183799
186449
188901
191060
193190
195270
196918
198585
200290
201495
202764
204182
205036
205990
207196
207781
208509
209496
210230
210502
79602
80411.5
81019.5
81983.1
82823.7
83661.8
84572.5
85297.8
86348.7
87318.2
88111.6
89227.1
90233.8
91250.2
92342
93278.5
94527.2
95734.6
96814.3
98259.1
99515.8
100747
102320
103876
105360
107154
108944
110805
112823
114799
117082
119417
121743
124345
127011
129691
132592
135561
138552
141700
144918
148095
151387
154703
157996
161273
164532
167748
170846
173884
176859
179624
182303
184905
187344
189490
191598
193708
195386
197071
198829
200095
201410
202885
203809
204831
206090
206749
207550
208590
209393
209748
80869.8
81673.9
82300.3
83237.6
84078.7
84917.4
85842.6
86585.7
87621.7
88594.7
89408.1
90510.5
91531.4
92558
93681.4
94643.6
95893.1
97117.5
98160.5
99674.1
100917
102192
103750
105307
106795
108559
110345
112177
114185
116124
118333
120625
122879
125382
127974
130546
133325
136190
139042
142041
145108
148158
151287
154442
157566
160683
163802
166862
169821
172751
175605
178266
180884
183404
185773
187889
189997
192071
193762
195481
197229
198536
199909
201388
202373
203461
204731
205455
206329
207383
208213
208639
82044.3
82848.2
83478.3
84430.4
85266.5
86110.8
87018.3
87768
88820.3
89796.3
90616.6
91743.1
92764.1
93804
94916.1
95893.5
97163.7
98383.4
99457.5
100980
102276
103523
105095
106645
108120
109898
111643
113459
115406
117313
119488
121700
123894
126335
128819
131304
133986
136718
139456
142333
145252
148166
151143
154144
157130
160105
163069
166006
168842
171641
174402
176979
179498
181974
184301
186409
188469
190525
192236
193944
195702
197049
198438
199945
200977
202096
203403
204179
205080
206186
207058
207560
83223.4
84026.9
84657.1
85601.8
86453.5
87298.5
88219.5
88969.1
90018.5
90999.3
91823.3
92946.3
93991.8
95038.3
96173.6
97155.2
98432.1
99664.4
100768
102202
103621
104797
106355
107917
109389
111134
112885
114675
116604
118467
120582
122752
124874
127227
129646
132031
134606
137246
139861
142611
145413
148195
151033
153906
156750
159588
162435
165238
167953
170658
173311
175795
178258
180656
182918
184968
187025
189060
190759
192489
194251
195614
197045
198572
199636
200811
202147
202962
203930
205063
205963
206510
84465.6
85268.8
85909.1
86860.1
87688.8
88537.8
89455.2
90217.7
91273
92253.8
93089.3
94223.5
95251.2
96303.1
97435.8
98437.4
99721.1
100957
102080
103451
104911
106105
107686
109212
110675
112415
114102
115875
117744
119579
121650
123747
125818
128104
130427
132729
135214
137737
140247
142888
145560
148228
150948
153666
156384
159099
161812
164499
167106
169694
172254
174660
177031
179379
181589
183632
185637
187636
189349
191062
192813
194207
195645
197181
198290
199481
200839
201708
202686
203857
204798
205416
85520
86330.6
86949
87923.8
88776.5
89623.8
90546.3
91287.7
92361.2
93354.6
94169.9
95325.4
96381.9
97432.7
98575.2
99563.7
100858
102105
103208
104605
106055
107281
108803
110335
111766
113496
115195
116923
118772
120559
122580
124634
126639
128851
131109
133329
135720
138159
140566
143094
145679
148238
150797
153412
156032
158625
161238
163822
166315
168817
171299
173608
175922
178217
180364
182352
184351
186324
188013
189742
191500
192891
194361
195927
197041
198280
199685
200559
201599
202827
203790
204432
87304.2
88109.9
88743.8
89680.3
90506.2
91352.2
92284.1
93038.2
94076.9
95060.1
95893.8
97014.6
98044.6
99098.4
100252
101244
102505
103754
104867
106258
107621
108922
110330
111841
113275
114961
116615
118302
120130
121857
123810
125814
127734
129863
132046
134162
136454
138795
141079
143485
145938
148372
150870
153384
155826
158294
160791
163236
165627
168030
170385
172619
174858
177043
179131
181057
183009
184939
186599
188306
190035
191430
192898
194441
195590
196833
198215
199149
200196
201396
202392
203065
87924
88741.3
89373.9
90340.1
91187.9
92038.8
92958.1
93715.4
94782.9
95777
96611.1
97760.5
98809.5
99866.6
100999
101998
103285
104525
105631
107026
108356
109708
111185
112707
114095
115776
117396
119055
120821
122512
124451
126388
128270
130363
132465
134527
136763
139013
141233
143588
145955
148248
150627
153045
155435
157827
160219
162587
164906
167218
169513
171693
173861
176016
178077
179993
181902
183821
185487
187178
188914
190334
191807
193373
194560
195825
197239
198216
199301
200549
201593
202336
90670.6
91609.1
92466.5
93317.7
94247.3
95009.2
96059.3
97051.9
97890.4
99014.9
100074
101131
102280
103274
104544
105782
106884
108260
109611
110894
112402
113829
115211
116852
118473
120107
121860
123507
125380
127281
129095
131109
133161
135140
137285
139469
141588
143835
146116
148328
150630
152954
155214
157504
159812
162075
164304
166545
168744
170851
172968
175035
177031
178882
180773
182652
184290
185980
187694
189112
190598
192154
193358
194654
196065
197071
198198
199441
200501
201273
93693.1
94547
95460.8
96234.8
97291.4
98272.4
99118.9
100254
101283
102338
103461
104468
105742
106959
108068
109450
110778
111976
113563
114926
116305
117944
119491
121099
122773
124394
126232
128054
129828
131795
133759
135677
137760
139841
141887
144060
146232
148377
150598
152789
154965
157173
159374
161555
163708
165849
167979
170024
172053
174085
176032
177877
179703
181539
183178
184825
186514
187943
189411
190959
192185
193470
194888
195928
197047
198321
199406
200238
94737.1
95590.4
96507.8
97257.3
98325
99311
100136
101281
102331
103382
104511
105489
106765
107983
109062
110435
111753
112929
114497
115934
117202
118810
120368
121934
123595
125166
126958
128749
130458
132367
134283
136128
138139
140162
142124
144214
146331
148404
150522
152629
154713
156848
158984
161085
163157
165238
167299
169270
171255
173227
175118
176902
178714
180521
182124
183771
185453
186861
188341
189899
191117
192430
193870
194906
196071
197373
198474
199307
96555
97398.7
98322.7
99080.5
100107
101079
101913
103017
104030
105069
106199
107177
108406
109613
110687
112015
113316
114511
115925
117359
118612
120180
121688
123201
124829
126348
128063
129812
131454
133278
135130
136895
138818
140761
142622
144614
146641
148603
150637
152696
154691
156705
158747
160741
162728
164730
166688
168589
170508
172386
174212
175938
177697
179444
181010
182624
184257
185653
187113
188627
189854
191155
192560
193626
194780
196045
197155
198009
97112.4
97957.2
98863.5
99617.3
100670
101648
102476
103606
104633
105672
106774
107748
109000
110193
111263
112608
113895
115059
116492
117948
119235
120738
122209
123702
125276
126759
128469
130159
131763
133571
135361
137087
138980
140861
142693
144651
146587
148463
150431
152401
154347
156332
158304
160249
162186
164118
166036
167899
169760
171617
173420
175140
176859
178588
180156
181744
183369
184776
186226
187750
188997
190303
191726
192819
193992
195294
196438
197346
100126
100880
101908
102881
103705
104803
105840
106869
107982
108944
110168
111354
112405
113715
114995
116148
117554
118920
120230
121648
123128
124596
126161
127596
129253
130915
132460
134199
135952
137607
139422
141256
143003
144877
146766
148571
150475
152405
154256
156150
158066
159926
161794
163680
165519
167320
169144
170920
172663
174314
176013
177702
179230
180811
182409
183798
185251
186751
187995
189319
190724
191828
193034
194314
195455
196370
103111
104064
104898
105993
106988
108008
109089
110061
111277
112433
113485
114785
116018
117159
118544
119854
121171
122664
124022
125453
126935
128349
129974
131552
133075
134776
136444
138055
139826
141571
143265
145088
146891
148644
150496
152330
154113
155949
157775
159579
161393
163193
164983
166739
168482
170230
171934
173585
175219
176860
178388
179916
181477
182868
184286
185765
187020
188316
189715
190835
192012
193310
194467
195434
105786
106901
107916
108920
110001
110933
112149
113306
114315
115615
116855
117952
119340
120672
121843
123358
124709
126099
127582
128952
130534
132087
133552
135202
136842
138393
140107
141815
143444
145206
146976
148681
150469
152243
153958
155719
157497
159255
161004
162769
164511
166197
167914
169620
171265
172870
174494
176095
177588
179119
180660
182023
183450
184925
186154
187469
188883
189977
191191
192517
193665
194624
107592
108642
109625
110618
111695
112620
113779
114917
115918
117151
118358
119444
120752
122039
123211
124645
125994
127301
128759
130080
131585
133109
134513
136088
137679
139158
140789
142431
143978
145660
147374
148986
150689
152411
154049
155758
157490
159127
160803
162510
164153
165787
167453
169056
170648
172179
173756
175309
176751
178246
179739
181075
182475
183901
185128
186427
187785
188900
190100
191358
192509
193464
108019
109095
110068
111058
112100
113027
114207
115321
116322
117575
118763
119841
121171
122427
123580
124964
126316
127657
129027
130318
131821
133282
134664
136239
137769
139228
140857
142454
143984
145643
147262
148829
150504
152152
153755
155444
157105
158723
160379
162021
163645
165261
166868
168473
170053
171600
173131
174665
176116
177571
179053
180404
181778
183202
184446
185729
187095
188234
189429
190722
191897
192909
109016
110076
111057
112037
113083
113980
115144
116251
117219
118447
119623
120669
121964
123215
124342
125704
127022
128343
129680
130931
132407
133850
135175
136706
138206
139601
141180
142743
144206
145816
147412
148920
150550
152172
153713
155329
156945
158493
160111
161726
163287
164861
166442
167977
169515
170999
172514
174019
175431
176881
178342
179665
181038
182445
183679
184972
186324
187460
188677
189950
191125
192120
110823
111847
112776
113732
114761
115653
116767
117849
118805
119985
121121
122151
123400
124591
125695
127006
128245
129535
130865
132051
133454
134847
136130
137580
139021
140366
141865
143372
144783
146317
147848
149295
150848
152402
153877
155429
156994
158492
160022
161568
163063
164571
166090
167574
169052
170500
171957
173398
174778
176180
177585
178883
180220
181581
182794
184053
185366
186495
187675
188923
190081
191083
111060
112111
113055
114007
115008
115882
117020
118086
119026
120227
121354
122359
123625
124811
125882
127210
128438
129669
130989
132172
133563
134908
136168
137628
139042
140370
141870
143309
144674
146199
147683
149096
150637
152139
153578
155118
156637
158105
159632
161137
162608
164109
165593
167061
168528
169975
171405
172837
174216
175595
176995
178300
179621
180984
182208
183461
184784
185928
187115
188380
189557
190590
112075
113086
114030
114971
115977
116843
117945
118999
119923
121080
122194
123182
124395
125571
126627
127899
129130
130347
131635
132800
134119
135457
136680
138086
139476
140753
142197
143620
144941
146408
147866
149229
150716
152198
153597
155090
156574
157978
159451
160935
162355
163813
165278
166681
168104
169492
170911
172309
173652
175027
176398
177677
179000
180334
181549
182813
184107
185249
186456
187684
188852
189874
113852
114839
115730
116646
117614
118467
119538
120557
121465
122595
123661
124628
125814
126929
127957
129192
130335
131503
132722
133881
135187
136432
137612
138962
140289
141530
142914
144267
145544
146955
148339
149655
151082
152485
153830
155263
156675
158035
159464
160872
162239
163642
165036
166410
167787
169157
170507
171850
173169
174481
175802
177060
178329
179621
180813
182027
183291
184417
185571
186794
187944
188978
113927
114940
115850
116765
117726
118544
119637
120650
121528
122675
123742
124679
125875
126993
127993
129239
130389
131556
132762
133839
135194
136446
137570
138931
140220
141406
142795
144126
145359
146773
148132
149405
150836
152215
153520
154952
156340
157661
159091
160482
161817
163226
164602
165941
167314
168666
170008
171351
172658
173963
175288
176542
177807
179103
180304
181522
182787
183932
185102
186322
187494
188532
115073
116031
116932
117827
118787
119614
120655
121657
122532
123619
124669
125597
126733
127837
128825
130008
131151
132285
133487
134560
135813
137046
138149
139454
140731
141891
143212
144521
145721
147066
148406
149644
151006
152362
153625
154993
156373
157665
159029
160400
161694
163041
164404
165696
167013
168317
169647
170942
172216
173520
174802
176031
177302
178563
179743
180970
182205
183328
184514
185701
186842
187875
116010
116969
117834
118717
119637
120459
121498
122465
123334
124422
125437
126354
127489
128546
129514
130692
131775
132883
134022
135081
136334
137519
138602
139836
141047
142191
143512
144760
145943
147275
148548
149760
151104
152397
153637
154994
156297
157555
158900
160204
161477
162810
164108
165397
166701
168014
169289
170558
171831
173079
174337
175564
176783
178023
179200
180382
181608
182734
183874
185074
186218
187279
116607
117576
118448
119318
120239
121019
122054
123019
123848
124930
125941
126816
127946
129005
129926
131100
132191
133261
134391
135393
136610
137778
138868
140134
141336
142421
143700
144936
146070
147369
148636
149807
151121
152412
153613
154925
156221
157441
158750
160051
161293
162587
163880
165132
166396
167681
168962
170195
171445
172702
173932
175138
176368
177593
178749
179946
181164
182263
183424
184622
185748
186790
118253
119164
120012
120859
121768
122544
123523
124466
125285
126304
127287
128154
129215
130240
131155
132256
133308
134352
135466
136458
137618
138765
139778
140965
142138
143205
144425
145632
146728
147963
149192
150318
151571
152820
153974
155234
156493
157665
158925
160192
161377
162627
163894
165082
166300
167522
168764
169960
171163
172391
173586
174756
175961
177145
178278
179452
180623
181714
182859
183997
185100
186120
118325
119246
120078
120921
121804
122584
123574
124500
125322
126355
127322
128189
129265
130267
131174
132288
133311
134352
135420
136402
137568
138672
139692
140895
142023
143066
144296
145465
146558
147802
148991
150115
151374
152582
153728
154990
156209
157373
158641
159869
161053
162313
163539
164745
165969
167219
168431
169620
170841
172036
173223
174409
175585
176764
177912
179063
180239
181347
182466
183628
184749
185810
118961
119891
120726
121555
122436
123181
124166
125085
125870
126897
127857
128684
129753
130754
131622
132732
133759
134771
135834
136777
137927
139026
140006
141187
142332
143339
144512
145673
146730
147952
149139
150221
151452
152657
153768
155004
156221
157356
158587
159809
160962
162188
163408
164573
165764
166989
168205
169362
170561
171762
172923
174087
175269
176431
177557
178716
179880
180963
182099
183252
184351
185390
120285
121163
121977
122787
123658
124400
125340
126243
127021
127998
128935
129756
130771
131743
132607
133657
134655
135643
136693
137619
138719
139794
140748
141870
142968
143981
145135
146271
147293
148453
149606
150657
151839
153016
154091
155281
156469
157561
158756
159956
161067
162260
163459
164580
165740
166907
168087
169220
170378
171553
172690
173826
174985
176116
177229
178370
179493
180570
181688
182790
183879
184898
120920
121798
122590
123395
124240
124977
125912
126793
127565
128540
129456
130267
131280
132227
133077
134122
135080
136054
137061
137979
139065
140108
141060
142177
143252
144234
145366
146441
147460
148621
149742
150782
151953
153088
154152
155331
156482
157568
158751
159899
160998
162179
163337
164459
165607
166788
167933
169047
170208
171346
172462
173598
174725
175841
176950
178059
179175
180255
181342
182453
183538
184577
120982
121871
122666
123471
124311
125020
125969
126843
127593
128578
129490
130281
131300
132243
133075
134127
135087
136059
137060
137943
139048
140073
140990
142120
143173
144120
145292
146372
147342
148516
149620
150629
151812
152933
153969
155163
156299
157354
158549
159690
160761
161955
163103
164196
165347
166516
167655
168769
169926
171058
172175
173311
174432
175545
176661
177768
178878
179970
181058
182157
183255
184291
121620
122475
123270
124058
124899
125614
126529
127398
128150
129097
129998
130788
131766
132704
133531
134541
135503
136452
137456
138335
139398
140426
141335
142421
143475
144415
145518
146601
147565
148700
149800
150796
151936
153056
154078
155228
156364
157403
158560
159705
160761
161913
163062
164131
165252
166387
167528
168617
169749
170888
171981
173098
174226
175319
176419
177533
178624
179698
180799
181878
182957
183982
122788
123629
124387
125159
125981
126687
127577
128426
129165
130093
130969
131744
132707
133608
134421
135417
136329
137255
138225
139092
140124
141120
142014
143071
144095
145018
146098
147148
148086
149169
150241
151219
152329
153415
154415
155536
156634
157653
158778
159885
160921
162048
163162
164215
165308
166438
167538
168596
169715
170816
171880
172981
174077
175143
176224
177310
178380
179436
180507
181576
182636
183657
122716
123572
124335
125106
125912
126607
127512
128350
129080
130021
130893
131656
132629
133528
134325
135333
136242
137163
138114
138967
140014
140987
141870
142944
143943
144851
145945
146966
147913
149027
150080
151038
152161
153223
154211
155345
156423
157433
158573
159660
160687
161824
162919
163974
165071
166207
167300
168357
169481
170571
171634
172742
173827
174896
175986
177060
178134
179201
180264
181340
182406
183442
123221
124062
124828
125589
126397
127075
127967
128802
129515
130437
131304
132050
133005
133904
134683
135669
136586
137491
138444
139278
140302
141279
142140
143188
144192
145082
146154
147184
148100
149178
150220
151162
152263
153333
154300
155407
156489
157476
158589
159682
160689
161803
162902
163928
164999
166110
167209
168244
169348
170446
171491
172582
173675
174725
175798
176883
177941
178994
180068
181124
182176
183196
124192
125004
125749
126496
127294
127973
128834
129656
130365
131258
132107
132850
133773
134646
135424
136377
137267
138156
139094
139918
140911
141871
142720
143735
144718
145592
146628
147632
148530
149593
150622
151551
152615
153659
154607
155687
156745
157711
158799
159869
160851
161942
163021
164022
165077
166160
167229
168251
169333
170405
171435
172508
173576
174610
175672
176735
177769
178812
179869
180901
181944
182949
124635
125447
126177
126919
127696
128370
129230
130037
130742
131634
132467
133202
134124
134982
135748
136700
137568
138445
139360
140177
141161
142100
142944
143950
144913
145783
146812
147797
148695
149740
150738
151652
152713
153737
154678
155748
156785
157746
158823
159869
160849
161928
162983
163986
165028
166119
167168
168173
169257
170310
171324
172395
173447
174470
175523
176571
177604
178641
179680
180719
181750
182764
124637
125460
126192
126933
127707
128366
129236
130036
130726
131627
132455
133177
134107
134962
135716
136673
137538
138415
139320
140119
141117
142041
142868
143891
144839
145693
146737
147705
148580
149642
150638
151537
152612
153619
154545
155628
156650
157595
158685
159722
160687
161780
162824
163814
164859
165947
166992
167997
169081
170127
171141
172214
173260
174280
175344
176386
177413
178461
179496
180528
181568
182585
125058
125865
126598
127328
128103
128753
129607
130407
131087
131970
132798
133510
134420
135275
136018
136954
137826
138687
139593
140385
141358
142286
143101
144097
145050
145891
146908
147883
148749
149783
150778
151664
152710
153723
154636
155694
156722
157654
158719
159759
160710
161781
162827
163802
164829
165895
166946
167932
169000
170053
171050
172111
173163
174169
175217
176266
177282
178315
179359
180380
181406
182412
125865
126649
127366
128088
128851
129500
130331
131119
131798
132659
133470
134179
135065
135900
136642
137554
138403
139252
140146
140929
141877
142792
143598
144571
145507
146336
147328
148283
149137
150150
151125
152001
153026
154018
154918
155954
156962
157881
158926
159947
160883
161931
162962
163919
164930
165976
167004
167983
169031
170061
171049
172093
173127
174119
175154
176185
177183
178208
179237
180238
181256
182252
126229
127014
127718
128432
129187
129835
130659
131438
132111
132966
133768
134469
135354
136178
136912
137822
138653
139493
140373
141152
142091
142990
143792
144753
145677
146502
147484
148428
149277
150277
151239
152109
153122
154102
154994
156020
157015
157927
158962
159969
160900
161941
162957
163912
164911
165961
166975
167938
168986
170005
170979
172021
173045
174025
175056
176081
177073
178090
179110
180112
181119
182119
126222
127012
127715
128432
129177
129817
130650
131420
132088
132950
133748
134443
135331
136153
136877
137791
138620
139459
140325
141096
142045
142931
143726
144700
145607
146424
147418
148346
149189
150201
151147
152010
153038
154002
154887
155924
156903
157810
158854
159845
160774
161824
162827
163784
164784
165835
166843
167804
168858
169871
170842
171887
172901
173884
174922
175936
176928
177954
178963
179968
180983
181990
126530
127322
128030
128736
129483
130104
130936
131708
132355
133216
134014
134687
135574
136399
137101
138014
138849
139674
140541
141293
142234
143122
143898
144862
145772
146572
147557
148488
149310
150310
151263
152109
153120
154092
154962
155982
156969
157859
158888
159886
160799
161833
162840
163780
164763
165811
166826
167764
168810
169832
170784
171821
172844
173812
174836
175858
176842
177852
178871
179870
180867
181868
127194
127965
128662
129360
130101
130720
131532
132295
132940
133779
134566
135240
136105
136915
137617
138505
139327
140143
141006
141749
142671
143554
144319
145261
146165
146953
147914
148836
149649
150627
151569
152406
153396
154356
155211
156213
157191
158068
159080
160070
160964
161983
162984
163903
164879
165900
166901
167835
168861
169868
170813
171834
172844
173800
174815
175829
176794
177798
178812
179786
180779
181765
127458
128217
128906
129600
130336
130958
131761
132517
133167
133997
134773
135453
136307
137105
137815
138691
139499
140309
141165
141907
142817
143693
144458
145389
146281
147070
148023
148936
149749
150717
151648
152480
153461
154411
155271
156268
157230
158102
159108
160085
160977
161990
162979
163894
164869
165888
166878
167810
168830
169825
170769
171787
172786
173739
174752
175753
176717
177720
178723
179696
180689
181674
127745
128504
129184
129872
130604
131225
132019
132770
133417
134239
135010
135686
136534
137322
138027
138903
139700
140505
141351
142092
142992
143858
144620
145544
146431
147215
148157
149062
149869
150828
151753
152584
153560
154496
155346
156329
157286
158157
159155
160125
161011
162016
162998
163910
164875
165893
166871
167798
168818
169802
170739
171753
172745
173692
174700
175697
176654
177654
178651
179620
180606
181593
127987
128745
129423
130110
130831
131446
132241
132985
133625
134447
135213
135880
136728
137514
138207
139082
139873
140673
141511
142245
143145
144000
144755
145677
146552
147329
148271
149166
149967
150926
151839
152659
153634
154562
155408
156393
157338
158198
159195
160155
161034
162038
163007
163914
164872
165888
166862
167783
168801
169781
170710
171722
172708
173648
174655
175642
176595
177593
178582
179548
180532
181518
128267
129026
129701
130385
131100
131703
132504
133241
133868
134693
135453
136108
136959
137738
138421
139296
140079
140877
141705
142426
143330
144175
144919
145842
146708
147475
148419
149302
150091
151052
151954
152764
153738
154660
155490
156478
157415
158264
159263
160214
161080
162087
163049
163943
164899
165908
166871
167785
168798
169771
170696
171708
172685
173619
174627
175606
176549
177551
178534
179491
180473
181455
128236
128995
129673
130357
131070
131666
132471
133206
133830
134658
135417
136067
136917
137700
138378
139249
140038
140836
141660
142374
143287
144127
144863
145794
146655
147414
148364
149244
150027
150994
151891
152695
153677
154593
155416
156411
157343
158186
159194
160137
160997
162015
162968
163858
164824
165829
166792
167707
168722
169693
170617
171630
172605
173536
174550
175527
176470
177481
178458
179406
180398
181380
128466
129217
129895
130571
131285
131885
132676
133411
134036
134850
135611
136259
137097
137881
138552
139413
140207
140990
141816
142533
143427
144269
145007
145921
146783
147543
148474
149357
150138
151085
151987
152791
153754
154672
155497
156469
157408
158252
159237
160187
161051
162042
163002
163892
164836
165836
166809
167705
168710
169691
170605
171609
172592
173518
174519
175507
176446
177437
178424
179375
180345
181327
128938
129681
130348
131019
131728
132324
133105
133834
134455
135261
136011
136657
137485
138257
138930
139782
140560
141338
142159
142868
143749
144586
145317
146219
147074
147827
148749
149624
150397
151335
152227
153020
153972
154880
155696
156666
157595
158429
159406
160346
161201
162185
163136
164014
164954
165948
166905
167800
168800
169763
170670
171669
172636
173552
174547
175517
176444
177430
178410
179356
180325
181299
129086
129824
130485
131157
131864
132461
133237
133961
134584
135386
136129
136778
137602
138367
139042
139888
140660
141438
142256
142962
143840
144673
145401
146299
147149
147900
148819
149686
150458
151394
152282
153073
154025
154930
155738
156700
157612
158442
159416
160348
161199
162182
163129
164005
164946
165937
166891
167789
168789
169747
170654
171653
172615
173532
174528
175490
176417
177405
178377
179316
180287
181262
129272
130009
130664
131333
132037
132632
133404
134123
134745
135544
136282
136933
137755
138508
139187
140030
140793
141570
142384
143089
143960
144788
145514
146411
147254
148001
148918
149779
150548
151481
152360
153148
154096
154989
155796
156762
157672
158497
159467
160393
161239
162220
163161
164034
164975
165962
166902
167798
168793
169740
170648
171647
172597
173514
174513
175471
176397
177387
178355
179291
180262
181235
129437
130172
130820
131490
132192
132786
133558
134271
134892
135691
136420
137069
137891
138638
139315
140157
140914
141690
142499
143200
144071
144894
145617
146510
147349
148094
149007
149862
150629
151559
152430
153218
154164
155050
155858
156818
157720
158544
159516
160435
161276
162256
163190
164056
164993
165973
166907
167804
168799
169737
170642
171641
172585
173501
174500
175452
176375
177368
178335
179267
180238
181214
129590
130323
130968
131636
132336
132926
133693
134405
135025
135823
136549
137196
138016
138760
139435
140274
141026
141800
142608
143305
144173
144992
145712
146601
147437
148180
149090
149942
150706
151634
152500
153283
154228
155111
155915
156870
157770
158590
159558
160472
161310
162288
163220
164082
165014
165995
166923
167811
168801
169734
170636
171636
172573
173487
174490
175437
176360
177353
178314
179243
180216
181191
129726
130459
131102
131767
132467
133056
133824
134533
135148
135943
136666
137311
138129
138871
139543
140381
141130
141902
142706
143401
144267
145084
145801
146689
147522
148260
149169
150016
150777
151704
152566
153345
154289
155168
155966
156923
157817
158632
159602
160512
161345
162322
163248
164101
165031
166007
166930
167815
168806
169736
170634
171632
172567
173478
174480
175423
176343
177340
178297
179222
180199
181173
129852
130584
131226
131890
132587
133172
133940
134647
135260
136056
136777
137418
138235
138974
139645
140478
141226
141999
142798
143490
144358
145170
145883
146771
147600
148335
149245
150086
150842
151772
152630
153405
154349
155220
156016
156976
157863
158673
159645
160550
161377
162355
163274
164124
165052
166021
166938
167823
168812
169733
170632
171631
172557
173469
174476
175413
176329
177331
178285
179205
180185
181159
129966
130699
131334
132003
132696
133279
134052
134749
135362
136162
136872
137515
138334
139064
139736
140569
141313
142088
142884
143569
144443
145247
145958
146855
147671
148402
149320
150150
150905
151840
152682
153458
154412
155273
156066
157030
157904
158712
159690
160583
161404
162386
163293
164133
165071
166039
166948
167835
168820
169730
170633
171636
172546
173461
174477
175399
176316
177327
178273
179185
180174
181152
130074
130810
131436
132112
132799
133379
134164
134846
135459
136265
136958
137608
138431
139149
139829
140659
141392
142176
142963
143645
144530
145322
146030
146937
147739
148470
149398
150210
150965
151915
152740
153513
154478
155317
156111
157090
157945
158752
159744
160618
161433
162430
163328
164159
165105
166067
166954
167851
168846
169726
170638
171660
172535
173457
174489
175384
176303
177327
178264
179167
180166
181149
130130
130878
131481
132172
132843
133419
134227
134861
135504
136356
136998
137660
138497
139187
139878
140712
141429
142228
143002
143672
144581
145345
146045
146984
147746
148478
149444
150211
150970
151957
152734
153514
154521
155313
156110
157129
157940
158746
159773
160611
161423
162451
163324
164146
165116
166069
166939
167855
168864
169703
170634
171697
172490
173453
174555
175374
176296
177355
178259
179146
180165
181165
130273
131030
131638
132323
133007
133573
134382
135035
135641
136479
137135
137780
138630
139320
139991
140842
141558
142347
143129
143791
144699
145468
146156
147094
147864
148581
149544
150319
151062
152047
152832
153598
154598
155398
156186
157200
158017
158814
159831
160680
161486
162494
163385
164207
165141
166125
166996
167878
168917
169745
170647
171721
172536
173459
174530
175368
176290
177330
178252
179143
180138
181156
130370
131130
131741
132426
133126
133650
134470
135154
135725
136560
137253
137872
138716
139415
140087
140938
141631
142445
143234
143840
144778
145576
146207
147161
147971
148628
149599
150425
151105
152096
152940
153634
154639
155499
156204
157225
158109
158822
159864
160762
161484
162543
163452
164202
165202
166174
167033
167940
168914
169792
170687
171693
172598
173459
174509
175450
176276
177338
178280
179119
180154
181112
130341
131074
131625
132416
133122
133539
134462
135175
135675
136523
137204
137848
138686
139316
140089
140917
141493
142449
143223
143711
144798
145587
146109
147184
148003
148557
149626
150460
151044
152117
152961
153571
154668
155516
156137
157273
158116
158733
159929
160762
161364
162635
163455
164039
165324
166203
166867
168047
168996
169702
170765
171812
172579
173451
174574
175398
176165
177500
178317
178950
180368
181312
130219
131126
131929
132148
133068
133711
134225
135121
135667
136495
137413
137719
138682
139673
139806
140907
141889
142102
143219
144031
144430
145579
146343
146840
148042
148741
149308
150531
151212
151818
153074
153761
154360
155668
156386
156932
158306
159087
159541
160960
161854
162176
163570
164641
164817
166138
167438
167614
168731
170155
170522
171432
172901
173566
174285
175859
176666
176939
178462
179681
179826
180896
130045
130721
132344
131702
133449
133996
133463
135955
135708
135589
138130
137547
138094
140193
139478
140803
142283
141612
143527
144359
143768
146173
146578
146000
148732
148896
148354
151304
151325
150800
153867
153852
153323
156415
156473
155928
158922
159183
158639
161366
161981
161482
163752
164895
164399
166045
167920
167451
168302
171028
170536
170541
174007
173573
173047
176426
176659
176161
178546
179981
179673
180597
)
;

boundaryField
{
    inlet
    {
        type            calculated;
        value           nonuniform List<scalar> 0();
    }
    outlet
    {
        type            calculated;
        value           nonuniform List<scalar> 0();
    }
    front
    {
        type            empty;
    }
    back
    {
        type            empty;
    }
    hub
    {
        type            calculated;
        value           nonuniform List<scalar> 
72
(
2024.06
2022.48
1954.64
2000.02
1954.12
2000.89
2000.54
2001.53
2001.03
2001.46
2001.22
2001.88
2001.35
2001.12
2002.3
2001.46
2001.16
2001.13
3320.18
2001.43
2000.74
2000.59
2000.89
2000.35
2000.48
2001.53
2000.57
2001.04
2001.17
1989.06
1899.88
1970.89
1994.03
1996.65
1952.77
2006.41
2000.4
2000.62
1998.09
1961.49
1987.94
2595.26
79988.4
126764
169209
205949
237454
261413
275188
283083
286420
286690
285133
282766
279591
276660
273035
268942
266051
262748
258955
256784
254100
250832
249302
247241
244408
243448
241890
239646
238145
237812
)
;
    }
    tip
    {
        type            calculated;
        value           nonuniform List<scalar> 
62
(
130045
130721
132344
131703
133449
133996
133463
135955
135708
135589
138130
137548
138094
140193
139478
140804
142283
141612
143527
144359
143768
146174
146578
146000
148732
148896
148354
151305
151325
150800
153868
153852
153323
156415
156473
155929
158922
159183
158639
161366
161981
161482
163752
164896
164399
166045
167920
167451
168302
171028
170536
170541
174007
173573
173047
176426
176659
176162
178547
179981
179673
180597
)
;
    }
    procBoundary1to0
    {
        type            processor;
        value           nonuniform List<scalar> 
160
(
2063.49
2059.59
2052.12
2046.74
2050.18
2032.53
2025.51
2020.16
2017.79
2012.02
2003.85
2000.47
2001.87
1999.52
2001.1
1996.53
2000.78
2003.83
1988.56
1997.64
1971.12
1986.69
1953.52
1991.24
2018.87
1898.52
1970.06
1824.51
2001.14
2007.09
1796.48
2001.15
2004.31
2001.03
2002.9
2005.17
2006.72
2012.14
2007.67
2001.3
2003.8
2000.36
1673.25
2000.51
2000.41
2000.17
2001.12
2015.78
15169.1
26486.7
29691.8
32222.3
35009.5
37374.2
39602.3
41773
43727.9
45665.1
47420.6
49137.6
50732.2
52218.6
53744.1
55107.7
56490.6
57755.7
59052.7
60252.9
61478.8
62650.4
63780.5
65199.4
66065.1
67273.5
68382.8
69548.1
70673.5
71833
72979.4
74126.3
75313.4
76367.9
78015.7
78705.1
79998
81158
82343
83580.2
84612.9
86439.1
87025.9
89212.9
90024.9
90024.9
91910.9
92861.8
92861.8
93883.8
95736
96267.9
98367
99211.4
99211.4
101313
102081
102081
104028
104992
104992
106788
107215
108226
110038
110294
111310
113095
113197
114332
115276
115906
117555
117620
118290
119608
120252
120329
120965
122140
122082
122599
123566
124013
124030
124457
125262
125629
125631
125960
126620
126875
127166
127416
127707
127681
127912
128382
128526
128710
128875
129029
129169
129297
129410
129512
129556
129720
129844
129806
129934
130595
)
;
    }
    procBoundary1to5
    {
        type            processor;
        value           nonuniform List<scalar> 
65
(
208269
207282
206221
205291
203958
203246
202228
201206
200318
199038
198383
197444
196502
195727
194575
194012
193245
192203
191706
191011
190089
189648
189014
188387
187917
187235
186906
186502
185995
185652
185364
185064
184717
184495
184262
183999
183801
183620
183456
183279
183139
183003
182891
182779
182676
182590
182509
182439
182362
182320
182280
182237
182200
182173
182148
182124
182102
182078
182052
182017
182011
182009
181967
182452
183448
)
;
    }
    procBoundary1to6
    {
        type            processor;
        value           nonuniform List<scalar> 
85
(
236594
236589
236596
236604
236603
236600
236599
236598
236596
236595
236588
236584
236581
236576
236570
236562
236551
236541
236535
236523
236509
236493
236476
236454
236422
236402
236376
236340
236302
236241
236204
236156
236071
236022
235965
235872
235804
235649
235551
235459
235251
235098
234967
234706
234456
234367
234079
233922
233566
233444
233135
232450
232420
231819
231701
231079
230955
230191
230122
229007
228483
228707
225826
225954
224837
224371
223780
222963
222893
221826
221862
220468
220496
219673
218855
218060
217139
216259
215275
214355
213326
212429
211081
210363
209325
)
;
    }
}


// ************************************************************************* //
