/*--------------------------------*- C++ -*----------------------------------*\
| =========                 |                                                 |
| \\      /  F ield         | OpenFOAM: The Open Source CFD Toolbox           |
|  \\    /   O peration     | Version:  v2012                                 |
|   \\  /    A nd           | Website:  www.openfoam.com                      |
|    \\/     M anipulation  |                                                 |
\*---------------------------------------------------------------------------*/
FoamFile
{
    version     2.0;
    format      ascii;
    class       volScalarField;
    location    "1e-06";
    object      p_rgh;
}
// * * * * * * * * * * * * * * * * * * * * * * * * * * * * * * * * * * * * * //

dimensions      [1 -1 -2 0 0 0 0];


internalField   nonuniform List<scalar> 
10248
(
1830.97
1827.05
1758.55
1813.87
1768.83
1830.58
1821.83
1818.35
1807.74
1805.79
1824.62
1832.05
1840.76
1844.61
1828.4
1835.75
1828.88
1820.78
3082.97
1814.4
1814.01
1809.21
1798.07
1803.62
1807.88
1789.1
1799.29
1795.81
1779.83
1767.14
1648.64
1713.5
1727.47
1725.17
1678.95
1729.32
1731.41
1726.73
1707.88
1667.26
1690.83
2295.21
79685.5
126459
168900
205637
237139
261095
274867
282759
286093
286360
284800
282430
279252
276318
272689
268593
265700
262394
258597
256422
253736
250464
248931
246867
244031
243067
241506
239258
237755
237418
1825.62
1816.57
1750.91
1687.03
1642.11
1622.2
1513.98
1593.84
1582.42
1616.16
1628.83
1451.19
1524.19
1440.08
1353.88
1533.48
1475.31
1435.9
1705.14
1467.82
1472.63
1542
1441.91
1522.75
1584.82
1466.95
1550.94
1579.56
1455.3
1543.62
1507.52
1561.58
1648.94
1628.82
1576.04
1654.7
1654.13
1647.91
1674
1645.6
1663.1
2179.46
79721.1
126481
168907
205643
237154
261111
274887
282764
286095
286366
284812
282427
279265
276315
272689
268592
265700
262393
258594
256421
253751
250460
248925
246865
244027
243066
241503
239254
237750
237414
1818.45
1808.53
1771
1739.88
1693.74
1690.75
1564.66
1659.32
1645.97
1685.81
1712.45
1532.54
1589.04
1693.02
1425.74
1600.6
1533.95
1488.99
1708.29
1513.8
1527.15
1607.89
1522.17
1585.43
1657.94
1515.56
1602.01
1623.69
1507.56
1575.53
1566.87
1623.72
1694.74
1674.35
1617.88
1657.9
1642.8
1641.01
1680.29
1660.16
1681.43
1871.89
79731.9
126419
168908
205660
237184
261129
274908
282771
286106
286375
284831
282444
279264
276315
272704
268591
265699
262392
258594
256421
253747
250460
248945
246878
244026
243064
241503
239253
237748
237413
1812.89
1808.05
1772.18
1746.75
1705.53
1703.75
1581.14
1689.96
1666.04
1718.41
1765.63
1572.25
1610.45
1695.84
1470.88
1620.26
1559.53
1542.12
1705.5
1547.82
1555.11
1631.7
1559.85
1606.09
1678.8
1569.53
1611.25
1619.24
1527.63
1570.58
1582.4
1640.41
1705.28
1666.17
1611.58
1628.1
1597.07
1606.72
1664.02
1639
1673.65
1719.49
79750.7
126444
168912
205686
237233
261185
274937
282784
286126
286392
284853
282461
279278
276313
272704
268590
265699
262391
258593
256419
253763
250458
248939
246885
244023
243063
241501
239251
237746
237412
1815.07
1809.81
1763.42
1725.93
1691.04
1707.43
1584.75
1721.65
1684.24
1733.23
1801.08
1597.79
1620.05
1683.17
1490.67
1625.25
1572.19
1562.35
1680.22
1558
1564.1
1640.35
1575.88
1610.07
1677.91
1575.47
1591.49
1574.82
1509.49
1565.39
1582.66
1636.06
1698.51
1651.59
1598.59
1604.53
1560.49
1567.46
1644.15
1613.82
1657.82
1717.38
79715.9
126446
168913
205741
237300
261244
274958
282813
286154
286414
284880
282479
279292
276313
272703
268588
265697
262389
258590
256418
253761
250455
248937
246899
244018
243061
241501
239250
237742
237411
1809.88
1808.13
1787.64
1767.3
1724.35
1750.18
1626.83
1761.6
1708.77
1749.18
1825.26
1627.22
1634.95
1677.24
1522.84
1633.33
1578.66
1569.46
1663.72
1567.79
1567.99
1640.24
1591.35
1617.4
1678.09
1594.68
1595.45
1573.56
1527.75
1585.45
1614.87
1660.55
1715.3
1670.78
1631.99
1597.34
1595.75
1603.22
1643.56
1620.52
1670.6
1717.27
79769.3
126158
168926
205816
237389
261297
275016
282858
286195
286443
284913
282501
279293
276311
272702
268582
265694
262388
258583
256413
253759
250449
248932
246898
244012
243058
241499
239244
237736
237408
1807.67
1807.86
1793.76
1769.06
1730.96
1765.37
1644.7
1779.78
1703.17
1740.55
1832.71
1637.97
1638.31
1663.92
1539.47
1632.15
1576.98
1573.82
1646.22
1562.07
1565.33
1632.07
1592.07
1615.48
1667.75
1592
1588.52
1559.44
1529.03
1588.52
1623.85
1664.89
1717.55
1665.53
1636.9
1600.12
1608.65
1618.51
1648.57
1631.37
1687.7
1718.38
79820.8
125732
168934
205892
237497
261407
275090
282922
286249
286481
284952
282528
279310
276311
272702
268578
265692
262385
258578
256409
253757
250443
248926
246903
244006
243055
241497
239240
237731
237406
1810.68
1810.18
1814.18
1789.06
1753.61
1798.76
1677.73
1806.93
1710.92
1733.77
1834.88
1646.46
1637.98
1649.93
1548.2
1626.22
1572.4
1570.54
1627.58
1552.88
1557.25
1621.21
1585.95
1606.28
1649.97
1579.01
1575.37
1543.48
1522.84
1585.2
1620.88
1651.35
1701.53
1633.52
1615.84
1600.95
1604.54
1612.88
1646.61
1629.83
1690.43
1999.2
79887.5
125293
168939
205983
237648
261527
275196
283008
286316
286528
284999
282560
279328
276320
272702
268573
265690
262383
258571
256405
253754
250436
248920
246902
244000
243052
241496
239235
237725
237404
1806.19
1810.23
1822.99
1796.4
1775.85
1822.21
1706.15
1824.04
1711.42
1725.97
1832.86
1650.24
1637.22
1639.23
1556.51
1620.83
1566.82
1566.64
1615.92
1544.9
1551.84
1611.96
1578.03
1598.28
1633.7
1564.23
1563.82
1530.41
1515.36
1578.55
1612.25
1634.98
1686.17
1617.17
1605.37
1603.82
1596.91
1606.01
1647.39
1626.5
1698.37
13501.1
79909.1
124787
168941
206149
237820
261695
275337
283122
286401
286586
285054
282597
279347
276331
272702
268566
265687
262380
258563
256399
253751
250429
248914
246901
243993
243049
241494
239230
237719
237402
1813.27
1813.29
1830.44
1807.13
1798.39
1846.72
1735.02
1841.3
1712.65
1710.23
1822.03
1641.77
1626.22
1622.63
1550.74
1606
1552.76
1549.51
1598.17
1527.17
1533.18
1595.15
1558.17
1576.84
1607.06
1533.85
1538.97
1504.85
1487.38
1555.95
1586.38
1596.48
1652.09
1582.49
1569.67
1586.85
1567.29
1572.26
1631
1604.23
1681.77
16959.6
79963
124256
168945
206277
238034
261914
275517
283263
286503
286655
285118
282640
279361
276340
272701
268559
265683
262377
258553
256393
253747
250420
248906
246900
243985
243044
241492
239224
237711
237399
1815.98
1816.93
1845.82
1889.49
1867.79
1900.45
1794.52
1871.53
1737.87
1718.09
1818.82
1654.23
1632.77
1625.74
1566.53
1607.64
1563.83
1558.25
1599.19
1544.24
1547.71
1602.43
1576.22
1589.69
1616.32
1557.9
1560.69
1539.91
1530.62
1587.01
1616.48
1621.14
1661.05
1613.46
1604.77
1619.27
1607.09
1611.04
1652.89
1635.24
1711.11
18358.4
79986.2
123699
168949
206498
238322
262197
275744
283438
286625
286735
285192
282687
279359
276339
272699
268548
265674
262369
258541
256384
253743
250410
248897
246897
243973
243036
241486
239216
237698
237391
1811.8
1816.97
1848
1889.97
1896.41
1924.56
1843.95
1895.58
1754.02
1724.93
1811.86
1660.43
1637.37
1626.69
1577.51
1608.07
1570.32
1565.26
1599.75
1555.87
1560.27
1609.64
1590.33
1601.82
1626.06
1579.5
1581.7
1571.03
1566.83
1615.41
1640.5
1643.96
1672.47
1640.28
1635.66
1644.81
1635.72
1639.54
1667.89
1654.3
1711.6
19623.1
79638.7
123105
168963
206720
238676
262543
276022
283650
286771
286831
285278
282742
279377
276345
272699
268538
265668
262364
258529
256375
253738
250400
248888
246894
243962
243028
241482
239208
237686
237385
1818.29
1819.88
1853.46
1895.52
1901.28
1926.45
1886.66
1915.5
1772.64
1732.11
1803.18
1667.5
1642.45
1630.16
1588.77
1609.62
1579.94
1573.31
1602.39
1570.25
1572.98
1617.09
1603.1
1611.69
1633.25
1595.38
1596.66
1592.1
1588.81
1630.26
1649.26
1649.44
1672.12
1645.55
1641.65
1652.09
1641.8
1644.83
1671.13
1658.66
1709.6
21034.7
79153
122524
168993
206984
239110
262963
276358
283903
286943
286943
285377
282805
279401
276364
272699
268527
265661
262357
258516
256365
253732
250389
248879
246890
243951
243021
241478
239200
237674
237380
1814.31
1819.88
1854.76
1895.68
1902.19
1926.73
1926.68
1934.96
1790.62
1746.8
1798.14
1677.75
1653.19
1638.04
1605.21
1616.71
1593.66
1589.26
1610.62
1588.4
1592.65
1629.92
1620.76
1628.55
1647.24
1617.99
1618.62
1618.43
1617.9
1651.48
1664.36
1664.83
1680.62
1658.53
1656.48
1663.6
1653.54
1656.52
1676.65
1665.4
1709.91
22202.2
78604.6
121936
169035
207326
239636
263469
276758
284201
287144
287071
285491
282874
279428
276380
272698
268515
265653
262349
258500
256354
253726
250376
248867
246886
243939
243011
241472
239190
237661
237373
1819.7
1821.74
1857.94
1899.09
1905.05
1927.62
1927.55
1934.74
1804.03
1757.28
1791.05
1686.5
1662.16
1645.87
1619.77
1623.17
1607.07
1603.09
1617.34
1604.53
1608.07
1639.44
1632.33
1638.61
1654.52
1629.08
1630.37
1631.19
1629.05
1658.84
1665.77
1664.06
1678.47
1657.86
1656.11
1665.3
1654.23
1657.38
1677.25
1666.59
1709.4
23424.6
78009.8
121342
169058
207756
240266
264071
277230
284551
287377
287220
285620
282952
279457
276401
272699
268502
265643
262339
258484
256342
253718
250361
248854
246880
243926
243001
241466
239180
237646
237365
1819.58
1821.7
1858.75
1899.11
1905.7
1927.74
1927.76
1934.93
1817.21
1773.17
1789.16
1699.66
1676.67
1658.75
1641.07
1636.59
1627.59
1627.15
1633.92
1630.74
1635.46
1659.4
1658.06
1662.62
1675.34
1657.52
1656.68
1658.25
1658.8
1678.83
1680.76
1679.85
1686.83
1669.26
1668.87
1674.01
1663.31
1666.76
1681.81
1672.33
1709.74
24540.1
77357.7
120737
169093
208285
241014
264781
277784
284956
287645
287391
285767
283036
279490
276421
272698
268488
265632
262328
258466
256328
253709
250344
248839
246872
243911
242988
241458
239169
237629
237354
1820.08
1822.39
1859.86
1900.5
1906.79
1927.57
1927.38
1933.95
1824.95
1782.65
1784.28
1709.5
1687.3
1669.57
1658.48
1647.89
1647.34
1648.32
1648.21
1657.85
1660.87
1677.98
1683.44
1684.08
1693.54
1682.72
1677.49
1677.72
1679.35
1691.53
1690.08
1689.76
1692.05
1677.56
1678.45
1680.62
1671.51
1675.74
1686.8
1679.56
1710.27
25555.3
76643.3
120118
169156
208926
241895
265614
278427
285426
287951
287588
285933
283127
279525
276433
272697
268473
265619
262316
258446
256311
253696
250325
248822
246862
243894
242971
241447
239155
237610
237340
1820.2
1822.45
1860.06
1899.92
1906.77
1927.38
1927.39
1934.05
1837.44
1800.75
1788.84
1730.06
1707.82
1690.97
1690.35
1671.72
1682.36
1689.2
1679.83
1707
1709.84
1716.59
1739.87
1733.47
1738.83
1746.52
1728.51
1729.03
1741.66
1730.94
1729.18
1734.54
1718.68
1712.59
1716.45
1703.83
1701.11
1705.57
1703.62
1703.34
1712.21
26445.3
75845.9
119468
169257
209692
242923
266585
279173
285967
288298
287817
286123
283226
279568
276465
272696
268457
265605
262302
258426
256293
253684
250306
248805
246850
243877
242953
241436
239142
237590
237325
1819.75
1822.05
1859.82
1900.06
1906.82
1927.11
1927.24
1933.29
1826.96
1793.17
1774.14
1713.77
1697.98
1677.91
1674
1661.55
1665.77
1671.11
1671.54
1686.1
1690.88
1703.75
1710.79
1711.09
1717.73
1710.86
1704.78
1703.74
1706
1707.98
1702.53
1701.22
1698.03
1687.54
1686.46
1686.66
1678.68
1679.06
1688.13
1683.53
1710.1
27172.8
74923.3
118755
169346
210588
244105
267708
280026
286584
288694
288080
286341
283335
279621
276506
272737
268443
265596
262290
258404
256276
253671
250286
248788
246840
243862
242941
241429
239131
237576
237320
1818.85
1821.3
1858.34
1897.99
1905.1
1924.93
1924.88
1931.22
1817.87
1786.16
1762.95
1701.73
1690.57
1669.84
1661.87
1655.85
1656.15
1659.06
1669.78
1673.26
1678.82
1697.76
1692.33
1696.97
1705.26
1690.37
1692.52
1690.69
1685.21
1696.91
1689.44
1685.31
1690.13
1677.05
1675.06
1682.15
1670.18
1670.83
1683.58
1674.76
1709.53
27779.3
73905.3
118025
169471
211663
245491
269011
281005
287291
289145
288375
286579
283449
279674
276542
272738
268425
265578
262274
258380
256255
253656
250263
248766
246827
243844
242919
241416
239116
237555
237304
1806.49
1820.78
1857.38
1897.43
1904.34
1924.17
1924.5
1930.44
1816.72
1784.13
1757.52
1698.14
1689.63
1669.37
1661.08
1658.49
1660.44
1663.37
1678.97
1682.43
1688.17
1706.83
1701.7
1706.01
1713.23
1700.16
1701.36
1699.06
1694.37
1701.35
1693.25
1689.07
1691.23
1679.07
1676.49
1681.88
1670.23
1669.91
1681.13
1673.01
1709.12
28228
72728.5
117234
169636
212929
247094
270514
282127
288093
289650
288710
286844
283571
279734
276577
272736
268404
265558
262253
258353
256231
253637
250239
248739
246810
243823
242894
241401
239099
237531
237283
1799.51
1818.22
1851.31
1890.12
1897.97
1918.7
1918.61
1925.52
1816.48
1783.33
1754.96
1697.83
1691.6
1672.54
1663.14
1663.47
1666.2
1668.44
1684.1
1686.81
1692.74
1708.27
1700.75
1706.52
1711.03
1697.76
1701.42
1697.55
1692.3
1700.58
1691.29
1688.06
1691.45
1678.33
1677.56
1681.62
1668.2
1670.06
1679.82
1669.26
1708.9
28487.5
71316.6
116350
169836
214412
248943
272246
283401
289002
290221
289089
287134
283706
279800
276615
272736
268382
265535
262231
258323
256202
253616
250212
248709
246791
243802
242864
241384
239081
237504
237260
1756.9
1816.16
1849.69
1888.66
1896.31
1917.39
1917.85
1924.73
1830.54
1795.6
1766.24
1715.08
1708.05
1691.16
1685.07
1684.22
1688.91
1692.97
1705.28
1708.37
1714.16
1725.03
1717.7
1721.56
1723.24
1711.08
1712.63
1707.77
1703.4
1707.04
1696.63
1693.04
1694.37
1681.23
1679.69
1682.6
1669.54
1670.66
1679.08
1668.56
1708.53
28805.9
69621.9
115354
170064
216148
251071
274233
284850
290022
290857
289521
287449
283851
279875
276657
272734
268357
265509
262205
258291
256170
253591
250184
248675
246769
243778
242833
241365
239062
237476
237235
1760.25
1808.97
1838.07
1872.68
1882.24
1906.19
1905.99
1916.17
1850.53
1811.71
1781.16
1737.87
1728.04
1712.2
1710.68
1703.61
1710.63
1715.38
1714.85
1722.74
1728.04
1729.14
1725.47
1728.93
1725.28
1718.51
1719.1
1712.03
1711.43
1712.57
1701.75
1702.39
1698.79
1686.41
1689.47
1686.13
1674.51
1680.19
1681.63
1671.11
1709.25
28643.1
67542
114219
170333
218178
253531
276515
286484
291162
291574
290008
287789
284012
279955
276681
272732
268330
265478
262175
258256
256129
253562
250152
248633
246743
243751
242793
241340
239039
237443
237201
1812.23
1812.74
1833.48
1869.75
1878.58
1903.94
1904.66
1914.46
1892.95
1849.71
1820.42
1792.86
1773.71
1765.14
1775.03
1755.14
1770.97
1778.49
1764.91
1779.91
1779.84
1769.96
1776.25
1769.5
1762.66
1765.25
1753
1747.6
1753.78
1740.82
1734.3
1738.63
1723.36
1718.01
1722.11
1708.36
1703.58
1708.15
1700.76
1694.75
1709.76
27939.5
64970.3
112867
170634
220554
256366
279118
288335
292441
292359
290564
288151
284184
280046
276712
272728
268301
265447
262141
258216
256086
253528
250112
248589
246710
243717
242751
241308
239009
237408
237164
1675.64
1699.55
1830.57
1867.08
1874.06
1900.65
1902.76
1911.5
1884.14
1832.92
1807.38
1763.69
1749.72
1740.79
1738.86
1730.54
1739.23
1741.34
1742.73
1745.19
1745.82
1745.7
1741.43
1739.68
1738
1728.92
1725.08
1721.52
1717.27
1713.42
1706.24
1702
1696.36
1689.89
1686.92
1683.63
1677.57
1676.23
1677.88
1670.62
1708.51
25818.4
61553.3
111123
170983
223306
259609
282083
290414
293870
293225
291195
288541
284380
280153
276772
272723
268275
265417
262106
258180
256051
253495
250080
248557
246682
243691
242722
241286
238987
237386
237146
1666.93
1679.42
1816.5
1843.31
1850.68
1880.12
1881.77
1897.02
1887.81
1837.56
1816.17
1755.51
1746.34
1734.75
1726.19
1726.61
1728.7
1729.6
1733.09
1732.41
1735.62
1736.26
1729.75
1732.66
1729.26
1719.85
1721.31
1714.56
1709.56
1709.39
1698.97
1695.7
1693.56
1683.32
1682.09
1681.29
1671.23
1672.29
1674.52
1662.75
1690.98
1876.89
56999.7
109022
171381
226560
263396
285497
292746
295461
294193
291893
288946
284597
280258
276827
272716
268240
265378
262067
258133
255997
253457
250038
248504
246648
243659
242674
241253
238961
237350
237108
1543.39
1553.76
1791.19
1819.98
1845.36
1875.93
1878.74
1894.92
1891.67
1850.9
1832.56
1764.48
1756.28
1746.56
1738.01
1740.47
1739.53
1742.16
1744
1739.66
1743.6
1742.92
1734.16
1736.64
1732.89
1722.11
1722.94
1714.7
1708.79
1708.17
1698.01
1694.23
1692.29
1682.62
1680.81
1680
1670.01
1670.24
1672.08
1660.07
1681.18
1711.86
51872.6
106405
171819
230391
267795
289398
295364
297215
295257
292668
289370
284827
280375
276883
272706
268204
265333
262022
258082
255936
253409
249990
248446
246603
243619
242622
241213
238927
237312
237066
1607.18
1591.72
1792.36
1796.46
1823.34
1849.18
1851.06
1875.04
1881.5
1876.07
1861.48
1790.7
1776.9
1759.03
1753.62
1752.55
1746.67
1752.52
1746.45
1745.05
1751.09
1743.7
1740.08
1743.85
1732.68
1727.66
1728.13
1715.66
1716.91
1712.97
1700.65
1704.18
1696.95
1686.69
1692.1
1684.22
1673.92
1681.4
1674.95
1662.53
1685.22
1709.46
45687.4
102812
172167
234912
272934
293856
298269
299158
296454
293512
289817
285084
280488
276921
272698
268160
265276
261972
258019
255862
253354
249935
248373
246548
243577
242557
241161
238890
237261
237011
1813.16
1807.78
1816.05
1817.06
1817.33
1843.44
1847.57
1870.35
1879.33
1879.68
1881.28
1856.08
1827.71
1815.05
1814.59
1799.11
1796.92
1801.36
1785.98
1788.77
1788.55
1777.17
1779.47
1774.45
1765.08
1767.97
1757.85
1750.82
1756.88
1742.39
1738.1
1743.46
1726.73
1723.9
1728.55
1711.74
1708.51
1713.31
1699.13
1693.4
1706.93
1709.3
38528.4
97909.7
172684
240261
278950
298904
301532
301270
297766
294434
290284
285344
280614
276921
272668
268109
265208
261898
257945
255782
253275
249864
248299
246471
243516
242493
241093
238829
237205
236947
1381.08
1350.23
1643.27
1622.65
1650.38
1819.12
1835.23
1866.13
1876.9
1875.2
1879.53
1804.4
1779.08
1776.93
1763.88
1764.54
1759.27
1759
1754.53
1750.11
1750.63
1745.84
1739.61
1738.15
1733.4
1726.25
1722.6
1718.73
1714.78
1708.3
1705.84
1702.64
1694.44
1692.19
1689.87
1681.8
1678.72
1677.39
1671.05
1665.03
1669.14
1708.05
29973.8
91009.8
173100
246539
285961
304599
305179
303538
299224
295422
290795
285632
280767
276999
272638
268066
265150
261828
257887
255710
253208
249812
248236
246417
243477
242439
241054
238799
237180
236913
1575.72
1441.16
1805.53
1652.05
1672.74
1801.08
1813.03
1841.35
1858.63
1860.53
1868.99
1829.06
1805.45
1791.11
1773.86
1783.87
1762.86
1764.57
1761.03
1750.65
1754.57
1746.45
1740.7
1742.43
1731.24
1727.93
1727.47
1717.33
1717.12
1712.11
1705.4
1706.1
1698.31
1692.7
1694.51
1685.71
1679.68
1682.58
1673.92
1664.79
1670.9
1698.41
17992.2
80865.2
173378
254009
294287
311171
309117
306014
300871
296434
291333
285942
280894
277000
272623
268004
265064
261751
257800
255603
253126
249741
248131
246340
243430
242346
240984
238761
237116
236844
1825.57
1818.88
1897.99
1805.61
1801.71
1811.29
1816.38
1838.26
1856.02
1858.03
1867.91
1868.06
1863.91
1848.58
1836.6
1829.39
1807.2
1815.18
1795.68
1788.14
1793.38
1780.08
1780.56
1776.03
1766.25
1770.77
1760.36
1755.18
1760.32
1744.6
1743.77
1748.27
1730.34
1730.32
1734.08
1715.51
1714.82
1718.25
1700.8
1697.12
1701.67
1704.19
1716.67
65758.1
171576
262852
304178
318611
313466
308676
302658
297476
291894
286240
281031
276990
272571
267932
264958
261637
257692
255482
253010
249641
248020
246229
243343
242257
240884
238672
237042
236755
1446.77
1171.85
1499.36
1384.72
1388.66
1587.38
1573.92
1826.26
1841.01
1811.74
1864.95
1816.14
1768.51
1789.36
1758.99
1774.29
1761.28
1751.24
1742.83
1741.68
1737.3
1734.73
1731.75
1725.85
1726.23
1722.06
1714.99
1718.32
1712.05
1701.06
1707.48
1701.32
1688.88
1695.36
1689.31
1677.13
1682.42
1676.55
1665.12
1666.04
1661.24
1661.44
1706.97
43858.3
168036
273319
315912
326978
318219
311511
304611
298548
292506
286568
281185
276988
272518
267866
264863
261531
257601
255377
252908
249561
247933
246147
243285
242186
240824
238625
237001
236708
1739.73
1463.42
1819.99
1461
1473.53
1612.82
1563.77
1806.8
1820.05
1820.1
1851.19
1839.82
1811.94
1807.45
1771.67
1818.85
1766.52
1760.91
1761.58
1738.87
1743.9
1739.31
1729.06
1733.38
1724.33
1719.97
1722.66
1714.02
1710.35
1706.81
1702.5
1700.72
1694.26
1690.96
1690.48
1682.63
1678.91
1679.01
1669.8
1661.87
1662.74
1657.29
1710.08
6424.37
161896
285762
330015
336435
323312
314582
306725
299606
293133
286920
281310
276957
272470
267763
264727
261420
257477
255225
252795
249459
247794
246044
243214
242063
240732
238575
236917
236616
1873.18
1632.63
1786.84
1202.68
1202.13
1334.16
1307.91
1667.55
1645.53
1678.34
1848.69
1759.97
1751.66
1765.84
1737.26
1799.51
1746.54
1749.46
1752.57
1722.6
1734.62
1729.07
1716.66
1725.38
1717.25
1712
1716.09
1708.12
1704.45
1700.34
1696.51
1696.47
1688.83
1685.49
1687.28
1677.96
1674.21
1676.51
1665.82
1657.38
1659.11
1649.38
1685.52
1715.81
152496
300485
346770
346990
328749
317889
308863
300707
293767
287243
281458
276936
272392
267664
264580
261257
257344
255071
252640
249338
247661
245908
243111
241957
240620
238482
236850
236527
1871.58
1784.9
1863.04
1419.25
1349.79
1445.69
1401.38
1794.94
1670.29
1694.35
1824.86
1799.45
1799.93
1788.78
1781.22
1853.86
1776.24
1784.38
1784.74
1744.52
1761.77
1740.05
1735.05
1748.25
1719.46
1728.31
1735.38
1706.57
1718.76
1714.02
1695.77
1711.21
1698.89
1687.01
1703.46
1686.58
1677.52
1693.98
1673.89
1661.27
1676.53
1653.82
1661.69
1719.02
136873
316718
366214
358339
334324
321468
311031
301800
294413
287615
281495
276883
272313
267518
264407
261115
257182
254883
252498
249211
247485
245780
243026
241797
240505
238427
236743
236414
1926.31
1915.76
1880.26
1843.64
1828.81
1808.18
1804.54
1807.94
1801.84
1802.15
1817.41
1834.79
1840.32
1849.54
1848.44
1853.81
1853.1
1851.52
1850.13
1822.51
1831.7
1816.85
1805.9
1806.58
1788.2
1791.95
1784.23
1768.62
1777.28
1760.96
1755.24
1765.53
1745.48
1744.01
1753.78
1731.16
1730.78
1739.43
1715.62
1712.3
1719
1692.47
1693.21
1719.66
111481
333796
388091
370527
340157
325236
313073
302951
295018
287900
281623
276808
272164
267367
264200
260882
256996
254675
252276
249038
247307
245584
242873
241650
240337
238282
236634
236271
1927.14
1918.5
1883.89
1715.31
1452.71
1295.61
1164.84
1442.56
1343.73
1383.82
1688.57
1651.18
1642.58
1726.56
1698.42
1805.78
1753.18
1748.96
1783.13
1742.83
1751.35
1757.47
1736.44
1740.79
1735.98
1727.1
1723.69
1716.85
1714.82
1705.39
1705.41
1708.27
1695.41
1697.12
1701.63
1685.82
1688.56
1693.54
1677.06
1675.37
1676.85
1652.9
1644.82
1720.07
68944
351106
411775
383170
346148
329005
315033
304071
295593
288151
281647
276726
271989
267221
263995
260644
256821
254479
252068
248883
247154
245418
242746
241544
240219
238172
236581
236196
1800.15
1939.54
1919.69
1750.8
1591.53
1415.2
1362.35
1786
1499.16
1479.69
1796.74
1704
1696.15
1755.57
1732.68
1839.67
1782.46
1785.03
1840.1
1776.19
1793.31
1791.84
1765.6
1778.42
1752.68
1749.94
1756.24
1720.11
1731.31
1731.45
1706.56
1722.42
1712.75
1699.36
1716
1698.71
1692.46
1709.57
1689.68
1682.24
1694.24
1659.41
1644.51
1735.63
1726.66
367504
435762
396041
352226
332572
316982
305071
296131
288444
281605
276614
271839
267009
263748
260421
256604
254231
251861
248714
246931
245242
242630
241344
240069
238096
236452
236061
1946.05
1944.38
1938.36
1901.62
1893.82
1854.42
1842.98
1813.57
1800.26
1796.8
1796.13
1803.49
1803.3
1819.01
1823.44
1840.07
1845.18
1844.44
1847.96
1844.64
1843.25
1841.93
1837.43
1835.87
1833.95
1823.12
1821.27
1793.71
1803.11
1791.2
1772.2
1789.8
1770.35
1760.36
1779.18
1753.88
1748.17
1766.78
1740.99
1735.25
1748.19
1712.43
1697.46
1738.28
1722.7
387193
460476
408646
357988
335805
318740
306033
296552
288421
281529
276419
271542
266780
263445
260080
256351
253947
251559
248477
246694
244983
242415
241157
239849
237889
236317
235877
1941.63
1941.67
1931.57
1902.54
1894.05
1860.35
1784.41
1819.97
1323.98
1205.01
1408.54
1345.12
1361.22
1552.82
1509
1715.57
1719.03
1708.78
1799.12
1770.15
1767.93
1803.08
1764.7
1753.14
1773.26
1747.22
1730.07
1738.12
1729.54
1717.69
1726.39
1726.67
1712.89
1724.7
1726.53
1708.29
1720.97
1724.74
1708.67
1719.03
1716.98
1685.25
1676.42
1741.31
1724.81
409502
485441
420015
362935
338666
320228
306826
296845
288334
281420
276159
271178
266523
263111
259704
256086
253654
251245
248245
246469
244736
242219
241005
239670
237718
236241
235763
1533.9
1724.02
1925.47
1859.78
1913.9
1844.5
1856.08
1859.75
1567.82
1432.01
1783.77
1497.15
1509.96
1653.62
1566.95
1809.8
1749.58
1746.05
1828.08
1808.26
1821.32
1831.19
1804.28
1812.41
1809.27
1781.03
1790.84
1755.99
1760.39
1779.97
1742.16
1753.85
1759.29
1736.98
1750.14
1742.32
1731.68
1747.85
1738.45
1733.11
1742.93
1712.82
1692.66
1759.15
1735.7
434142
507528
429243
366493
341124
321567
307396
296818
288272
281245
275850
270860
266200
262733
259363
255791
253313
250944
248020
246175
244484
242061
240749
239463
237611
236084
235591
1921.28
1922.05
1927.36
1918.63
1919.17
1903.4
1893.87
1873.64
1837.84
1827.25
1803.71
1795.44
1791.57
1793.99
1795.5
1805.5
1816.52
1818.01
1827.83
1827.68
1827.56
1830.77
1829.35
1828.74
1829.65
1828.64
1828.04
1826.23
1824.06
1823.02
1804.43
1817.91
1816.99
1787.02
1810.68
1794.68
1772.16
1800.3
1781.05
1765.74
1787.87
1763.67
1739.31
1761.64
1740.08
455939
515633
434379
368595
342705
322349
307379
296636
288049
280994
275422
270353
265839
262271
258891
255440
252909
250549
247711
245844
244149
241782
240501
239182
237344
235914
235355
1911.15
1912.78
1916.01
1914
1912.24
1898.94
1892.96
1871.42
1842.23
1819.04
1810.68
1469.75
1182.19
1376.06
1317.7
1552.55
1661.71
1596.87
1816.31
1798.37
1723.39
1822.98
1809.42
1726.37
1825.52
1789.67
1710.24
1814.93
1770.19
1740.67
1809.7
1765.04
1743.03
1805.48
1762.94
1741.66
1799.09
1761.72
1743.91
1789.65
1766.18
1748.21
1767.68
1762.16
1737.9
466298
517187
433349
368081
342554
322100
307110
296211
287545
280584
274838
269656
265400
261735
258280
255041
252491
250052
247374
245536
243780
241491
240283
238920
237079
235791
235184
1866.42
1865.69
1877.91
1884.11
1887.11
1887.79
1884.94
1880.42
1861.08
1854.52
1836.56
1705.91
1599.9
1592.48
1460.9
1750.38
1645
1650.72
1784.62
1761.03
1773.53
1797.41
1800.65
1802.74
1807.75
1805.89
1809.15
1809.44
1802.91
1807.52
1805.47
1803.25
1803.34
1800.57
1798.43
1797.55
1790.61
1790.47
1787.74
1782.09
1779.51
1775.83
1761.08
1755.06
1738.03
461136
510806
429045
366728
342086
321766
306500
295684
287257
279963
274218
269235
264870
261126
257913
254632
251951
249734
247101
245064
243503
241348
239860
238649
237034
235544
234907
1859.73
1862.22
1870.73
1877.56
1879.8
1881.46
1880.84
1876.26
1861.54
1856.27
1837.62
1815.41
1806.83
1789.65
1584.77
1630.27
1446.33
1449.72
1611.89
1551.92
1559.49
1719.75
1687.08
1689.16
1801.4
1770.03
1757.45
1803.73
1794.79
1802.39
1800.72
1799.71
1798.59
1796.44
1795.19
1793.26
1789.43
1787.68
1783.83
1778.85
1776.93
1771.44
1757.56
1752.89
1811.69
438116
486116
418334
363613
340162
320449
305301
294601
286344
279131
273330
268364
264206
260373
257214
254092
251336
249186
246665
244583
243057
240996
239502
238289
236728
235312
234624
1826.38
1825.19
1827.85
1832.18
1833
1837.49
1838.96
1841.95
1840.55
1839.53
1830.93
1814.48
1809.21
1790.41
1679.53
1777.16
1775.11
1773.76
1783.2
1771.38
1767.52
1768.83
1768.02
1766.95
1768.26
1768.47
1768.12
1768.92
1768.25
1769.36
1768.93
1767.81
1767.9
1766.96
1765.73
1765.04
1762.32
1760.45
1757.6
1752.86
1750.29
1744.67
1734.34
1736.13
156735
409898
457440
402536
359178
337596
318915
303755
293458
285691
278280
272510
267753
263617
259707
256713
253671
250781
248777
246379
244124
242710
240824
239109
238001
236629
235086
234381
4087
1833.99
1829.81
1830.34
1827.23
1830.49
1831.9
1836
1836.56
1835.77
1830.53
1816.18
1812.12
1797.12
1790.33
2165.21
23195.5
14750.3
15799.9
19283.9
17104.5
5349.76
1772.25
1769.26
1768.9
1766.85
1763.8
1763.66
1760.02
1763.75
1763.7
1737.13
1762.66
1738.24
1744.07
1760.57
1753.9
1755.72
1754.06
1748.83
1746.86
1745.67
1739.39
5081.18
197564
374643
423570
385218
351590
332619
315896
301405
291518
284175
277030
271228
266558
262750
258720
255807
253011
249996
248087
245850
243521
242154
240394
238674
237548
236248
234810
234026
25567.1
23374
22435.2
27212.6
72205.6
1821.16
1813.79
1811.16
1807.96
1807.28
1805.78
1798.97
1798.23
1797.4
1823.95
26054.5
33722.7
25609.4
24969.1
26811.9
25682
19233.7
11319.7
10699.9
11944.7
13472.9
35221.8
1778.76
1760.95
1759.16
1750.89
1747.28
1747.75
1740.35
1736.06
1740.26
1734.38
1733.44
1736.17
1733.52
1743.3
100820
71626.4
103181
213488
341250
386504
370022
342785
326903
312688
298772
289603
282998
275774
270121
265719
261960
257931
255188
252482
249367
247607
245538
242991
241804
240243
238173
237267
236208
234521
233765
27548.2
28110.8
32317.4
40056.6
63370.6
34893.2
56559.7
83805.3
1813.42
1808.03
1807.85
1805.78
1807.72
103847
50564.1
45477.6
44814.1
35305.5
35177
33735.7
29824.6
27444.1
20120
19125.7
23806.2
25755.8
42602.7
24741.8
19825.3
26501.2
30272.2
48323
37095.7
71132.3
40191.5
38704.5
88896.4
99086.3
68166.7
67651.1
68003.3
117275
100147
127303
216027
312317
354187
353260
333505
320567
308912
296409
287684
281526
274946
269136
264712
261529
257289
254475
252157
248904
247092
245235
242653
241377
239961
237982
236938
235909
234427
233517
29929.6
31335
35584.2
42249.6
53212.4
46276.8
69925.1
61682.4
47436.8
91757
92521
75888.9
49120.6
92539.5
67876.4
56025.2
48808.9
40144.6
38714
33496.2
29718.1
28109.1
20671.2
19467.9
23908.8
24510.6
33308.3
24641.2
22198.8
28751.8
39051.1
60415.6
46098.4
60620.6
37848.4
47275.3
78517.9
84555
69436.6
73247.8
77781.4
103075
113283
144014
215617
288735
326233
334862
322114
311989
302875
292130
283951
278338
272747
266872
262336
260053
255718
252660
251010
247790
245678
244273
241879
240342
239150
237391
236176
235161
234024
233008
33666.2
35657.2
40131
45472.4
53707.3
55220
69859
69960.2
71017.3
102610
107779
94974.4
73665.1
87044
72752.8
61972.4
52698.5
44062.1
42065.4
36655.4
32428.7
31887.2
25987
24656.4
29247.8
29594.3
35479.3
32181.1
30614.7
38380.5
46049.4
59073.8
57132.4
60150.8
49492.9
58321.3
74602.8
81488.8
80052.1
82012.2
89342.1
111353
125544
154902
213029
270446
304516
318851
311661
304467
298112
288270
281137
276678
271028
265376
261443
259147
254731
252062
250517
247041
245191
244078
241259
239923
239132
236812
235778
235297
233744
232633
36626.2
38519.6
42239.4
46307.2
52682.2
55956.7
64935.6
67608.7
72200.5
91328.1
97518.4
90448.3
76623.7
79994.1
71189.2
64198.4
55797.3
48264.6
46438.1
40813.3
36864.3
36704.8
31269.8
29903.2
33986.2
33068.2
36620.1
35575.1
34591.9
41113.9
46118.4
53254.7
54585.6
52472.9
44955.3
56624.5
67738.4
74622.1
79452.2
83310.9
92431.5
112634
129945
157679
207810
255109
286043
303079
300474
296040
291971
283626
277392
273611
268703
263172
259348
257664
253189
250557
249417
245865
244050
243198
240343
239023
238415
236117
235040
234641
233285
232056
39532.7
41369.2
44692.4
48376.6
53650.8
57765.1
64327
68735
74112.4
85889.3
91277.7
87266.4
78945.5
77787.2
70901.8
65075.3
57552.1
50834.4
48034.5
42778.8
39040.6
38196.4
34218.6
33012.3
36053.2
35337
38034.6
38272.4
38489.5
44773.1
48603.7
53815.6
58551.9
58226.4
57099.8
68731.9
74701.2
79832.7
87450.8
91001.3
100325
119565
136677
162483
204729
243025
270925
289539
289790
287940
286364
278940
273828
271277
266455
261286
258062
256437
252029
249701
248720
245049
243392
242866
239693
238510
238361
235518
234627
234724
233011
231725
42095.7
43885.2
46862.4
50162.4
54683.6
58850.3
64225.2
68949.7
73865.4
81572.1
86018
83770.6
78731.3
76157.1
70742.1
66141
59817.3
54101.9
51210.7
46715.4
43300.1
42455.4
39328.7
38269.1
40888.8
40178.4
42265.1
43310
43922.1
49749.7
52527.6
56370.7
62044.2
61781.6
62488.1
72134.9
76767
82521.8
91818.7
96239.6
106077
124360
140729
164709
200886
232569
257749
276530
279517
279514
279830
273855
269654
267864
263783
258815
255852
254773
250283
248141
247501
243691
242199
241903
238627
237553
237581
234724
233789
234016
232482
231026
44305.9
46047.2
48702.4
51696.8
55653.8
59559
64225.1
68714.1
73026.3
78422.5
81969.2
80785.1
77594.8
74808.8
70447.1
66514.9
61185.9
56321.9
53137.4
49149.4
46149.4
44788.7
42294.7
41474.6
42976.2
42838.9
44551
45569.5
46905.6
52065.6
54197.6
57910
63660.2
64087.1
66449.8
75160.8
79318
85501.1
95220.8
100500
111044
128642
144084
166187
197788
224190
246933
265547
269769
271772
274046
268684
265771
265172
260963
256661
254334
253145
248948
247169
246518
242737
241473
241380
237839
237003
237437
233996
233357
234096
232120
230696
46418.7
48084.7
50499.3
53231.5
56715.5
60301.1
64354.7
68433.8
72156.1
76146.3
79012.3
78527.3
76372.1
73947.3
70367.9
67001.1
62623.8
58469
55465.2
52102.7
49460
48235.5
46242.4
45650
46940.7
47060.5
48478.6
49991.5
51508.1
56275.7
58521.7
61714.2
67473.1
68908.8
71609.6
79838.2
84086.9
89901.4
100276
107003
116115
132999
147404
167100
194883
217324
237474
255398
260904
263898
267532
263695
261357
261340
258480
253969
251779
251367
247048
245338
245284
241432
240109
240426
236899
235855
236567
233398
232452
233213
231661
229999
48257.4
49875.1
52052.9
54547.7
57646
60865.2
64464
67992.1
71183.8
74307.5
76557.6
76555.3
75054.6
73087.2
70227.2
67358.3
63748.8
60255.3
57421.6
54501.9
52255.5
50940.9
49198.8
48913.3
49681.9
49948.7
51376.7
52659.9
54560
58721.6
60659.8
64062.1
69340.4
71151.8
74816
82189.8
86310.5
92789.2
102585
109031
119301
134938
148347
167390
191395
210432
229215
246294
251793
256560
261533
258032
257151
258281
255151
251531
249994
249332
245442
244214
244013
240239
239344
239682
235884
235305
236273
232115
231988
233375
231081
229598
50038.4
51578.9
53579.1
55882.2
58644.5
61564.1
64694.3
67878.2
70631.9
73153
75006.4
75333.7
74264.9
72733.8
70383.9
67969.7
65021.4
62003
59496.7
57047.6
55051.2
53925.8
52477.1
52343.2
53139.2
53444.1
54806
56367.9
58334.7
62063.4
64448.3
67598.6
72630.7
75431.8
79039.9
86141.7
91033
96902.2
106797
114280
123507
138923
152514
168156
189999
207130
222516
238683
245358
249745
255450
253766
252787
254241
252535
248792
247239
247629
243658
242145
242774
239115
237717
238657
235354
234014
235244
232423
231040
232086
231286
229162
51650
53133.8
54948.9
57058.4
59539.5
62137.9
64891.3
67644.4
70033.8
72163
73705.6
74144.8
73535.8
72285.6
70447.9
68480.3
66064.4
63573.2
61372.6
59296.2
57621.8
56564.7
55395.1
55442.3
56067.8
56401.4
57814.4
59317.2
61409.8
64726.3
67081.4
70371.8
74980.9
77960.7
82104.6
88599.5
93377.3
99747
108979
116085
125876
139741
151376
166945
186007
200303
215627
230516
236510
242679
248970
247265
247964
250192
248271
245583
244736
244777
241380
240469
240845
237282
236541
237364
233558
233094
234416
230155
230160
231774
229281
227797
53148.9
54563.4
56244.4
58193.9
60421.9
62758.7
65196.6
67634.3
69720.1
71527.8
72887
73348.7
73104.8
72164.3
70706.2
69081.5
67161.5
65059.8
63209
61550.3
60097.6
59220.3
58390.9
58467.7
59166.4
59590.7
60986
62673.2
64772.6
67815.5
70493.3
73691.9
78074
81659
85786.6
92027.7
97433.4
103465
112445
120312
129286
142436
154424
167735
185141
199277
211964
225824
233264
238536
244881
245366
245758
247764
247659
244939
243515
244944
241686
239854
241253
238193
236297
237765
234992
233368
234724
232055
231004
231855
231419
229408
54645.7
55992.9
57518.1
59302.2
61310.2
63385.2
65556.7
67713.9
69501.9
71087.4
72295.5
72742.8
72770
72120.3
70979.2
69704.8
68204.6
66532.8
65003.3
63661
62500.9
61771.4
61236.2
61387.2
62045.6
62576.7
63953.9
65659.8
67773.4
70613.3
73335.3
76538.8
80704.3
84368.7
88694
94609.8
99927.6
106107
114559
122110
131041
143092
153934
166443
181893
194305
206200
218799
225953
231557
237797
239052
239927
241999
242837
240190
238758
241024
237879
235896
237891
235102
232986
234701
232403
230470
231804
229938
228480
228936
229253
226997
55998.8
57277.6
58683.5
60331.6
62152.1
64018
65954.5
67834
69479.7
70863.2
71944.2
72401.8
72611.5
72240.6
71376.1
70363.8
69239.2
67921.3
66693.7
65660
64742.6
64169.8
63936.8
64146.3
64753
65449
66820.8
68545.4
70663.4
73336.3
76137.2
79308.3
83272.4
87098.1
91464.3
97042
102491
108544
116470
124086
132566
143616
154217
165339
179188
190879
201580
213094
220488
226012
232231
234332
235617
237988
239225
237229
236404
238591
235961
234282
236317
233904
231802
233762
231663
229688
231348
229360
227942
228904
228939
226728
57358
58581.6
59872.9
61402.5
63061.7
64732.4
66475.7
68139.4
69629.7
70916.2
71887.2
72379.7
72691.4
72563.1
71979.3
71160.2
70354.6
69365.1
68403.1
67630.8
66974.9
66565.2
66599.4
66873.4
67507.2
68359.9
69741
71487.9
73628.8
76233
79058
82272.8
86125.6
90014.6
94479.8
99860.4
105271
111357
118910
126315
134615
144844
154686
165515
177780
188416
198469
209038
216199
221914
227973
230582
232368
234811
236599
234991
234215
236703
234357
232720
234849
232663
230611
232442
230697
228682
230066
228750
227168
227603
228423
226181
58607.5
59765.6
60950.5
62385.4
63895.8
65415.8
66991.6
68464.8
69841.4
71015.7
71911.9
72468.3
72815.2
72901.3
72574.2
71940.6
71425.8
70713.5
70009.3
69497.9
69066.1
68869.3
69048.1
69420.4
70098.6
71075.3
72478.3
74233.8
76382.6
78901
81734
84940.6
88638.3
92594.7
97000.9
102162
107537
113472
120590
127827
135733
145209
154535
164366
175429
185349
194571
204167
211265
216866
222674
225784
227882
230439
232374
231480
231193
233407
231746
230384
232406
230795
228764
230716
229368
227327
228916
227643
226160
226903
227532
225448
59884.9
60994.5
62080.5
63429.5
64826.1
66205
67647.5
68964.9
70236.9
71329.1
72160.8
72786
73143.7
73401.5
73289.6
72849.5
72540.7
72092.2
71608.4
71330.5
71119.8
71143.6
71422.9
71924.8
72669.2
73757.6
75206.7
76981.3
79141
81621.4
84455.4
87666.1
91281
95239.6
99603.2
104622
109895
115744
122529
129495
137127
145908
154746
163903
173996
183135
191841
200708
207505
213179
218848
222183
224703
227447
229626
229233
229206
231461
230162
229206
231106
229629
228104
229780
228480
226831
228116
227110
225748
226148
227092
225039
61066.7
62121.4
63123
64403.5
65679.5
66949.9
68277.2
69460.2
70675.2
71695.7
72492.3
73183.2
73584.2
73935.1
74021.7
73806.1
73669
73448.2
73161.7
73115
73138.6
73277
73694
74307.2
75129.8
76308.4
77792.2
79592.6
81748.7
84191.1
87017
90182.2
93736.1
97659.3
101942
106790
111958
117627
124065
130777
138031
146217
154385
162966
172153
180679
188756
196881
203465
208994
214381
217981
220704
223477
225718
225828
226261
228195
227466
226781
228420
227492
226072
227638
226807
225210
226487
225663
224451
224982
225760
224040
62281.8
63299.1
64221.3
65447.7
66646.8
67813.1
69053.7
70132.3
71276.9
72270.5
73028.1
73751.1
74235
74616.7
74886.2
74883.1
74845.5
74853.3
74762.1
74890.6
75077.1
75340.1
75897.8
76638.4
77535
78798.2
80333.1
82151.6
84307.3
86740.7
89550.5
92678.2
96192.2
100022
104252
108961
113986
119503
125647
132057
138988
146598
154437
162353
170793
178694
186308
193859
200129
205606
210845
214536
217531
220445
222791
223378
224128
226047
225643
225384
226919
226143
225292
226643
225809
224732
225823
225090
224165
224596
225432
223796
63433.2
64403.4
65264.6
66440.1
67543.3
68642.2
69801.3
70785.6
71897.8
72845.3
73579.9
74360.8
74906
75329.9
75732.7
75928.1
76038
76210.7
76302.8
76608.3
76935.3
77334.9
78028.1
78864.2
79848.2
81189
82763.6
84593.4
86761.5
89170.4
91962.7
95050
98499.6
102259
106387
110942
115829
121145
126994
133130
139698
146833
154074
161540
169317
176695
183799
190803
196811
202109
207125
210907
214004
216932
219306
220310
221347
223112
223086
223065
224414
224027
223355
224543
224066
223122
224095
223545
222770
223203
223847
222581
64558.3
65503.3
66297.4
67441.2
68497.5
69532.4
70630.1
71542.1
72623.4
73566.5
74265.5
75082.9
75706.7
76180.6
76674.9
77060.4
77284.8
77603.8
77813.3
78280
78759.5
79263.5
80077.6
81023.1
82068
83480.3
85112.5
86950.1
89137.5
91536.2
94288.2
97358.3
100723
104402
108447
112856
117581
122720
128303
134143
140393
147083
153932
160888
168102
174970
181662
188224
193925
199093
203958
207731
210967
213980
216445
217744
219030
220802
221071
221421
222724
222484
222254
223348
222897
222386
223306
222803
222303
222802
223417
222286
65941.6
66841.8
67603.6
68691.9
69661.7
70653.3
71696.5
72544.5
73595.8
74504.7
75208.2
76050.7
76693.2
77269.9
77824.2
78303.9
78725.9
79122.2
79469.8
80083.9
80666.2
81286
82213.3
83224.9
84352.4
85821.4
87465.4
89333.4
91516.5
93886.8
96608.9
99633.7
102894
106497
110429
114675
119243
124173
129482
135045
140956
147234
153585
160140
166838
173258
179519
185650
191078
196042
200714
204470
207731
210749
213239
214765
216247
217965
218494
219075
220308
220260
220198
221226
220987
220617
221451
221061
220672
221165
221615
220687
66816.1
67705.6
68426.6
69488.4
70443.8
71401
72403.6
73201.4
74249.7
75162.2
75863.9
76741.4
77442.4
78096.9
78724.2
79236.1
79910.6
80383.2
80822.5
81561.3
82277.3
82989.6
84021.9
85134.2
86315.1
87857.1
89541.5
91440.8
93624.3
95968
98689.2
101667
104854
108393
112219
116327
120746
125489
130558
135862
141475
147388
153383
159521
165782
171796
177701
183478
188642
193444
197971
201683
204996
208054
210597
212342
213991
215743
216517
217339
218555
218705
218989
219943
219773
219740
220557
220203
220098
220690
221001
220334
67995.6
68855.4
69562.2
70585.7
71503
72417.2
73398.1
74176.4
75203
76103
76814.1
77718.8
78458.6
79159.6
79877.8
80401.8
81271.6
81820.3
82364.7
83213.6
84022.2
84834.1
85958.4
87137.7
88380
89973.4
91680.6
93590.6
95790.7
98108
100799
103720
106825
110280
113991
117949
122213
126758
131584
136636
141951
147508
153165
158912
164766
170409
175967
181402
186320
190931
195290
198950
202256
205304
207890
209764
211549
213361
214305
215281
216540
216887
217323
218305
218274
218399
219203
219030
219003
219591
219954
219436
69105.8
69955.8
70630.9
71637.7
72534.7
73427.2
74375.9
75123.4
76147.4
77048.7
77755.7
78700.8
79483.3
80239.8
81010
81559.7
82561.6
83216
83827.3
84775
85682.6
86561.1
87775.9
89022.3
90298.3
91955.3
93683.4
95609.8
97799.9
100070
102743
105609
108626
112001
115601
119412
123526
127884
132482
137294
142332
147580
152863
158295
163792
169094
174330
179466
184140
188565
192777
196351
199630
202683
205293
207278
209157
211027
212120
213239
214548
215035
215647
216655
216714
217025
217855
217712
217860
218508
218827
218450
70251.2
71080
71748.9
72728.4
73601.9
74472
75410.7
76153
77163.1
78066.1
78784.1
79744.6
80565.7
81360.3
82193.9
82811.6
83841.1
84659.9
85311
86335.3
87329.6
88279.8
89563.3
90871.5
92201
93886.7
95643.6
97577.9
99780.8
102022
104654
107475
110412
113698
117189
120853
124815
128992
133365
137950
142727
147673
152687
157773
162927
167924
172868
177716
182168
186418
190469
193965
197211
200230
202855
204909
206881
208811
210021
211260
212637
213259
213994
215040
215267
215687
216554
216514
216777
217443
217817
217547
71376.9
72200.6
72848.7
73821.1
74678
75536.1
76453.7
77182.2
78196.5
79107.7
79829.7
80823.2
81675.2
82510.7
83377.6
84072.1
85099.6
86083.7
86765.1
87866.6
88943
89946.3
91293.3
92658
94013.3
95735.1
97514.3
99452.6
101624
103837
106442
109194
112042
115241
118619
122142
125953
129955
134116
138483
143014
147677
152392
157214
162065
166784
171452
176042
180285
184354
188263
191666
194852
197853
200483
202604
204623
206608
207928
209258
210703
211441
212284
213392
213727
214254
215178
215216
215569
216301
216705
216533
72524.8
73335.4
73975.2
74930.4
75780.6
76626.3
77541.5
78269.5
79277.6
80191.9
80928
81932.3
82819.5
83687.1
84613.2
85370.7
86384
87483
88224.1
89376.8
90514.7
91571.6
92960
94374.4
95767.1
97501.3
99311.6
101254
103418
105604
108156
110862
113634
116741
120022
123408
127074
130913
134875
139037
143346
147750
152244
156772
161334
165794
170219
174558
178602
182513
186266
189573
192710
195659
198275
200419
202498
204526
205924
207347
208858
209695
210640
211810
212254
212877
213839
214008
214438
215205
215670
215569
73672.2
74480.8
75108.9
76064.9
76901.7
77739.3
78642.9
79368.8
80382.8
81305.1
82052.8
83086.5
83991.4
84890.4
85847.5
86654.1
87712.8
88841.7
89695.9
90879.2
92067.3
93164.9
94606.9
96062.1
97474.6
99241.8
101047
102987
105119
107278
109795
112430
115123
118141
121308
124562
128083
131757
135529
139493
143584
147759
151979
156275
160581
164806
168992
173108
176971
180710
184322
187541
190597
193505
196108
198297
200392
202450
203936
205417
206983
207923
208945
210176
210718
211416
212436
212703
213194
214020
214545
214519
74817.3
75618
76236.2
77187.4
78030
78863.2
79767.4
80488.8
81507.7
82435.9
83192.7
84238.5
85177.4
86104.5
87104.3
87942.3
89055.9
90172
91145.9
92334.6
93564.3
94699.4
96174.8
97663.7
99097
100874
102698
104631
106751
108877
111337
113922
116539
119461
122533
125660
129043
132570
136163
139943
143843
147802
151811
155875
159945
163946
167928
171839
175522
179119
182594
185707
188706
191558
194125
196306
198439
200519
202050
203605
205225
206234
207341
208633
209253
210039
211117
211460
212035
212911
213486
213532
75999
76799.4
77418.6
78369.3
79191.6
80024.3
80929
81655.4
82678.9
83616.4
84387
85454.1
86397.5
87348.7
88377.7
89258.5
90423.6
91527.3
92611.4
93786.5
95059.9
96238.7
97754.5
99252.3
100714
102508
104302
106235
108321
110424
112836
115350
117899
120735
123695
126703
129952
133324
136749
140351
144053
147802
151597
155455
159303
163103
166880
170593
174119
177553
180892
183921
186825
189618
192159
194364
196487
198574
200172
201761
203416
204516
205676
207013
207733
208572
209696
210138
210755
211671
212302
212461
77074.6
77873.2
78473.7
79438.8
80276.3
81108.1
82013.8
82726.8
83769.6
84719.1
85484
86575.5
87555.2
88525.9
89581.5
90474.1
91670
92781
93928.5
95146
96481.9
97669.7
99200
100721
102180
103978
105794
107697
109770
111831
114191
116653
119127
121873
124740
127635
130756
133996
137268
140703
144240
147809
151368
155066
158726
162328
165930
169475
172838
176145
179372
182292
185137
187885
190379
192564
194713
196807
198429
200080
201775
202919
204160
205553
206321
207249
208438
208921
209627
210613
211284
211494
78682.2
79474.7
80091.2
81030.2
81838.1
82670.7
83582
84306
85326.7
86273.7
87061.8
88146.5
89110.2
90102.3
91183.8
92101.2
93296
94462.9
95602
96875
98174.8
99396.8
100934
102455
103934
105719
107498
109369
111430
113441
115737
118142
120521
123176
125944
128708
131699
134800
137906
141174
144518
147912
151362
154806
158244
161662
165080
168432
171645
174807
177879
180711
183463
186110
188559
190715
192842
194918
196563
198227
199928
201131
202396
203811
204662
205613
206815
207397
208121
209105
209836
210105
79405.6
80212.8
80818.4
81779.6
82617.9
83453.6
84361.8
85084.7
86133.2
87100.2
87891.2
89004.3
90008.4
91022.3
92111.6
93045.6
94291.7
95496.6
96573.7
98015.9
99270.1
100499
102069
103622
105104
106895
108683
110541
112556
114530
116810
119142
121465
124065
126728
129404
132303
135269
138257
141403
144617
147792
151081
154394
157684
160958
164214
167427
170522
173557
176529
179291
181967
184566
187002
189144
191249
193357
195031
196713
198468
199730
201043
202514
203434
204454
205709
206365
207163
208200
208999
209351
80673.3
81475
82099.1
83034
83872.8
84709.1
85631.8
86372.5
87406.1
88376.7
89187.6
90287.6
91306
92330
93450.9
94410.6
95657.5
96879.4
97919.8
99430.8
100671
101944
103499
105053
106539
108300
110083
111913
113918
115855
118061
120350
122601
125102
127690
130259
133036
135898
138747
141743
144807
147854
150981
154132
157254
160368
163484
166541
169497
172424
175275
177933
180547
183065
185430
187543
189649
191719
193407
195123
196868
198172
199541
201017
201998
203084
204350
205071
205942
206992
207818
208241
81847.7
82649.2
83277
84226.7
85060.5
85902.4
86807.4
87554.7
88604.6
89578.1
90396
91520
92538.5
93575.9
94685.6
95660.4
96928.1
98145.2
99216.7
100737
102030
103275
104844
106392
107864
109639
111382
113195
115139
117043
119215
121425
123616
126054
128535
131017
133697
136426
139161
142035
144951
147862
150836
153835
156818
159790
162751
165685
168518
171314
174072
176646
179161
181634
183959
186063
188120
190173
191881
193586
195341
196684
198070
199574
200602
201718
203022
203794
204692
205795
206664
207163
83026.7
83827.9
84455.7
85398
86247.3
87089.9
88008.5
88755.7
89802.7
90781
91602.5
92723
93766.1
94810.1
95942.9
96921.9
98196.3
99426.1
100527
101959
103375
104549
106103
107663
109133
110875
112623
114410
116336
118197
120309
122476
124596
126946
129362
131744
134317
136954
139566
142313
145112
147891
150727
153597
156437
159273
162117
164916
167628
170330
172981
175462
177922
180316
182575
184622
186676
188708
190403
192130
193890
195249
196677
198200
199262
200433
201765
202578
203542
204672
205569
206112
84268.8
85069.6
85707.5
86656.2
87482.5
88329.2
89244.1
90004.2
91057.1
92035.4
92868.5
94000.2
95025.4
96074.8
97205
98204.1
99485.2
100719
101839
103207
104665
105856
107435
108958
110418
112156
113840
115610
117476
119309
121377
123472
125540
127823
130143
132443
134925
137445
139952
142590
145259
147925
150642
153357
156071
158783
161494
164177
166782
169367
171923
174326
176695
179039
181246
183286
185288
187284
188994
190703
192451
193842
195277
196810
197915
199103
200458
201324
202298
203466
204403
205018
85323.1
86131.3
86747.4
87719.8
88570.1
89415
90335.1
91074.1
92145.2
93136.1
93948.9
95101.9
96156
97204.3
98344.3
99330.3
100622
101867
102966
104362
105808
107032
108552
110081
111509
113237
114932
116658
118505
120288
122307
124358
126360
128570
130825
133043
135430
137867
140271
142796
145378
147934
150490
153103
155719
158309
160919
163500
165990
168490
170968
173274
175586
177877
180021
182006
184002
185972
187658
189383
191138
192526
193993
195555
196667
197902
199303
200174
201211
202436
203396
204033
87107.2
87910.5
88542
89476.1
90299.6
91143.3
92072.7
92824.4
93860.7
94841.5
95672.8
96791
97818.5
98869.8
100021
101010
102269
103515
104625
106015
107375
108673
110078
111587
113018
114702
116353
118037
119863
121587
123537
125538
127455
129581
131762
133875
136164
138503
140783
143187
145636
148068
150563
153074
155513
157979
160473
162914
165303
167702
170054
172285
174522
176703
178788
180711
182660
184587
186244
187947
189673
191065
192529
194069
195215
196455
197834
198764
199807
201004
201997
202667
87726.8
88541.8
89172
90135.8
90981.3
91829.8
92746.7
93501.5
94566.7
95558.2
96389.9
97536.8
98583.4
99637.9
100768
101765
103049
104286
105390
106782
108110
109459
110933
112453
113838
115516
117134
118790
120553
122242
124177
126112
127991
130081
132181
134240
136473
138720
140938
143290
145654
147944
150320
152735
155122
157511
159900
162265
164581
166890
169182
171359
173524
175676
177734
179646
181553
183469
185131
186819
188552
189968
191438
193002
194185
195447
196858
197832
198912
200157
201198
201938
90468.6
91404.7
92259.7
93108.6
94035.7
94795.2
95842.9
96833.1
97669.1
98791.1
99847.8
100902
102049
103041
104308
105543
106643
108016
109365
110645
112150
113574
114953
116592
118211
119842
121592
123237
125107
127005
128816
130827
132877
134853
136995
139176
141293
143537
145814
148023
150323
152644
154901
157188
159493
161753
163979
166217
168413
170517
172631
174695
176688
178536
180424
182299
183934
185621
187332
188746
190229
191782
192983
194276
195684
196686
197810
199049
200106
200875
93486.2
94337.7
95249.1
96020.7
97074.8
98053.4
98897.4
100030
101057
102109
103230
104234
105505
106720
107827
109206
110531
111726
113311
114671
116048
117685
119229
120833
122505
124124
125959
127778
129549
131513
133474
135390
137470
139548
141591
143761
145931
148073
150290
152479
154652
156857
159055
161233
163383
165521
167648
169690
171716
173745
175689
177530
179353
181186
182822
184466
186152
187577
189042
190587
191809
193091
194507
195543
196659
197929
199011
199840
94530
95381
96296
97043.1
98108.3
99091.9
99914.4
101057
102104
103153
104279
105255
106528
107744
108820
110190
111506
112680
114245
115680
116945
118550
120105
121668
123327
124895
126684
128473
130179
132085
133998
135840
137849
139869
141828
143915
146030
148099
150215
152319
154400
156532
158665
160763
162831
164909
166967
168936
170918
172886
174775
176555
178365
180168
181768
183412
185090
186495
187973
189527
190742
192052
193488
194521
195682
196981
198078
198909
96347.9
97189.1
98110.8
98866.1
99890.5
100860
101691
102792
103803
104839
105967
106943
108169
109373
110445
111771
113069
114261
115672
117104
118355
119920
121425
122936
124561
126077
127789
129535
131175
132996
134845
136607
138528
140468
142326
144315
146339
148298
150330
152386
154378
156388
158428
160419
162402
164401
166357
168255
170171
172045
173869
175591
177347
179091
180654
182265
183894
185288
186744
188255
189478
190776
192178
193241
194391
195653
196759
197610
96905.1
97747.5
98651.4
99402.8
100453
101429
102254
103382
104406
105443
106542
107514
108763
109954
111021
112363
113648
114809
116240
117693
118977
120477
121946
123436
125008
126488
128195
129882
131484
133289
135076
136799
138689
140567
142397
144352
146285
148158
150123
152090
154034
156016
157984
159926
161860
163789
165705
167565
169422
171276
173076
174794
176509
178235
179800
181385
183007
184410
185857
187378
188621
189924
191344
192433
193603
194902
196042
196947
99913.6
100666
101691
102662
103483
104579
105613
106640
107750
108710
109931
111115
112163
113470
114747
115898
117301
118665
119973
121388
122864
124331
125893
127325
128979
130638
132181
133917
135667
137319
139132
140963
142707
144578
146464
148266
150167
152094
153942
155833
157746
159603
161468
163352
165187
166985
168806
170579
172319
173967
175663
177349
178874
180451
182046
183432
184882
186378
187619
188940
190342
191442
192645
193922
195059
195971
102894
103845
104675
105768
106761
107779
108857
109826
111039
112193
113243
114540
115771
116909
118291
119598
120913
122403
123759
125187
126667
128078
129700
131275
132796
134493
136159
137767
139535
141277
142969
144789
146589
148339
150188
152019
153799
155633
157455
159256
161067
162864
164651
166404
168144
169889
171590
173238
174869
176506
178031
179557
181114
182502
183916
185392
186644
187937
189332
190449
191623
192918
194071
195035
105564
106676
107688
108690
109768
110698
111911
113066
114072
115370
116607
117702
119087
120417
121585
123097
124446
125833
127313
128681
130259
131810
133272
134919
136556
138105
139816
141521
143147
144906
146673
148375
150161
151932
153644
155402
157177
158932
160678
162440
164179
165862
167575
169279
170921
172523
174143
175742
177231
178759
180297
181657
183080
184552
185778
187090
188501
189591
190802
192124
193269
194224
107370
108417
109398
110388
111463
112385
113541
114677
115676
116906
118110
119194
120499
121784
122953
124384
125731
127035
128490
129808
131310
132831
134233
135806
137393
138870
140498
142137
143681
145361
147071
148681
150381
152100
153735
155440
157170
158804
160477
162181
163821
165452
167115
168715
170304
171831
173406
174955
176394
177885
179375
180709
182105
183528
184752
186047
187402
188514
189710
190965
192113
193064
107796
108870
109840
110828
111867
112792
113969
115081
116079
117330
118515
119591
120917
122171
123322
124703
126053
127390
128758
130047
131546
133005
134384
135957
137483
138940
140566
142160
143687
145344
146959
148523
150195
151841
153441
155127
156785
158400
160053
161692
163312
164926
166529
168131
169709
171253
172780
174311
175759
177211
178690
180038
181409
182829
184070
185349
186712
187848
189039
190329
191500
192509
108793
109851
110829
111806
112850
113745
114906
116010
116976
118202
119375
120418
121711
122959
124083
125443
126758
128076
129411
130659
132132
133572
134894
136423
137920
139313
140888
142448
143909
145516
147109
148614
150242
151861
153399
155011
156625
158170
159785
161397
162955
164526
166104
167635
169170
170651
172163
173665
175074
176521
177978
179298
180668
182072
183303
184593
185941
187074
188287
189557
190728
191720
110600
111621
112548
113502
114528
115418
116529
117609
118562
119739
120873
121900
123147
124335
125436
126745
127981
129269
130596
131779
133179
134570
135850
137297
138735
140077
141573
143077
144486
146017
147545
148989
150540
152090
153563
155112
156673
158169
159696
161238
162730
164235
165752
167232
168707
170152
171606
173043
174420
175820
177221
178516
179850
181207
182417
183673
184983
186108
187285
188529
189684
190683
110837
111886
112827
113777
114775
115646
116782
117845
118782
119981
121106
122108
123372
124555
125623
126949
128174
129402
130720
131900
133288
134630
135887
137345
138756
140081
141579
143014
144377
145899
147380
148790
150328
151827
153263
154801
156316
157781
159306
160808
162275
163773
165254
166719
168183
169626
171054
172483
173859
175235
176631
177933
179250
180610
181831
183081
184401
185541
186725
187986
189160
190190
111852
112861
113802
114740
115744
116607
117707
118758
119679
120834
121945
122931
124141
125315
126368
127637
128866
130080
131365
132528
133844
135179
136399
137803
139190
140464
141905
143325
144643
146107
147563
148923
150406
151886
153282
154772
156253
157654
159124
160605
162022
163477
164939
166339
167759
169144
170560
171954
173294
174666
176034
177310
178629
179960
181172
182433
183724
184862
186066
187290
188455
189473
113629
114613
115502
116415
117381
118231
119299
120316
121221
122349
123412
124377
125560
126673
127698
128930
130070
131236
132452
133608
134911
136154
137332
138678
140002
141241
142622
143972
145247
146654
148036
149348
150773
152173
153515
154945
156354
157711
159137
160542
161906
163306
164696
166068
167442
168809
170155
171496
172811
174120
175438
176692
177958
179247
180436
181647
182907
184030
185181
186400
187547
188577
113704
114714
115621
116534
117493
118308
119398
120409
121284
122429
123494
124428
125621
126736
127734
128977
130124
131288
132492
133566
134918
136168
137289
138647
139933
141117
142503
143831
145061
146473
147828
149099
150527
151903
153204
154633
156019
157337
158764
160151
161483
162889
164263
165599
166968
168317
169656
170997
172300
173602
174924
176175
177436
178729
179926
181141
182403
183545
184712
185928
187096
188132
114849
115804
116704
117595
118553
119377
120416
121416
122288
123372
124420
125346
126479
127580
128566
129746
130886
132017
133217
134287
135538
136768
137868
139170
140444
141601
142919
144226
145423
146765
148102
149337
150696
152049
153310
154675
156051
157341
158701
160069
161361
162705
164064
165354
166667
167968
169295
170587
171858
173159
174437
175664
176930
178189
179365
180589
181821
182941
184123
185307
186444
187475
115786
116743
117605
118486
119404
120222
121259
122224
123090
124176
125187
126102
127234
128289
129255
130430
131510
132615
133751
134807
136058
137241
138320
139552
140760
141901
143219
144465
145645
146974
148244
149454
150794
152084
153321
154675
155975
157231
158573
159873
161144
162473
163769
165054
166355
167665
168937
170202
171472
172718
173972
175196
176411
177648
178823
180001
181224
182347
183483
184680
185820
186878
116383
117350
118219
119086
120005
120783
121815
122778
123603
124683
125692
126564
127691
128748
129666
130837
131925
132993
134120
135120
136334
137499
138586
139849
141049
142131
143407
144640
145772
147068
148332
149499
150811
152099
153297
154606
155899
157116
158422
159720
160959
162250
163540
164789
166050
167332
168609
169839
171087
172340
173567
174770
175996
177218
178371
179564
180780
181875
183033
184228
185351
186388
118028
118937
119783
120627
121534
122308
123283
124224
125040
126057
127038
127902
128960
129982
130895
131993
133042
134084
135196
136185
137342
138486
139496
140681
141851
142915
144132
145336
146429
147662
148887
150011
151261
152507
153658
154915
156171
157341
158597
159861
161043
162290
163553
164739
165954
167172
168411
169605
170804
172029
173221
174387
175589
176770
177900
179071
180238
181326
182468
183602
184702
185719
118101
119020
119848
120689
121570
122347
123334
124258
125077
126108
127072
127937
129010
130009
130914
132025
133045
134084
135149
136128
137292
138393
139410
140611
141736
142776
144003
145169
146259
147501
148687
149807
151064
152269
153412
154671
155887
157048
158313
159538
160719
161976
163199
164401
165623
166869
168079
169265
170482
171674
172858
174040
175213
176389
177534
178681
179854
180959
182074
183233
184351
185409
118736
119664
120496
121323
122202
122944
123926
124843
125625
126650
127608
128431
129497
130496
131361
132469
133493
134502
135563
136503
137650
138746
139724
140902
142044
143049
144219
145377
146431
147651
148835
149913
151142
152343
153451
154684
155899
157031
158258
159478
160628
161850
163067
164229
165417
166640
167852
169006
170202
171400
172558
173718
174897
176056
177179
178334
179495
180575
181707
182857
183952
184989
120060
120935
121747
122555
123423
124163
125100
126000
126776
127751
128685
129503
130515
131485
132346
133394
134389
135374
136421
137345
138442
139514
140466
141585
142680
143690
144841
145974
146994
148151
149302
150349
151528
152702
153774
154962
156147
157236
158427
159625
160732
161923
163119
164237
165393
166557
167734
168864
170018
171191
172324
173457
174613
175741
176850
177988
179107
180182
181296
182395
183481
184496
120695
121571
122360
123162
124005
124739
125672
126550
127320
128292
129206
130014
131024
131969
132816
133858
134814
135785
136790
137704
138788
139828
140778
141891
142964
143944
145072
146144
147161
148319
149437
150474
151642
152774
153835
155012
156159
157242
158422
159568
160663
161841
162996
164115
165260
166438
167580
168691
169849
170983
172096
173229
174352
175466
176571
177677
178790
179866
180949
182058
183140
184175
120757
121643
122435
123238
124075
124783
125729
126601
127348
128330
129239
130028
131044
131985
132814
133863
134821
135790
136788
137668
138771
139793
140707
141834
142885
143828
144998
146075
147042
148213
149315
150321
151501
152619
153652
154843
155976
157029
158220
159358
160426
161617
162762
163852
165000
166166
167302
168412
169566
170695
171809
172942
174059
175169
176282
177385
178492
179581
180666
181761
182856
183889
121395
122247
123040
123825
124663
125376
126289
127155
127904
128848
129748
130535
131510
132445
133270
134277
135236
136183
137184
138061
139120
140146
141052
142135
143187
144124
145224
146304
147265
148397
149495
150488
151624
152742
153761
154908
156041
157077
158231
159373
160426
161575
162721
163787
164904
166037
167175
168260
169389
170525
171615
172729
173853
174943
176040
177150
178238
179309
180407
181482
182558
183579
122562
123401
124157
124926
125745
126449
127337
128183
128919
129845
130718
131491
132451
133349
134160
135153
136063
136985
137953
138817
139846
140840
141731
142785
143806
144727
145804
146851
147787
148867
149935
150910
152018
153100
154098
155216
156311
157326
158449
159553
160586
161710
162821
163871
164960
166088
167184
168240
169355
170453
171514
172611
173704
174766
175844
176927
177994
179047
180114
181180
182236
183254
122490
123344
124104
124873
125676
126369
127271
128107
128834
129773
130642
131402
132373
133269
134064
135069
135975
136893
137841
138692
139736
140706
141587
142658
143654
144560
145650
146669
147613
148724
149774
150730
151849
152909
153894
155025
156100
157107
158244
159328
160352
161486
162578
163629
164723
165857
166946
168000
169121
170208
171268
172372
173454
174520
175607
176677
177748
178811
179871
180943
182006
183039
122995
123834
124597
125356
126161
126837
127726
128559
129269
130188
131053
131796
132748
133645
134421
135404
136319
137222
138172
139002
140024
140999
141857
142902
143903
144790
145859
146887
147800
148875
149914
150854
151951
153018
153982
155086
156165
157150
158260
159349
160353
161464
162560
163583
164651
165759
166855
167887
168988
170082
171125
172212
173302
174349
175418
176500
177555
178605
179675
180728
181777
182793
123966
124775
125518
126263
127058
127734
128593
129413
130119
131009
131856
132596
133516
134387
135163
136112
137000
137886
138821
139643
140633
141591
142437
143449
144429
145300
146333
147334
148230
149290
150316
151242
152304
153344
154290
155366
156421
157384
158469
159536
160516
161603
162679
163677
164729
165809
166875
167894
168973
170041
171068
172138
173203
174234
175292
176352
177382
178422
179476
180504
181544
182546
124409
125218
125946
126685
127460
128132
128988
129793
130495
131385
132215
132948
133868
134723
135486
136436
137300
138175
139087
139902
140882
141819
142661
143664
144624
145491
146518
147499
148394
149437
150432
151343
152401
153422
154360
155427
156461
157419
158493
159536
160513
161589
162641
163641
164680
165768
166813
167815
168896
169946
170957
172024
173073
174093
175143
176188
177218
178251
179287
180322
181350
182361
124411
125231
125960
126700
127471
128127
128994
129792
130480
131378
132204
132923
133850
134703
135454
136408
137270
138145
139047
139843
140839
141760
142584
143604
144549
145400
146442
147407
148280
149339
150331
151228
152300
153304
154227
155307
156326
157268
158355
159389
160351
161441
162482
163468
164511
165595
166637
167639
168720
169762
170773
171844
172887
173903
174963
176003
177026
178071
179102
180131
181168
182182
124831
125636
126366
127094
127866
128514
129366
130163
130840
131720
132546
133255
134163
135016
135755
136689
137558
138417
139320
140109
141079
142004
142817
143810
144761
145598
146612
147585
148448
149479
150471
151355
152397
153407
154317
155373
156398
157327
158389
159425
160374
161441
162484
163456
164481
165544
166591
167574
168639
169689
170683
171741
172789
173792
174837
175882
176895
177925
178965
179983
181006
182008
125639
126420
127134
127854
128615
129261
130089
130875
131552
132409
133218
133924
134808
135640
136380
137289
138135
138981
139873
140653
141598
142510
143314
144284
145217
146043
147033
147985
148836
149846
150819
151692
152714
153703
154600
155632
156638
157554
158595
159614
160547
161592
162620
163573
164582
165624
166649
167625
168670
169697
170682
171722
172752
173742
174774
175802
176796
177818
178843
179841
180855
181849
126002
126785
127486
128198
128950
129596
130417
131194
131864
132717
133516
134215
135096
135918
136650
137557
138385
139222
140100
140876
141812
142709
143507
144466
145387
146209
147188
148130
148976
149973
150932
151799
152810
153786
154675
155698
156690
157599
158631
159635
160564
161601
162614
163567
164562
165609
166620
167580
168625
169640
170611
171650
172671
173648
174675
175697
176686
177700
178716
179715
180719
181715
125995
126783
127483
128197
128940
129578
130408
131175
131841
132701
133496
134188
135074
135893
136614
137526
138352
139188
140051
140819
141766
142649
143441
144413
145316
146131
147123
148047
148888
149897
150840
151700
152725
153686
154568
155602
156579
157483
158523
159511
160437
161484
162484
163438
164435
165483
166488
167446
168496
169506
170474
171516
172527
173506
174541
175552
176541
177563
178568
179571
180582
181585
126303
127093
127798
128501
129245
129864
130694
131463
132108
132966
133762
134432
135316
136139
136838
137749
138580
139403
140267
141017
141955
142840
143613
144574
145482
146279
147262
148189
149009
150006
150956
151799
152807
153776
154643
155660
156644
157531
158557
159552
160462
161493
162497
163434
164414
165458
166471
167405
168448
169467
170416
171449
172470
173434
174455
175473
176455
177461
178477
179473
180466
181463
126967
127735
128430
129125
129864
130480
131290
132050
132692
133529
134313
134985
135847
136655
137354
138239
139059
139872
140732
141473
142391
143272
144034
144973
145874
146660
147618
148537
149347
150322
151262
152095
153082
154040
154892
155891
156866
157740
158749
159736
160627
161643
162641
163557
164530
165548
166546
167476
168499
169503
170445
171462
172469
173422
174434
175445
176406
177407
178417
179388
180378
181360
127231
127987
128673
129365
130098
130718
131518
132271
132920
133746
134520
135198
136049
136845
137551
138425
139230
140038
140890
141630
142538
143411
144173
145101
145991
146777
147727
148637
149447
150412
151340
152169
153148
154094
154952
155946
156904
157774
158777
159751
160640
161650
162636
163548
164520
165536
166522
167451
168468
169459
170401
171416
172411
173361
174371
175368
176329
177329
178328
179298
180287
181269
127517
128273
128951
129637
130366
130985
131776
132525
133169
133989
134757
135430
136276
137061
137764
138637
139431
140234
141077
141815
142712
143575
144335
145256
146140
146922
147861
148763
149567
150524
151445
152273
153246
154179
155026
156007
156961
157828
158823
159790
160674
161675
162655
163563
164525
165540
166515
167439
168456
169437
170370
171381
172370
173314
174319
175312
176266
177262
178256
179221
180204
181188
127759
128515
129190
129874
130593
131205
131998
132740
133377
134196
134960
135624
136470
137253
137943
138816
139604
140401
141237
141968
142866
143717
144469
145388
146261
147035
147974
148867
149665
150621
151531
152348
153320
154246
155088
156071
157012
157869
158864
159820
160697
161697
162663
163567
164523
165535
166505
167424
168439
169415
170341
171350
172333
173269
174273
175257
176206
177202
178187
179150
180130
181113
128039
128796
129468
130149
130862
131462
132261
132995
133620
134442
135199
135852
136700
137477
138157
139029
139810
140605
141431
142149
143050
143892
144633
145553
146417
147181
148122
149003
149789
150747
151646
152453
153424
154343
155170
156156
157090
157936
158932
159879
160743
161746
162705
163596
164549
165555
166515
167425
168436
169405
170327
171336
172310
173240
174245
175221
176161
177159
178139
179093
180071
181050
128007
128764
129440
130121
130832
131426
132228
132961
133582
134407
135164
135811
136658
137439
138114
138982
139769
140564
141385
142097
143007
143844
144577
145506
146363
147120
148067
148945
149725
150689
151583
152384
153363
154276
155096
156088
157017
157857
158863
159802
160659
161674
162624
163510
164474
165475
166436
167348
168359
169327
170248
171258
172229
173157
174168
175142
176081
177089
178063
179007
179996
180975
128238
128987
129662
130335
131046
131644
132432
133165
133787
134599
135357
136003
136838
137620
138288
139146
139937
140718
141541
142256
143146
143986
144722
145632
146492
147248
148177
149057
149835
150780
151679
152480
153439
154354
155177
156146
157082
157923
158905
159852
160713
161701
162658
163545
164485
165482
166452
167346
168347
169325
170236
171236
172216
173139
174137
175121
176057
177045
178028
178976
179943
180921
128710
129450
130115
130783
131489
132083
132862
133588
134207
135010
135757
136401
137226
137995
138665
139515
140290
141066
141884
142590
143469
144303
145031
145930
146783
147533
148452
149324
150095
151029
151919
152709
153658
154563
155376
156343
157269
158100
159074
160011
160862
161844
162792
163667
164604
165594
166548
167440
168437
169397
170301
171296
172260
173173
174165
175131
176055
177038
178014
178957
179922
180894
128857
129593
130251
130921
131626
132219
132993
133714
134335
135135
135875
136521
137343
138105
138777
139621
140390
141166
141980
142684
143559
144390
145114
146010
146857
147606
148521
149386
150155
151088
151973
152761
153710
154612
155417
156377
157286
158113
159084
160013
160860
161841
162784
163658
164595
165583
166534
167429
168425
169380
170285
171280
172239
173153
174145
175105
176027
177013
177981
178917
179884
180856
129043
129777
130430
131096
131798
132390
133160
133877
134496
135293
136028
136676
137495
138246
138922
139763
140523
141298
142108
142811
143679
144504
145228
146121
146962
147707
148620
149479
150245
151175
152051
152836
153781
154671
155475
156439
157346
158167
159135
160057
160900
161878
162817
163686
164624
165608
166545
167438
168430
169374
170278
171274
172221
173134
174130
175085
176007
176995
177959
178892
179860
180829
129208
129940
130586
131253
131953
132544
133314
134025
134643
135439
136165
136812
137631
138376
139050
139890
140644
141417
142224
142922
143790
144610
145330
146221
147057
147799
148709
149561
150326
151253
152121
152906
153849
154733
155537
156494
157393
158215
159184
160099
160938
161915
162846
163708
164642
165619
166550
167444
168435
169371
170272
171268
172209
173121
174118
175066
175986
176975
177939
178868
179835
180808
129361
130092
130734
131399
132097
132685
133449
134158
134776
135571
136294
136939
137756
138498
139170
140006
140755
141527
142333
143027
143892
144708
145425
146312
147144
147885
148792
149641
150402
151328
152190
152971
153913
154794
155594
156546
157443
158260
159225
160136
160971
161946
162875
163734
164663
165640
166566
167450
168437
169367
170266
171263
172197
173108
174107
175051
175970
176960
177918
178844
179813
180785
129497
130227
130868
131531
132228
132814
133580
134286
134898
135691
136412
137054
137870
138608
139278
140113
140860
141628
142430
143122
143985
144800
145514
146399
147230
147965
148871
149716
150473
151397
152257
153032
153974
154850
155645
156599
157490
158303
159269
160176
161006
161980
162902
163753
164680
165653
166572
167454
168442
169369
170264
171259
172190
173098
174097
175037
175953
176947
177901
178823
179796
180767
129622
130353
130991
131653
132347
132930
133696
134400
135010
135804
136522
137161
137975
138712
139380
140210
140955
141725
142522
143212
144077
144886
145596
146482
147307
148039
148947
149785
150539
151466
152320
153093
154034
154902
155695
156652
157536
158343
159312
160214
161038
162013
162929
163775
164700
165667
166581
167462
168448
169366
170262
171257
172180
173089
174093
175026
175940
176938
177888
178805
179782
180753
129736
130467
131099
131766
132456
133037
133808
134501
135112
135910
136618
137258
138074
138802
139471
140301
141042
141814
142608
143291
144161
144963
145671
146566
147378
148107
149022
149849
150601
151533
152373
153145
154097
154955
155745
156706
157577
158382
159357
160247
161065
162044
162948
163785
164719
165684
166590
167475
168455
169362
170262
171262
172169
173081
174093
175013
175926
176934
177876
178785
179771
180745
129844
130578
131201
131875
132559
133137
133919
134599
135209
136013
136703
137351
138171
138886
139563
140391
141121
141902
142687
143367
144248
145037
145742
146648
147446
148175
149099
149909
150661
151608
152430
153201
154163
154999
155790
156765
157618
158422
159410
160282
161094
162088
162983
163810
164753
165712
166596
167490
168482
169359
170267
171286
172158
173077
174105
174998
175913
176934
177867
178767
179763
180742
129900
130645
131246
131935
132603
133177
133982
134614
135254
136103
136743
137402
138237
138924
139612
140444
141158
141955
142726
143393
144299
145060
145758
146694
147453
148182
149146
149909
150665
151650
152424
153201
154205
154995
155788
156805
157612
158416
159439
160274
161084
162109
162978
163797
164765
165714
166581
167494
168500
169335
170263
171323
172113
173072
174172
174987
175906
176961
177862
178745
179762
180758
130043
130797
131403
132086
132767
133330
134137
134787
135391
136226
136880
137522
138370
139057
139725
140573
141287
142073
142853
143512
144417
145183
145868
146803
147571
148285
149245
150017
150758
151739
152522
153285
154283
155079
155865
156875
157689
158484
159497
160344
161146
162151
163039
163858
164789
165770
166638
167517
168553
169377
170276
171347
172159
173078
174146
174981
175900
176936
177855
178742
179734
180748
130140
130898
131506
132189
132886
133408
134225
134906
135474
136307
136998
137613
138455
139152
139821
140669
141360
142171
142958
143560
144496
145291
145920
146870
147677
148332
149301
150123
150801
151789
152630
153321
154323
155180
155882
156901
157781
158491
159530
160425
161144
162200
163106
163853
164850
165819
166675
167578
168549
169425
170315
171319
172220
173078
174125
175062
175885
176944
177883
178719
179750
180704
130111
130841
131390
132179
132882
133296
134216
134927
135425
136270
136948
137590
138425
139052
139823
140648
141222
142175
142946
143432
144516
145302
145821
146894
147710
148261
149327
150158
150740
151809
152650
153258
154352
155197
155815
156948
157788
158402
159595
160425
161024
162292
163109
163690
164972
165848
166509
167685
168631
169334
170393
171438
172202
173070
174190
175010
175774
177106
177920
178550
179964
180904
129988
130893
131694
131910
132828
133468
133980
134873
135417
136242
137157
137460
138421
139410
139540
140638
141618
141828
142942
143752
144147
145294
146055
146549
147748
148445
149009
150229
150908
151510
152763
153447
154044
155348
156064
156607
157978
158756
159207
160623
161514
161833
163224
164291
164465
165782
167079
167252
168366
169787
170150
171058
172524
173185
173900
175472
176275
176545
178064
179280
179421
180488
129815
130488
132109
131464
133209
133753
133218
135707
135457
135336
137874
137289
137833
139929
139212
140534
142011
141338
143250
144079
143485
145888
146290
145710
148438
148599
148054
151002
151020
150492
153557
153539
153007
156095
156151
155603
158594
158852
158305
161029
161641
161139
163406
164546
164047
165690
167561
167089
167937
170660
170164
170166
173629
173192
172662
176039
176268
175767
178149
179580
179269
180189
)
;

boundaryField
{
    inlet
    {
        type            fixedFluxPressure;
        gradient        nonuniform List<scalar> 0();
        value           nonuniform List<scalar> 0();
    }
    outlet
    {
        type            prghPressure;
        p               nonuniform List<scalar> 0();
        value           nonuniform List<scalar> 0();
    }
    front
    {
        type            empty;
    }
    back
    {
        type            empty;
    }
    hub
    {
        type            zeroGradient;
    }
    tip
    {
        type            zeroGradient;
    }
    procBoundary1to0
    {
        type            processor;
        value           nonuniform List<scalar> 
160
(
1872.72
1868.82
1861.35
1855.96
1859.41
1841.81
1834.79
1829.55
1827.2
1821.65
1813.84
1810.49
1812.22
1809.88
1811.71
1807.09
1811.5
1814.4
1799.27
1808.13
1781.64
1796.83
1763.54
1800.78
1828.2
1707.99
1780
1634.56
1819.57
1824.54
1619.09
1852.46
1858.44
1869.33
1913.83
1923.25
1949.39
1961.41
1956.73
1949.47
1952.52
1945.3
1592.85
1916.84
1903.43
1855.05
1851.08
1834.89
14983.6
26296.1
29500.4
32031
34817.7
37182.3
39410.3
41581
43535.8
45473
47228.4
48945.3
50539.9
52026.3
53551.7
54915.3
56298.1
57563.1
58860
60060.2
61286
62457.6
63587.6
65006.4
65872
67080.4
68189.6
69354.8
70480.1
71639.5
72785.8
73932.7
75119.6
76174.1
77821.8
78511.1
79803.8
80963.7
82148.6
83385.7
84418.3
86244.4
86831.1
89015.6
89825.3
89825.3
91708.8
92657.3
92657.3
93679.2
95531.2
96063
98159.6
99001.6
99001.6
101101
101866
101866
103811
104772
104772
106569
106995
108006
109818
110073
111089
112874
112976
114110
115055
115684
117333
117398
118068
119386
120030
120106
120742
121917
121858
122375
123342
123789
123806
124233
125038
125405
125406
125735
126395
126650
126941
127191
127481
127455
127686
128156
128300
128484
128649
128803
128943
129070
129183
129284
129329
129492
129616
129578
129707
130367
)
;
    }
    procBoundary1to5
    {
        type            processor;
        value           nonuniform List<scalar> 
65
(
207868
206881
205819
204889
203557
202845
201826
200804
199916
198636
197981
197041
196099
195324
194172
193609
192841
191799
191302
190608
189685
189244
188610
187983
187512
186831
186501
186097
185590
185246
184958
184658
184311
184089
183856
183592
183394
183213
183049
182872
182732
182595
182484
182371
182268
182181
182101
182031
181953
181911
181871
181827
181791
181763
181738
181714
181692
181668
181642
181606
181600
181599
181556
182041
183037
)
;
    }
    procBoundary1to6
    {
        type            processor;
        value           nonuniform List<scalar> 
85
(
236196
236192
236198
236206
236206
236202
236201
236200
236199
236197
236191
236187
236183
236178
236172
236164
236154
236143
236137
236125
236111
236095
236078
236056
236024
236004
235978
235942
235904
235843
235806
235758
235673
235624
235567
235474
235406
235251
235152
235061
234853
234699
234569
234308
234057
233968
233681
233524
233167
233046
232736
232051
232021
231420
231303
230680
230556
229792
229723
228608
228084
228308
225426
225555
224437
223972
223380
222563
222493
221426
221462
220068
220096
219273
218455
217660
216739
215859
214875
213954
212925
212028
210680
209962
208924
)
;
    }
}


// ************************************************************************* //
