/*--------------------------------*- C++ -*----------------------------------*\
| =========                 |                                                 |
| \\      /  F ield         | OpenFOAM: The Open Source CFD Toolbox           |
|  \\    /   O peration     | Version:  v2012                                 |
|   \\  /    A nd           | Website:  www.openfoam.com                      |
|    \\/     M anipulation  |                                                 |
\*---------------------------------------------------------------------------*/
FoamFile
{
    version     2.0;
    format      ascii;
    class       volScalarField;
    location    "1e-06";
    object      totalP;
}
// * * * * * * * * * * * * * * * * * * * * * * * * * * * * * * * * * * * * * //

dimensions      [1 -1 -2 0 0 0 0];


internalField   nonuniform List<scalar> 
10248
(
2027.06
2025.33
1956.34
2013.09
1972.15
2025.48
2017.74
2006.44
2008.57
2010.78
2025.53
2025.74
2026
2022.45
2020.1
2018.58
2015.8
2014.96
3325.36
2021.28
2021.43
2026.08
2042.32
2051.31
2077.31
2081.3
2095.92
2097.19
2073.63
2061.9
2011.6
2089.69
2267.96
2433.22
2379.91
2530.17
2546.9
2550.46
2718.22
2850.82
2882.14
4052.47
82337.5
129658
172831
209984
241720
266067
279965
287763
291207
291445
289747
287468
284248
281111
277470
273306
270218
266864
262992
260678
257912
254274
252938
250759
247899
246838
245136
242869
241306
240811
2025.5
2017.39
1946.59
1876.91
1836.37
1806.15
1694.77
1764.84
1763.84
1799.67
1802.99
1603.18
1681.99
1595.24
1499.42
1698.1
1638.9
1599.22
1824
1657.15
1669.24
1756.16
1687.26
1784.91
1891.5
1795.77
1904.23
1959.28
1825.46
1920.88
1986.71
2075.43
2335.42
2536.2
2513.79
2641.07
2736.32
2757.64
2929.32
3151.03
3198.75
4294.56
82923.5
130329
173394
210671
242502
266687
280689
288561
291809
292104
290527
288052
284855
281828
278034
273828
270849
267403
263463
261231
258452
255146
253416
251266
248278
247258
245627
243240
241661
241236
2029.45
2019.4
1967.79
1934.44
1888.82
1873.35
1748.51
1828.87
1829.9
1868.96
1861.44
1667.7
1720.95
1835.32
1573.81
1751.3
1711.75
1668.77
1884.78
1741.21
1755.63
1854.83
1837.65
1905.35
2034.25
1970.46
2051.76
2140.56
2043.17
2126.59
2277.19
2366.61
2627.06
2812.44
2766.61
2922.64
3078.76
3104.91
3303.4
3559.68
3617.05
4511.67
83590.8
130986
174174
211470
243338
267531
281505
289358
292605
292858
291281
288801
285551
282492
278717
274459
271457
268010
264038
261788
259000
255501
253952
251788
248776
247728
246087
243691
242089
241646
2025.01
2019.89
1971.3
1942.38
1903.62
1889.66
1766.33
1869.34
1851.04
1902.8
1919.4
1709.28
1747.21
1845.41
1621.42
1789.87
1743.23
1725.89
1909.02
1780.89
1790.49
1912.42
1881.37
1937.33
2080.57
2032.71
2083.14
2159.77
2074.3
2161.78
2313.46
2396.99
2676.49
2822
2776.23
2926.63
3059.92
3094.98
3366.38
3572.42
3640.11
4480.72
83665
131063
174341
211565
243452
267735
281615
289440
292741
292958
291370
288912
285653
282554
278792
274556
271517
268075
264175
261844
259075
255698
254002
251850
248861
247781
246133
243746
242151
241689
2044.43
2038.3
1973.74
1949.36
1917.72
1926.05
1802.08
1924.72
1883.99
1932.36
1981.93
1791.63
1814.61
1907.15
1720.58
1880.53
1856.71
1851.46
2028.12
1921.09
1929.17
2048.7
2049.55
2086.72
2239.08
2217.52
2240.57
2317.98
2266.64
2385.49
2520.37
2597.53
2828.89
2942.94
2910.26
3037.18
3244.7
3285.41
3566.52
3803.86
3886.53
4788.2
84034.3
131501
174768
212074
243991
268243
282090
289925
293204
293407
291821
289343
286061
282936
279172
274908
271867
268423
264480
262165
259394
255983
254296
252156
249129
248046
246395
243999
242385
241919
2060.58
2057.39
2014.12
2020.87
1981.75
1996.53
1871.71
1984.77
1934.43
1975.32
2052.85
1887.1
1894.76
1971.42
1825.81
1963.13
1954
1950.62
2075.7
2040.66
2046.19
2163.44
2189.29
2220.16
2357.67
2360.86
2367.66
2455.77
2436.66
2582.28
2740.19
2815.64
3004.1
3126.81
3115.08
3218.69
3471.07
3513.26
3760.82
4012.21
4102.57
5007.02
84339.7
131479
175036
212415
244361
268567
282415
290239
293506
293686
292103
289607
286292
283157
279394
275110
272068
268625
264657
262348
259577
256110
254460
252323
249283
248195
246544
244138
242513
242046
2061.65
2059.96
2026.57
2024.61
1992.09
2015.2
1891.67
2009.86
1932.32
1970.41
2075.88
1901.2
1906.43
1967.05
1845.65
1977.78
1958.27
1959.3
2077.88
2040.44
2050
2179.21
2195.71
2228.66
2364.77
2364.77
2376.37
2458.59
2446.39
2617.4
2773.53
2836.41
3050.95
3141.96
3135.63
3270.36
3505.8
3547.79
3817.5
4046.65
4141.33
5069.42
84421.4
131078
175107
212526
244509
268745
282534
290346
293621
293772
292184
289684
286355
283192
279433
275151
272099
268658
264705
262375
259606
256166
254484
252355
249316
248220
246567
244162
242537
242065
2091.68
2088.76
2068.88
2070.58
2037.03
2071.15
1949.59
2064.72
1985.2
2009.97
2133.19
1976.69
1970.23
2016.76
1922.11
2032.54
2022.92
2026.77
2134.66
2108.7
2119.32
2243.58
2278.13
2306.1
2432.11
2450.48
2458.63
2550.39
2555.54
2739.95
2918.77
2973.15
3161.13
3241.57
3249.73
3403.13
3642.83
3685.97
3943.61
4178.1
4279.01
5463.46
84607.7
130767
175230
212745
244799
268993
282767
290563
293812
293938
292351
289828
286477
283302
279534
275237
272188
268747
264778
262454
259686
256235
254551
252428
249377
248282
246630
244218
242586
242117
2091.94
2093.1
2087.39
2080.47
2063.75
2099.39
1980.64
2095.26
1990.42
2007.64
2148.48
1984.07
1978.87
2015.48
1933.91
2042.67
2023.55
2027.63
2135.51
2106.08
2120.81
2254.6
2275.86
2308.39
2432
2442.08
2462.44
2552.65
2555.95
2757.88
2928.72
2969.79
3176.22
3242.17
3252.63
3445.47
3653.31
3694.56
3986.91
4193.04
4312.15
16995.9
84636.9
130267
175258
212929
244996
269197
282934
290702
293932
294026
292432
289893
286518
283331
279554
275253
272202
268762
264792
262464
259698
256237
254559
252440
249387
248291
246639
244225
242592
242124
2134.73
2131.61
2125.26
2127.46
2117.38
2160.04
2049.33
2155.67
2053.28
2053.71
2194.55
2042.14
2029.52
2059.74
1993.67
2084
2073.41
2075.92
2175.6
2157.1
2170.47
2299.29
2332.35
2360.82
2479.02
2499.33
2520.17
2616.64
2623.79
2828.11
3012.46
3044.23
3242.81
3331.89
3345.88
3547.28
3751.21
3790.88
4078.75
4276.55
4415.03
20533.6
84750
129797
175302
213109
245272
269470
283165
290897
294082
294143
292544
289976
286565
283373
279587
275273
272227
268787
264804
262482
259719
256250
254571
252458
249395
248301
246652
244233
242594
242130
2179.52
2178.41
2182.89
2265.42
2234.42
2268.19
2168.95
2238.88
2144.45
2126.83
2246.35
2116.34
2092.9
2118.54
2069.95
2135.83
2141.63
2143.52
2221.69
2236.02
2246.45
2362.8
2421.71
2442.35
2558.54
2609.08
2621.64
2738.77
2762.14
2949.14
3150.37
3185.54
3357.84
3497.4
3521.77
3694.67
3908.82
3948.48
4183.85
4378.58
4530.1
21978.3
84780.8
129247
175305
213337
245575
269764
283399
291079
294214
294229
292621
290025
286560
283365
279580
275257
272209
268773
264786
262462
259705
256228
254550
252444
249375
248280
246632
244212
242567
242106
2183.61
2186.09
2200.76
2273.11
2275.48
2304.58
2224.09
2282.85
2166.95
2140.31
2255.13
2126.7
2106.43
2129
2084.69
2149.98
2154.64
2155.22
2240.16
2253.25
2265.44
2386.23
2441.32
2463.98
2583.55
2636.5
2657.13
2785.56
2805.14
2999.11
3191.22
3217.71
3400.54
3540.15
3562.21
3755.35
3948.98
3984.66
4222.44
4402.73
4547.48
23254.1
84409.6
128628
175299
213554
245926
270106
283673
291287
294356
294322
292705
290072
286566
283360
279567
275233
272191
268755
264760
262441
259688
256207
254528
252429
249351
248260
246616
244191
242542
242088
2238.27
2240.13
2264.03
2352.67
2345.85
2374.25
2339.64
2359.58
2247.1
2207.8
2295.04
2187.85
2160.69
2181.28
2149.49
2195.51
2215.47
2216.48
2287.52
2327.13
2337.21
2449.75
2529.42
2545.33
2666.94
2751.54
2761.81
2907.51
2941.16
3116.36
3316.78
3350.3
3509.44
3664.44
3691.39
3852.26
4033.76
4067.86
4267.03
4430.88
4578.69
24661.1
83876.6
128002
175287
213784
246326
270496
283970
291500
294494
294395
292763
290095
286545
283329
279522
275179
272136
268703
264706
262385
259638
256154
254475
252382
249301
248210
246569
244143
242491
242041
2244.05
2249.28
2285.17
2361.71
2362.96
2388.26
2386.71
2397.81
2271.82
2229.5
2303.27
2202.3
2180.06
2198.05
2169.71
2214.64
2235.71
2237.13
2309.26
2351.01
2363.7
2478.5
2552.74
2573.11
2698.83
2780.05
2801.66
2952.86
2976.82
3163.12
3348.68
3373.32
3547.01
3688.55
3711.7
3886.28
4049.32
4080.82
4279.44
4433.55
4584.78
25817.9
83285.4
127376
175295
214108
246837
270979
284350
291779
294672
294504
292859
290138
286541
283317
279492
275135
272100
268667
264660
262348
259605
256113
254437
252352
249261
248175
246540
244109
242451
242010
2299.41
2305.38
2351.38
2439.45
2432.12
2452.51
2455.9
2448.19
2338.72
2292.34
2337.67
2260.41
2233.78
2250.51
2234.31
2263.24
2300.98
2305.54
2365.63
2435.17
2446.6
2555.07
2659.01
2671.89
2802.61
2917.8
2925.44
3086.12
3124.77
3283.77
3463.24
3493.03
3634.59
3770.61
3795.94
3939.56
4084.64
4114.84
4285.69
4423.17
4580.19
27009
82611.6
126703
175250
214471
247399
271519
284749
292053
294838
294581
292913
290143
286493
283255
279416
275050
272011
268581
264576
262260
259524
256033
254353
252276
249186
248099
246465
244036
242377
241938
2308.96
2314.56
2372.61
2447.94
2447.17
2464.45
2462.45
2464.85
2358.15
2314.73
2347.01
2277.7
2256.8
2272.01
2259.26
2288.45
2328.52
2334.52
2395.05
2467.96
2481.99
2593.63
2691.31
2709.79
2845.82
2952.39
2973.96
3134.16
3160.7
3329.67
3491.22
3513.42
3662.9
3786.23
3809.03
3957.26
4089.54
4118.77
4284.07
4416.17
4575.03
28100.2
81906.9
126052
175239
214968
248118
272191
285268
292426
295066
294717
293028
290185
286479
283232
279371
274988
271958
268529
264511
262205
259475
255972
254299
252230
249130
248048
246422
243988
242322
241894
2350.65
2360.19
2421.53
2502.08
2496.03
2511.84
2514.56
2504.48
2412.25
2369.81
2380.28
2337.31
2312.44
2329.44
2330.49
2346.37
2409.24
2420.72
2470.52
2581.47
2593.07
2697.43
2836.19
2841.93
2978.97
3119.52
3117.75
3273.11
3313.77
3440.23
3584.03
3610.38
3721.18
3833.07
3857.06
3977.13
4092.33
4119.92
4266.43
4383.9
4537.57
29059.1
81090.4
125331
175213
215516
248901
272937
285812
292790
295279
294816
293090
290178
286411
283132
279267
274876
271839
268416
264403
262089
259365
255869
254189
252127
249033
247946
246323
243894
242226
241797
2357.06
2366.22
2436.37
2506.15
2504.47
2519.77
2518.72
2519.06
2430.26
2393.56
2395.69
2362.08
2342.14
2360.34
2366.35
2384.49
2453.3
2467.87
2521.2
2639.6
2652.71
2761.89
2901.23
2909.15
3050.96
3190.01
3193.12
3343.89
3382.15
3501.06
3631.4
3658.09
3758.86
3868.14
3893.88
4000.32
4115.17
4143.81
4269.77
4394.96
4530.69
29916.1
80245.6
124645
175268
216259
249912
273871
286531
293310
295589
295017
293260
290237
286412
283134
279226
274815
271795
268368
264335
262041
259323
255800
254141
252088
248975
247896
246287
243848
242171
241758
2361.47
2370.59
2444.21
2509.7
2511.25
2526.99
2522.52
2526.81
2424.73
2391.63
2392.26
2349.59
2341.46
2357.3
2353.71
2388.01
2445.66
2456.19
2534.83
2627.05
2645.07
2775.2
2879.6
2904.91
3055.18
3159.58
3190.86
3335.03
3350.21
3492.16
3609.73
3625.08
3740.24
3839.76
3859.76
3973.27
4082.52
4107.98
4234.58
4358.58
4511.88
30603.6
79270.6
123888
175304
217129
251074
274951
287351
293900
295942
295246
293449
290295
286414
283136
279219
274747
271748
268313
264256
261987
259272
255725
254088
252044
248912
247846
246249
243799
242117
241723
2380.24
2392.34
2466.72
2536.2
2535.76
2559.15
2559.82
2562.72
2461.45
2430.71
2426.56
2397.09
2387.36
2406.44
2408.67
2445.46
2515.24
2528.87
2616.71
2722.64
2740.06
2874.92
2993.22
3011.76
3156.56
3264.91
3285.04
3409.47
3426.89
3540.41
3632.38
3646.89
3742.84
3819.95
3837.19
3942.29
4029.33
4052.83
4177.32
4281.45
4435.37
31119
78118.8
123021
175311
218079
252330
276135
288195
294463
296265
295408
293541
290272
286329
283022
279082
274599
271588
268163
264113
261833
259128
255589
253942
251908
248787
247712
246119
243678
241995
241599
2368.85
2393.22
2468.69
2536.88
2538.27
2564.19
2562.65
2569.79
2466.35
2435.2
2431.89
2398.56
2396.99
2418.08
2412.84
2462.35
2531.37
2541.6
2642.18
2742.42
2763.02
2904.47
3010.37
3038.5
3183.02
3277.73
3308.59
3425.84
3436.38
3548.16
3632.08
3644.97
3734.63
3808.6
3826.26
3923.11
4008.18
4032.32
4146.78
4249.5
4398.83
31508.7
76864.5
122165
175413
219292
253885
277577
289254
295205
296700
295676
293741
290313
286307
282984
279001
274497
271496
268069
264009
261740
259041
255494
253850
251828
248697
247623
246046
243599
241907
241524
2351.4
2383.71
2470.02
2547.3
2550.73
2589.8
2594.05
2608.4
2519.7
2488.45
2487.31
2470.8
2464.18
2493.18
2498.86
2547.84
2632.22
2648.45
2748.65
2864.03
2882.41
3014.77
3128.61
3146.65
3271.73
3360.22
3378.73
3468.87
3480.92
3562.49
3621.15
3631.06
3704.99
3760.61
3776.13
3865.13
3932.52
3954.49
4067.83
4153.68
4291.42
31645
75290.7
121118
175470
220622
255571
279160
290361
295932
297108
295888
293845
290276
286201
282835
278831
274314
271297
267881
263830
261547
258860
255327
253668
251656
248544
247456
245884
243452
241758
241367
2301.76
2375.59
2465.08
2542.66
2547.65
2590.89
2593.72
2614.25
2540.13
2507.67
2509.19
2493.84
2492.54
2524.98
2526.66
2583.94
2667.85
2682.5
2785.98
2895.71
2917.08
3049.04
3150.43
3175
3294.73
3371.67
3396.14
3477.43
3487.07
3562.89
3613.44
3624.13
3690.63
3742.83
3759.92
3841.06
3905.44
3928.94
4032.63
4114.75
4241.66
31884.9
73502
120049
175629
222295
257643
281077
291733
296877
297658
296236
294079
290323
286178
282786
278734
274194
271183
267766
263708
261432
258754
255217
253554
251558
248439
247347
245794
243358
241657
241275
2249.92
2318.59
2437.38
2536.36
2548.32
2610.55
2619.96
2652.24
2622.73
2587.12
2588.53
2601.32
2588.21
2628.65
2648.28
2690.38
2790.05
2811.49
2890.76
3015.54
3032.95
3136.4
3239.49
3253.83
3343.29
3407.81
3422.87
3476.7
3484.06
3539.2
3569.72
3578.07
3635.14
3671.2
3685.66
3763.53
3812.03
3833.72
3937.31
4002.55
4104.98
31567.2
71226.2
118720
175738
224147
259910
283188
293170
297799
298185
296525
294197
290283
286056
282590
278534
273979
270946
267544
263500
261199
258539
255021
253337
251354
248260
247149
245600
243187
241482
241087
2288.73
2310.68
2427.91
2529.21
2541.41
2608.72
2618.76
2661.44
2672.81
2633.78
2644.56
2663.7
2649.55
2697.97
2720.6
2764.79
2864.44
2885.69
2973.06
3081.72
3097.23
3199.86
3292.56
3303.41
3387.25
3450.64
3456.03
3504.82
3520.5
3553.65
3586.82
3603.38
3637.27
3682.64
3702.79
3754.65
3815.49
3840.65
3916.81
3993.9
4063.85
30773.2
68573.5
117317
175980
226485
262721
285730
294966
299032
298895
297018
294503
290370
286065
282558
278451
273865
270853
267440
263375
261095
258443
254898
253233
251267
248152
247047
245520
243095
241383
241003
2133.72
2180.03
2406.31
2518.83
2532.21
2603.86
2613.9
2663.22
2670.57
2624.25
2641.83
2641.46
2638.93
2688.3
2690.93
2755.69
2845.36
2857.85
2958.39
3054.23
3072.33
3179.22
3257.96
3276.4
3357.44
3408.39
3419.96
3465.38
3475.03
3509.28
3539.88
3552.79
3586.33
3630.75
3648.55
3698.95
3760.1
3783.58
3855.03
3933.43
4014.56
28556.1
65074
115529
176278
229198
265938
288639
296985
300409
299684
297575
294827
290472
286078
282548
278358
273745
270753
267327
263246
260993
258341
254781
253132
251178
248048
246949
245443
243005
241291
240934
2017.76
2053.83
2312.95
2445.46
2477.65
2589.56
2607.33
2683.01
2725.33
2682.89
2712.43
2708.59
2708.53
2760.14
2767.08
2832.28
2911.94
2927.36
3019.57
3097.67
3115.42
3204.44
3259.68
3277.84
3334.37
3361.03
3378.44
3402.99
3403.79
3435.45
3449.11
3453.68
3491.28
3518
3529.14
3584.58
3627.12
3645.42
3722.67
3781.91
3833.87
4394.34
60272.7
113199
176484
232241
269494
291837
299074
301729
300412
298022
294950
290436
285933
282327
278105
273477
270459
267051
262982
260702
258074
254535
252864
250924
247825
246707
245203
242798
241082
240706
1870.49
1903.79
2265.05
2399.8
2450.7
2568.81
2589.22
2675.64
2727.2
2696.47
2732.46
2719.32
2726.19
2779.25
2781.75
2854.93
2926.24
2942.66
3036.8
3101.34
3121.91
3207.85
3253.74
3272.54
3324.09
3347.76
3362.13
3381.37
3384.92
3409.92
3420.23
3428.2
3459.38
3482.65
3496.84
3545.66
3583.05
3603.61
3673.45
3725.48
3772.48
4095
54983
110475
176853
236004
273829
295657
301590
303382
301366
298680
295253
290534
285918
282261
277965
273314
270295
266884
262815
260528
257914
254380
252698
250777
247680
246552
245068
242665
240947
240575
1862.43
1850.23
2126.11
2233.28
2308.33
2466.64
2487.95
2623.52
2708.94
2720.51
2775.34
2769.24
2770.32
2816.01
2823.35
2884.97
2943.25
2961.24
3027.02
3085.03
3106.61
3165.66
3201.05
3225.15
3255.21
3263.61
3287.28
3290.34
3287.92
3315.79
3310.75
3314.29
3348.11
3354.56
3365.47
3416.71
3435.09
3453.3
3525.65
3557.62
3596.75
3867.71
48482.3
106585
176973
240278
278693
299865
304202
305002
302284
299222
295359
290496
285736
281974
277670
272996
269938
266557
262498
260179
257593
254090
252374
250467
247420
246261
244773
242418
240694
240301
2076.97
2067.87
2128.63
2229.65
2271.05
2433.42
2464.85
2602.18
2695.04
2715
2800.5
2829.86
2821.92
2873.97
2882.57
2935.7
2988.21
3005.28
3065.26
3117.77
3133.02
3184.94
3226.5
3237.9
3267.49
3288.6
3293.15
3300.94
3311.39
3313.99
3319.86
3332.66
3339.25
3359.38
3375.99
3397.88
3431.89
3453.22
3494.54
3543.34
3578.95
3753.4
41167.3
101596
177437
245595
284692
304843
307393
307050
303494
300047
295740
290636
285748
281889
277531
272831
269785
266387
262311
260015
257429
253907
252218
250317
247259
246115
244641
242273
240554
240175
1665.05
1619.17
1927.37
2008.06
2067.84
2373.56
2423.65
2564.4
2670.96
2690.84
2777.02
2767.48
2760.87
2822.21
2823.06
2886.74
2937.68
2952.27
3012.97
3064.55
3080.08
3132.02
3170.36
3181.63
3211.09
3229.04
3233.11
3240.88
3249.44
3250.86
3256.45
3267.56
3273.58
3292.26
3307.75
3328.67
3360.97
3381.32
3419.55
3466.17
3497.07
3646.18
32433.7
94578.1
177811
251849
291691
310487
310960
309246
304856
300928
296154
290801
285778
281871
277385
272669
269633
266211
262141
259852
257269
253753
252064
250180
247124
245971
244531
242156
240441
240073
2367.7
2097.92
2113.9
1917.02
1952.37
2178.07
2212.01
2382.61
2514.29
2548.17
2665.34
2695.87
2700.5
2754.85
2748.06
2824.51
2854.75
2869.77
2928.77
2962.19
2983.69
3027.15
3049.55
3070.99
3088.25
3090.78
3109.97
3105.52
3104.21
3115.61
3109.37
3112.25
3125.56
3129.63
3138.22
3163.37
3178.89
3193.32
3234.27
3262.96
3285.91
3391.54
20054.5
84043.1
177826
259031
299694
316748
314540
311331
306147
301566
296277
290744
285544
281481
277020
272271
269187
265802
261742
259415
256870
253393
251662
249800
246809
245610
244173
241867
240135
239745
2806.21
2631.51
2238.52
2072.81
2074.65
2161.62
2189.93
2343.25
2477.69
2513.05
2646.6
2713.01
2736.44
2791.58
2792.87
2853.94
2877.72
2900.78
2955.51
2977.9
2999.97
3041.91
3067.32
3078.69
3097.46
3111.42
3113.47
3113.44
3124.01
3115.83
3114.86
3127.31
3121.77
3130.27
3145.83
3152.34
3171.5
3191.01
3213.47
3245.38
3271.44
3333.67
3574.17
68701.2
175943
267856
309588
324147
318809
313925
307832
302494
296739
290914
285556
281373
276848
272080
268984
265579
261525
259199
256658
253194
251457
249606
246622
245430
244001
241688
239974
239586
2723.68
2224.39
1972.57
1663.25
1663.13
1901.12
1915.66
2280.98
2415.35
2419.47
2580.01
2630.28
2598.89
2690.99
2687.59
2754.68
2799.35
2809.22
2850.9
2902.52
2912.99
2950.08
2991.3
2993.01
3014.24
3036.46
3028.5
3034.81
3048
3028.89
3036.42
3048.95
3031.93
3050.27
3064.64
3058.34
3089.11
3106.64
3113.58
3157.12
3180.57
3215.42
3397.1
46553.4
172291
278284
321336
332458
323465
316687
309659
303421
297238
291095
285563
281262
276658
271868
268782
265352
261292
258989
256449
252977
251266
249431
246447
245255
243861
241540
239828
239463
5600.75
4842.38
3438.33
2256.17
2102.06
1955.9
1888.49
2112.62
2197.26
2222.82
2362.93
2437.16
2446.1
2525.87
2504.63
2624.48
2627.2
2638.41
2700.94
2717.23
2740.31
2782.36
2798.04
2821.67
2837.05
2838.07
2857.82
2852.53
2850.63
2855.47
2848.01
2849.83
2851.12
2849.68
2856.12
2863.56
2871.53
2882.54
2900.06
2918.16
2934.76
2972.95
3073.7
8474.15
165731
290367
335050
341532
328107
319275
311322
304002
297356
290997
285250
280756
276186
271363
268211
264838
260794
258442
255954
252528
250770
248965
246055
244814
243424
241190
239458
239062
6383.27
5612.39
3717.07
2197
1982.86
1736.34
1674.64
1967.35
1989.71
2044.45
2320.57
2311.25
2339.93
2439.05
2428.06
2566.54
2563.79
2585.61
2657.49
2658.42
2688.53
2734.37
2744.91
2770.97
2788.5
2790.71
2808.53
2802.22
2804.33
2805.81
2794.59
2801.65
2800.41
2792.13
2803.76
2809.15
2808.3
2823.89
2839.42
2845.95
2865.39
2897.76
2964.66
3414.86
156054
305020
351784
352019
333403
322455
313304
304913
297814
291138
285218
280567
275934
271097
267904
264512
260512
258136
255647
252270
250493
248691
245819
244572
243188
240969
239268
238858
9864.74
9403.26
7427
5000.71
4213.92
2921.11
2740.12
2413.57
2047.17
2040.35
2136.08
2141.9
2170.31
2221.48
2219.59
2371.94
2339.33
2361.02
2432.81
2419.08
2462.6
2496.97
2504.8
2551.46
2551.3
2551.88
2595.35
2569.77
2571.31
2595.79
2566.62
2576.03
2587.46
2562.03
2577.24
2587.88
2568.81
2588.2
2604.33
2589.68
2611.51
2639.22
2657.93
2929.25
139794
320727
370729
362915
338436
325442
314915
305440
297861
290988
284740
279964
275368
270482
267232
263912
259919
257495
255071
251746
249910
248151
245371
244048
242684
240577
238835
238397
10433.5
10181.8
8249.52
6134.08
5410.57
3679.55
3434.4
2591.67
2253.2
2207.24
2130.63
2156.88
2174.48
2239.77
2254.87
2320.48
2370.67
2384.88
2441.66
2452.77
2482.62
2522.18
2534.58
2557.14
2569.27
2578.03
2589.99
2581.88
2591.94
2587.05
2577.17
2590.28
2575.65
2569.45
2584.6
2569.83
2570.04
2586.88
2577.51
2583.78
2602.12
2600.96
2624.01
2767.23
113994
337691
392617
375033
344173
329111
316762
306426
298337
291095
284703
279767
275061
270172
266908
263541
259578
257174
254732
251426
249621
247855
245085
243791
242431
240319
238615
238174
10907.1
10650.9
9023.64
6626.56
5662.4
3633.8
3158.64
2426
1892.57
1863.98
2013.98
1961.05
1957.88
2081.23
2070.78
2227.99
2222.56
2237.03
2326.23
2324.66
2353.54
2409.83
2418.57
2441.37
2464.2
2470.27
2480.38
2479.96
2487.63
2484.77
2478.73
2490.69
2479.58
2473.7
2488.41
2477.36
2476.62
2493.82
2488.59
2491.23
2508.09
2505.09
2511.85
2628
71037.4
354930
416383
387687
350076
332772
318554
307377
298771
291191
284571
279554
274740
269883
266577
263169
259274
256857
254402
251154
249351
247583
244848
243574
242222
240106
238460
238013
13557.5
13509.7
13363
12252.2
11255.4
8519.73
7925.04
5720.81
3817.44
3462.4
2844.26
2333.47
2220.29
2107.51
2065.59
2114.48
2051.25
2059.77
2139.86
2096.68
2129.68
2165.54
2157.02
2193.27
2194.33
2196.92
2230.67
2208.12
2218.17
2244.35
2219.16
2235.08
2242.1
2222.79
2241.58
2239.06
2226.27
2247.59
2244.83
2234.03
2252.23
2239.81
2227.57
2327.51
3057.75
370396
439540
399852
355453
335573
319802
307700
298614
290862
283927
278818
274023
269125
265768
262423
258558
256103
253708
250528
248674
246950
244315
242968
241643
239651
237964
237498
14400.9
14260.5
13791.1
13322.1
12451.1
10056.8
9397
6429.73
4647.19
4251.01
3052.27
2592.32
2472.07
2229.28
2199.36
2119.19
2107.27
2109.05
2128.05
2138.85
2148.63
2183.43
2194.71
2209.19
2235.45
2234.79
2250.52
2239.96
2253.21
2260.65
2242.88
2264.25
2256.96
2241.79
2265.43
2250.86
2238.69
2263.54
2250
2240.98
2262.03
2242.51
2229.2
2281.99
2849.88
389788
464180
412394
361080
338643
321377
308496
298897
290670
283694
278499
273573
268750
265346
261946
258167
255704
253287
250163
248326
246589
243981
242675
241339
239338
237730
237236
15165.4
14944.3
14776.8
14129.7
13528.4
11334.9
10425.1
7629.15
4895.38
4292.53
3148.43
2342.19
2232.75
2074.89
1962.66
2039.39
1991.54
1976.37
2060.17
2040.78
2046.24
2101.81
2086.28
2084.63
2124.78
2120.12
2110.81
2132.97
2139.03
2135.65
2147.46
2160.03
2147.79
2158.21
2171.4
2153.19
2163.76
2179.02
2164.2
2175.02
2186.01
2158.1
2154.36
2235.75
2697.7
411834
489102
423670
365848
341343
322676
309107
299044
290420
283422
278108
273061
268343
264888
261437
257765
255292
252855
249806
247987
246239
243672
242414
241073
239066
237552
237041
23075.6
22661.1
21250.5
20044.8
19567.6
18586.1
18088.8
15854.1
12325
11228.8
8480.73
5954.51
5321.88
4037.1
3728.99
3191.43
2733.93
2643.81
2491.67
2352.3
2319.8
2243.67
2175.55
2159.11
2125.21
2085.49
2084.5
2044.54
2049.93
2066.29
2028.17
2041.1
2046.53
2024.43
2039.35
2033.06
2022.68
2041.03
2033.6
2028.47
2040.95
2015.31
2004.26
2077.2
2270.31
435567
510217
431999
368515
342943
323250
308964
298295
289710
282628
277168
272164
267466
263950
260568
256968
254451
252070
249125
247247
245539
243102
241760
240451
238587
237037
236506
25097.2
24451.5
22306.4
21392.1
20890
19812.1
19412.9
17034.7
14250
13227.3
9492.18
7206.16
6415.24
4699.52
4458.89
3495.37
3074.22
2969.27
2617.82
2517.8
2460.47
2316
2276.13
2242.14
2187.11
2169.4
2150.35
2135.5
2133.18
2118.91
2098.58
2112.39
2104.42
2075.24
2100.07
2080.88
2059.9
2089.72
2068.53
2054.55
2078.89
2054.38
2042.92
2071.37
2233.73
457220
518129
436937
370431
344368
323883
308802
297990
289352
282248
276630
271532
266992
263386
259984
256518
253950
251575
248726
246824
245119
242736
241427
240099
238238
236791
236206
28558.4
27571.2
25598.5
23061.5
22950
21918.7
21021.6
19776.9
16478.1
15488.9
12258
8220.61
7557.88
5640.44
4885.39
4199.43
3527.9
3233.57
3160.19
2794
2653.44
2618.26
2412.17
2322.52
2350.62
2210.87
2144.54
2217
2131.9
2105.01
2155.45
2090.27
2071.81
2123.39
2070.28
2053.74
2105.61
2062.22
2049.09
2090.96
2063.69
2053.64
2082.27
2076.4
2163.43
467460
519452
435569
369681
344044
323413
308339
297428
288671
281663
275928
270686
266392
262740
259249
255969
253427
250974
248251
246414
244663
242328
241107
239766
237879
236569
235967
46293
44573.7
40770.2
36952.1
35539.3
32923
32361.4
30914.4
28338.8
27438.8
24451.3
20082.2
18623.2
14578
13391.5
10978.6
8846.32
8353.69
7149.69
6146.32
5835.66
5075.25
4568.35
4350.29
3917.54
3660.93
3517.45
3292.56
3223.32
3046.25
2912.95
2867.01
2749.56
2677.33
2645.19
2573.49
2536.95
2515.24
2471.91
2450.87
2431.32
2407.78
2394.52
2371.02
2061.57
461837
511999
430294
367567
342849
322479
307174
296327
287892
280582
274822
269834
265463
261710
258494
255209
252521
250302
247666
245622
244060
241902
240409
239196
237579
236083
235439
49128.5
47526.6
43591.4
39765.2
38511.7
35774
34925.4
33101
30742.4
29835.6
26908.7
22812.8
21466.2
17380
15832.5
12899
10503.7
9810.01
8440.36
7163.88
6774.08
6020.68
5255.59
5030.65
4632.18
4161.9
4031.1
3807.5
3642.63
3458.48
3294.29
3188.05
3061.67
2968.53
2895.57
2819.97
2774.07
2721.03
2678.12
2651.93
2609.08
2587.52
2570.57
2522.76
2119.7
438961
487186
419339
364307
340800
321042
305860
295149
286881
279654
273854
268877
264714
260883
257719
254594
251837
249687
247164
245077
243557
241492
239993
238787
237220
235801
235112
64975.5
64184.8
61697.3
58536
57336.7
54271.8
52961.6
50096.6
46843.2
45852.2
43541.7
40475.7
39194.2
35172.2
33530
29498.4
25687
24489.7
21490.5
18730.1
17708.1
15470.1
13658
12847.3
11381.6
10303.9
9674.13
8727.53
8446.81
7586.1
6945.63
6735.84
6164
5755.93
5598.64
5224.4
4983.05
4868.48
4628.65
4476.85
4389.7
4224.75
4103.25
3628.46
157756
410698
458048
403022
359606
338001
319318
304152
293855
286087
278674
272904
268143
264006
260097
257102
254062
251173
249171
246776
244522
243112
241230
239518
238415
237049
235510
234811
70150.1
66196.4
64487.7
61094.3
60668.6
57378
55874.4
53159.5
49733.2
48849.6
46832.2
43680.6
42928.4
38889.8
37049.2
33124.6
50049
40377.5
38454.4
39192
35841.3
21361.3
15745.9
14982.8
13185
11859.9
11308.7
10161
9750.55
8818.6
8063.61
7751.31
7099.87
6622.07
6420.5
5953.41
5702.77
5556.03
5226.79
5082.54
4966.45
4720.77
4630.34
7132.1
199082
375628
424357
385734
352107
333097
316365
301866
291975
284625
277475
271667
266991
263177
259145
256230
253429
250416
248508
246269
243944
242578
240821
239105
237982
236689
235255
234477
96530.9
93838.3
92414.4
96361.4
140764
68357.4
67825
65665.9
63732.9
62966
61036.6
59054
57791.4
54740.2
53409.9
72980.9
78201
69263.4
65020.5
64170.3
61372.2
51243.6
40831.5
38335.4
36775.1
36559.4
56578.2
20875.6
20524.9
18012.2
16530.8
16285.9
14454.1
13498.9
13258.6
11898
11289.8
11054.1
10064.8
9652.12
9330.77
107330
77674.8
108512
217142
343803
388569
371497
344299
328390
314021
300059
290918
284158
276896
271240
266740
262928
258902
256097
253339
250231
248441
246321
243782
242592
240984
238918
238035
236931
235244
234514
99546.8
99581.6
103941
110680
133928
104420
125085
152209
66958.5
66042.5
65181.3
61748.4
60860.1
159704
103996
96971.5
93279.4
82495.9
81554.5
75006.8
69693.2
64494.8
53167.1
50798.2
52655.8
51874.1
67596.3
47027.2
40950.5
45870.4
47770.9
64880.5
52433.4
85167.6
53299
50907.1
100186
109485
77909
76789.5
76360.6
124911
107040
133074
220320
315473
356760
355329
335484
322454
310677
298066
289295
283026
276373
270487
266010
262747
258459
255605
253220
249943
248102
246189
243602
242305
240859
238870
237816
236771
235280
234370
101872
103003
107227
113189
124104
116174
139303
130061
113605
156672
155353
136013
107955
148602
122272
108232
99273.3
89527.7
85835.4
77339.9
72206.3
67771.5
56646.7
54100.7
55775.1
53022.2
60985.7
49645.8
45616.6
50527.6
58897
78955.7
63479.8
76606.1
52682.8
61153.1
91348.7
96448.5
80560
83587.8
87344
111794
121152
150600
220657
292689
329492
337658
324699
314368
305175
294278
285932
280263
274590
268512
263981
261624
257141
254069
252379
249057
246912
245493
243037
241448
240263
238475
237194
236202
235064
233992
107356
109145
113548
118444
126655
127778
141925
141308
141171
172104
176201
161712
139340
151066
135832
124249
114183
105099
102410
94792.5
89572.4
87226.7
78201.1
75519.1
77446.7
74619.1
79185.2
72543.5
69265.4
74501.8
79343.4
90873
86734.5
87459.3
75518
82549
97068.6
102743
99720.8
100184
106359
126709
139198
167050
223043
278786
311948
325427
317697
310249
303520
293293
286000
281204
275298
269392
265292
262752
258134
255333
253609
249966
248019
246772
243817
242413
241513
239092
238016
237445
235831
234670
110527
112261
115823
119499
125730
128556
137191
139267
142751
161158
166148
157559
142824
144766
135208
127206
118212
110431
107891
100732
95942.8
93733.6
85570.4
83017.4
84414.2
80403.1
82761.5
78471.1
75782
79676.1
81976.2
87555.9
86561.5
82191.9
73207
82779.7
91996.4
97550.9
100611
102902
110736
129160
144815
170994
219146
264877
294783
310890
307678
302854
298365
289611
283079
278970
273791
267868
263926
261961
257199
254456
253096
249338
247412
246395
243397
241960
241242
238842
237646
237188
235769
234431
114356
116091
119314
122739
127850
131595
137890
141902
146540
157745
162393
157418
148377
146185
138738
132434
124862
118205
115406
109788
105739
103995
98571.9
96586
98084.1
95334.8
96969.1
94641.8
93553.8
97368.7
98550.5
102311
104488
101443
98659.7
107703
111128
114629
119782
120953
128671
145490
160225
184167
223855
260020
286671
303863
303074
300749
298337
290182
284762
281475
276150
270484
266869
264743
259918
257280
255895
251862
249973
249112
245630
244287
243839
240748
239762
239582
237708
236279
117039
118734
121581
124633
129007
132797
137907
142270
146522
153721
157501
154385
148749
145215
139275
134267
127853
122222
119322
114406
110809
109229
104792
103226
104408
101716
103059
101629
100896
104618
104739
107081
110388
107346
106337
113388
115372
119444
126183
128175
136364
152131
166126
188242
221905
251513
275349
292637
294501
293844
293290
286528
281849
279363
274725
269099
265831
264161
259168
256764
255615
251420
249693
248976
245403
244108
243816
240710
239567
239576
237846
236177
119742
121402
123944
126761
130571
134183
138632
142792
146614
151591
154637
152893
149229
145801
141136
136938
131667
126959
123896
119937
116939
115360
112435
111323
112180
111174
112286
111870
112567
116150
116562
119305
122978
121231
122230
128391
130061
134655
141585
144241
153034
167664
180323
200390
228950
252822
274065
290576
293257
294543
295362
288891
285546
283673
278684
273651
270629
268621
263807
261476
260104
255773
254097
253350
249318
248210
248030
244157
243374
243524
241228
239544
121928
123515
125817
128365
131718
135019
138853
142621
145890
149509
151913
150945
148420
145436
141581
138014
133616
129567
126703
123291
120702
119427
116976
116214
116957
116162
117344
117586
118285
122081
122596
124619
128911
128003
129246
135503
136988
141145
149175
153000
160300
174527
185939
203582
228600
248384
266908
282854
286619
288659
290970
285863
282817
281720
277965
272464
269784
268442
263318
261183
260319
255799
254090
253716
249633
248230
248393
244727
243445
243776
241836
239770
123999
125556
127644
130008
132985
135991
139418
142683
145539
148376
150258
149958
148181
145795
142758
139697
136110
132724
129986
127179
125016
123765
121963
121520
122060
122036
123191
123819
125387
128790
129848
132651
136674
137156
139912
145480
147815
153095
160608
164926
173706
186538
197380
214580
235512
252028
269304
283834
287472
291395
294348
289384
288003
287279
283077
278533
275953
274120
269454
267408
266115
261647
260159
259452
255011
254066
254028
249249
248964
249357
246551
244702
125830
127307
129233
131393
134049
136773
139722
142703
145126
147394
148932
148971
147730
145833
143287
140743
137751
134784
132384
129974
128073
127071
125510
125289
125949
125898
127106
128097
129616
132927
134434
136885
141208
142585
145196
151227
154097
158704
167192
172145
179776
193262
203881
217614
237189
251409
265101
279312
283718
286913
291070
287605
285678
285751
282780
277680
275461
274583
269462
267366
266923
262252
260321
260371
256161
254323
254811
251187
249332
249713
248324
245542
127514
128942
130685
132690
135064
137508
140116
142679
144840
146760
148048
148304
147569
146099
144137
142035
139622
137173
135016
133056
131467
130528
129413
129357
129943
130186
131360
132517
134394
137304
139194
142106
146023
148261
151796
157199
160932
166500
174249
179958
188628
200450
210235
224400
241003
253293
267379
279911
284186
289601
293742
290500
290773
290839
287687
284018
281848
280413
276164
274192
273094
268748
267247
266595
262033
261138
261006
255949
255841
256017
252793
250870
129038
130395
132012
133848
135977
138171
140464
142742
144609
146230
147391
147645
147334
146253
144648
142940
140977
138885
137122
135476
134090
133324
132478
132546
133247
133511
134728
136098
137912
140695
142905
145672
149635
152448
155922
161527
165802
170999
179141
185398
193203
205153
215001
226848
242763
254538
265806
278228
283534
287664
292689
291290
290682
291306
289769
285476
283296
283230
278518
275971
276080
271661
269101
269503
265430
263211
263571
259791
258183
258102
256862
253976
130544
131832
133288
134969
136878
138819
140858
142853
144443
145861
146874
147117
147068
146334
145091
143706
142162
140482
138974
137664
136539
135857
135320
135470
136110
136470
137676
139104
140953
143497
145806
148612
152293
155305
159047
164247
168651
174058
181516
187788
195641
206333
215491
226644
240492
251026
261545
272640
278038
282410
287352
287002
286657
287500
287096
282455
280584
281509
276542
274038
274871
270466
267693
268441
264772
262026
262585
259608
257159
256967
256575
252996
131866
133092
134458
136017
137752
139511
141325
143081
144563
145800
146731
147015
147149
146762
145844
144755
143594
142263
141065
140055
139161
138642
138417
138626
139228
139819
141058
142600
144509
146981
149489
152347
155992
159342
163258
168409
173204
178654
185973
192648
200289
210501
219833
229911
242757
252996
262665
273224
279215
283861
289180
289944
290420
291756
291921
288550
287046
287996
283898
281487
282384
278408
275564
276453
272792
270125
270640
267293
265223
265006
264041
260758
133211
134383
135628
137085
138656
140231
141863
143401
144747
145898
146720
147045
147267
147122
146518
145639
144788
143773
142812
142057
141406
141018
141054
141306
141908
142659
143912
145491
147435
149829
152378
155292
158806
162267
166325
171254
176100
181634
188522
195129
202677
212003
220794
230702
241897
251347
260477
269997
276008
280903
285994
287479
288464
289902
290756
287667
286412
287730
283876
281675
282621
278951
276210
276905
273772
270928
271292
268727
266140
265655
265570
261866
134301
135416
136589
137966
139407
140864
142338
143725
144982
146039
146820
147246
147498
147563
147250
146594
146031
145292
144592
144084
143648
143473
143645
143993
144645
145536
146826
148449
150425
152771
155369
158311
161742
165357
169424
174248
179167
184634
191270
197871
205153
214000
222508
231598
241950
250970
259478
268425
274684
279696
284942
287273
288859
290799
292145
290376
289650
291110
288394
286507
287803
284893
282257
283473
280653
277978
278619
275974
273818
273399
273009
269692
135538
136606
137673
138985
140308
141633
142987
144219
145392
146377
147093
147604
147850
148068
147969
147513
147170
146690
146193
145915
145684
145706
145975
146435
147138
148145
149475
151121
153116
155415
158020
160983
164321
167970
172029
176697
181554
186968
193257
199656
206719
214860
222987
231482
240849
249220
257287
265464
271542
276685
281741
284401
286453
288572
290210
288940
288578
290080
287807
286443
287486
284944
282892
283632
281216
278899
279233
277090
274864
274301
274320
270824
136428
137451
138464
139720
140942
142197
143446
144588
145735
146663
147386
147978
148273
148586
148679
148477
148323
148068
147775
147716
147711
147844
148239
148806
149587
150684
152057
153748
155743
158017
160639
163576
166899
170552
174550
179098
183897
189173
195201
201421
208174
215847
223419
231432
240066
247969
255514
263154
269187
274300
279303
282437
284839
287255
289192
288827
289012
290548
289231
288243
289501
287789
285997
287172
285351
283327
284020
282189
280462
280142
280173
277355
137577
138563
139491
140715
141851
143008
144183
145218
146313
147221
147905
148555
148937
149266
149516
149535
149498
149468
149357
149471
149619
149865
150399
151077
151920
153106
154521
156230
158226
160491
163107
166009
169297
172884
176841
181247
185927
191075
196811
202769
209239
216345
223646
231049
238944
246289
253420
260474
266249
271345
276170
279437
282140
284678
286722
286837
287386
288889
287953
287459
288499
287111
285953
286721
285189
283710
284146
282627
281139
280824
280966
278209
138333
139279
140166
141343
142405
143524
144626
145599
146682
147562
148265
148988
149457
149841
150201
150467
150605
150730
150814
151097
151382
151771
152428
153202
154136
155392
156856
158581
160592
162849
165462
168340
171588
175115
178983
183264
187829
192800
198288
204011
210155
216856
223615
230619
237937
244828
251502
258102
263688
268651
273356
276801
279663
282341
284516
285242
286122
287652
287309
287120
288255
287456
286582
287567
286539
285364
286013
284878
283802
283729
283952
281959
139375
140294
141108
142275
143279
144339
145389
146282
147347
148227
148893
149681
150224
150672
151110
151530
151802
152082
152270
152722
153152
153630
154417
155289
156276
157616
159129
160862
162896
165142
167722
170600
173768
177225
181021
185158
189579
194393
199623
205078
210936
217206
223612
230144
236915
243335
249632
255790
261099
265957
270497
273948
276965
279709
281966
282974
284123
285644
285609
285824
286847
286267
285874
286636
285795
285081
285616
284650
283857
283886
284094
282255
140308
141187
141984
143087
144023
145057
146058
146910
147952
148806
149511
150329
150915
151498
151990
152507
152986
153354
153713
154303
154840
155454
156342
157290
158372
159759
161296
163072
165105
167345
169908
172749
175840
179231
182923
186927
191203
195826
200819
206019
211565
217469
223407
229571
235878
241884
247780
253559
258626
263299
267692
271161
274215
277017
279330
280638
281992
283529
283842
284308
285373
285080
284898
285783
285225
284729
285355
284630
284081
284272
284490
283129
140690
141557
142320
143405
144330
145336
146290
147107
148156
149018
149729
150602
151254
151930
152500
153045
153771
154225
154678
155415
156088
156798
157808
158860
160004
161480
163061
164886
166924
169158
171744
174549
177582
180930
184528
188412
192568
197024
201798
206774
212048
217613
223236
229013
234910
240549
246119
251560
256395
260929
265184
268632
271758
274601
276975
278521
280051
281632
282228
282954
283997
283973
284171
284932
284579
284473
285065
284494
284324
284632
284765
283844
141781
142621
143370
144413
145302
146267
147209
148002
149030
149884
150606
151505
152199
152928
153601
154131
155041
155585
156141
156982
157745
158560
159655
160773
161984
163509
165116
166955
169024
171238
173798
176554
179511
182778
186272
190020
194029
198301
202856
207594
212589
217827
223129
228538
234058
239342
244581
249705
254302
258651
262754
266148
269261
272104
274511
276183
277846
279483
280241
281119
282216
282370
282718
283540
283297
283335
283966
283557
283427
283802
283988
283184
142377
143206
143925
144963
145830
146776
147680
148449
149484
150341
151059
152008
152746
153534
154250
154801
155836
156491
157118
158068
158931
159811
161011
162198
163446
165054
166688
168556
170618
172808
175373
178081
180968
184180
187577
191199
195089
199196
203545
208079
212824
217779
222746
227865
233053
238032
242974
247819
252199
256379
260343
263671
266767
269618
272056
273844
275608
277311
278229
279258
280407
280724
281259
282104
281988
282230
282884
282547
282627
283066
283237
282628
143440
144252
144966
145971
146818
147740
148643
149405
150423
151285
152015
152975
153752
154579
155366
155979
157027
157844
158516
159536
160483
161435
162701
163948
165251
166884
168550
170434
172522
174683
177211
179885
182697
185826
189125
192613
196361
200301
204445
208765
213267
217943
222656
227451
232319
237008
241674
246249
250415
254428
258243
261494
264555
267377
269823
271682
273529
275289
276320
277462
278680
279125
279775
280664
280705
281045
281748
281506
281684
282161
282379
281875
144033
144839
145530
146538
147366
148280
149159
149909
150940
151811
152544
153543
154350
155218
156034
156733
157765
158737
159449
160546
161572
162568
163901
165204
166530
168209
169897
171796
173855
175996
178511
181120
183858
186922
190122
193486
197114
200897
204853
208991
213271
217691
222143
226700
231292
235739
240152
244491
248477
252326
256013
259192
262202
265013
267475
269405
271309
273130
274278
275515
276807
277377
278142
279095
279259
279714
280475
280331
280611
281158
281422
281033
145108
145904
146587
147573
148396
149297
150180
150930
151951
152827
153577
154586
155427
156324
157205
157963
158966
160047
160827
161971
163056
164107
165476
166828
168197
169887
171603
173508
175570
177681
180145
182720
185383
188361
191475
194712
198203
201838
205609
209553
213629
217809
222055
226336
230657
234860
239045
243149
246945
250646
254186
257270
260237
262997
265442
267398
269352
271214
272439
273762
275116
275782
276642
277657
277924
278469
279268
279250
279599
280184
280500
280183
145717
146510
147177
148170
148979
149874
150746
151491
152526
153412
154171
155216
156075
157004
157914
158719
159772
160867
161747
162931
164068
165153
166579
167971
169353
171077
172792
174696
176726
178811
181246
183752
186341
189242
192250
195362
198729
202214
205808
209583
213460
217432
221437
225508
229597
233598
237565
241470
245116
248660
252079
255101
257994
260729
263176
265189
267168
269071
270393
271778
273197
273975
274915
275998
276375
276995
277862
277952
278363
279016
279403
279173
146793
147576
148238
149226
150036
150928
151801
152546
153584
154474
155247
156304
157195
158152
159106
159944
161054
162121
163109
164306
165484
166609
168068
169490
170894
172630
174360
176257
178280
180335
182713
185177
187693
190502
193424
196417
199652
203000
206429
210028
213728
217496
221301
225157
229024
232811
236592
240301
243775
247191
250476
253395
256243
258921
261330
263341
265350
267275
268643
270097
271566
272412
273435
274573
275025
275733
276650
276812
277312
278005
278437
278278
147439
148226
148881
149868
150665
151557
152434
153177
154225
155128
155911
156991
157891
158874
159860
160734
161900
162942
164032
165229
166451
167612
169110
170540
171969
173721
175427
177326
179315
181343
183681
186074
188522
191254
194068
196945
200059
203262
206527
209967
213482
217051
220666
224328
227987
231599
235186
238714
242057
245318
248486
251343
254100
256738
259138
261186
263197
265141
266591
268085
269602
270553
271628
272827
273390
274147
275128
275400
275935
276690
277186
277154
148436
149215
149856
150867
151666
152560
153434
154171
155239
156151
156932
158044
158970
159974
160985
161876
163075
164130
165304
166547
167806
168968
170480
171924
173350
175117
176834
178702
180684
182672
184957
187308
189684
192327
195059
197828
200818
203902
207022
210301
213665
217063
220449
223969
227445
230867
234296
237659
240844
243995
247049
249798
252514
255097
257450
259486
261514
263464
264943
266495
268046
269044
270202
271446
272058
272914
273943
274257
274898
275700
276234
276253
149533
150308
150966
151937
152719
153613
154497
155242
156287
157198
158005
159099
160020
161048
162086
163002
164200
165318
166467
167747
168983
170185
171693
173145
174593
176332
178026
179865
181833
183776
186001
188293
190582
193140
195773
198422
201288
204235
207203
210323
213499
216738
220024
223294
226567
229815
233062
236250
239296
242300
245220
247892
250506
253011
255328
257338
259354
261300
262805
264373
265950
267011
268191
269485
270184
271054
272127
272549
273191
274026
274632
274721
149745
150530
151181
152177
152987
153885
154754
155511
156582
157513
158325
159449
160410
161459
162492
163438
164685
165834
166910
168354
169560
170772
172311
173797
175247
176992
178699
180523
182435
184359
186568
188783
191031
193535
196063
198641
201417
204233
207099
210101
213153
216189
219320
222465
225608
228718
231808
234872
237805
240686
243518
246125
248661
251129
253435
255422
257434
259413
260941
262541
264173
265292
266530
267881
268659
269604
270735
271242
271965
272861
273545
273717
150926
151713
152381
153344
154161
155056
155952
156720
157773
158712
159544
160651
161629
162687
163763
164726
165969
167140
168165
169688
170901
172148
173665
175149
176606
178320
180022
181819
183735
185615
187753
189937
192111
194518
196984
199455
202115
204838
207568
210428
213341
216254
219231
222226
225205
228162
231123
234035
236833
239615
242325
244831
247317
249699
251935
253906
255901
257844
259395
261016
262636
263803
265087
266441
267281
268287
269426
269998
270790
271700
272405
272662
151573
152358
153025
154012
154822
155722
156598
157371
158446
159387
160222
161360
162337
163408
164470
165446
166714
167881
168940
170467
171725
172945
174485
175962
177402
179137
180801
182585
184437
186285
188395
190501
192617
194969
197332
199717
202291
204887
207508
210258
213030
215812
218650
221500
224346
227174
229989
232782
235470
238126
240748
243180
245568
247910
250108
252072
254026
255952
257525
259140
260770
261980
263285
264664
265558
266595
267773
268405
269225
270191
270947
271286
152683
153469
154139
155118
155939
156841
157733
158508
159578
160524
161366
162501
163499
164577
165666
166648
167921
169100
170193
171612
172987
174157
175684
177173
178614
180320
181986
183745
185588
187393
189443
191513
193560
195828
198132
200423
202893
205405
207908
210537
213200
215857
218562
221293
224003
226699
229405
232070
234638
237210
239726
242065
244407
246669
248803
250715
252659
254564
256126
257757
259392
260616
261959
263356
264280
265374
266575
267242
268133
269119
269898
270284
153405
154193
154866
155851
156655
157560
158452
159231
160310
161260
162107
163254
164240
165323
166413
167406
168690
169875
170980
172327
173757
174957
176501
177954
179383
181086
182694
184441
186225
187999
190011
192012
194005
196215
198428
200635
203027
205427
207828
210358
212899
215445
218043
220626
223213
225800
228379
230931
233407
235864
238290
240564
242813
245030
247117
249028
250925
252796
254380
255994
257617
258882
260230
261637
262613
263719
264946
265676
266570
267604
268426
268894
154381
155168
155826
156844
157658
158567
159458
160223
161325
162280
163112
164289
165291
166376
167472
168459
169754
170946
172038
173424
174816
176041
177551
179008
180410
182113
183724
185427
187195
188924
190886
192849
194781
196919
199074
201204
203503
205828
208130
210553
213014
215456
217898
220387
222881
225349
227839
230291
232652
235037
237385
239559
241767
243926
245949
247812
249697
251542
253105
254733
256362
257621
259004
260436
261414
262577
263840
264569
265543
266614
267457
267944
155685
156472
157144
158108
158909
159813
160718
161496
162554
163504
164357
165484
166474
167560
168671
169661
170920
172116
173221
174594
175886
177185
178587
180037
181448
183095
184676
186339
188086
189761
191656
193569
195424
197479
199560
201598
203800
206029
208221
210524
212856
215187
217571
219961
222292
224639
227011
229341
231605
233886
236124
238230
240353
242420
244391
246187
248033
249845
251375
252983
254593
255857
257232
258655
259669
260823
262084
262875
263836
264904
265784
266308
155812
156608
157277
158278
159097
160005
160890
161674
162764
163723
164575
165737
166743
167832
168914
169917
171203
172390
173491
174875
176145
177509
178984
180428
181782
183425
184973
186609
188287
189934
191819
193664
195488
197512
199513
201504
203656
205797
207932
210190
212442
214639
216909
219209
221494
223773
226045
228305
230505
232699
234883
236943
238996
241039
242987
244773
246589
248390
249926
251528
253146
254436
255824
257272
258327
259508
260802
261645
262644
263763
264697
265288
158508
159477
160309
161214
162117
162905
163974
164936
165793
166928
167945
169033
170140
171138
172404
173594
174691
176053
177350
178626
180126
181496
182852
184457
186005
187616
189292
190892
192712
194530
196286
198233
200192
202101
204165
206247
208284
210439
212611
214730
216929
219141
221300
223480
225675
227833
229945
232075
234166
236153
238163
240118
242002
243730
245519
247282
248797
250390
251989
253278
254675
256112
257185
258396
259684
260551
261597
262707
263652
264278
161040
161947
162837
163628
164708
165659
166518
167667
168659
169743
170827
171830
173105
174276
175373
176746
178020
179190
180781
182112
183458
185065
186541
188128
189726
191298
193090
194831
196546
198455
200330
202177
204189
206173
208137
210227
212297
214350
216478
218563
220639
222748
224842
226919
228968
231001
233024
234960
236886
238806
240646
242378
244106
245828
247352
248907
250479
251790
253170
254599
255703
256903
258201
259112
260147
261293
262267
262964
162008
162921
163807
164583
165677
166627
167471
168635
169637
170723
171808
172789
174068
175237
176311
177678
178938
180100
181665
183056
184306
185888
187369
188918
190507
192033
193779
195493
197147
198999
200829
202608
204551
206482
208366
210377
212397
214382
216411
218417
220405
222443
224479
226478
228447
230429
232384
234246
236138
237997
239782
241456
243168
244863
246352
247905
249471
250760
252155
253592
254685
255920
257232
258137
259229
260392
261380
262074
163372
164271
165171
165951
166998
167940
168792
169904
170881
171952
173045
174023
175253
176414
177483
178800
180047
181229
182610
184011
185272
186803
188246
189743
191302
192780
194450
196123
197716
199485
201253
202959
204815
206669
208461
210376
212307
214192
216139
218099
220008
221928
223871
225775
227662
229564
231429
233226
235047
236826
238552
240167
241832
243475
244928
246451
247977
249257
250627
252033
253138
254353
255646
256584
257654
258800
259801
260521
163466
164365
165239
166019
167094
168041
168886
170032
171019
172092
173147
174128
175382
176528
177595
178933
180167
181318
182733
184138
185420
186903
188311
189793
191292
192740
194408
196022
197584
199342
201050
202722
204553
206347
208115
210002
211845
213650
215538
217411
219278
221175
223049
224909
226754
228588
230418
232185
233947
235711
237417
239031
240665
242291
243749
245253
246774
248068
249436
250853
251983
253208
254522
255494
256585
257771
258812
259585
166444
167224
168273
169217
170060
171172
172170
173231
174306
175275
176500
177643
178693
179994
181223
182366
183753
185056
186367
187782
189195
190653
192153
193553
195168
196760
198264
199953
201630
203233
204989
206741
208427
210231
212034
213770
215595
217435
219209
221017
222841
224618
226396
228191
229942
231646
233380
235063
236711
238259
239868
241458
242879
244372
245869
247145
248514
249908
251035
252278
253573
254554
255681
256842
257878
258664
169007
169935
170782
171891
172855
173905
174953
175924
177144
178262
179307
180603
181791
182919
184292
185552
186865
188353
189654
191071
192490
193864
195454
196964
198442
200101
201696
203254
204973
206642
208273
210036
211757
213439
215223
216971
218677
220438
222176
223897
225630
227343
229046
230715
232370
234028
235640
237198
238745
240289
241719
243162
244621
245911
247246
248620
249768
250983
252273
253281
254377
255562
256617
257465
171602
172741
173710
174753
175792
176731
177956
179069
180078
181380
182569
183659
185041
186314
187466
188988
190294
191675
193094
194430
195977
197462
198886
200498
202067
203570
205235
206867
208438
210143
211833
213472
215194
216887
218529
220216
221911
223588
225257
226942
228597
230197
231834
233448
235004
236519
238053
239560
240956
242402
243843
245104
246451
247819
248940
250181
251482
252460
253607
254808
255854
256690
172997
174057
175009
176034
177079
178011
179173
180273
181276
182502
183666
184747
186039
187279
188437
189852
191167
192478
193877
195171
196641
198101
199470
201003
202526
203965
205544
207114
208613
210235
211872
213429
215065
216708
218283
219917
221568
223136
224733
226357
227927
229477
231060
232585
234093
235530
237025
238491
239836
241248
242652
243885
245204
246536
247656
248874
250135
251137
252257
253412
254465
255301
172979
174072
175013
176035
177042
177975
179162
180238
181239
182491
183636
184707
186027
187236
188373
189739
191053
192411
193723
194985
196458
197856
199205
200744
202208
203626
205212
206739
208220
209829
211374
212885
214503
216074
217615
219239
220821
222371
223955
225518
227068
228610
230135
231663
233163
234625
236079
237527
238888
240267
241659
242916
244213
245543
246689
247895
249163
250200
251317
252507
253589
254489
173926
175006
175949
176965
177976
178884
180056
181124
182096
183326
184458
185501
186790
187990
189107
190453
191708
193047
194350
195578
197025
198408
199702
201198
202636
203993
205531
207027
208446
210007
211532
212988
214561
216111
217592
219144
220685
222168
223715
225255
226745
228243
229749
231208
232667
234069
235503
236926
238251
239621
240994
242224
243521
244835
245970
247190
248443
249474
250619
251786
252866
253749
175318
176354
177256
178246
179248
180144
181266
182315
183271
184451
185548
186574
187815
188962
190057
191351
192540
193834
195132
196302
197681
199019
200268
201686
203071
204378
205839
207284
208651
210141
211606
213003
214504
215989
217407
218901
220393
221829
223295
224766
226193
227632
229077
230490
231893
233262
234643
236006
237303
238629
239951
241162
242423
243696
244816
246000
247222
248252
249356
250509
251576
252474
175152
176223
177134
178123
179086
179973
181120
182148
183094
184298
185384
186389
187650
188791
189853
191171
192348
193579
194853
196034
197407
198693
199929
201362
202715
204015
205480
206855
208184
209668
211084
212455
213947
215379
216770
218255
219702
221115
222582
224013
225423
226858
228267
229670
231066
232436
233798
235156
236453
237762
239084
240302
241552
242833
243967
245148
246385
247435
248548
249721
250813
251742
176116
177145
178059
179035
180012
180891
182001
183023
183953
185113
186189
187178
188386
189520
190570
191830
193012
194230
195467
196629
197942
199229
200430
201806
203141
204391
205800
207165
208451
209877
211274
212595
214034
215452
216803
218242
219659
221009
222421
223838
225199
226589
227985
229324
230678
231992
233338
234665
235929
237232
238526
239722
240972
242225
243351
244544
245752
246799
247936
249071
250153
251072
177491
178495
179362
180311
181255
182114
183196
184186
185097
186232
187263
188229
189413
190490
191511
192736
193837
195009
196186
197331
198631
199835
200988
202313
203589
204799
206154
207453
208694
210069
211396
212668
214055
215397
216694
218080
219429
220735
222110
223453
224761
226105
227432
228742
230053
231357
232638
233911
235159
236402
237648
238829
240028
241241
242352
243496
244676
245716
246799
247934
249001
249942
177206
178241
179117
180073
180998
181833
182938
183916
184805
185960
186987
187929
189125
190202
191201
192440
193543
194720
195874
196941
198294
199505
200612
201950
203180
204345
205708
206981
208187
209568
210866
212107
213498
214815
216080
217467
218791
220068
221446
222770
224055
225408
226716
228001
229310
230595
231874
233153
234386
235628
236885
238061
239261
240485
241604
242755
243945
245005
246106
247244
248337
249280
178293
179267
180146
181074
182011
182852
183903
184878
185762
186852
187872
188805
189938
191007
191995
193168
194271
195411
196572
197633
198869
200069
201167
202447
203675
204814
206106
207365
208538
209850
211136
212341
213663
214963
216188
217510
218831
220080
221392
222702
223947
225237
226537
227776
229031
230269
231533
232768
233972
235209
236425
237580
238783
239974
241074
242234
243393
244432
245551
246657
247719
248661
178857
179837
180680
181598
182496
183327
184380
185322
186197
187293
188278
189197
190334
191359
192324
193498
194544
195659
196758
197803
199043
200184
201256
202482
203649
204772
206072
207272
208427
209733
210954
212133
213444
214683
215883
217203
218448
219663
220964
222209
223433
224716
225954
227188
228433
229689
230903
232110
233321
234506
235698
236858
238013
239182
240288
241405
242556
243605
244680
245800
246868
247846
179404
180399
181240
182152
183044
183841
184894
185828
186670
187765
188741
189624
190762
191782
192705
193882
194926
196011
197098
198093
199304
200430
201516
202776
203928
204991
206248
207435
208545
209819
211034
212175
213459
214696
215861
217136
218377
219556
220822
222066
223261
224505
225742
226941
228149
229380
230595
231769
232960
234151
235318
236458
237625
238780
239863
240999
242142
243162
244264
245379
246431
247387
180745
181675
182503
183386
184275
185067
186058
186978
187809
188834
189792
190666
191727
192723
193641
194737
195754
196810
197889
198875
200024
201133
202134
203314
204455
205503
206698
207860
208935
210143
211324
212426
213645
214845
215969
217190
218397
219534
220749
221962
223106
224308
225518
226661
227825
228989
230172
231315
232456
233624
234762
235865
237009
238131
239192
240303
241408
242423
243504
244571
245602
246539
180509
181452
182265
183144
184008
184800
185806
186710
187541
188585
189526
190398
191479
192453
193361
194475
195465
196519
197552
198525
199686
200752
201758
202949
204044
205077
206288
207414
208485
209709
210853
211949
213183
214342
215456
216687
217856
218982
220214
221389
222532
223750
224921
226081
227253
228453
229609
230745
231911
233048
234177
235304
236420
237537
238621
239711
240820
241859
242915
244006
245058
246044
181100
182058
182864
183737
184592
185355
186360
187253
188052
189095
190025
190861
191942
192907
193782
194899
195884
196913
197939
198877
200024
201083
202056
203227
204330
205328
206490
207608
208647
209852
210992
212051
213257
214414
215496
216702
217869
218970
220165
221336
222449
223633
224801
225922
227062
228242
229397
230504
231651
232791
233896
235002
236125
237225
238287
239388
240485
241498
242577
243656
244686
245650
182171
183068
183865
184712
185566
186326
187281
188163
188955
189943
190856
191688
192707
193653
194522
195573
196540
197541
198560
199485
200578
201620
202568
203679
204741
205750
206891
207983
208988
210126
211239
212269
213425
214557
215607
216766
217907
218969
220128
221279
222355
223507
224655
225737
226848
227966
229091
230178
231281
232401
233487
234565
235666
236742
237791
238873
239936
240946
242003
243041
244064
245007
182551
183452
184228
185069
185898
186650
187602
188464
189248
190235
191130
191948
192970
193892
194745
195794
196724
197712
198690
199603
200687
201698
202641
203751
204791
205759
206882
207924
208925
210070
211151
212169
213318
214411
215448
216601
217707
218762
219914
221014
222077
223222
224331
225413
226514
227653
228746
229813
230926
232008
233074
234157
235228
236289
237341
238392
239449
240466
241494
242541
243563
244533
182396
183310
184083
184931
185746
186478
187446
188296
189064
190064
190949
191753
192782
193697
194537
195595
196522
197514
198477
199363
200468
201456
202371
203496
204510
205451
206617
207657
208616
209775
210834
211828
212991
214066
215083
216252
217339
218371
219535
220626
221668
222829
223924
224985
226092
227218
228306
229378
230486
231566
232636
233718
234786
235848
236907
237958
239014
240045
241074
242114
243151
244118
182994
183873
184651
185477
186302
187037
187970
188821
189589
190548
191429
192231
193218
194131
194967
195981
196913
197881
198856
199737
200797
201795
202701
203780
204801
205734
206825
207875
208830
209947
211009
211989
213108
214188
215189
216314
217406
218420
219547
220647
221673
222790
223892
224928
226005
227099
228187
229236
230321
231406
232454
233520
234593
235637
236680
237739
238775
239788
240835
241854
242873
243829
183951
184814
185560
186370
187180
187900
188810
189644
190395
191338
192196
192981
193953
194833
195654
196653
197541
198484
199430
200294
201328
202296
203184
204237
205230
206143
207216
208230
209156
210229
211265
212226
213320
214367
215346
216445
217503
218495
219594
220658
221663
222759
223828
224846
225898
226989
228040
229059
230134
231184
232203
233256
234300
235316
236346
237378
238394
239394
240410
241422
242422
243380
183691
184573
185320
186130
186918
187633
188559
189379
190126
191083
191935
192709
193696
194571
195377
196393
197274
198216
199136
199992
201041
201983
202866
203937
204903
205807
206894
207880
208821
209925
210938
211882
212990
214012
214983
216097
217133
218121
219236
220278
221279
222387
223435
224459
225517
226616
227663
228681
229763
230804
231825
232886
233920
234943
235983
237004
238027
239039
240048
241068
242078
243052
184164
185033
185780
186584
187374
188074
188987
189804
190535
191475
192321
193082
194051
194925
195716
196712
197598
198526
199450
200288
201315
202262
203124
204170
205143
206029
207095
208090
208997
210064
211072
212002
213089
214120
215069
216158
217199
218165
219254
220304
221285
222370
223425
224421
225454
226530
227580
228579
229642
230690
231693
232739
233781
234785
235809
236842
237850
238848
239870
240871
241866
242826
184968
185803
186536
187322
188109
188807
189688
190496
191222
192130
192962
193720
194652
195507
196297
197254
198122
199030
199945
200773
201768
202703
203551
204564
205518
206388
207418
208391
209283
210337
211333
212248
213298
214305
215238
216298
217318
218264
219328
220358
221316
222379
223415
224388
225406
226453
227476
228464
229506
230530
231522
232549
233568
234560
235572
236584
237570
238561
239565
240546
241534
242479
185249
186085
186806
187585
188352
189044
189924
190718
191439
192348
193165
193913
194848
195687
196464
197424
198270
199168
200060
200880
201867
202782
203625
204632
205567
206432
207458
208412
209301
210338
211304
212206
213256
214245
215169
216224
217224
218164
219221
220228
221183
222237
223251
224224
225231
226289
227293
228264
229312
230317
231293
232323
233327
234306
235314
236313
237299
238285
239273
240260
241238
242196
185108
185959
186676
187460
188217
188897
189790
190574
191284
192203
193013
193751
194696
195530
196296
197264
198103
199005
199881
200687
201692
202587
203418
204442
205360
206213
207255
208190
209062
210118
211078
211970
213034
214004
214918
215986
216968
217897
218968
219963
220908
221977
222977
223942
224953
226010
227011
227984
229031
230032
231009
232042
233041
234021
235040
236032
237015
238014
238996
239980
240968
241930
185501
186336
187054
187826
188587
189261
190137
190922
191622
192525
193335
194064
194989
195823
196579
197528
198374
199258
200140
200938
201917
202819
203638
204636
205562
206402
207417
208361
209223
210250
211212
212090
213126
214104
215005
216049
217039
217954
219000
220001
220931
221978
222983
223935
224927
225964
226969
227923
228958
229964
230925
231947
232951
233917
234921
235922
236893
237877
238873
239844
240818
241769
186179
186986
187695
188455
189210
189880
190732
191509
192207
193085
193881
194607
195506
196324
197080
198000
198829
199700
200575
201362
202316
203209
204018
204992
205902
206730
207720
208647
209497
210504
211448
212317
213332
214291
215180
216200
217174
218077
219101
220086
221001
222026
223018
223951
224929
225944
226930
227879
228892
229878
230832
231836
232825
233779
234770
235754
236709
237686
238667
239621
240588
241531
186417
187227
187923
188676
189423
190090
190937
191705
192395
193269
194057
194774
195673
196481
197229
198148
198960
199823
200684
201467
202413
203291
204094
205059
205959
206781
207764
208681
209525
210521
211453
212314
213319
214267
215146
216160
217121
218016
219034
220005
220915
221934
222912
223843
224810
225832
226804
227738
228753
229729
230669
231675
232653
233595
234586
235563
236513
237486
238456
239412
240369
241318
186294
187111
187804
188562
189295
189957
190813
191571
192259
193142
193924
194636
195541
196346
197083
198010
198818
199682
200525
201302
202261
203122
203922
204900
205781
206600
207595
208494
209335
210344
211258
212115
213136
214066
214941
215966
216910
217803
218831
219785
220695
221725
222689
223623
224592
225617
226585
227517
228539
229509
230448
231457
232427
233372
234372
235338
236290
237272
238232
239193
240159
241115
186576
187399
188091
188842
189574
190219
191079
191835
192503
193388
194168
194860
195767
196571
197289
198219
199026
199879
200722
201483
202434
203297
204079
205049
205933
206735
207723
208623
209445
210443
211364
212205
213209
214148
215008
216018
216969
217845
218860
219820
220715
221730
222699
223617
224569
225594
226565
227475
228493
229470
230390
231393
232371
233302
234288
235263
236206
237172
238146
239098
240047
240999
187139
187937
188624
189362
190094
190736
191572
192323
192990
193849
194622
195315
196196
196990
197707
198609
199410
200250
201093
201846
202775
203637
204408
205354
206234
207025
207986
208882
209694
210668
211581
212413
213394
214324
215170
216161
217106
217970
218966
219921
220798
221797
222761
223661
224607
225603
226562
227469
228466
229429
230345
231330
232296
233217
234194
235163
236088
237050
238017
238948
239894
240830
187300
188085
188766
189501
190229
190874
191700
192446
193118
193966
194730
195429
196296
197082
197806
198693
199484
200319
201156
201907
202826
203682
204452
205387
206257
207049
208002
208890
209702
210666
211569
212396
213370
214291
215142
216127
217057
217917
218907
219851
220726
221720
222673
223568
224514
225507
226457
227364
228354
229307
230223
231206
232162
233081
234056
235012
235938
236899
237856
238787
239733
240670
187484
188268
188942
189671
190396
191038
191856
192598
193264
194107
194865
195559
196423
197198
197919
198806
199587
200417
201246
201994
202903
203750
204517
205447
206312
207097
208041
208921
209726
210683
211581
212405
213375
214280
215121
216096
217022
217880
218865
219801
220670
221658
222605
223496
224434
225427
226366
227268
228259
229203
230111
231092
232042
232955
233927
234880
235798
236758
237708
238636
239576
240516
187623
188408
189079
189806
190520
191157
191976
192711
193371
194213
194969
195652
196518
197290
197999
198887
199661
200486
201306
202049
202959
203793
204554
205482
206335
207114
208057
208929
209728
210685
211571
212387
213356
214255
215092
216068
216981
217830
218815
219740
220604
221591
222524
223413
224343
225336
226271
227168
228158
229099
229998
230979
231923
232829
233801
234744
235660
236619
237562
238488
239427
240367
187799
188588
189253
189979
190683
191311
192136
192863
193512
194358
195106
195780
196649
197413
198112
199001
199766
200591
201398
202130
203043
203867
204618
205548
206390
207161
208108
208965
209755
210715
211589
212395
213366
214258
215081
216061
216965
217804
218791
219706
220559
221550
222475
223352
224281
225268
226194
227083
228070
229002
229900
230881
231816
232718
233691
234626
235533
236497
237433
238352
239288
240225
187660
188449
189115
189844
190543
191167
191997
192720
193368
194218
194962
195634
196502
197268
197964
198850
199618
200446
201246
201973
202897
203712
204458
205397
206231
206998
207951
208804
209589
210557
211423
212227
213205
214089
214908
215896
216793
217628
218625
219531
220380
221383
222297
223174
224113
225095
226021
226914
227901
228832
229731
230713
231645
232547
233526
234458
235368
236341
237270
238182
239131
240066
187857
188638
189305
190024
190728
191353
192170
192895
193541
194379
195126
195794
196652
197420
198108
198986
199757
200569
201376
202103
203008
203829
204575
205496
206336
207099
208034
208892
209673
210622
211497
212298
213257
214146
214965
215931
216838
217672
218646
219563
220412
221388
222314
223187
224105
225084
226017
226892
227872
228812
229699
230674
231615
232510
233478
234423
235327
236280
237223
238134
239061
240000
188208
188979
189639
190350
191052
191673
192478
193198
193841
194668
195407
196073
196919
197677
198366
199233
199993
200798
201601
202320
203212
204030
204768
205677
206511
207268
208193
209044
209819
210756
211623
212414
213362
214242
215053
216016
216914
217739
218704
219613
220454
221423
222340
223202
224116
225089
226008
226882
227857
228780
229661
230631
231557
232443
233405
234332
235225
236173
237110
238017
238942
239874
188219
188984
189639
190352
191052
191672
192473
193188
193834
194656
195389
196057
196898
197651
198342
199203
199958
200763
201563
202279
203168
203983
204718
205624
206453
207209
208131
208975
209749
210685
211547
212337
213285
214162
214963
215918
216803
217624
218587
219488
220327
221295
222208
223070
223985
224955
225873
226750
227724
228643
229526
230495
231416
232304
233266
234187
235081
236031
236960
237862
238790
239721
188248
189010
189660
190369
191067
191685
192482
193193
193838
194658
195385
196056
196894
197635
198332
199188
199936
200740
201537
202252
203135
203945
204680
205584
206406
207159
208079
208918
209689
210623
211476
212263
213208
214074
214876
215836
216716
217533
218493
219388
220222
221189
222097
222955
223872
224837
225742
226617
227586
228495
229380
230349
231259
232148
233113
234029
234924
235877
236801
237700
238630
239559
188230
188989
189632
190343
191038
191657
192454
193158
193803
194621
195340
196012
196848
197584
198281
199135
199877
200680
201473
202185
203068
203872
204604
205506
206324
207075
207992
208824
209595
210525
211371
212159
213102
213961
214766
215719
216591
217409
218371
219258
220088
221054
221954
222806
223719
224678
225577
226455
227423
228324
229207
230175
231079
231969
232934
233844
234737
235693
236616
237512
238442
239375
188166
188924
189565
190273
190967
191581
192374
193077
193722
194539
195255
195925
196760
197493
198187
199038
199775
200578
201369
202077
202957
203758
204487
205385
206200
206950
207865
208694
209462
210391
211231
212016
212957
213814
214614
215563
216434
217247
218205
219087
219915
220879
221778
222626
223535
224494
225388
226256
227220
228116
228997
229967
230863
231754
232721
233627
234519
235475
236393
237286
238218
239150
188041
188800
189437
190145
190837
191450
192244
192944
193583
194398
195112
195779
196613
197343
198035
198885
199621
200419
201207
201914
202792
203592
204317
205214
206027
206772
207686
208510
209275
210202
211040
211819
212761
213613
214409
215359
216224
217033
217993
218871
219693
220657
221549
222388
223295
224251
225138
226005
226971
227863
228739
229708
230602
231487
232456
233358
234247
235207
236121
237011
237946
238877
187841
188600
189236
189942
190631
191241
192034
192732
193369
194186
194896
195560
196393
197121
197811
198656
199390
200190
200973
201677
202557
203350
204072
204970
205777
206519
207435
208253
209013
209944
210776
211552
212494
213337
214132
215085
215942
216746
217709
218581
219398
220363
221247
222084
222988
223937
224819
225685
226649
227532
228409
229378
230263
231150
232124
233018
233904
234869
235779
236663
237602
238533
187531
188288
188919
189630
190314
190923
191720
192407
193045
193865
194565
195231
196063
196784
197474
198320
199049
199852
200629
201328
202213
202998
203720
204625
205418
206159
207080
207886
208647
209581
210398
211176
212126
212959
213750
214707
215550
216353
217320
218180
218991
219960
220831
221659
222573
223518
224393
225261
226219
227091
227973
228944
229813
230704
231684
232564
233451
234425
235324
236202
237150
238082
187064
187821
188444
189162
189837
190446
191252
191923
192565
193386
194069
194745
195578
196286
196986
197824
198546
199356
200123
200821
201716
202485
203208
204120
204898
205641
206569
207357
208121
209067
209863
210643
211600
212409
213206
214173
214996
215801
216779
217617
218427
219407
220267
221086
222008
222945
223798
224677
225643
226483
227378
228364
229196
230097
231088
231940
232832
233814
234702
235572
236528
237463
186310
187067
187671
188404
189059
189672
190496
191114
191805
192651
193284
193979
194816
195498
196211
197048
197754
198582
199329
200020
200935
201673
202396
203334
204068
204821
205780
206517
207295
208269
209016
209811
210801
211560
212368
213366
214142
214954
215958
216758
217569
218575
219407
220220
221163
222089
222924
223825
224797
225595
226518
227535
228280
229246
230281
231055
231956
232963
233817
234669
235647
236593
185304
186077
186679
187407
188074
188672
189498
190134
190776
191622
192263
192939
193796
194470
195162
196022
196720
197536
198295
198971
199885
200630
201334
202271
203014
203746
204703
205448
206205
207177
207932
208708
209692
210459
211253
212245
213029
213825
214818
215633
216428
217412
218271
219071
219975
220944
221761
222629
223638
224411
225304
226333
227095
228005
229020
229814
230706
231689
232574
233408
234362
235336
182641
183410
184017
184747
185413
185976
186816
187473
188076
188922
189596
190240
191082
191770
192462
193301
193987
194829
195568
196203
197150
197899
198556
199511
200272
200950
201918
202694
203391
204373
205165
205872
206864
207668
208382
209387
210208
210929
211951
212777
213506
214543
215371
216128
217096
218003
218842
219724
220633
221477
222347
223293
224142
224980
225974
226835
227644
228653
229490
230318
231299
232160
178612
179275
179861
180705
181299
181822
182732
183381
183972
184766
185427
186140
186892
187542
188358
189078
189707
190692
191328
191918
192992
193661
194281
195322
196032
196680
197698
198429
199104
200114
200855
201553
202582
203320
204028
205094
205812
206515
207648
208333
209020
210242
210885
211550
212800
213502
214208
215387
216156
216860
217954
218829
219535
220462
221438
222131
222962
224196
224811
225499
226880
227604
172836
173777
174483
174741
175674
176285
176816
177678
178254
179070
179918
180244
181231
182117
182255
183414
184267
184501
185635
186366
186767
187915
188617
189106
190289
190944
191490
192681
193324
193899
195117
195761
196324
197596
198254
198761
200109
200802
201220
202626
203399
203688
205086
206011
206145
207497
208629
208765
209897
211178
211510
212390
213752
214379
214999
216519
217180
217390
218901
219936
220011
221079
159890
160986
162294
161679
163656
163773
163519
166046
165385
165670
168092
167226
168161
170019
169189
170825
171964
171346
173447
173902
173472
175988
175980
175646
178436
178165
177918
180895
180472
180263
183342
182884
182670
185771
185396
185144
188155
188011
187704
190469
190731
190373
192714
193574
193077
194845
196508
195871
196910
199507
198650
198948
202341
201421
201251
204581
204429
204115
206504
207718
207286
208318
)
;

boundaryField
{
    inlet
    {
        type            calculated;
        value           nonuniform List<scalar> 0();
    }
    outlet
    {
        type            calculated;
        value           nonuniform List<scalar> 0();
    }
    front
    {
        type            empty;
    }
    back
    {
        type            empty;
    }
    hub
    {
        type            calculated;
        value           nonuniform List<scalar> 
72
(
2025.06
2023.48
1955.64
2001.02
1955.12
2001.89
2001.54
2002.53
2002.03
2002.46
2002.22
2002.88
2002.35
2002.12
2003.3
2002.46
2002.16
2002.13
3321.18
2002.43
2001.74
2001.59
2001.89
2001.35
2001.48
2002.53
2001.57
2002.04
2002.17
1990.06
1900.88
1971.89
1995.03
1997.65
1953.77
2007.41
2001.4
2001.62
1999.09
1962.49
1988.94
2596.26
79989.4
126765
169210
205950
237455
261414
275189
283084
286421
286691
285134
282767
279592
276661
273036
268943
266052
262749
258956
256785
254101
250833
249303
247242
244409
243449
241891
239647
238146
237813
)
;
    }
    tip
    {
        type            calculated;
        value           nonuniform List<scalar> 
62
(
130046
130722
132345
131704
133450
133997
133464
135956
135709
135590
138131
137549
138095
140194
139479
140805
142284
141613
143528
144360
143769
146175
146579
146001
148733
148897
148355
151306
151326
150801
153869
153853
153324
156416
156474
155930
158923
159184
158640
161367
161982
161483
163753
164897
164400
166046
167921
167452
168303
171029
170537
170542
174008
173574
173048
176427
176660
176163
178548
179982
179674
180598
)
;
    }
    procBoundary1to0
    {
        type            processor;
        value           nonuniform List<scalar> 
160
(
2071.85
2076.68
2088.78
2088.5
2112.42
2115.84
2115.92
2134.38
2140.8
2163.61
2185.93
2194.03
2227.11
2236.29
2267.83
2273.7
2299.45
2309.72
2296.59
2309.87
2279.83
2268.6
2226
2195.25
2207.07
2062.87
2050.85
1895.49
2157.63
2232.79
2130.2
3679.6
3955.96
4694.55
7530.38
7925.21
9895.32
10386.1
10699.1
14224.3
14873
16014.5
25763.6
27609.2
32235.1
51584
53579.2
67386
83679.5
98227.5
102087
104622
108869
111361
114400
116674
119066
121092
123034
124809
126451
127969
129497
130816
132175
133263
134511
135401
136555
137320
138363
139332
139703
140823
141412
142500
143089
144179
144781
145860
146508
147484
148622
148801
150013
150641
151760
152475
153426
154778
154871
157030
157825
157825
159249
160232
160232
161190
162575
162648
164657
165554
165554
167169
167954
167954
169857
170788
170788
172173
172158
173114
174514
174365
175330
176716
176452
177530
178105
178677
180025
179783
180403
181470
181862
181717
182314
183279
183031
183514
184316
184602
184474
184872
185548
185790
185675
185975
186535
186689
186876
187024
187210
187075
187273
187623
187630
187655
187636
187574
187453
187255
186943
186467
185694
184710
182078
177999
172520
160721
)
;
    }
    procBoundary1to5
    {
        type            processor;
        value           nonuniform List<scalar> 
65
(
271919
270973
269618
268722
267116
266125
265149
263850
263004
261467
260550
259655
258454
257716
256332
255519
254798
253518
252790
252138
250982
250332
249730
248889
248450
247588
247077
246699
246043
245549
245136
244853
244384
244051
243836
243475
243180
242914
242761
242505
242288
242079
241973
241794
241624
241465
241311
241163
241003
240945
240807
240650
240478
240287
240061
239782
239430
238961
238318
237392
236121
233015
228245
222490
211078
)
;
    }
    procBoundary1to6
    {
        type            processor;
        value           nonuniform List<scalar> 
85
(
239554
239922
240337
240391
240619
240744
240766
240818
240826
240834
240812
240796
240752
240723
240656
240615
240525
240488
240450
240335
240264
240122
240038
239872
239789
239711
239508
239383
239141
239011
238899
238610
238448
238313
237970
237760
237372
237125
236933
236490
236191
235949
235480
235147
234820
234500
234168
233956
233622
233769
233578
233043
234009
233765
235709
235722
239089
239342
244296
244633
250411
252375
251107
258934
259660
267501
268641
275279
276465
280413
281152
282288
283436
282891
282528
281886
281152
280382
279446
278613
277534
276702
275210
274264
273264
)
;
    }
}


// ************************************************************************* //
