/*--------------------------------*- C++ -*----------------------------------*\
| =========                 |                                                 |
| \\      /  F ield         | OpenFOAM: The Open Source CFD Toolbox           |
|  \\    /   O peration     | Version:  v2012                                 |
|   \\  /    A nd           | Website:  www.openfoam.com                      |
|    \\/     M anipulation  |                                                 |
\*---------------------------------------------------------------------------*/
FoamFile
{
    version     2.0;
    format      ascii;
    class       volScalarField;
    location    "1e-06";
    object      kMean;
}
// * * * * * * * * * * * * * * * * * * * * * * * * * * * * * * * * * * * * * //

dimensions      [0 2 -2 0 0 0 0];


internalField   nonuniform List<scalar> 
10193
(
0.742236
0.796445
0.845013
0.837546
0.883225
0.894293
0.918266
0.917011
0.939454
0.967526
0.983475
0.979099
0.997743
1.03449
1.04061
1.0331
1.06161
1.10195
1.09578
1.08948
1.12645
1.16838
1.14674
1.17336
1.19129
1.20659
1.19225
1.21199
1.2519
1.24801
1.23399
1.27067
1.31428
1.28712
1.30535
1.3331
1.34265
1.3237
1.35274
1.39749
1.37787
1.52586
1.41719
1.43208
1.40945
1.43632
1.48205
1.46108
1.60225
1.5014
1.5125
1.48687
1.52014
1.56928
1.53546
1.55241
1.58747
1.5817
1.58134
1.60568
1.62793
1.59743
1.62875
1.68095
1.64497
1.66369
1.70249
1.68623
1.86012
1.72435
1.72598
1.7172
1.74272
1.76126
1.7251
0.679188
0.722094
0.743819
0.749383
0.783357
0.807009
0.80342
0.826715
0.874882
0.87175
0.868891
0.889546
0.924077
0.928256
0.926786
0.944267
0.974683
0.98186
0.982539
0.999222
1.02573
1.03294
1.03616
1.0903
1.07517
1.06963
1.08601
1.11933
1.11982
1.11788
1.13149
1.159
1.16258
1.16454
1.21735
1.20114
1.19506
1.20946
1.24186
1.2425
1.24167
1.22576
1.27973
1.27119
1.28522
1.32096
1.31847
1.31616
1.37378
1.35424
1.34442
1.35698
1.39214
1.38923
1.38737
1.4442
1.42386
1.41552
1.43545
1.45803
1.44267
1.45507
1.49587
1.48983
1.48604
1.54448
1.52202
1.51287
1.49186
1.5505
1.53771
1.55771
1.58101
1.5618
1.57098
0.588687
0.619867
0.640238
0.644425
0.682223
0.693771
0.693836
0.713666
0.753566
0.754314
0.754319
0.771488
0.799333
0.806619
0.806828
0.821785
0.844921
0.85423
0.85519
0.874352
0.890837
0.900126
0.902138
0.94609
0.934595
0.932459
0.946231
0.971523
0.975708
0.975089
0.991514
1.00811
1.01455
1.01576
1.05639
1.04606
1.04328
1.05665
1.07929
1.0836
1.08327
1.13338
1.11446
1.10985
1.12257
1.14747
1.14947
1.14827
1.20385
1.17866
1.17331
1.18665
1.20935
1.21088
1.21002
1.25193
1.23909
1.23462
1.26325
1.26752
1.25878
1.27147
1.29791
1.29658
1.29444
1.33748
1.32395
1.31871
1.37416
1.3493
1.34081
1.36906
1.37506
1.36327
1.37811
0.581048
0.617402
0.638499
0.642152
0.657127
0.691113
0.691383
0.710973
0.735345
0.751683
0.751457
0.768176
0.792562
0.803964
0.803683
0.816741
0.840358
0.851217
0.851728
0.859425
0.886665
0.896859
0.898063
0.916441
0.930494
0.928531
0.940668
0.964062
0.971836
0.970723
0.975907
1.00274
1.01047
1.0105
1.03184
1.04117
1.03839
1.04734
1.07207
1.07883
1.07758
1.08273
1.10837
1.10441
1.11293
1.13859
1.144
1.14177
1.14636
1.1718
1.16714
1.17279
1.2003
1.20497
1.20196
1.22616
1.23218
1.22737
1.22587
1.25885
1.25179
1.25733
1.28545
1.28966
1.28467
1.31168
1.31598
1.30992
1.31386
1.33966
1.33244
1.32993
1.36409
1.35507
1.35391
0.532751
0.561436
0.580551
0.583699
0.604595
0.627849
0.629361
0.647254
0.673773
0.686059
0.686997
0.702207
0.725438
0.736583
0.73716
0.749424
0.770253
0.78133
0.781927
0.793066
0.813669
0.824299
0.824924
0.846574
0.854506
0.853811
0.864778
0.885934
0.893921
0.893393
0.902072
0.922218
0.930772
0.930381
0.953268
0.958326
0.956778
0.965563
0.986405
0.993738
0.992552
1.00199
1.02025
1.01785
1.02606
1.04782
1.05382
1.05186
1.0607
1.07879
1.0757
1.0826
1.1046
1.11009
1.1074
1.13192
1.13441
1.13079
1.1396
1.15822
1.15323
1.15953
1.18204
1.18601
1.18193
1.20889
1.21084
1.20608
1.21442
1.23296
1.22737
1.23505
1.25589
1.24894
1.25301
0.499181
0.520639
0.536498
0.539283
0.563649
0.578333
0.580108
0.59644
0.626518
0.633153
0.634464
0.648657
0.672365
0.681505
0.682343
0.694694
0.713858
0.72372
0.724231
0.739982
0.754258
0.764087
0.764455
0.793302
0.792212
0.791714
0.802359
0.823068
0.829337
0.828801
0.842513
0.856372
0.864207
0.863713
0.891918
0.889758
0.888352
0.898431
0.916666
0.922669
0.921416
0.949481
0.947403
0.945041
0.954345
0.973888
0.978318
0.976377
1.00592
1.00167
0.998522
1.00859
1.02613
1.03033
1.02809
1.05683
1.05254
1.04909
1.06859
1.07493
1.06981
1.07884
1.09808
1.09966
1.09632
1.12675
1.12246
1.11797
1.14795
1.14387
1.13785
1.15667
1.16576
1.15821
1.16996
0.494528
0.518859
0.535541
0.537742
0.552038
0.576528
0.578327
0.594792
0.614934
0.631424
0.632316
0.646493
0.66699
0.679811
0.680033
0.691079
0.710404
0.721731
0.721811
0.729555
0.751193
0.761876
0.761649
0.776569
0.789381
0.788956
0.798442
0.817409
0.826767
0.825799
0.831414
0.852475
0.861439
0.860064
0.876299
0.886393
0.884964
0.891635
0.911318
0.919494
0.917512
0.930971
0.943269
0.941279
0.947397
0.96728
0.974668
0.971931
0.98536
0.997032
0.994312
0.998552
1.01955
1.02629
1.02245
1.04
1.04778
1.04414
1.04736
1.06881
1.06505
1.06862
1.08897
1.09494
1.08949
1.10919
1.11693
1.11196
1.12565
1.13721
1.13225
1.13387
1.15778
1.15271
1.15319
0.472913
0.490327
0.503255
0.50566
0.521664
0.538637
0.540327
0.554628
0.578231
0.58846
0.589722
0.602475
0.62439
0.633923
0.634683
0.645523
0.664351
0.673786
0.674114
0.686079
0.702289
0.71165
0.711359
0.732245
0.737973
0.73746
0.746522
0.766406
0.773006
0.772263
0.782445
0.798458
0.806089
0.804732
0.826669
0.829902
0.828431
0.836127
0.854809
0.860794
0.859081
0.870681
0.883598
0.881347
0.888297
0.907918
0.912663
0.909845
0.928038
0.934174
0.931094
0.938006
0.956581
0.961087
0.957507
0.980659
0.98141
0.977476
0.990372
1.00183
0.996978
1.00285
1.02246
1.02485
1.0199
1.0446
1.04547
1.04044
1.05174
1.06509
1.05922
1.07122
1.08542
1.07837
1.08543
0.469542
0.488981
0.502501
0.504192
0.512407
0.537066
0.538751
0.55323
0.568341
0.586803
0.587755
0.600465
0.618778
0.632357
0.632525
0.642164
0.660818
0.672032
0.671766
0.676011
0.699312
0.709693
0.708849
0.718588
0.735343
0.734897
0.742992
0.760361
0.770623
0.769387
0.771784
0.794594
0.8036
0.801437
0.812519
0.826714
0.825229
0.829882
0.849217
0.857906
0.855262
0.859405
0.879736
0.877804
0.881938
0.900886
0.909277
0.905864
0.910711
0.9298
0.927105
0.928736
0.949773
0.957313
0.95242
0.964572
0.97693
0.972966
0.969041
0.995742
0.992502
0.993541
1.01299
1.02034
1.01372
1.02784
1.04
1.0346
1.03681
1.05868
1.05379
1.04832
1.07736
1.07299
1.06911
0.455777
0.468384
0.478265
0.479761
0.490935
0.506279
0.507265
0.519462
0.537342
0.549079
0.549654
0.561186
0.580433
0.590172
0.59033
0.60016
0.618128
0.627014
0.626714
0.636222
0.653114
0.661792
0.661061
0.677199
0.686389
0.68524
0.693293
0.712186
0.718981
0.717529
0.725426
0.742648
0.749877
0.747868
0.765563
0.772266
0.77001
0.776289
0.795045
0.800946
0.798237
0.809975
0.8222
0.819128
0.824734
0.844147
0.849051
0.8455
0.857197
0.86909
0.865199
0.870275
0.889475
0.893929
0.889344
0.908311
0.91278
0.907969
0.916886
0.931215
0.925705
0.929739
0.949351
0.952237
0.946251
0.966637
0.970749
0.964519
0.976266
0.98871
0.98199
0.99021
1.00703
0.999502
1.00386
0.447217
0.454226
0.460624
0.461887
0.473803
0.481428
0.481928
0.491567
0.511781
0.515955
0.516185
0.526583
0.545398
0.551198
0.551285
0.562034
0.577555
0.583714
0.58343
0.59871
0.608204
0.614784
0.614397
0.640166
0.637592
0.635971
0.64506
0.664222
0.666906
0.665266
0.6804
0.690196
0.695229
0.693917
0.72101
0.716426
0.713546
0.724101
0.73999
0.742437
0.740065
0.767238
0.76293
0.758777
0.768519
0.786206
0.786878
0.783789
0.81222
0.806265
0.801177
0.813049
0.827472
0.828134
0.825333
0.853437
0.846133
0.840934
0.861261
0.864581
0.856843
0.86729
0.884041
0.881862
0.878406
0.90631
0.898801
0.892873
0.921889
0.916119
0.907949
0.928305
0.934192
0.923591
0.938354
0.44592
0.453566
0.460123
0.461035
0.46871
0.48038
0.480911
0.490329
0.503971
0.514544
0.514718
0.524351
0.540843
0.549608
0.549325
0.557881
0.574118
0.582047
0.581154
0.589687
0.605119
0.612864
0.611534
0.625748
0.634974
0.633261
0.640503
0.658061
0.664549
0.662237
0.669616
0.685963
0.692579
0.689862
0.706066
0.713139
0.710114
0.715851
0.73394
0.7394
0.735769
0.748496
0.758648
0.754947
0.759991
0.778692
0.783338
0.77882
0.791768
0.801445
0.79685
0.801544
0.820082
0.82418
0.818656
0.836504
0.841338
0.835601
0.84475
0.858011
0.85197
0.855484
0.874231
0.877249
0.870212
0.888842
0.89322
0.886006
0.899226
0.909062
0.901734
0.910102
0.925633
0.917741
0.921725
0.442562
0.446083
0.449685
0.450393
0.457384
0.463195
0.463312
0.470278
0.484961
0.488825
0.488688
0.497091
0.512698
0.517337
0.51705
0.52642
0.539823
0.544764
0.544301
0.557423
0.566004
0.571348
0.570764
0.59251
0.591468
0.589471
0.59764
0.615323
0.61711
0.615144
0.62894
0.63828
0.642216
0.640689
0.665108
0.661589
0.658192
0.668244
0.683281
0.684821
0.682071
0.705561
0.703701
0.698875
0.708275
0.725206
0.725053
0.721538
0.746293
0.742987
0.737171
0.748693
0.762782
0.762455
0.759333
0.785392
0.779097
0.773186
0.79148
0.796113
0.787427
0.797502
0.813713
0.81081
0.807109
0.83286
0.825974
0.819432
0.844281
0.841617
0.832699
0.851082
0.857956
0.846658
0.860484
0.442205
0.4457
0.449326
0.449847
0.45422
0.462306
0.462551
0.46913
0.478865
0.487503
0.487453
0.49492
0.508417
0.515744
0.515289
0.522326
0.536509
0.543033
0.541964
0.54934
0.56298
0.569334
0.567802
0.57976
0.588741
0.586732
0.592734
0.608888
0.614526
0.611916
0.61866
0.633857
0.639423
0.636279
0.650666
0.658003
0.654497
0.659503
0.676814
0.681516
0.677356
0.688885
0.699058
0.694722
0.699076
0.717089
0.721179
0.716027
0.727956
0.73773
0.732423
0.736747
0.754681
0.758126
0.751898
0.768283
0.773794
0.767315
0.775986
0.788965
0.782038
0.784946
0.803059
0.805653
0.797962
0.814981
0.819766
0.811787
0.823894
0.834
0.825771
0.833938
0.848794
0.839964
0.844033
0.442178
0.442821
0.444027
0.444285
0.447562
0.450899
0.45076
0.455127
0.465169
0.467786
0.467394
0.473658
0.485874
0.489105
0.488549
0.496406
0.507285
0.510822
0.510231
0.521538
0.528433
0.532428
0.531802
0.550552
0.549424
0.54701
0.554481
0.570132
0.57079
0.568648
0.581406
0.589284
0.591998
0.590581
0.61281
0.609145
0.605323
0.615184
0.628684
0.62906
0.626268
0.648012
0.646103
0.640641
0.650137
0.66572
0.664424
0.660869
0.684
0.680771
0.674295
0.686
0.698905
0.697423
0.694586
0.719179
0.712686
0.706281
0.724055
0.728125
0.718556
0.728965
0.744133
0.740164
0.736933
0.761066
0.753775
0.747136
0.770402
0.767732
0.758423
0.776247
0.782402
0.770475
0.784204
0.442487
0.442705
0.44383
0.444015
0.445579
0.450281
0.45026
0.454231
0.460621
0.466725
0.466457
0.471786
0.482182
0.487722
0.487121
0.492711
0.504374
0.509264
0.508129
0.514721
0.525778
0.530585
0.529003
0.539138
0.546913
0.544602
0.549655
0.563935
0.568306
0.565548
0.572199
0.585106
0.589368
0.586169
0.599056
0.605697
0.601743
0.606625
0.622264
0.625822
0.62149
0.631316
0.641487
0.636571
0.640911
0.657514
0.660591
0.655179
0.665541
0.675479
0.669531
0.67437
0.690694
0.693212
0.686829
0.702156
0.7074
0.700281
0.709199
0.720989
0.713181
0.716582
0.733229
0.735032
0.72737
0.743195
0.747593
0.739164
0.749727
0.760178
0.751204
0.759921
0.773259
0.763458
0.76865
0.444582
0.443041
0.442274
0.442178
0.442511
0.443497
0.443197
0.445174
0.451451
0.452407
0.451864
0.45601
0.464944
0.46663
0.465915
0.472184
0.480373
0.482473
0.481778
0.491583
0.496324
0.498919
0.498435
0.514987
0.512636
0.509972
0.516838
0.530087
0.529528
0.527383
0.539289
0.545075
0.546486
0.545519
0.565888
0.561082
0.557055
0.566801
0.578156
0.577246
0.574816
0.595858
0.592178
0.58635
0.59602
0.6097
0.607083
0.60399
0.62663
0.62165
0.614826
0.626846
0.637971
0.635156
0.633206
0.656671
0.64878
0.642445
0.660637
0.662668
0.652543
0.663676
0.677359
0.672114
0.669962
0.692954
0.684263
0.678131
0.701451
0.6966
0.687352
0.70566
0.709593
0.697375
0.711544
0.44515
0.442976
0.442113
0.442003
0.441296
0.443101
0.442871
0.444579
0.44815
0.451732
0.451283
0.454639
0.46208
0.465762
0.465015
0.469272
0.478153
0.481525
0.4804
0.485989
0.494437
0.497829
0.496342
0.504643
0.510914
0.508491
0.512796
0.524942
0.527935
0.52527
0.531484
0.541994
0.544902
0.541994
0.553088
0.558667
0.554672
0.55951
0.572907
0.575166
0.571059
0.578199
0.588845
0.583566
0.588083
0.602649
0.604546
0.599354
0.606939
0.617793
0.611428
0.616799
0.631026
0.632409
0.62655
0.640203
0.644885
0.637678
0.645936
0.656968
0.64855
0.652961
0.667712
0.668648
0.661659
0.675795
0.679765
0.671408
0.679155
0.690765
0.681488
0.689846
0.702101
0.691829
0.697744
0.446105
0.443177
0.442221
0.4421
0.441252
0.442985
0.442874
0.444359
0.446444
0.451359
0.45109
0.453775
0.45945
0.465223
0.464567
0.466903
0.475867
0.480872
0.479537
0.480373
0.492515
0.497139
0.494858
0.499014
0.509304
0.507543
0.509443
0.519674
0.526601
0.523812
0.523316
0.538618
0.543719
0.539291
0.545121
0.556261
0.553054
0.552451
0.5671
0.573437
0.568242
0.571067
0.585402
0.581655
0.580444
0.595146
0.602297
0.595789
0.599092
0.613704
0.608904
0.606257
0.623406
0.629871
0.620954
0.629119
0.641006
0.634102
0.632253
0.650588
0.645675
0.64185
0.65785
0.665375
0.654269
0.663679
0.675198
0.666004
0.668588
0.68455
0.67698
0.674607
0.693746
0.687691
0.68272
0.449115
0.445335
0.442957
0.442562
0.440137
0.439518
0.439123
0.438911
0.44017
0.441479
0.440881
0.442478
0.447274
0.449103
0.44825
0.45127
0.457482
0.459265
0.458142
0.462677
0.468678
0.47068
0.469365
0.476338
0.480595
0.478057
0.481899
0.491831
0.493347
0.490745
0.496612
0.504696
0.506343
0.503941
0.513709
0.51748
0.513427
0.518537
0.529387
0.530325
0.526696
0.534516
0.541742
0.536293
0.541336
0.553485
0.554025
0.549472
0.558131
0.565311
0.558836
0.564851
0.576687
0.57677
0.572088
0.58428
0.587451
0.580564
0.58797
0.597975
0.589292
0.594781
0.60746
0.607152
0.601673
0.614331
0.616862
0.609303
0.617738
0.626421
0.617358
0.624962
0.636072
0.625693
0.632124
0.44999
0.445531
0.442976
0.442604
0.440161
0.439307
0.438957
0.438542
0.438874
0.440883
0.440403
0.441385
0.444906
0.44819
0.447392
0.44878
0.455041
0.458147
0.45679
0.458386
0.466428
0.469369
0.467224
0.471525
0.478461
0.476409
0.477951
0.486479
0.49125
0.488455
0.489915
0.500747
0.504239
0.500217
0.506466
0.514315
0.510794
0.511435
0.523086
0.527529
0.522618
0.527676
0.537452
0.533163
0.533369
0.545489
0.550592
0.544426
0.550158
0.560198
0.554856
0.554913
0.568294
0.572902
0.564975
0.573622
0.582304
0.575214
0.577865
0.590495
0.584651
0.583794
0.596856
0.602359
0.592726
0.602379
0.610823
0.601886
0.607891
0.618842
0.610749
0.613292
0.626594
0.619397
0.619099
0.452915
0.448023
0.444468
0.443726
0.440112
0.437572
0.436979
0.435186
0.434817
0.434004
0.43324
0.433345
0.43601
0.43597
0.435018
0.436935
0.440741
0.44096
0.439852
0.443542
0.447048
0.447637
0.446657
0.453089
0.454523
0.451935
0.45546
0.463374
0.46316
0.460778
0.466479
0.472034
0.472287
0.470732
0.480083
0.481016
0.477057
0.48252
0.490919
0.490216
0.487464
0.496172
0.499501
0.494132
0.499801
0.509612
0.508312
0.504898
0.514413
0.517657
0.511428
0.518104
0.527497
0.52581
0.522908
0.534614
0.534721
0.52869
0.536767
0.54372
0.535012
0.541582
0.552298
0.549955
0.546601
0.558693
0.55828
0.55216
0.561972
0.566497
0.558175
0.566469
0.574696
0.564493
0.571674
0.453494
0.448187
0.444469
0.443762
0.440108
0.437434
0.436857
0.434898
0.433757
0.433559
0.43287
0.432429
0.434121
0.435257
0.434311
0.434907
0.438743
0.440036
0.438678
0.440401
0.445172
0.446552
0.444675
0.448271
0.452723
0.450505
0.451951
0.458662
0.461369
0.458686
0.461409
0.468669
0.470498
0.467203
0.472951
0.478297
0.474657
0.476653
0.485397
0.487821
0.48355
0.488879
0.495797
0.491258
0.493114
0.502489
0.505344
0.500056
0.505923
0.513245
0.50772
0.510219
0.520003
0.522442
0.516351
0.524098
0.530183
0.523541
0.528371
0.537128
0.5306
0.532647
0.5426
0.545723
0.538545
0.546933
0.552902
0.545062
0.55153
0.559658
0.551776
0.556849
0.566146
0.558399
0.561511
0.455089
0.449493
0.445041
0.443883
0.43971
0.435826
0.434909
0.431997
0.430749
0.428126
0.427116
0.426113
0.427284
0.42555
0.42446
0.425475
0.427337
0.426119
0.425049
0.428295
0.429335
0.428662
0.428056
0.434351
0.432832
0.430257
0.433459
0.439677
0.437742
0.435703
0.441547
0.444408
0.443414
0.442783
0.452246
0.449931
0.446277
0.451941
0.458207
0.455969
0.454247
0.464205
0.463334
0.458256
0.46435
0.472183
0.469097
0.467
0.477917
0.476678
0.470992
0.47828
0.485278
0.481916
0.48082
0.492785
0.48913
0.484329
0.494062
0.496737
0.488497
0.495805
0.504594
0.500175
0.498939
0.511236
0.507055
0.502694
0.514468
0.455293
0.449428
0.444902
0.443747
0.439717
0.435609
0.434721
0.431639
0.429634
0.42775
0.426798
0.425293
0.425653
0.425043
0.423914
0.423837
0.425774
0.425511
0.424116
0.425375
0.427948
0.427989
0.426418
0.428991
0.43157
0.42922
0.430634
0.435665
0.436577
0.43405
0.436934
0.441853
0.442326
0.43991
0.444619
0.448039
0.44444
0.447228
0.453689
0.454447
0.45107
0.453978
0.460625
0.456064
0.459011
0.466155
0.467177
0.463101
0.467314
0.473452
0.468117
0.471756
0.4791
0.479779
0.475625
0.481852
0.485917
0.480195
0.484355
0.491625
0.485059
0.488565
0.496196
0.497378
0.492614
0.499206
0.503227
0.497074
0.455148
0.449461
0.444869
0.44372
0.439147
0.435487
0.434673
0.431428
0.428931
0.427478
0.426657
0.42464
0.424375
0.424647
0.423594
0.422247
0.424238
0.425044
0.423481
0.422746
0.426499
0.427491
0.42514
0.426476
0.430313
0.428537
0.427968
0.432295
0.435491
0.432832
0.432625
0.439125
0.441401
0.437474
0.44066
0.446076
0.443105
0.442367
0.449427
0.452984
0.448427
0.450904
0.457757
0.454444
0.453518
0.460915
0.465241
0.45975
0.462785
0.470014
0.465917
0.465107
0.473466
0.477638
0.470714
0.475864
0.482482
0.476734
0.47788
0.486388
0.482371
0.481119
0.48936
0.494414
0.486351
0.492354
0.499126
0.453729
0.44767
0.442519
0.440867
0.436885
0.432193
0.430764
0.427101
0.424956
0.42178
0.420405
0.418328
0.418016
0.415898
0.414486
0.413999
0.414648
0.413007
0.411552
0.412409
0.413348
0.41219
0.410938
0.413344
0.413676
0.411164
0.41254
0.416363
0.415542
0.413256
0.415952
0.419183
0.41836
0.416835
0.421355
0.422355
0.418885
0.421945
0.426893
0.426016
0.423598
0.427976
0.43079
0.426299
0.429707
0.435504
0.434687
0.431822
0.436656
0.43972
0.434691
0.438633
0.444564
0.44347
0.441039
0.44701
0.448401
0.443689
0.447911
0.45316
0.446727
0.450689
0.457151
0.456287
0.453482
0.459702
0.452894
0.44726
0.442235
0.44043
0.436293
0.431748
0.430461
0.426469
0.424006
0.421242
0.419977
0.417274
0.416466
0.415245
0.413834
0.412286
0.412928
0.412247
0.410519
0.410309
0.41171
0.411354
0.409242
0.410515
0.412167
0.410032
0.409817
0.412868
0.41412
0.41152
0.412681
0.416321
0.417011
0.414005
0.416999
0.420106
0.416956
0.417872
0.42253
0.424135
0.420451
0.423567
0.427668
0.423997
0.425044
0.430134
0.432319
0.428
0.431549
0.436031
0.43174
0.433431
0.438819
0.440845
0.436124
0.4405
0.444637
0.43957
0.442685
0.4478
0.443186
0.44475
0.450153
0.452858
0.447643
0.452315
0.446949
0.440813
0.435054
0.433095
0.430681
0.42511
0.422725
0.419314
0.418353
0.413519
0.411477
0.409592
0.409526
0.405684
0.403891
0.403612
0.403489
0.400424
0.398936
0.400318
0.39944
0.397126
0.396297
0.399498
0.397108
0.394383
0.395937
0.399172
0.396395
0.394417
0.397788
0.398869
0.39677
0.396189
0.401555
0.3994
0.39614
0.399676
0.403331
0.40069
0.399303
0.405199
0.404353
0.400066
0.404032
0.408844
0.405926
0.404326
0.410817
0.409998
0.405423
0.410155
0.414557
0.411499
0.410727
0.417755
0.415483
0.411849
0.417872
0.419666
0.413403
0.418177
0.423691
0.420349
0.419441
0.426656
0.445364
0.439955
0.43463
0.432203
0.429224
0.424405
0.422275
0.41828
0.416287
0.41288
0.410942
0.408273
0.40743
0.405064
0.403167
0.40185
0.401715
0.399802
0.39787
0.397792
0.397995
0.396509
0.394679
0.395445
0.395899
0.393373
0.393553
0.395665
0.395351
0.392856
0.394171
0.396482
0.395859
0.393762
0.395973
0.397703
0.39448
0.396085
0.399389
0.399399
0.396654
0.398608
0.401937
0.398129
0.400037
0.403807
0.404294
0.401189
0.403407
0.40715
0.402968
0.405301
0.409375
0.409722
0.406798
0.409946
0.412694
0.408518
0.410698
0.415248
0.410532
0.4129
0.417043
0.418001
0.414819
0.418147
0.44277
0.43893
0.434225
0.431407
0.427069
0.423584
0.421937
0.417283
0.414743
0.412168
0.410531
0.40687
0.405776
0.404402
0.402594
0.399828
0.399999
0.39917
0.39697
0.395484
0.396425
0.395912
0.393162
0.393459
0.394558
0.39259
0.391054
0.393022
0.394225
0.391528
0.391194
0.394059
0.394925
0.391404
0.393296
0.395828
0.393106
0.392531
0.396082
0.397986
0.394142
0.395997
0.399361
0.396518
0.396078
0.399987
0.402481
0.398161
0.400478
0.404172
0.400845
0.400953
0.405234
0.407756
0.402836
0.406142
0.409714
0.405399
0.406965
0.411173
0.408043
0.408066
0.412362
0.415405
0.41017
0.413857
0.430547
0.426095
0.420301
0.41772
0.416366
0.411939
0.408454
0.405486
0.404913
0.400715
0.397813
0.396075
0.396026
0.392327
0.389855
0.389322
0.38913
0.385914
0.383866
0.384307
0.383775
0.381187
0.379789
0.381196
0.379919
0.376919
0.377598
0.379568
0.37757
0.375238
0.376882
0.378217
0.376314
0.375082
0.37779
0.377408
0.374168
0.376135
0.378896
0.377262
0.375384
0.378244
0.379209
0.375331
0.37761
0.381007
0.379663
0.377582
0.380756
0.382004
0.377981
0.380577
0.384098
0.382674
0.381065
0.384748
0.38511
0.381672
0.384579
0.387397
0.38256
0.385208
0.389127
0.388112
0.386296
0.390176
0.427857
0.424281
0.419603
0.416111
0.414548
0.410567
0.407749
0.403731
0.402661
0.399615
0.397013
0.394079
0.3935
0.391392
0.388851
0.387118
0.386855
0.385084
0.382507
0.382164
0.381912
0.380438
0.377909
0.378422
0.378419
0.375795
0.375169
0.376402
0.376345
0.373574
0.374252
0.37565
0.375303
0.372669
0.374112
0.375504
0.372489
0.373186
0.375324
0.375838
0.372843
0.374282
0.376652
0.373447
0.374392
0.376838
0.377901
0.374703
0.376412
0.379095
0.375669
0.377075
0.379733
0.380797
0.377685
0.379763
0.382266
0.378676
0.38048
0.383358
0.379958
0.381397
0.384063
0.385704
0.382546
0.384751
0.422711
0.422204
0.41884
0.414656
0.409867
0.408955
0.407173
0.401994
0.399354
0.398319
0.396351
0.39182
0.390979
0.390305
0.388008
0.384095
0.384637
0.384148
0.381314
0.378615
0.379965
0.379618
0.376051
0.375426
0.376776
0.374895
0.372234
0.373726
0.374987
0.37212
0.370482
0.373193
0.374196
0.37016
0.371017
0.37349
0.371084
0.3693
0.37232
0.374278
0.370311
0.370891
0.374106
0.371866
0.370264
0.373516
0.375992
0.371741
0.372779
0.376261
0.373642
0.372516
0.376209
0.378769
0.373845
0.376087
0.379433
0.375736
0.375964
0.37982
0.377655
0.376541
0.380196
0.383174
0.378118
0.380833
0.404513
0.402532
0.397407
0.394093
0.39374
0.391406
0.386886
0.384694
0.384728
0.382002
0.378177
0.376937
0.377249
0.374411
0.371152
0.370802
0.370892
0.368077
0.365378
0.365596
0.365487
0.363008
0.361028
0.361666
0.361177
0.357851
0.358145
0.359364
0.358096
0.355397
0.356254
0.357501
0.355972
0.354221
0.355581
0.35602
0.352806
0.353948
0.355869
0.355045
0.352845
0.354198
0.355723
0.352264
0.353614
0.355848
0.355529
0.353233
0.354739
0.356564
0.353136
0.354601
0.357098
0.35677
0.354803
0.356702
0.358031
0.355003
0.356359
0.359008
0.355428
0.356948
0.359538
0.359798
0.357741
0.359823
0.400648
0.399422
0.396137
0.39147
0.39094
0.388963
0.385656
0.381869
0.382016
0.380035
0.376794
0.373894
0.374179
0.37278
0.369524
0.36774
0.367949
0.36669
0.363374
0.363072
0.362959
0.361803
0.358527
0.359307
0.3591
0.356301
0.355266
0.356328
0.356388
0.353309
0.353704
0.354662
0.354561
0.351488
0.352883
0.353725
0.350825
0.351039
0.352592
0.353237
0.350105
0.351639
0.352955
0.350151
0.350568
0.352354
0.353419
0.35028
0.351977
0.353565
0.350678
0.351572
0.35344
0.354579
0.351561
0.353383
0.355079
0.352014
0.353552
0.35538
0.352777
0.353716
0.355651
0.357165
0.354319
0.356235
0.376929
0.374434
0.368098
0.36602
0.369912
0.365994
0.359555
0.360008
0.363822
0.358739
0.353775
0.354909
0.357763
0.352558
0.348923
0.350647
0.351752
0.347048
0.34472
0.347111
0.346245
0.342381
0.34146
0.344372
0.341665
0.337681
0.339289
0.341628
0.338178
0.335779
0.338253
0.338635
0.335557
0.334922
0.338046
0.336097
0.332733
0.335004
0.33702
0.334229
0.332908
0.336069
0.335356
0.331577
0.333913
0.336422
0.33399
0.332596
0.335835
0.335368
0.331808
0.334383
0.336612
0.3343
0.333542
0.336822
0.335734
0.33311
0.336095
0.337126
0.33299
0.335503
0.338161
0.33629
0.335453
0.338696
0.370756
0.37081
0.366913
0.362948
0.363277
0.363198
0.358035
0.356785
0.35745
0.356591
0.352064
0.351562
0.352391
0.35089
0.346963
0.347098
0.347659
0.345727
0.342453
0.342907
0.343294
0.341319
0.338851
0.339336
0.339539
0.335966
0.336278
0.337197
0.336616
0.333635
0.334333
0.335436
0.334386
0.332297
0.333103
0.333916
0.330773
0.331632
0.332976
0.33272
0.330382
0.331107
0.33266
0.329585
0.330555
0.332025
0.332243
0.329957
0.330728
0.332495
0.329606
0.330616
0.332307
0.332534
0.330578
0.331616
0.333082
0.330543
0.331267
0.333369
0.330702
0.331744
0.333413
0.334126
0.33224
0.333392
0.366176
0.36697
0.365444
0.359773
0.359775
0.360044
0.356691
0.353273
0.354277
0.354049
0.35049
0.347803
0.349052
0.34885
0.345067
0.343385
0.344413
0.344087
0.340111
0.339877
0.340451
0.34
0.335995
0.336935
0.337215
0.334335
0.333112
0.334379
0.334777
0.33143
0.331633
0.332683
0.332966
0.329485
0.330819
0.331634
0.328831
0.32875
0.330181
0.330966
0.327726
0.329016
0.330136
0.327631
0.327707
0.329266
0.330304
0.327238
0.328647
0.329914
0.327419
0.327943
0.329503
0.330615
0.327727
0.329301
0.330611
0.327958
0.32912
0.330563
0.328478
0.32904
0.330649
0.331951
0.329369
0.330988
0.338854
0.338901
0.333654
0.33126
0.334531
0.333546
0.326839
0.328022
0.331516
0.329175
0.323835
0.325454
0.328513
0.325292
0.321268
0.32308
0.325028
0.321524
0.318828
0.320855
0.321382
0.318142
0.316811
0.319113
0.31805
0.313906
0.31535
0.317514
0.315345
0.312685
0.314502
0.315595
0.313202
0.312106
0.314325
0.31371
0.310379
0.312018
0.313911
0.312152
0.310509
0.312589
0.312895
0.309448
0.311066
0.313115
0.31182
0.310167
0.312231
0.312691
0.309573
0.31125
0.313151
0.311932
0.310767
0.312883
0.312888
0.310495
0.31232
0.313617
0.310405
0.311998
0.313987
0.313242
0.312038
0.314092
0.333014
0.334378
0.332144
0.327774
0.328078
0.329877
0.325046
0.324351
0.325156
0.326278
0.321803
0.321697
0.322865
0.323031
0.31895
0.319294
0.320359
0.319762
0.316196
0.316765
0.317775
0.316767
0.313899
0.314353
0.315364
0.311944
0.312235
0.313109
0.313371
0.310324
0.310949
0.312086
0.311754
0.309395
0.309975
0.311157
0.308285
0.308948
0.310025
0.310361
0.307983
0.308418
0.31
0.307411
0.308117
0.309191
0.309853
0.307659
0.308087
0.309767
0.307432
0.308171
0.309389
0.310021
0.308148
0.308792
0.310226
0.30814
0.308622
0.310234
0.308283
0.309022
0.310132
0.311043
0.309356
0.310034
0.327679
0.330089
0.330296
0.324219
0.323958
0.326176
0.323501
0.320361
0.32148
0.323172
0.319979
0.317359
0.319194
0.320481
0.316746
0.314929
0.316827
0.317697
0.313491
0.313033
0.314608
0.315115
0.310633
0.31151
0.312701
0.3101
0.308627
0.310187
0.311224
0.307875
0.307743
0.309256
0.310084
0.306319
0.307493
0.308725
0.306202
0.305756
0.307337
0.308439
0.305186
0.306155
0.307508
0.305396
0.305095
0.306656
0.307854
0.304901
0.30597
0.307338
0.305259
0.305386
0.306914
0.30811
0.30532
0.306638
0.307937
0.305631
0.306386
0.307787
0.306152
0.306312
0.307775
0.309009
0.306583
0.307904
0.300604
0.302503
0.29924
0.296609
0.298427
0.299878
0.294353
0.295459
0.29777
0.298124
0.293461
0.294848
0.297338
0.296553
0.292797
0.294152
0.296357
0.294772
0.292007
0.293273
0.294906
0.293028
0.291307
0.292781
0.29334
0.289714
0.290781
0.292568
0.291974
0.28938
0.290466
0.292065
0.290845
0.28938
0.290775
0.291357
0.288492
0.28952
0.291208
0.290663
0.288906
0.290108
0.291178
0.28844
0.289445
0.291072
0.290889
0.289213
0.290398
0.291469
0.289056
0.290031
0.291593
0.291372
0.290031
0.291303
0.292008
0.290054
0.291033
0.292382
0.290148
0.29105
0.292496
0.292584
0.291292
0.292515
0.296074
0.29787
0.297521
0.293124
0.293934
0.29597
0.292579
0.291774
0.292995
0.294893
0.291409
0.291094
0.292573
0.293942
0.290408
0.290588
0.291999
0.292703
0.289264
0.290001
0.291237
0.291414
0.288299
0.289226
0.290431
0.287693
0.287769
0.288817
0.289755
0.286949
0.287667
0.288734
0.289206
0.286688
0.28758
0.288729
0.286388
0.28691
0.287909
0.28874
0.286446
0.287315
0.28843
0.286449
0.286992
0.287947
0.288885
0.28686
0.287717
0.288814
0.287021
0.287701
0.288628
0.28948
0.287727
0.288524
0.289589
0.28789
0.288679
0.289615
0.2882
0.28882
0.28965
0.290553
0.289075
0.289804
0.289066
0.293676
0.295545
0.289795
0.287731
0.292283
0.291172
0.287837
0.2878
0.29171
0.289731
0.286423
0.288151
0.291251
0.288331
0.28532
0.288184
0.290479
0.286614
0.284771
0.287962
0.289615
0.284862
0.284914
0.287685
0.285944
0.283518
0.28536
0.28752
0.284524
0.283207
0.28581
0.287443
0.283348
0.283974
0.286288
0.284381
0.28289
0.284998
0.286801
0.283514
0.283738
0.28598
0.284532
0.283269
0.285142
0.28693
0.283946
0.28438
0.286464
0.284919
0.2841
0.285994
0.287629
0.284561
0.285555
0.28741
0.285326
0.2853
0.287195
0.286137
0.285417
0.287045
0.288635
0.285914
0.286987
0.267492
0.270079
0.269218
0.266474
0.266801
0.269751
0.266258
0.266815
0.26771
0.269958
0.26669
0.267482
0.268972
0.270208
0.267235
0.268043
0.269804
0.270157
0.267607
0.268141
0.270176
0.269956
0.267965
0.268513
0.270292
0.267703
0.268379
0.269552
0.27037
0.268148
0.268677
0.270345
0.270458
0.268801
0.269425
0.270889
0.268799
0.269453
0.270708
0.271274
0.269607
0.270066
0.271629
0.269784
0.270436
0.271536
0.272249
0.270735
0.271203
0.272632
0.270999
0.271571
0.272687
0.273259
0.271965
0.272543
0.273685
0.272255
0.27263
0.273918
0.272581
0.2731
0.274019
0.2747
0.273548
0.274104
0.263937
0.266358
0.267446
0.263418
0.264005
0.266437
0.264703
0.263477
0.264865
0.267043
0.26487
0.263936
0.265805
0.267704
0.265079
0.264615
0.266569
0.268061
0.265055
0.265393
0.26717
0.268245
0.265047
0.266169
0.267691
0.265832
0.265378
0.266898
0.268233
0.265834
0.266228
0.26771
0.268775
0.266127
0.2673
0.268579
0.266804
0.266918
0.268299
0.269424
0.267172
0.268152
0.269354
0.267897
0.268033
0.269318
0.27039
0.268388
0.269363
0.270464
0.26904
0.269378
0.270545
0.27151
0.269649
0.27069
0.271672
0.270126
0.270814
0.271825
0.270717
0.270995
0.272038
0.272928
0.271355
0.272312
0.245471
0.247576
0.246382
0.244891
0.246439
0.248306
0.245033
0.246331
0.248182
0.249331
0.246495
0.247888
0.249959
0.250334
0.247994
0.249307
0.251361
0.251086
0.249333
0.250532
0.252327
0.251688
0.250588
0.251937
0.253035
0.250694
0.251801
0.253439
0.253672
0.251969
0.253008
0.254596
0.254257
0.253279
0.254512
0.255427
0.25354
0.254509
0.255998
0.256068
0.254882
0.255918
0.257035
0.255232
0.25613
0.257476
0.257699
0.256548
0.257506
0.258518
0.256909
0.257711
0.258951
0.259065
0.258131
0.259105
0.259817
0.258509
0.259264
0.260338
0.258884
0.259583
0.260658
0.260911
0.260029
0.260914
0.242513
0.244359
0.245021
0.242435
0.243506
0.245484
0.243672
0.243735
0.24503
0.246894
0.244914
0.245217
0.246671
0.248266
0.246147
0.246732
0.248204
0.24937
0.247217
0.248127
0.249534
0.250296
0.248279
0.249349
0.250708
0.249042
0.249503
0.250668
0.251819
0.250022
0.250884
0.252034
0.252829
0.251157
0.252181
0.253298
0.251813
0.252491
0.25352
0.254434
0.252909
0.253874
0.254855
0.253587
0.254216
0.255145
0.256015
0.254651
0.255544
0.256413
0.255232
0.255899
0.25672
0.257479
0.256291
0.257093
0.257893
0.256758
0.257507
0.258228
0.257294
0.25786
0.258569
0.259271
0.258287
0.258985
0.228824
0.23004
0.228746
0.228121
0.23064
0.231395
0.228536
0.230212
0.232856
0.232929
0.230594
0.23239
0.234885
0.2344
0.232642
0.234497
0.236497
0.235661
0.234554
0.236511
0.237725
0.236793
0.236399
0.238456
0.238758
0.236709
0.238246
0.240157
0.239735
0.238486
0.240159
0.241385
0.240645
0.240266
0.242051
0.242299
0.240616
0.24205
0.243545
0.243075
0.242332
0.243924
0.244499
0.242741
0.244038
0.245463
0.24513
0.244357
0.245802
0.24632
0.244743
0.245963
0.247165
0.246782
0.246272
0.247601
0.24781
0.246635
0.247834
0.24863
0.247038
0.248087
0.249205
0.248994
0.248468
0.249625
0.225473
0.227404
0.227825
0.226232
0.226799
0.229132
0.22748
0.228165
0.229043
0.231028
0.22936
0.23017
0.23139
0.232832
0.231195
0.232059
0.233447
0.234392
0.23288
0.233651
0.235224
0.235782
0.234509
0.235172
0.236797
0.23538
0.236135
0.237173
0.238247
0.236895
0.237631
0.238918
0.239538
0.238432
0.239097
0.240421
0.239187
0.239912
0.240915
0.241726
0.240631
0.241048
0.242446
0.241359
0.242024
0.242876
0.243683
0.242679
0.243123
0.244297
0.243314
0.243908
0.244725
0.2454
0.244538
0.245037
0.245987
0.245097
0.245522
0.246442
0.245664
0.246175
0.246827
0.247492
0.246757
0.2472
0.222952
0.225257
0.226749
0.224396
0.22482
0.227156
0.226613
0.226059
0.227106
0.229244
0.228305
0.227801
0.229358
0.231256
0.229879
0.229585
0.231423
0.233042
0.23123
0.231457
0.233322
0.234662
0.232493
0.233403
0.2351
0.234175
0.233876
0.235333
0.236808
0.235293
0.235546
0.237141
0.238381
0.236423
0.237401
0.238839
0.237785
0.237792
0.239192
0.240428
0.238771
0.239509
0.240853
0.239992
0.239974
0.241218
0.24236
0.240829
0.241548
0.242755
0.241844
0.241966
0.243128
0.244148
0.242633
0.243485
0.244547
0.243422
0.243854
0.244918
0.244243
0.244315
0.245304
0.246226
0.244919
0.245711
0.212695
0.214502
0.214768
0.213819
0.214606
0.216514
0.215082
0.216013
0.21703
0.21863
0.217261
0.218242
0.219502
0.220642
0.219385
0.220304
0.221726
0.222437
0.221369
0.222121
0.223687
0.224072
0.223263
0.224052
0.22544
0.224232
0.225053
0.226154
0.227034
0.225999
0.226671
0.228019
0.228462
0.227712
0.228449
0.229617
0.228571
0.229254
0.230339
0.230977
0.230157
0.23074
0.231911
0.230944
0.231564
0.2325
0.233155
0.232376
0.232902
0.233953
0.233084
0.233604
0.234513
0.235042
0.234367
0.234927
0.235773
0.235015
0.235416
0.23635
0.235631
0.236079
0.23682
0.237363
0.236755
0.237267
0.211157
0.212736
0.213866
0.212323
0.213248
0.214856
0.214261
0.214377
0.215589
0.217113
0.216279
0.216503
0.217881
0.219285
0.218201
0.218617
0.220016
0.221256
0.219958
0.220701
0.22203
0.223075
0.221658
0.222714
0.223931
0.223111
0.223423
0.224622
0.225737
0.224614
0.225294
0.226446
0.227404
0.226141
0.227143
0.228177
0.227316
0.227789
0.228851
0.229786
0.228663
0.229517
0.230458
0.229722
0.230129
0.231088
0.231938
0.230912
0.231705
0.232548
0.231812
0.232274
0.233135
0.233891
0.232934
0.233715
0.23446
0.233659
0.234254
0.234996
0.23442
0.234794
0.235543
0.236212
0.235407
0.236099
0.203218
0.204677
0.20484
0.20432
0.20537
0.206776
0.205571
0.206589
0.207784
0.208929
0.20783
0.208873
0.21019
0.21099
0.210042
0.211022
0.21239
0.212862
0.212128
0.213041
0.214364
0.214593
0.214121
0.2151
0.216152
0.215129
0.216006
0.217159
0.217786
0.217002
0.217809
0.218999
0.219272
0.218798
0.219692
0.220587
0.219696
0.220442
0.22151
0.221943
0.221345
0.222099
0.22303
0.222162
0.222837
0.223792
0.224251
0.223661
0.224351
0.225188
0.224405
0.225003
0.22589
0.226244
0.225751
0.226438
0.227091
0.226437
0.226986
0.227785
0.227092
0.227607
0.228363
0.228745
0.228283
0.228903
0.201987
0.203246
0.204158
0.203176
0.204141
0.205435
0.204902
0.205358
0.206439
0.207703
0.207029
0.20758
0.208715
0.209893
0.209083
0.209754
0.210876
0.211909
0.211007
0.211847
0.212925
0.21379
0.212879
0.213833
0.214863
0.2142
0.214761
0.215739
0.216695
0.215888
0.216653
0.217589
0.218387
0.217575
0.218451
0.219328
0.218664
0.219282
0.22013
0.220922
0.220165
0.220947
0.221727
0.221151
0.221699
0.222466
0.223193
0.222504
0.223221
0.223919
0.223365
0.223914
0.224597
0.22524
0.224624
0.225282
0.225911
0.225353
0.225939
0.226534
0.226101
0.226562
0.227156
0.227725
0.227218
0.227791
0.196113
0.197268
0.197406
0.19716
0.198333
0.199369
0.198398
0.199411
0.200667
0.201474
0.200621
0.201659
0.20295
0.203491
0.202797
0.203813
0.20505
0.205352
0.204868
0.205884
0.206958
0.207091
0.206863
0.207935
0.208711
0.207875
0.208787
0.209913
0.210336
0.209763
0.210675
0.211677
0.211834
0.211579
0.21255
0.213209
0.212471
0.213287
0.214272
0.214542
0.214137
0.214993
0.215716
0.21496
0.215702
0.21661
0.216911
0.216493
0.21728
0.217934
0.217249
0.217933
0.218748
0.218969
0.21865
0.219399
0.219889
0.219346
0.22
0.220673
0.220024
0.220619
0.221341
0.221598
0.221288
0.221952
0.194996
0.196117
0.196895
0.19629
0.197133
0.198298
0.197872
0.198473
0.199351
0.2005
0.19999
0.20065
0.20158
0.202623
0.202042
0.202757
0.203708
0.204601
0.20399
0.204755
0.205723
0.206459
0.205882
0.206655
0.20763
0.207127
0.207755
0.208571
0.209439
0.208873
0.209576
0.210418
0.211111
0.210586
0.211286
0.212124
0.211634
0.212246
0.212974
0.213683
0.213174
0.213811
0.214561
0.214133
0.214687
0.215336
0.216002
0.215539
0.216118
0.216795
0.216395
0.21692
0.217514
0.218098
0.217695
0.218218
0.218834
0.218449
0.218952
0.219509
0.219205
0.219656
0.220161
0.220692
0.220361
0.22082
0.190777
0.191722
0.191892
0.191818
0.193
0.193797
0.193052
0.194016
0.195234
0.195829
0.195194
0.196185
0.197381
0.19777
0.197282
0.19828
0.199362
0.199578
0.199281
0.20031
0.201178
0.201285
0.201221
0.202288
0.202873
0.202218
0.203123
0.204167
0.204463
0.204064
0.205001
0.205837
0.205939
0.205846
0.206813
0.207306
0.206723
0.207558
0.208439
0.208617
0.208368
0.209248
0.209815
0.209188
0.209957
0.21079
0.210994
0.210725
0.211536
0.212056
0.211486
0.212208
0.212941
0.213088
0.212915
0.213665
0.214043
0.213615
0.21431
0.214884
0.214312
0.214946
0.215615
0.215802
0.21562
0.216281
0.189768
0.190814
0.191514
0.19116
0.19186
0.19296
0.192651
0.193293
0.194011
0.195071
0.19471
0.195379
0.196173
0.197097
0.196701
0.197376
0.198218
0.198997
0.198598
0.199249
0.200151
0.200795
0.20044
0.201046
0.201992
0.201633
0.202244
0.202957
0.20374
0.203357
0.203957
0.204751
0.205361
0.205026
0.20558
0.206399
0.206051
0.206608
0.20727
0.20791
0.207573
0.20805
0.208822
0.208519
0.209029
0.209619
0.210233
0.209924
0.210358
0.211065
0.210786
0.211254
0.211811
0.21235
0.212081
0.212504
0.213124
0.212864
0.213264
0.213836
0.213634
0.214043
0.214513
0.215013
0.214793
0.215174
0.186792
0.187606
0.187842
0.187869
0.188992
0.189653
0.189107
0.190004
0.19113
0.191615
0.191163
0.192082
0.193155
0.19348
0.19315
0.194089
0.195025
0.195225
0.195057
0.196032
0.196754
0.196882
0.196915
0.197914
0.198385
0.197896
0.198753
0.199688
0.19993
0.199666
0.200564
0.20127
0.201374
0.201385
0.202292
0.202688
0.202249
0.203056
0.203833
0.203982
0.20385
0.204691
0.205159
0.204667
0.205418
0.206166
0.206336
0.20618
0.206962
0.207396
0.20695
0.20766
0.208315
0.208443
0.208371
0.209084
0.209398
0.209081
0.209765
0.210265
0.209794
0.210424
0.211036
0.211203
0.21111
0.211741
0.185935
0.186912
0.187578
0.187381
0.187996
0.189022
0.18882
0.189455
0.1901
0.191047
0.190812
0.191449
0.192159
0.192978
0.192723
0.193342
0.194101
0.194795
0.194545
0.195107
0.195939
0.19652
0.196308
0.196832
0.197697
0.197457
0.198025
0.198669
0.199372
0.199122
0.199637
0.20038
0.200933
0.200724
0.201207
0.201964
0.201732
0.202228
0.202845
0.203429
0.20321
0.203571
0.204347
0.204148
0.204609
0.205163
0.205728
0.205526
0.205857
0.206578
0.206397
0.206812
0.207347
0.207843
0.207669
0.208053
0.208639
0.20847
0.208802
0.209377
0.209252
0.209621
0.210078
0.210545
0.210402
0.210756
0.185325
0.186396
0.187295
0.186901
0.187485
0.188523
0.188579
0.188897
0.189584
0.190571
0.190505
0.190808
0.191604
0.19253
0.192327
0.192656
0.193531
0.194386
0.194037
0.194474
0.195377
0.196162
0.19568
0.196285
0.197166
0.197045
0.197315
0.198078
0.198896
0.198572
0.198969
0.199795
0.200534
0.200041
0.200633
0.201424
0.201219
0.201513
0.202248
0.202968
0.202546
0.203042
0.203786
0.203627
0.203891
0.204568
0.205249
0.204849
0.205331
0.206023
0.205831
0.20612
0.206762
0.207386
0.20697
0.20748
0.208113
0.207833
0.208201
0.208815
0.208691
0.208943
0.209507
0.210081
0.209719
0.210196
0.183149
0.184054
0.184701
0.184609
0.185216
0.186127
0.186017
0.186631
0.187248
0.188083
0.187946
0.188547
0.189203
0.189933
0.189781
0.190355
0.191045
0.191675
0.191529
0.192045
0.192793
0.19333
0.193213
0.193711
0.194468
0.194321
0.194845
0.195439
0.196069
0.195916
0.196388
0.197064
0.197574
0.197454
0.197915
0.198588
0.198446
0.198903
0.199476
0.200007
0.199877
0.200263
0.200923
0.200801
0.201228
0.201747
0.202264
0.202143
0.202507
0.20312
0.203013
0.203399
0.203904
0.204361
0.204257
0.204632
0.205163
0.205061
0.20538
0.205914
0.205845
0.206193
0.206632
0.207064
0.206979
0.207331
0.18273
0.183668
0.184477
0.184244
0.184861
0.18575
0.185821
0.186215
0.18688
0.187719
0.187701
0.188081
0.1888
0.189588
0.18947
0.189867
0.190623
0.191356
0.191139
0.191607
0.192369
0.193047
0.192744
0.193317
0.194057
0.193993
0.194331
0.195002
0.195695
0.195492
0.195919
0.196621
0.197258
0.196946
0.197498
0.198169
0.198044
0.198392
0.199028
0.199645
0.199377
0.199858
0.200489
0.200394
0.200712
0.201301
0.201888
0.201634
0.202098
0.20269
0.202572
0.2029
0.20346
0.204002
0.203736
0.204206
0.204753
0.204572
0.204947
0.205481
0.205406
0.205696
0.206197
0.2067
0.20647
0.20691
0.181116
0.181956
0.18259
0.182569
0.18318
0.183996
0.183953
0.184548
0.18515
0.185894
0.185829
0.186402
0.187019
0.187677
0.187601
0.188145
0.188779
0.189357
0.189284
0.189782
0.19045
0.190954
0.190903
0.191387
0.19205
0.191972
0.192465
0.193016
0.193586
0.193505
0.193957
0.194569
0.195046
0.194992
0.195441
0.19604
0.195967
0.196402
0.196933
0.197422
0.197357
0.197746
0.198326
0.198267
0.198671
0.199156
0.199627
0.199567
0.199932
0.200475
0.200424
0.200791
0.201261
0.201683
0.201633
0.202001
0.202479
0.202429
0.202748
0.203233
0.203207
0.20354
0.203958
0.204358
0.204319
0.204667
0.180816
0.181673
0.182427
0.182298
0.182916
0.183716
0.183806
0.184239
0.184875
0.185625
0.185644
0.186058
0.18672
0.187421
0.187365
0.187789
0.188464
0.18912
0.18899
0.189461
0.190135
0.190745
0.190554
0.191093
0.191742
0.191723
0.192086
0.192689
0.193306
0.193186
0.193616
0.194238
0.194811
0.194615
0.195131
0.195727
0.195661
0.196028
0.196599
0.197153
0.196985
0.197442
0.198002
0.197957
0.198295
0.198823
0.199348
0.199189
0.199625
0.200152
0.200089
0.200426
0.200926
0.201414
0.201243
0.201679
0.202169
0.202059
0.202424
0.202903
0.202869
0.203171
0.179625
0.18041
0.181033
0.181058
0.181669
0.182413
0.182421
0.182996
0.183585
0.184264
0.18425
0.1848
0.185388
0.185995
0.18597
0.186493
0.187083
0.187624
0.1876
0.188088
0.188694
0.189175
0.189168
0.189643
0.190236
0.190209
0.190679
0.191197
0.191722
0.191692
0.192136
0.192692
0.193147
0.193138
0.19358
0.194121
0.194096
0.194522
0.195017
0.195474
0.195456
0.195848
0.196371
0.196356
0.19675
0.197205
0.197642
0.197627
0.197988
0.198475
0.198465
0.198818
0.199253
0.199645
0.199635
0.199989
0.200427
0.200416
0.20073
0.201175
0.201182
0.179394
0.180197
0.180913
0.180851
0.181458
0.182202
0.182309
0.182757
0.183366
0.184058
0.184106
0.184533
0.185152
0.185801
0.185787
0.186215
0.18684
0.187446
0.187373
0.187832
0.188451
0.189019
0.188898
0.189406
0.190003
0.190015
0.190384
0.190943
0.191511
0.191445
0.191865
0.192439
0.192971
0.192845
0.193331
0.193884
0.193858
0.194228
0.194757
0.195273
0.195168
0.195606
0.196126
0.196116
0.196458
0.196949
0.197435
0.197337
0.19775
0.198233
0.198208
0.19854
0.198999
0.199449
0.19934
0.199744
0.200196
0.200133
0.200484
0.200925
0.20092
0.178503
0.17924
0.179853
0.179904
0.180513
0.181201
0.181242
0.181798
0.182379
0.183008
0.183028
0.18356
0.184126
0.184696
0.184705
0.185214
0.185771
0.186288
0.186296
0.186778
0.187336
0.187804
0.187824
0.188293
0.188837
0.188844
0.189299
0.189794
0.190286
0.19029
0.190729
0.191243
0.19168
0.191699
0.192135
0.192634
0.192643
0.193061
0.19353
0.193968
0.19398
0.194381
0.194862
0.194879
0.195271
0.195708
0.196123
0.196139
0.196508
0.196954
0.196972
0.197327
0.197733
0.198104
0.198124
0.198472
0.198873
0.19889
0.199204
0.199613
0.199645
0.178306
0.179072
0.179762
0.179735
0.180323
0.181032
0.181151
0.181599
0.182182
0.182843
0.182909
0.183333
0.183923
0.184542
0.184554
0.184975
0.185569
0.186147
0.186108
0.186552
0.18714
0.187682
0.187598
0.188083
0.188652
0.188686
0.18905
0.189579
0.190121
0.190084
0.190491
0.191035
0.191545
0.191453
0.191916
0.192444
0.192443
0.192804
0.193311
0.19381
0.193736
0.19416
0.194663
0.194675
0.195015
0.195489
0.195962
0.195893
0.196294
0.19676
0.196757
0.197087
0.197526
0.197957
0.197882
0.198268
0.198696
0.198662
0.199001
0.199418
0.199433
0.177613
0.178304
0.178902
0.178965
0.179575
0.180214
0.180276
0.180814
0.18139
0.18198
0.182021
0.182539
0.183093
0.183637
0.183665
0.184166
0.184701
0.185201
0.185228
0.185713
0.186235
0.186692
0.186729
0.187196
0.187705
0.187735
0.188179
0.188657
0.189126
0.189151
0.189587
0.190067
0.190492
0.190528
0.190958
0.191424
0.191452
0.191863
0.192312
0.192734
0.192764
0.193166
0.193621
0.193655
0.194048
0.194473
0.194875
0.194908
0.195295
0.195714
0.195749
0.196119
0.196517
0.196878
0.196918
0.197282
0.197652
0.197685
0.198025
0.198394
0.198438
0.176995
0.177648
0.178149
0.178258
0.178926
0.179507
0.17949
0.180083
0.180717
0.181232
0.181224
0.181798
0.182395
0.182854
0.182867
0.183423
0.183978
0.184387
0.184432
0.184977
0.18548
0.18585
0.185937
0.186468
0.186914
0.186893
0.187393
0.187905
0.188295
0.188317
0.188813
0.189279
0.189622
0.189698
0.190183
0.190587
0.190572
0.191035
0.191495
0.191841
0.191882
0.192346
0.19275
0.192722
0.193165
0.19361
0.193948
0.193981
0.194424
0.194809
0.194784
0.195212
0.19563
0.195947
0.195994
0.196407
0.196753
0.196751
0.197151
0.197519
0.197492
0.176836
0.17749
0.178073
0.178139
0.178748
0.179349
0.179425
0.179947
0.180523
0.181085
0.181139
0.181646
0.182193
0.182718
0.182761
0.183256
0.183779
0.184266
0.184306
0.184792
0.185293
0.185744
0.185793
0.186268
0.186747
0.186792
0.187229
0.187699
0.188151
0.188189
0.188627
0.189084
0.189498
0.189545
0.189975
0.190411
0.190453
0.190854
0.191284
0.19169
0.191731
0.192133
0.192555
0.1926
0.19298
0.193389
0.193779
0.19382
0.194205
0.194605
0.19465
0.195018
0.195412
0.195775
0.195822
0.196198
0.196561
0.196604
0.19696
0.197319
0.19737
0.176234
0.176873
0.17738
0.177483
0.178113
0.178696
0.178704
0.179275
0.179875
0.180404
0.180416
0.180966
0.181537
0.182015
0.182041
0.182573
0.183112
0.183543
0.183593
0.184109
0.184609
0.185
0.185083
0.185588
0.186044
0.18605
0.186525
0.187017
0.187426
0.18746
0.187929
0.188387
0.188749
0.188824
0.189281
0.189691
0.189702
0.190135
0.190574
0.190931
0.19098
0.191406
0.191803
0.191806
0.19221
0.192626
0.192969
0.193009
0.193412
0.193788
0.19379
0.194182
0.194581
0.194908
0.194956
0.195349
0.195701
0.195716
0.196096
0.196463
0.196461
0.176102
0.176733
0.177307
0.177372
0.17797
0.178556
0.178643
0.179152
0.179724
0.180272
0.180338
0.180835
0.181379
0.181894
0.181946
0.182434
0.182952
0.183435
0.183481
0.183965
0.184456
0.184907
0.184959
0.185439
0.185904
0.185961
0.186392
0.186862
0.187305
0.187351
0.187789
0.188236
0.188648
0.1887
0.189135
0.189554
0.189605
0.190001
0.190421
0.190814
0.190861
0.191259
0.191656
0.191709
0.192074
0.192466
0.192836
0.192882
0.193253
0.19363
0.193681
0.194031
0.19441
0.194766
0.194815
0.19518
0.195541
0.195589
0.195936
0.196294
0.196353
0.175511
0.176141
0.176659
0.176758
0.177358
0.177942
0.177978
0.178527
0.179102
0.17964
0.179676
0.180203
0.180755
0.181247
0.181289
0.181797
0.182323
0.182771
0.182828
0.183321
0.183818
0.184224
0.184304
0.184788
0.185249
0.185278
0.185734
0.186211
0.186631
0.186677
0.187125
0.187581
0.187959
0.188034
0.188476
0.188893
0.188926
0.189342
0.18977
0.190138
0.190196
0.190601
0.190994
0.191024
0.191404
0.191799
0.192144
0.192193
0.192566
0.192928
0.192958
0.193314
0.193687
0.194011
0.194066
0.194429
0.194774
0.194808
0.195159
0.195513
0.19554
0.175399
0.17602
0.176593
0.176656
0.177241
0.177822
0.177922
0.178417
0.178982
0.179526
0.179604
0.180089
0.180631
0.181142
0.181202
0.181682
0.182196
0.182678
0.182728
0.183205
0.183692
0.184145
0.184194
0.184669
0.185131
0.185195
0.185618
0.186086
0.186527
0.186575
0.187009
0.187456
0.187873
0.187922
0.188359
0.18878
0.188834
0.18923
0.189652
0.190045
0.190091
0.190491
0.190883
0.190939
0.191298
0.191686
0.192048
0.192094
0.192457
0.192818
0.192871
0.193208
0.19357
0.193914
0.193962
0.194312
0.19466
0.19471
0.195043
0.195391
0.195452
0.174855
0.175477
0.176006
0.176105
0.176678
0.177262
0.177327
0.177855
0.178408
0.178949
0.179007
0.179516
0.18005
0.180549
0.180607
0.181095
0.181609
0.182067
0.182132
0.182604
0.183094
0.183511
0.18359
0.184052
0.184512
0.184559
0.184994
0.185455
0.18588
0.185936
0.186363
0.186812
0.187199
0.187274
0.187702
0.188122
0.188171
0.188574
0.188999
0.189376
0.18944
0.189839
0.190235
0.190283
0.190658
0.191049
0.191399
0.191461
0.191827
0.192187
0.192235
0.192577
0.192936
0.193256
0.193319
0.193662
0.193996
0.194047
0.194377
0.194715
0.194763
0.174763
0.175379
0.175951
0.176014
0.176582
0.177164
0.177274
0.177756
0.178308
0.178854
0.17894
0.179412
0.179946
0.18046
0.180525
0.180991
0.181503
0.181988
0.182036
0.182502
0.182989
0.183445
0.183485
0.183948
0.18441
0.184476
0.184885
0.185346
0.18579
0.185834
0.186255
0.186702
0.187125
0.187162
0.187591
0.188019
0.188072
0.18846
0.188886
0.189291
0.189326
0.189727
0.190131
0.190184
0.190545
0.190942
0.191318
0.191353
0.191722
0.192092
0.19214
0.192475
0.192838
0.193184
0.193221
0.193566
0.193911
0.193954
0.19428
0.194622
0.194676
0.174303
0.174911
0.175441
0.175544
0.176095
0.176669
0.176757
0.177265
0.1778
0.178336
0.178412
0.178903
0.179422
0.179919
0.17999
0.180463
0.180964
0.181423
0.181495
0.181951
0.182433
0.182853
0.182934
0.18338
0.183833
0.183897
0.184312
0.184757
0.185178
0.185242
0.185649
0.186088
0.186472
0.186546
0.186953
0.187367
0.187427
0.187808
0.188223
0.1886
0.188665
0.189049
0.189446
0.189505
0.189867
0.190258
0.190616
0.190681
0.191047
0.191416
0.191474
0.191818
0.192182
0.192506
0.192575
0.192919
0.19325
0.193309
0.193635
0.193967
0.194026
0.17422
0.174829
0.175402
0.175458
0.176005
0.176585
0.176703
0.177167
0.177703
0.178253
0.178343
0.178796
0.17932
0.179842
0.179906
0.180352
0.180861
0.181353
0.181395
0.181842
0.182333
0.182797
0.182822
0.183272
0.18374
0.183807
0.184197
0.184649
0.185098
0.185135
0.185536
0.185981
0.186409
0.186426
0.186839
0.187269
0.187316
0.187684
0.188104
0.188518
0.188535
0.188922
0.189335
0.189382
0.189729
0.190129
0.190526
0.190539
0.190909
0.191301
0.191339
0.191674
0.192054
0.192425
0.192433
0.192785
0.193149
0.193171
0.193498
0.193852
0.193894
0.173851
0.174431
0.174955
0.175055
0.175596
0.176148
0.17625
0.176739
0.177265
0.177784
0.177871
0.178348
0.178856
0.179342
0.17942
0.179883
0.180371
0.180823
0.180898
0.18135
0.181817
0.182236
0.182318
0.182763
0.183202
0.183276
0.183684
0.18412
0.184531
0.1846
0.185002
0.185423
0.185801
0.185877
0.186274
0.18667
0.186736
0.187104
0.187498
0.187863
0.187929
0.188289
0.188675
0.188741
0.189083
0.189455
0.189804
0.189867
0.190212
0.190582
0.190646
0.190979
0.191341
0.191668
0.191737
0.19208
0.192413
0.192474
0.192799
0.193132
0.193196
0.173513
0.174072
0.174554
0.174664
0.175222
0.175749
0.175801
0.176319
0.176858
0.177349
0.1774
0.177904
0.178421
0.178876
0.178932
0.179421
0.17991
0.180328
0.180397
0.180872
0.181329
0.181715
0.181805
0.182265
0.182689
0.182724
0.183163
0.183609
0.183998
0.18405
0.184481
0.184898
0.185252
0.185329
0.185745
0.186125
0.186159
0.186556
0.186952
0.187293
0.187349
0.187735
0.188096
0.18812
0.188489
0.188859
0.189182
0.189228
0.189593
0.189936
0.189956
0.190312
0.190668
0.190978
0.191028
0.19138
0.191704
0.191729
0.192075
0.192408
0.19242
0.173436
0.173992
0.174505
0.1746
0.175136
0.175663
0.175771
0.176242
0.176763
0.177262
0.177353
0.177816
0.178319
0.178789
0.178869
0.179324
0.179802
0.180245
0.180319
0.180768
0.18122
0.181636
0.181712
0.182155
0.182583
0.182657
0.183061
0.183495
0.183899
0.183965
0.184372
0.184783
0.185162
0.185233
0.185635
0.186017
0.186083
0.18645
0.186836
0.187192
0.187255
0.187622
0.18798
0.188045
0.18838
0.188736
0.189069
0.189128
0.189467
0.189805
0.18987
0.190187
0.19053
0.190849
0.190911
0.19124
0.191563
0.191623
0.191936
0.192261
0.192328
0.173078
0.173624
0.174105
0.17421
0.174736
0.175256
0.17533
0.175819
0.176329
0.17682
0.176889
0.177363
0.177857
0.178316
0.178383
0.178843
0.179317
0.179742
0.179815
0.18026
0.18071
0.1811
0.181185
0.181621
0.182043
0.182098
0.182509
0.182938
0.183333
0.183395
0.1838
0.184212
0.184574
0.184653
0.185052
0.185435
0.185488
0.185865
0.186252
0.186599
0.186665
0.187033
0.187392
0.187441
0.187788
0.188144
0.188465
0.188526
0.188863
0.189193
0.189239
0.189561
0.189895
0.190195
0.190256
0.190578
0.190888
0.190935
0.191247
0.191561
0.191604
0.17301
0.173553
0.174064
0.174143
0.17466
0.17518
0.17529
0.175741
0.176247
0.176743
0.176833
0.177279
0.17777
0.17824
0.178314
0.178754
0.179225
0.179671
0.179733
0.180168
0.180617
0.181036
0.181094
0.181524
0.181951
0.182023
0.182411
0.182838
0.183248
0.183304
0.183699
0.184112
0.1845
0.184552
0.184949
0.185341
0.1854
0.185762
0.18615
0.186518
0.186567
0.186933
0.187297
0.187356
0.187689
0.188046
0.188384
0.18843
0.188765
0.189101
0.189155
0.189465
0.189797
0.190116
0.190162
0.190479
0.190795
0.190844
0.191147
0.191462
0.191518
0.172642
0.173172
0.173648
0.17375
0.174251
0.17476
0.174851
0.175314
0.175804
0.176288
0.17637
0.176822
0.177297
0.177752
0.177829
0.178267
0.178728
0.179152
0.179229
0.179653
0.180095
0.180485
0.180569
0.180984
0.181401
0.181471
0.181858
0.182272
0.182661
0.182731
0.183112
0.183517
0.183876
0.183954
0.184335
0.184717
0.184782
0.185138
0.185519
0.185867
0.185937
0.186293
0.186653
0.186717
0.18705
0.187406
0.18773
0.187798
0.18813
0.188462
0.188523
0.188834
0.189162
0.189457
0.189526
0.189837
0.190138
0.190198
0.190493
0.190795
0.190856
0.172557
0.173096
0.17361
0.173665
0.174156
0.17468
0.17479
0.175217
0.175704
0.176208
0.176294
0.176714
0.177194
0.177676
0.17774
0.178156
0.178625
0.179084
0.179125
0.179541
0.179995
0.18043
0.180455
0.180871
0.181307
0.181371
0.181738
0.182158
0.182578
0.182615
0.182991
0.183406
0.18381
0.183827
0.184212
0.184615
0.18466
0.185007
0.185397
0.185784
0.185803
0.18616
0.186541
0.186587
0.186911
0.187277
0.187642
0.187658
0.187994
0.188351
0.188387
0.188695
0.189039
0.189378
0.18939
0.189708
0.19004
0.190062
0.190362
0.190684
0.19072
0.172208
0.172715
0.173183
0.173277
0.173769
0.174257
0.174358
0.1748
0.175284
0.17575
0.175838
0.176275
0.176744
0.177186
0.177267
0.177695
0.178144
0.17856
0.178638
0.179058
0.179484
0.179873
0.179955
0.180369
0.18077
0.180846
0.181223
0.181628
0.182005
0.182076
0.182452
0.182839
0.183191
0.183268
0.183641
0.184005
0.184076
0.18442
0.184787
0.185125
0.185195
0.185543
0.185889
0.185958
0.186279
0.186626
0.186947
0.187014
0.187347
0.187672
0.187738
0.188047
0.188375
0.18867
0.188739
0.189056
0.18935
0.189413
0.18971
0.190006
0.190072
0.171832
0.172328
0.172765
0.172864
0.173355
0.173833
0.173894
0.174357
0.174839
0.175295
0.175354
0.175807
0.176274
0.176702
0.176764
0.177205
0.177651
0.17805
0.178119
0.178547
0.17897
0.179339
0.179422
0.179838
0.180235
0.180282
0.180678
0.181082
0.181449
0.181506
0.181892
0.182276
0.182613
0.182687
0.183062
0.183419
0.183463
0.183822
0.184185
0.184511
0.184569
0.18492
0.185258
0.185296
0.185632
0.185974
0.186286
0.186337
0.18667
0.186991
0.187027
0.187349
0.187674
0.187968
0.188021
0.188337
0.188637
0.188676
0.188981
0.189281
0.189312
0.171755
0.172247
0.172712
0.172793
0.173272
0.17375
0.173852
0.174278
0.174749
0.175209
0.175298
0.175719
0.176179
0.176617
0.176694
0.177111
0.177552
0.177967
0.178037
0.178449
0.178869
0.179262
0.179331
0.179738
0.180136
0.18021
0.18058
0.180978
0.181356
0.18142
0.18179
0.182171
0.182528
0.18259
0.182957
0.183316
0.183381
0.183719
0.184076
0.184414
0.184472
0.184812
0.185149
0.185213
0.185527
0.18586
0.18618
0.186236
0.186555
0.186876
0.186937
0.187237
0.187555
0.187858
0.187913
0.188218
0.18852
0.188574
0.188864
0.189161
0.18922
0.171368
0.171853
0.172289
0.172386
0.172848
0.17332
0.173407
0.173839
0.174295
0.174748
0.174829
0.175251
0.175699
0.176127
0.176204
0.176615
0.177049
0.177448
0.177527
0.177927
0.178343
0.178712
0.178797
0.179191
0.179584
0.179655
0.180023
0.180413
0.180779
0.18085
0.181211
0.181589
0.181925
0.182004
0.182361
0.182715
0.18278
0.183113
0.183466
0.183787
0.183857
0.184187
0.184519
0.184581
0.18489
0.185217
0.185519
0.185584
0.185892
0.186203
0.186263
0.186555
0.186864
0.187145
0.187212
0.187506
0.187795
0.187853
0.188132
0.188421
0.18848
0.17129
0.171778
0.172249
0.172307
0.172763
0.173242
0.173344
0.173749
0.174204
0.17467
0.174753
0.175155
0.175603
0.176052
0.176117
0.176514
0.176952
0.177381
0.177429
0.177824
0.178247
0.178655
0.178691
0.179084
0.179493
0.179557
0.179911
0.180305
0.180699
0.180741
0.181098
0.181484
0.181861
0.181888
0.182248
0.18262
0.182667
0.182996
0.183355
0.183711
0.183738
0.184071
0.184419
0.184465
0.184771
0.185105
0.185439
0.185464
0.185776
0.186103
0.186141
0.186434
0.186752
0.187068
0.187089
0.187388
0.187698
0.187726
0.18801
0.188312
0.188349
0.170947
0.171411
0.17184
0.171935
0.172383
0.172837
0.172938
0.173347
0.173794
0.17423
0.174321
0.174727
0.175164
0.175579
0.175662
0.176062
0.176484
0.176875
0.176956
0.177347
0.17775
0.178115
0.178199
0.178584
0.178963
0.179043
0.179397
0.179777
0.180134
0.180208
0.180561
0.180927
0.181258
0.181337
0.18169
0.182031
0.182103
0.182427
0.182772
0.183087
0.18316
0.183486
0.183807
0.183878
0.184177
0.184499
0.184793
0.184862
0.185167
0.185465
0.185533
0.185815
0.186117
0.186387
0.186457
0.186745
0.187019
0.187082
0.187353
0.18763
0.187695
0.168769
0.169209
0.16966
0.170074
0.170163
0.170611
0.171061
0.171467
0.171562
0.172009
0.172449
0.172516
0.172943
0.173386
0.173809
0.173874
0.174295
0.174726
0.175129
0.175195
0.175605
0.17602
0.176397
0.176469
0.176867
0.177262
0.177612
0.177694
0.17808
0.178452
0.178505
0.178873
0.17925
0.179597
0.179657
0.180017
0.180376
0.180698
0.18077
0.181121
0.181457
0.181505
0.181842
0.182182
0.182492
0.182551
0.182879
0.183198
0.183241
0.183557
0.183876
0.18417
0.184223
0.184532
0.18483
0.184872
0.18517
0.185467
0.185743
0.185794
0.186083
0.186358
0.186399
0.186679
0.186953
0.186988
0.16864
0.168728
0.169152
0.169599
0.170028
0.170111
0.170546
0.170993
0.171418
0.171499
0.171936
0.172376
0.172477
0.172872
0.173307
0.173733
0.173822
0.174216
0.174641
0.175051
0.175129
0.17552
0.17593
0.176322
0.176393
0.176777
0.17717
0.17754
0.177609
0.177987
0.17836
0.178435
0.178782
0.179153
0.179509
0.179574
0.179921
0.180278
0.180615
0.180677
0.18102
0.181359
0.181425
0.181744
0.182078
0.182399
0.182457
0.182776
0.183095
0.183158
0.183456
0.183769
0.184072
0.184127
0.184426
0.184726
0.184784
0.185065
0.18536
0.185643
0.185694
0.185975
0.186253
0.186305
0.186572
0.186845
0.186901
0.167958
0.168363
0.168454
0.168861
0.169296
0.1697
0.169792
0.170209
0.170646
0.171045
0.171141
0.17156
0.171992
0.172084
0.172478
0.172897
0.173314
0.1734
0.173789
0.174203
0.174601
0.174683
0.175063
0.175466
0.175839
0.175921
0.176292
0.17668
0.177026
0.177113
0.177479
0.177845
0.177921
0.178261
0.178622
0.178965
0.179039
0.179373
0.179724
0.180039
0.180118
0.18045
0.180779
0.180849
0.181158
0.181487
0.181789
0.18186
0.182167
0.182478
0.182545
0.182832
0.183139
0.183423
0.183492
0.18378
0.184072
0.184136
0.184407
0.184696
0.184956
0.185025
0.185298
0.185563
0.185625
0.185881
0.186147
0.186207
0.167004
0.16708
0.16747
0.167902
0.16833
0.1684
0.168797
0.169232
0.169666
0.169726
0.170135
0.170577
0.171012
0.171064
0.171478
0.17192
0.172014
0.17239
0.172807
0.173242
0.17332
0.173694
0.174109
0.174531
0.174592
0.174962
0.17537
0.175777
0.17582
0.176188
0.176586
0.176976
0.177004
0.177371
0.177757
0.177815
0.178147
0.178514
0.178888
0.178925
0.179258
0.17962
0.179978
0.179999
0.180334
0.180687
0.180728
0.181037
0.181374
0.181714
0.181734
0.182045
0.182376
0.182415
0.182705
0.183021
0.183343
0.18336
0.183656
0.183967
0.183999
0.184276
0.184577
0.184879
0.184889
0.18517
0.185464
0.185482
0.185748
0.186031
0.186059
0.166792
0.166879
0.167261
0.167673
0.168062
0.168149
0.168542
0.168956
0.169348
0.169437
0.169841
0.170259
0.170649
0.17074
0.17115
0.171563
0.171662
0.172037
0.172449
0.172848
0.172939
0.173314
0.17372
0.174103
0.174187
0.174558
0.17495
0.175314
0.175394
0.175761
0.176134
0.176477
0.176559
0.17692
0.177272
0.177353
0.177682
0.178037
0.178369
0.178443
0.178773
0.179112
0.179422
0.1795
0.179827
0.180144
0.180217
0.180519
0.180838
0.181132
0.181203
0.181506
0.181805
0.181875
0.182155
0.182454
0.18273
0.182798
0.183082
0.183362
0.183429
0.183694
0.183972
0.184228
0.184295
0.184561
0.184818
0.18488
0.18513
0.185385
0.18545
0.16659
0.166671
0.167042
0.167436
0.167807
0.167889
0.168272
0.168672
0.169047
0.169133
0.169528
0.169934
0.170307
0.170399
0.1708
0.171202
0.171281
0.171663
0.172064
0.172456
0.172532
0.172911
0.173305
0.17368
0.173755
0.174127
0.174509
0.174864
0.174941
0.175303
0.175669
0.176
0.176082
0.176436
0.176783
0.176849
0.177184
0.17753
0.177856
0.177923
0.178252
0.178584
0.178887
0.178961
0.179282
0.179595
0.179656
0.179961
0.180273
0.180563
0.180628
0.180926
0.181221
0.181277
0.181562
0.181855
0.182128
0.182189
0.18247
0.182745
0.182797
0.183065
0.183338
0.183592
0.183651
0.183912
0.184166
0.184216
0.184467
0.184716
0.184763
0.166563
0.166639
0.167
0.16739
0.167773
0.167849
0.168222
0.16862
0.16901
0.169083
0.16947
0.169875
0.17027
0.17034
0.170735
0.171139
0.171233
0.171596
0.171993
0.172391
0.172474
0.172838
0.173229
0.173616
0.173688
0.174049
0.17443
0.174802
0.174865
0.175221
0.175589
0.175945
0.176001
0.176351
0.176705
0.176773
0.177097
0.177443
0.177783
0.177839
0.178162
0.178497
0.178823
0.178872
0.17919
0.179513
0.179569
0.179867
0.180181
0.180489
0.180535
0.180831
0.181134
0.181186
0.181466
0.18176
0.182051
0.182093
0.182372
0.182656
0.182703
0.182967
0.183243
0.183514
0.183551
0.183813
0.184077
0.184116
0.184366
0.184621
0.184663
0.166365
0.166447
0.16679
0.167168
0.167523
0.167607
0.167966
0.168352
0.168713
0.168801
0.169173
0.169568
0.16993
0.170021
0.170402
0.170794
0.17089
0.171245
0.171631
0.172012
0.172102
0.172456
0.172839
0.173204
0.173288
0.173638
0.174013
0.174357
0.17444
0.174784
0.175144
0.175466
0.175551
0.175892
0.176231
0.176311
0.176624
0.176963
0.177278
0.177355
0.177664
0.177991
0.178282
0.178363
0.178673
0.178977
0.179051
0.179334
0.179641
0.179919
0.179992
0.180276
0.180565
0.180637
0.1809
0.181188
0.181448
0.181518
0.181786
0.182054
0.182122
0.182368
0.182635
0.182874
0.182942
0.183195
0.183437
0.183499
0.183732
0.183975
0.184039
0.166185
0.166256
0.166598
0.166956
0.167296
0.167369
0.167729
0.168097
0.168444
0.168522
0.168898
0.169276
0.169626
0.169709
0.170092
0.170469
0.170533
0.170904
0.171287
0.171655
0.171719
0.172089
0.172465
0.17282
0.172885
0.173248
0.173612
0.17395
0.174018
0.174371
0.174719
0.175038
0.175112
0.175455
0.175785
0.175838
0.176168
0.1765
0.176812
0.176869
0.177191
0.177507
0.177801
0.177865
0.178176
0.178475
0.178522
0.178823
0.179123
0.179403
0.179457
0.179748
0.180031
0.180072
0.180354
0.180636
0.180902
0.18095
0.181223
0.181489
0.181526
0.181791
0.182053
0.182301
0.182345
0.182598
0.182842
0.182878
0.183123
0.183363
0.183393
0.166154
0.166229
0.166558
0.166912
0.167257
0.167335
0.167681
0.168047
0.168402
0.16848
0.168843
0.169219
0.169579
0.169659
0.17003
0.170406
0.1705
0.170845
0.17122
0.171589
0.171675
0.172022
0.172392
0.172751
0.172831
0.173175
0.173534
0.17388
0.173954
0.174293
0.174639
0.174967
0.175039
0.175373
0.175703
0.175779
0.176089
0.176414
0.17673
0.176798
0.177104
0.177419
0.177719
0.177784
0.178087
0.178386
0.178452
0.178735
0.17903
0.179315
0.179375
0.179656
0.179937
0.18
0.180265
0.180541
0.180808
0.180865
0.181128
0.181391
0.18145
0.181697
0.181954
0.182203
0.182255
0.182499
0.182741
0.182792
0.183025
0.18326
0.183312
0.165975
0.16605
0.166362
0.166704
0.167029
0.167109
0.167439
0.167795
0.16813
0.168214
0.168561
0.168929
0.169267
0.169357
0.169714
0.170082
0.170173
0.17051
0.170872
0.171233
0.171319
0.171656
0.172018
0.172364
0.172447
0.17278
0.173134
0.173462
0.173544
0.173872
0.174213
0.17452
0.174605
0.174929
0.175252
0.175329
0.175629
0.175949
0.176251
0.176326
0.176621
0.176932
0.17721
0.177289
0.177583
0.177874
0.177945
0.178217
0.178507
0.178773
0.178844
0.179117
0.179391
0.179459
0.179713
0.179984
0.180234
0.180301
0.180556
0.180811
0.180875
0.181112
0.181363
0.18159
0.181656
0.181893
0.182123
0.182182
0.182405
0.182631
0.182691
0.165818
0.165878
0.166194
0.16652
0.166831
0.166894
0.167232
0.167573
0.167896
0.167965
0.16832
0.168672
0.169002
0.169077
0.169441
0.169794
0.169845
0.170204
0.170569
0.170917
0.170969
0.171328
0.171687
0.172024
0.172078
0.172431
0.172778
0.1731
0.173159
0.173503
0.173835
0.174141
0.174207
0.174538
0.174853
0.174893
0.175217
0.175537
0.175835
0.175881
0.176195
0.176499
0.176782
0.176836
0.177137
0.177424
0.177459
0.177753
0.178042
0.178313
0.178356
0.178639
0.178911
0.178939
0.179217
0.17949
0.179747
0.179782
0.180048
0.180303
0.180327
0.180586
0.180839
0.181077
0.18111
0.181355
0.18159
0.181612
0.18185
0.18208
0.182096
0.165784
0.165855
0.166152
0.166475
0.166788
0.166864
0.167182
0.167521
0.167847
0.167926
0.168263
0.168613
0.168946
0.169028
0.169376
0.169729
0.169821
0.170145
0.170498
0.170846
0.170932
0.17126
0.171611
0.171947
0.172029
0.172355
0.172697
0.173019
0.173098
0.17342
0.173749
0.174055
0.174133
0.17445
0.174763
0.17484
0.175134
0.175445
0.175741
0.175812
0.176104
0.176403
0.176681
0.176753
0.177041
0.177323
0.177393
0.177661
0.177941
0.178206
0.178272
0.178539
0.178804
0.178871
0.179121
0.179384
0.179632
0.179695
0.179944
0.18019
0.180252
0.180485
0.180727
0.180956
0.181015
0.181245
0.181469
0.181525
0.181742
0.181961
0.182018
0.165628
0.165696
0.16598
0.16629
0.166588
0.166662
0.166969
0.167296
0.167608
0.167688
0.168013
0.168353
0.168671
0.168757
0.169093
0.169437
0.169522
0.169842
0.170184
0.170524
0.170606
0.170928
0.171269
0.171598
0.171676
0.171995
0.17233
0.172643
0.172722
0.173036
0.173358
0.173652
0.173735
0.174044
0.17435
0.174424
0.174712
0.175016
0.175304
0.175376
0.17566
0.175953
0.176221
0.176297
0.176577
0.176853
0.17692
0.177183
0.177458
0.177712
0.17778
0.178041
0.178301
0.178365
0.178611
0.178867
0.179107
0.17917
0.179414
0.179654
0.179713
0.179942
0.180178
0.180396
0.180458
0.180682
0.180898
0.180953
0.181165
0.181378
0.181431
0.165609
0.165665
0.165944
0.166252
0.166566
0.166623
0.166926
0.167253
0.167584
0.16764
0.167962
0.168306
0.168648
0.168701
0.169035
0.169386
0.169464
0.169781
0.170122
0.170472
0.170541
0.170861
0.171201
0.171548
0.171607
0.171923
0.17226
0.172598
0.172647
0.17296
0.173289
0.173615
0.173654
0.173964
0.174284
0.174339
0.174629
0.174936
0.175247
0.175288
0.175574
0.175876
0.176176
0.176206
0.17649
0.176783
0.176824
0.177091
0.177373
0.177655
0.177685
0.177949
0.178224
0.178263
0.178514
0.178778
0.179045
0.179069
0.179318
0.179575
0.179606
0.179841
0.180087
0.180334
0.180353
0.180584
0.180821
0.180843
0.181062
0.181288
0.181314
0.165468
0.165533
0.165802
0.166098
0.166385
0.166456
0.16675
0.167065
0.167367
0.167443
0.167757
0.168085
0.168396
0.168476
0.168803
0.169135
0.169224
0.169529
0.169864
0.170192
0.170276
0.170585
0.170919
0.171238
0.171317
0.171627
0.171953
0.172259
0.172336
0.172643
0.172956
0.173246
0.173323
0.173626
0.173924
0.174
0.174279
0.174577
0.174858
0.174929
0.175207
0.175492
0.175756
0.175827
0.176103
0.176371
0.17644
0.176695
0.176964
0.177213
0.177279
0.177535
0.177787
0.177854
0.178091
0.178341
0.178575
0.178638
0.178875
0.179109
0.17917
0.17939
0.17962
0.179833
0.179892
0.18011
0.180321
0.180377
0.18058
0.180786
0.180843
0.165342
0.165404
0.165664
0.165948
0.166223
0.166292
0.166577
0.166882
0.167173
0.167247
0.167553
0.167872
0.168172
0.168252
0.16857
0.168895
0.168974
0.169279
0.169604
0.169926
0.170003
0.17031
0.170635
0.170948
0.171024
0.171329
0.171648
0.171946
0.172022
0.172323
0.17263
0.172911
0.17299
0.173286
0.173578
0.173648
0.173926
0.174217
0.174492
0.174561
0.174834
0.175114
0.17537
0.175442
0.175711
0.175974
0.176038
0.176292
0.176554
0.176799
0.176864
0.177114
0.177362
0.177423
0.177659
0.177904
0.178133
0.178194
0.178425
0.178655
0.178711
0.178929
0.179154
0.179361
0.179419
0.179631
0.179837
0.179889
0.18009
0.18029
0.165327
0.165379
0.165634
0.165917
0.166205
0.16626
0.166541
0.166846
0.167155
0.167209
0.16751
0.167832
0.168153
0.168207
0.168521
0.168852
0.168928
0.169227
0.16955
0.169882
0.16995
0.170254
0.170578
0.170906
0.170965
0.171268
0.171589
0.171908
0.171958
0.172257
0.17257
0.17288
0.172922
0.173218
0.173522
0.173578
0.173854
0.174147
0.174443
0.174486
0.174759
0.175046
0.175331
0.175365
0.175635
0.175914
0.175958
0.176212
0.176481
0.176749
0.176781
0.177034
0.177295
0.177336
0.177575
0.177826
0.178079
0.178106
0.178342
0.178585
0.178619
0.178841
0.179074
0.179306
0.179328
0.179545
0.179769
0.179793
0.179999
0.180212
0.165213
0.165273
0.16552
0.165793
0.166059
0.166125
0.166399
0.166693
0.166977
0.167048
0.167344
0.167653
0.167947
0.168022
0.168331
0.168647
0.16873
0.169021
0.169338
0.169651
0.16973
0.170026
0.170344
0.170649
0.170725
0.171021
0.171333
0.171626
0.171699
0.171993
0.172293
0.172572
0.172646
0.172936
0.173221
0.173294
0.173562
0.173847
0.174117
0.174185
0.174451
0.174725
0.174978
0.175047
0.17531
0.175567
0.175634
0.175879
0.176135
0.176376
0.17644
0.176685
0.176927
0.176991
0.177217
0.177457
0.177682
0.177742
0.177967
0.178191
0.17825
0.17846
0.178679
0.178883
0.178939
0.179145
0.179345
0.179397
0.179591
0.179786
0.165113
0.165171
0.165409
0.165673
0.165929
0.165993
0.166259
0.166546
0.166819
0.16689
0.167177
0.16748
0.167763
0.167839
0.16814
0.16845
0.168527
0.168816
0.169125
0.169433
0.169508
0.169799
0.17011
0.170409
0.170483
0.170773
0.17108
0.171365
0.171439
0.171726
0.172022
0.172291
0.172368
0.172651
0.172931
0.173002
0.173266
0.173546
0.173809
0.173877
0.174138
0.174408
0.174651
0.174723
0.174982
0.175234
0.175299
0.17554
0.175792
0.176026
0.176091
0.17633
0.176568
0.176629
0.176852
0.177088
0.177306
0.177367
0.177587
0.177806
0.177863
0.178069
0.178284
0.17848
0.178536
0.178739
0.178933
0.178985
0.179174
0.179364
0.16503
0.165078
0.165319
0.165573
0.16582
0.165876
0.166145
0.166422
0.166688
0.16675
0.167041
0.167334
0.167612
0.167679
0.167983
0.168283
0.168337
0.168638
0.168948
0.169247
0.169302
0.169606
0.169914
0.170207
0.170263
0.170565
0.170866
0.171148
0.171207
0.171503
0.171792
0.172061
0.172125
0.172412
0.172688
0.172734
0.173013
0.173291
0.173553
0.173602
0.173874
0.174139
0.174387
0.174442
0.174704
0.174954
0.174995
0.17525
0.175501
0.175737
0.175784
0.176029
0.176266
0.176301
0.17654
0.176775
0.176997
0.177037
0.177265
0.177483
0.177515
0.177735
0.17795
0.178151
0.178188
0.178394
0.178591
0.17862
0.178819
0.17901
0.165011
0.165066
0.165295
0.165547
0.165798
0.165858
0.166116
0.166392
0.166662
0.166727
0.167007
0.167299
0.167581
0.16765
0.167944
0.168244
0.168323
0.168602
0.168904
0.169203
0.169279
0.169563
0.169866
0.170161
0.170232
0.170517
0.170814
0.171099
0.171168
0.17145
0.171738
0.17201
0.172078
0.172356
0.172631
0.1727
0.172959
0.173231
0.173494
0.173557
0.173813
0.174076
0.174325
0.174387
0.17464
0.174889
0.17495
0.175188
0.175435
0.175671
0.175727
0.175963
0.176197
0.176255
0.176476
0.176705
0.176924
0.176977
0.177195
0.17741
0.177463
0.177666
0.177875
0.178074
0.178123
0.17832
0.178513
0.178559
0.178745
0.178931
0.164931
0.164985
0.165205
0.165452
0.165692
0.165753
0.166002
0.166273
0.166532
0.166599
0.166869
0.167159
0.167428
0.167501
0.167787
0.168083
0.168161
0.168432
0.168728
0.169023
0.169097
0.169373
0.169673
0.169959
0.170032
0.170308
0.170605
0.170878
0.170951
0.171224
0.171512
0.171769
0.171844
0.172117
0.172388
0.172458
0.172708
0.17298
0.173233
0.173299
0.173548
0.17381
0.174044
0.174114
0.174363
0.174606
0.17467
0.174899
0.175145
0.175368
0.175432
0.175661
0.175892
0.175953
0.176165
0.176393
0.1766
0.176659
0.176871
0.177082
0.177138
0.17733
0.177539
0.177724
0.17778
0.177974
0.178159
0.17821
0.178387
0.17857
0.164862
0.164911
0.16513
0.165367
0.1656
0.165656
0.165905
0.166166
0.166419
0.166482
0.166752
0.167031
0.167296
0.167364
0.167649
0.167936
0.168
0.168278
0.168571
0.168858
0.168921
0.169204
0.169497
0.169779
0.169842
0.170124
0.170412
0.170683
0.170748
0.171026
0.171303
0.171561
0.17163
0.171901
0.172166
0.172223
0.172483
0.172748
0.172999
0.173056
0.173311
0.173564
0.1738
0.173863
0.174109
0.174349
0.174401
0.174637
0.174876
0.175102
0.175157
0.175387
0.175613
0.17566
0.175881
0.176103
0.176313
0.176363
0.176575
0.176782
0.176825
0.177027
0.177229
0.177419
0.177464
0.177655
0.177839
0.177879
0.178061
0.178239
0.16485
0.164897
0.165111
0.165347
0.165586
0.165639
0.165881
0.166142
0.166403
0.166459
0.166724
0.167003
0.167279
0.167336
0.167616
0.167906
0.167978
0.168245
0.168534
0.168826
0.168893
0.169166
0.169457
0.169745
0.169808
0.170082
0.170369
0.170651
0.170708
0.17098
0.17126
0.17153
0.171585
0.171852
0.172122
0.172183
0.172433
0.172696
0.172957
0.173009
0.173257
0.173513
0.173763
0.173809
0.174054
0.1743
0.174351
0.174581
0.174821
0.175056
0.175101
0.175329
0.175559
0.175607
0.175822
0.176045
0.176264
0.176303
0.176513
0.176725
0.176767
0.176964
0.177167
0.177367
0.1774
0.177591
0.177782
0.177816
0.177995
0.178176
0.164783
0.164832
0.165039
0.16527
0.165495
0.165552
0.165788
0.166044
0.16629
0.166353
0.166613
0.166885
0.167144
0.167211
0.167487
0.167768
0.167843
0.168102
0.168388
0.168669
0.168741
0.169007
0.169295
0.16957
0.169639
0.169908
0.170191
0.170456
0.170524
0.170792
0.171064
0.171316
0.171386
0.171651
0.17191
0.171977
0.17222
0.172482
0.172725
0.172789
0.173032
0.173282
0.17351
0.173575
0.173818
0.17405
0.174111
0.174334
0.17457
0.174787
0.174846
0.175071
0.175291
0.175349
0.175554
0.175773
0.175974
0.176029
0.176235
0.176436
0.176488
0.176678
0.176875
0.177054
0.177106
0.177292
0.177468
0.177515
0.177688
0.17786
0.164719
0.164766
0.164967
0.165191
0.16541
0.165465
0.165695
0.165945
0.166184
0.166246
0.166499
0.166767
0.167017
0.167085
0.167354
0.167631
0.1677
0.167958
0.168237
0.168514
0.168581
0.168845
0.169127
0.169398
0.169465
0.169729
0.170008
0.170267
0.170333
0.170596
0.170866
0.171111
0.171181
0.17144
0.171696
0.171761
0.172002
0.172258
0.172497
0.17256
0.172799
0.173044
0.173268
0.173333
0.17357
0.1738
0.173859
0.174078
0.174311
0.174524
0.174583
0.174802
0.175019
0.175074
0.175277
0.175492
0.175689
0.175744
0.175944
0.176142
0.176193
0.176378
0.176572
0.176747
0.176798
0.17698
0.177153
0.177199
0.177367
0.177536
0.164655
0.164698
0.164898
0.165114
0.165327
0.165377
0.165607
0.165848
0.166081
0.166138
0.166391
0.166651
0.166897
0.16696
0.167228
0.167497
0.167552
0.167817
0.168093
0.168363
0.168419
0.168688
0.168966
0.169231
0.169288
0.169558
0.169831
0.170087
0.170146
0.170412
0.170675
0.170919
0.170982
0.171241
0.171492
0.171542
0.171792
0.172044
0.172281
0.172333
0.172577
0.172818
0.173041
0.173099
0.173335
0.173562
0.173607
0.173834
0.174062
0.174276
0.174326
0.174546
0.17476
0.174801
0.175012
0.175224
0.175422
0.175466
0.175668
0.175864
0.1759
0.176093
0.176284
0.176462
0.176503
0.176683
0.176856
0.17689
0.177062
0.177229
0.164642
0.164685
0.164877
0.165092
0.16531
0.165359
0.165581
0.165822
0.166062
0.166114
0.16636
0.16662
0.166876
0.16693
0.167192
0.167462
0.167531
0.167781
0.168052
0.168327
0.168391
0.168647
0.168921
0.169193
0.169252
0.169511
0.169783
0.170049
0.170104
0.170361
0.170626
0.170881
0.170933
0.171187
0.171442
0.1715
0.171737
0.171986
0.172232
0.172283
0.172517
0.17276
0.172995
0.173041
0.173273
0.173506
0.173556
0.173773
0.174
0.174223
0.174265
0.174481
0.174698
0.174746
0.174947
0.175158
0.175363
0.175402
0.1756
0.175798
0.17584
0.176024
0.176214
0.1764
0.176434
0.176612
0.176789
0.176823
0.176989
0.177158
0.164568
0.164611
0.164799
0.165008
0.165214
0.165265
0.165482
0.165717
0.165944
0.166
0.166242
0.166494
0.166735
0.166797
0.167056
0.167317
0.167386
0.167629
0.1679
0.168162
0.168227
0.168479
0.168752
0.16901
0.169073
0.169328
0.169597
0.169846
0.169909
0.170164
0.170422
0.17066
0.170723
0.170977
0.171221
0.171282
0.171514
0.171763
0.171992
0.17205
0.172284
0.172519
0.172735
0.172795
0.173027
0.173246
0.173302
0.173515
0.173739
0.173944
0.173999
0.174213
0.17442
0.174473
0.17467
0.174876
0.175065
0.175115
0.175311
0.175499
0.175547
0.175726
0.175912
0.17608
0.176127
0.176303
0.176466
0.176509
0.176672
0.176831
0.164481
0.164523
0.164704
0.164908
0.165106
0.165155
0.165365
0.165593
0.165812
0.165868
0.166103
0.16635
0.166583
0.166644
0.166896
0.167153
0.167217
0.167457
0.16772
0.167978
0.16804
0.168288
0.168554
0.168808
0.168869
0.169119
0.169383
0.169627
0.169688
0.169937
0.170192
0.170423
0.170487
0.170735
0.170975
0.171034
0.171263
0.171506
0.171731
0.171789
0.172016
0.172248
0.172459
0.17252
0.172745
0.172962
0.173016
0.173224
0.173445
0.173645
0.1737
0.173908
0.174114
0.174165
0.174356
0.17456
0.174744
0.174795
0.174985
0.175171
0.175218
0.175391
0.175574
0.175737
0.175785
0.175955
0.176116
0.176158
0.176315
0.176472
0.164376
0.164415
0.164593
0.164788
0.164978
0.165023
0.16523
0.16545
0.165662
0.165714
0.165945
0.166185
0.16641
0.166469
0.166716
0.166966
0.167019
0.167263
0.16752
0.167773
0.167827
0.168076
0.168336
0.168585
0.16864
0.16889
0.169146
0.169386
0.169444
0.169691
0.16994
0.170167
0.170229
0.170472
0.170708
0.170758
0.17099
0.171227
0.17145
0.171502
0.171728
0.171956
0.172163
0.17222
0.172442
0.172656
0.172702
0.172913
0.173128
0.173327
0.173377
0.173583
0.173785
0.173828
0.174023
0.174221
0.174405
0.17445
0.174638
0.174821
0.17486
0.175036
0.175214
0.175378
0.175419
0.175587
0.175747
0.175781
0.175939
0.176093
0.164351
0.164385
0.164549
0.164743
0.164948
0.164986
0.165178
0.1654
0.16563
0.165668
0.165885
0.16613
0.166377
0.166414
0.166649
0.166909
0.166975
0.167199
0.167448
0.167714
0.167773
0.168003
0.168259
0.168526
0.168576
0.168809
0.169068
0.16933
0.16937
0.169605
0.169862
0.170116
0.170145
0.170382
0.170633
0.170685
0.170899
0.171136
0.171381
0.171417
0.171631
0.171867
0.172103
0.172126
0.172343
0.172573
0.172615
0.172812
0.173032
0.173255
0.173279
0.173479
0.173694
0.173734
0.173917
0.17412
0.174326
0.174347
0.17453
0.174727
0.174759
0.174927
0.17511
0.175296
0.17531
0.175477
0.175652
0.175674
0.175826
0.17599
0.164209
0.164244
0.164407
0.164593
0.164782
0.164821
0.165014
0.165225
0.165437
0.16548
0.165698
0.16593
0.166159
0.166204
0.166442
0.166685
0.166748
0.16697
0.16722
0.167468
0.167526
0.167758
0.168011
0.168259
0.168312
0.168549
0.1688
0.169043
0.169091
0.16933
0.169573
0.169808
0.169853
0.170091
0.170324
0.170378
0.170595
0.170828
0.171051
0.171097
0.171315
0.171539
0.171754
0.171796
0.172013
0.172225
0.172272
0.172472
0.172683
0.172887
0.172926
0.173127
0.173327
0.173371
0.173556
0.173751
0.173939
0.173975
0.174157
0.174339
0.174378
0.174546
0.174721
0.174889
0.17492
0.175083
0.175243
0.175275
0.175426
0.175578
0.164029
0.164063
0.164223
0.164401
0.164575
0.164614
0.164804
0.165004
0.165202
0.165246
0.165464
0.165683
0.165897
0.165947
0.166185
0.166414
0.166473
0.166692
0.166942
0.167174
0.16723
0.16746
0.167712
0.167944
0.167997
0.168233
0.168479
0.168706
0.168759
0.168999
0.169233
0.16945
0.169506
0.169745
0.169964
0.170017
0.170233
0.170463
0.170672
0.170721
0.17094
0.171156
0.171355
0.171407
0.171625
0.171824
0.171872
0.172072
0.172279
0.172467
0.172514
0.172717
0.172905
0.17295
0.173134
0.173326
0.173498
0.173542
0.173726
0.173894
0.173936
0.174104
0.174274
0.174425
0.174468
0.174631
0.174777
0.174814
0.174966
0.175109
0.163801
0.163832
0.163984
0.164154
0.164318
0.164355
0.164535
0.164729
0.164916
0.16496
0.165168
0.165382
0.165585
0.165636
0.165863
0.166089
0.166141
0.166357
0.166597
0.166826
0.166878
0.167103
0.167346
0.167575
0.167625
0.167855
0.168096
0.168318
0.16837
0.1686
0.168833
0.169044
0.169099
0.169329
0.169547
0.169597
0.169808
0.170032
0.170239
0.170288
0.170498
0.170713
0.170906
0.170959
0.171168
0.171367
0.171413
0.171607
0.171811
0.171996
0.172043
0.172237
0.172426
0.17247
0.172648
0.172837
0.173006
0.17305
0.173226
0.173396
0.173437
0.173597
0.173766
0.173914
0.173956
0.174114
0.17426
0.174297
0.17444
0.174585
0.163518
0.163546
0.163691
0.163852
0.164005
0.16404
0.164212
0.164398
0.164575
0.164618
0.164815
0.165025
0.165217
0.165268
0.165484
0.165708
0.16575
0.165967
0.166195
0.166424
0.166467
0.166691
0.166926
0.167152
0.167198
0.167424
0.16766
0.167877
0.167926
0.16815
0.168381
0.168586
0.168641
0.168862
0.169081
0.169124
0.169334
0.169552
0.169758
0.169803
0.170009
0.170222
0.170411
0.170462
0.170664
0.170864
0.170905
0.171097
0.171298
0.171482
0.171526
0.171715
0.171904
0.171943
0.17212
0.172305
0.172475
0.172515
0.172686
0.172857
0.172893
0.173053
0.173219
0.173368
0.173407
0.17356
0.173708
0.173741
0.173882
0.174026
0.163174
0.1632
0.163346
0.163498
0.163633
0.163667
0.16384
0.164016
0.164175
0.164219
0.164418
0.164617
0.164793
0.164847
0.165065
0.165277
0.165303
0.165527
0.165756
0.165972
0.166004
0.166235
0.166469
0.166682
0.166721
0.166954
0.167185
0.167389
0.167437
0.167667
0.167891
0.168084
0.168142
0.168366
0.168576
0.168608
0.168827
0.169045
0.16924
0.169281
0.169493
0.169701
0.16988
0.169934
0.17014
0.170332
0.170364
0.170565
0.170764
0.170939
0.170983
0.171176
0.17136
0.171388
0.171575
0.171759
0.171922
0.171961
0.172137
0.172304
0.17233
0.172499
0.172663
0.172808
0.172845
0.173002
0.173145
0.173172
0.173321
0.173462
0.162772
0.162795
0.162954
0.163095
0.163204
0.163238
0.163425
0.163588
0.163722
0.163769
0.163983
0.164166
0.16432
0.164381
0.164613
0.164805
0.16481
0.165048
0.165288
0.165482
0.165499
0.165747
0.165985
0.166176
0.166208
0.166459
0.166686
0.166871
0.16692
0.167166
0.167378
0.167554
0.167621
0.167857
0.168052
0.16807
0.168306
0.168527
0.168705
0.168744
0.168971
0.169173
0.169338
0.169399
0.169615
0.169795
0.169816
0.170033
0.170231
0.170395
0.170441
0.170645
0.17082
0.170836
0.171038
0.171224
0.171376
0.171417
0.171604
0.171763
0.171779
0.171962
0.172127
0.172263
0.172304
0.172468
0.172606
0.172627
0.172788
0.172928
0.162667
0.162685
0.162787
0.162932
0.163096
0.163115
0.163248
0.163422
0.163613
0.163632
0.163798
0.164
0.164212
0.164229
0.164422
0.164642
0.164708
0.164882
0.165094
0.165325
0.165381
0.165568
0.165792
0.166027
0.166071
0.166269
0.166498
0.166732
0.166764
0.16697
0.167198
0.167428
0.167449
0.167661
0.167885
0.167935
0.16812
0.168334
0.168554
0.168587
0.168779
0.168991
0.169203
0.169225
0.169422
0.169629
0.169671
0.169848
0.170048
0.170249
0.170274
0.170458
0.170652
0.170694
0.170859
0.171044
0.171229
0.171254
0.171422
0.171599
0.171634
0.171787
0.171953
0.172121
0.17214
0.172293
0.172451
0.172477
0.172617
0.172765
0.162202
0.16222
0.162326
0.162462
0.162611
0.162632
0.162771
0.162935
0.163112
0.163136
0.16331
0.1635
0.163699
0.163725
0.163924
0.164133
0.164192
0.164372
0.164589
0.164808
0.16486
0.165055
0.165281
0.165505
0.165549
0.165757
0.165983
0.166207
0.166246
0.166459
0.166682
0.1669
0.166935
0.167151
0.167368
0.167417
0.167612
0.167827
0.168036
0.168076
0.168276
0.168485
0.168686
0.168722
0.168923
0.169124
0.169168
0.169354
0.169553
0.169746
0.169783
0.169971
0.170161
0.170205
0.170377
0.170563
0.170741
0.170776
0.170949
0.171123
0.171162
0.171321
0.171488
0.171648
0.171681
0.171837
0.171992
0.172025
0.172169
0.172317
0.161712
0.16173
0.161839
0.161971
0.162113
0.162136
0.162279
0.162442
0.162613
0.162641
0.162818
0.163008
0.163201
0.163235
0.163436
0.163645
0.1637
0.163888
0.164106
0.164327
0.164378
0.16458
0.164807
0.165032
0.16508
0.165291
0.165521
0.165745
0.16579
0.166005
0.166235
0.16645
0.166495
0.166711
0.166934
0.166987
0.167186
0.167404
0.167617
0.167664
0.167864
0.168079
0.168281
0.168327
0.168528
0.168738
0.168787
0.168974
0.16918
0.169376
0.169421
0.169608
0.169809
0.169858
0.170032
0.170223
0.170406
0.170449
0.17062
0.170805
0.170852
0.17101
0.171184
0.171349
0.171389
0.171546
0.17171
0.171751
0.171894
0.172052
0.161243
0.161264
0.161372
0.16151
0.161655
0.161683
0.161826
0.162
0.162176
0.162211
0.162383
0.162591
0.162788
0.16283
0.163023
0.163255
0.163311
0.16351
0.16372
0.163965
0.16402
0.164228
0.164455
0.164701
0.164754
0.164965
0.165207
0.165446
0.165498
0.165704
0.165959
0.166183
0.166235
0.166442
0.166695
0.166754
0.166955
0.167178
0.167413
0.167467
0.167656
0.167898
0.168111
0.168163
0.168356
0.168597
0.168655
0.168837
0.169057
0.169272
0.169323
0.169496
0.169729
0.169789
0.169958
0.17016
0.170364
0.170412
0.170571
0.170788
0.170845
0.170996
0.171187
0.171369
0.171412
0.171563
0.171758
0.171806
0.171936
0.172124
0.160868
0.160893
0.161006
0.16116
0.161324
0.161359
0.161504
0.161706
0.161902
0.161945
0.16211
0.162356
0.162572
0.162622
0.162795
0.163081
0.163144
0.16336
0.163557
0.163852
0.163915
0.164135
0.164366
0.164648
0.164711
0.164923
0.16519
0.165457
0.165518
0.165707
0.166009
0.166255
0.166314
0.166499
0.166812
0.166883
0.167088
0.167324
0.167595
0.167658
0.167831
0.168118
0.168354
0.168411
0.168585
0.168883
0.168953
0.169129
0.169375
0.169619
0.169676
0.169815
0.170116
0.170189
0.170353
0.170576
0.170809
0.170864
0.170991
0.171273
0.171344
0.171483
0.171705
0.171913
0.171959
0.172098
0.172343
0.172401
0.172502
0.172746
0.160708
0.160741
0.160865
0.161052
0.161253
0.161298
0.161457
0.161706
0.161939
0.161993
0.162162
0.162466
0.162718
0.162779
0.162941
0.163301
0.163379
0.163622
0.163819
0.164179
0.164257
0.164496
0.164746
0.165081
0.165157
0.165381
0.165683
0.165992
0.166067
0.166252
0.166611
0.166891
0.166962
0.167138
0.167519
0.167608
0.167826
0.168086
0.168403
0.16848
0.168649
0.168988
0.169257
0.169323
0.169497
0.169851
0.169939
0.170117
0.170397
0.170677
0.170745
0.170866
0.171233
0.171326
0.171494
0.171745
0.172016
0.17208
0.172192
0.172537
0.172625
0.172765
0.173021
0.173262
0.173313
0.173459
0.17375
0.173821
0.17391
0.174207
0.160992
0.161033
0.161163
0.161399
0.161662
0.161721
0.161905
0.162223
0.16252
0.162589
0.162781
0.163164
0.163478
0.163553
0.163739
0.164177
0.164281
0.164564
0.164787
0.165226
0.165328
0.165599
0.165886
0.166294
0.166392
0.166639
0.166995
0.167367
0.16746
0.16766
0.168086
0.16842
0.168502
0.168702
0.169149
0.169266
0.169504
0.169802
0.170179
0.170277
0.170458
0.170852
0.171171
0.171246
0.171444
0.171855
0.171967
0.17216
0.172482
0.17281
0.172891
0.173042
0.173449
0.173568
0.173751
0.174039
0.174355
0.174433
0.174574
0.174956
0.175068
0.17522
0.175515
0.175797
0.175858
0.17603
0.176362
0.176452
0.176562
0.176894
0.162143
0.162195
0.162324
0.162623
0.162979
0.163053
0.163243
0.163667
0.164064
0.164151
0.16435
0.164861
0.165268
0.16536
0.165557
0.166127
0.166274
0.16661
0.16686
0.167426
0.167566
0.167881
0.168221
0.168741
0.168871
0.169148
0.169579
0.170046
0.170161
0.170379
0.170902
0.171316
0.17141
0.171636
0.172181
0.172336
0.172602
0.172951
0.173413
0.173537
0.173732
0.174206
0.174596
0.174681
0.174905
0.175399
0.175547
0.175756
0.176136
0.176533
0.176632
0.176802
0.177284
0.177441
0.177638
0.177975
0.178356
0.178451
0.178612
0.17906
0.179208
0.179372
0.179716
0.180055
0.180129
0.180326
0.180719
0.180835
0.180959
0.181346
0.164913
0.164983
0.165106
0.165508
0.166006
0.166103
0.166284
0.166863
0.167399
0.167508
0.167661
0.168372
0.168903
0.169011
0.169132
0.169953
0.170161
0.170557
0.170771
0.171573
0.171767
0.172118
0.172497
0.173201
0.173374
0.173657
0.174193
0.174802
0.174947
0.175133
0.175825
0.176351
0.176456
0.176658
0.177391
0.177602
0.177883
0.178289
0.178889
0.179048
0.179218
0.179828
0.180318
0.180415
0.18063
0.181279
0.181477
0.181681
0.182145
0.18265
0.182769
0.182912
0.183539
0.183751
0.183945
0.184347
0.184828
0.184944
0.185081
0.185659
0.185856
0.186008
0.18643
0.186852
0.186934
0.187136
0.187638
0.187789
0.187887
0.188377
0.17065
0.170745
0.170851
0.171436
0.172164
0.172296
0.172429
0.173272
0.174012
0.174157
0.174181
0.175233
0.175932
0.176067
0.175967
0.177229
0.177506
0.177975
0.178022
0.179228
0.179484
0.17985
0.180206
0.181209
0.181435
0.181651
0.182322
0.183145
0.183329
0.183328
0.18434
0.185009
0.185127
0.185137
0.186255
0.186544
0.186794
0.187236
0.188072
0.188278
0.188289
0.189157
0.189781
0.189883
0.189963
0.190927
0.191195
0.191318
0.191903
0.192573
0.192714
0.192671
0.19362
0.193913
0.194041
0.194525
0.195171
0.195306
0.195277
0.196149
0.19642
0.196481
0.197026
0.197584
0.197661
0.197783
0.198517
0.198713
0.198655
0.199378
0.181581
0.181728
0.181936
0.18281
0.18373
0.183949
0.184095
0.185345
0.18622
0.18649
0.186333
0.187929
0.188699
0.188994
0.188391
0.190465
0.190687
0.191413
0.191118
0.192936
0.193182
0.193711
0.194004
0.195327
0.195601
0.195823
0.196657
0.197624
0.197915
0.197628
0.199107
0.199809
0.200071
0.199648
0.20138
0.201698
0.201989
0.202429
0.203501
0.203796
0.203527
0.204791
0.20547
0.205681
0.205407
0.206887
0.207219
0.207225
0.207965
0.208785
0.209015
0.208391
0.210046
0.210413
0.210446
0.211025
0.211861
0.21207
0.211502
0.213039
0.213396
0.213278
0.214021
0.214724
0.214841
0.214699
0.215868
0.216141
0.215641
0.216881
0.199836
0.200096
0.201432
0.202524
0.202749
0.203245
0.20441
0.205815
0.205961
0.206721
0.207391
0.209015
0.209038
0.210081
0.210264
0.212034
0.211443
0.21328
0.213407
0.214886
0.214652
0.216263
0.216725
0.217575
0.217779
0.218897
0.219809
0.220121
0.220814
0.221123
0.222556
0.222528
0.223661
0.223583
0.225012
0.224961
0.226127
0.226619
0.227251
0.227795
0.228035
0.229285
0.229315
0.230352
0.230252
0.231503
0.231709
0.232324
0.233087
0.233434
0.23423
0.234002
0.235358
0.235499
0.236119
0.23671
0.237182
0.237897
0.237654
0.238938
0.239195
0.23952
0.240274
0.240606
0.24132
0.241239
0.24228
0.242735
0.242575
0.243694
0.251455
0.251546
0.250975
0.252578
0.255474
0.255442
0.255072
0.257029
0.259787
0.259537
0.259268
0.261333
0.263859
0.263292
0.263272
0.26543
0.266905
0.266743
0.267013
0.269364
0.270421
0.270005
0.270629
0.273182
0.273738
0.273245
0.274347
0.276918
0.276864
0.276653
0.27816
0.280548
0.279792
0.280056
0.281966
0.283121
0.28264
0.283366
0.285681
0.28593
0.285729
0.286946
0.289267
0.288539
0.288896
0.290666
0.291613
0.291242
0.292099
0.29432
0.29406
0.294289
0.295703
0.296933
0.296572
0.297311
0.299375
0.299219
0.299494
0.300824
0.301919
0.301689
0.302465
0.304478
0.304073
0.304513
0.306
0.306562
0.306662
0.307606
0.322405
0.322426
0.32025
0.32252
0.326552
0.326369
0.324137
0.327348
0.331095
0.330585
0.328273
0.332168
0.33556
0.334564
0.33254
0.336938
0.338969
0.338299
0.336918
0.341695
0.343082
0.341809
0.341652
0.346476
0.347115
0.345205
0.346902
0.351299
0.351004
0.348949
0.352381
0.356141
0.354601
0.353332
0.357832
0.359477
0.357838
0.358425
0.363161
0.363289
0.361312
0.36428
0.368349
0.366598
0.365692
0.370148
0.37152
0.369584
0.371194
0.375733
0.374768
0.373485
0.377376
0.379393
0.377512
0.378688
0.383269
0.382373
0.381238
0.385011
0.386838
0.384955
0.386583
0.391037
0.389354
0.388914
0.393028
0.393659
0.392157
0.394858
0.39304
0.393217
0.396474
0.39731
0.397271
0.397607
0.401541
0.401888
0.402196
0.40276
0.406964
0.406899
0.40751
0.408417
0.411912
0.412294
0.411843
0.414604
0.41826
0.418051
0.41793
0.421429
0.424719
0.424162
0.424467
0.428912
0.43061
0.430585
0.431509
0.436057
0.436658
0.437236
0.439135
0.442574
0.443043
0.442941
0.447452
0.450154
0.449714
0.450645
0.455385
0.456246
0.456523
0.458997
0.462301
0.462518
0.462748
0.467812
0.46941
0.469068
0.471132
0.473916
0.475198
0.475061
0.480109
0.481947
0.481379
0.483612
0.486152
0.487393
0.487494
0.492419
0.493806
0.493233
0.496388
0.498896
0.498914
0.500126
0.503346
0.504791
0.509644
0.510155
0.515287
0.517759
0.519537
0.520233
0.527072
0.528546
0.530931
0.531927
0.541665
0.540788
0.543519
0.544908
0.557626
0.553652
0.553547
0.558667
0.570803
0.567196
0.567427
0.573571
0.581694
0.581245
0.58192
0.590107
0.593789
0.595358
0.596681
0.609624
0.607012
0.609571
0.612055
0.626267
0.620855
0.620976
0.628787
0.635317
0.634774
0.636022
0.649315
0.646617
0.648362
0.651543
0.6649
0.659154
0.659496
0.669795
0.671875
0.671895
0.674466
0.690006
0.68263
0.6824
0.692365
0.695563
0.694385
0.697199
0.712419
0.70461
0.704524
0.71621
0.71621
0.715202
0.71965
0.73113
0.724543
0.725859
0.741326
0.734395
)
;

boundaryField
{
    inlet
    {
        type            calculated;
        value           nonuniform List<scalar> 0();
    }
    outlet
    {
        type            calculated;
        value           nonuniform List<scalar> 0();
    }
    front
    {
        type            empty;
    }
    back
    {
        type            empty;
    }
    hub
    {
        type            calculated;
        value           nonuniform List<scalar> 
75
(
0.147282
0.203574
0.215946
0.215946
0.215946
0.235661
0.235661
0.235661
0.250132
0.250132
0.250132
0.262521
0.262521
0.273996
0.273996
0.284769
0.284769
0.295809
0.295809
0.295809
0.307556
0.307556
0.307556
0.318486
0.318486
0.318486
0.329695
0.329695
0.33997
0.33997
0.349285
0.349285
0.35934
0.35934
0.35934
0.369643
0.369643
0.369643
0.380038
0.380038
0.380038
0.390502
0.390502
0.390502
0.401002
0.401002
0.411502
0.411502
0.421968
0.421968
0.421968
0.43239
0.43239
0.442771
0.442771
0.442771
0.453133
0.453133
0.453133
0.463458
0.463458
0.463458
0.473755
0.473755
0.473755
0.484981
0.484981
0.484981
0.494943
0.494943
0.494943
0.5024
0.5024
0.5024
0.510874
)
;
    }
    tip
    {
        type            calculated;
        value           nonuniform List<scalar> 
70
(
0.509644
0.510155
0.515287
0.517759
0.519537
0.520233
0.527072
0.528546
0.530931
0.531927
0.541665
0.540788
0.543519
0.544908
0.557626
0.553652
0.553547
0.558667
0.570803
0.567196
0.567427
0.573571
0.581694
0.581245
0.58192
0.590107
0.593789
0.595358
0.596681
0.609624
0.607012
0.609571
0.612055
0.626267
0.620855
0.620976
0.628787
0.635317
0.634774
0.636022
0.649315
0.646617
0.648362
0.651543
0.6649
0.659154
0.659496
0.669795
0.671875
0.671895
0.674466
0.690006
0.68263
0.6824
0.692365
0.695563
0.694385
0.697199
0.712419
0.70461
0.704524
0.71621
0.71621
0.715202
0.71965
0.73113
0.724543
0.725859
0.741326
0.734395
)
;
    }
    procBoundary3to2
    {
        type            processor;
        value           nonuniform List<scalar> 
165
(
1.76678
1.61079
1.39773
1.38473
1.27379
1.18307
1.17355
1.10154
1.09168
1.02178
0.949317
0.938989
0.871786
0.860676
0.794892
0.783703
0.720689
0.710961
0.700636
0.643601
0.632331
0.581132
0.513997
0.506915
0.516963
0.520984
0.511453
0.570802
0.519834
0.513997
0.499915
0.499915
0.491918
0.491918
0.461043
0.461043
0.456593
0.424298
0.421022
0.417599
0.390691
0.387474
0.38434
0.361331
0.358123
0.337826
0.334951
0.332398
0.314198
0.311454
0.309183
0.293182
0.290812
0.288683
0.275114
0.273195
0.261528
0.259687
0.249801
0.248019
0.246647
0.23799
0.236752
0.229458
0.22834
0.222372
0.221357
0.216613
0.215716
0.212027
0.211273
0.210766
0.207806
0.20741
0.203625
0.204082
0.203935
0.205102
0.204345
0.203625
0.201505
0.201505
0.201224
0.199961
0.199731
0.198762
0.197876
0.1977
0.196826
0.196677
0.195878
0.195765
0.195078
0.194982
0.194333
0.194197
0.193501
0.192755
0.192624
0.191905
0.191805
0.191135
0.191002
0.190347
0.189607
0.189493
0.188745
0.18862
0.187946
0.187257
0.187152
0.186449
0.186311
0.185683
0.185004
0.1849
0.184254
0.183628
0.183533
0.182898
0.182325
0.182221
0.18163
0.181522
0.181032
0.18034
0.18034
0.18024
0.179838
0.179414
0.179032
0.178978
0.17862
0.178275
0.178212
0.177907
0.177581
0.177258
0.177193
0.176874
0.176514
0.176125
0.176019
0.175612
0.175145
0.17462
0.174057
0.173482
0.172934
0.172796
0.172353
0.172097
0.172181
0.17282
0.174301
0.177014
0.181502
0.188589
0.199679
0.217294
0.24394
0.308992
0.397625
0.504162
0.732922
)
;
    }
    procBoundary3to4
    {
        type            processor;
        value           nonuniform List<scalar> 
160
(
0.72313
0.646991
0.559946
0.558106
0.511959
0.480813
0.479625
0.460429
0.459707
0.44821
0.442277
0.442064
0.441206
0.441214
0.443579
0.443762
0.448115
0.448183
0.448456
0.453548
0.453828
0.458284
0.458495
0.460702
0.460644
0.460689
0.45857
0.45821
0.449888
0.449055
0.448351
0.431992
0.430479
0.429189
0.404956
0.40253
0.373455
0.370577
0.367746
0.336047
0.332789
0.329637
0.299194
0.295939
0.293055
0.267235
0.264442
0.244225
0.241929
0.226587
0.224841
0.223227
0.211974
0.210623
0.202261
0.201215
0.195006
0.194209
0.189626
0.189026
0.185667
0.18523
0.184814
0.182457
0.182138
0.180429
0.180192
0.178941
0.178764
0.177826
0.177687
0.176946
0.176282
0.176183
0.175566
0.175471
0.174881
0.17479
0.174257
0.174176
0.17373
0.173659
0.173289
0.172937
0.172886
0.172537
0.172482
0.172129
0.17206
0.17171
0.171335
0.171275
0.170905
0.170836
0.16906
0.1695
0.169968
0.170406
0.170499
0.170499
0.168682
0.168682
0.16821
0.16821
0.167032
0.167122
0.167523
0.167523
0.166599
0.166424
0.16624
0.166204
0.166033
0.16587
0.165836
0.165675
0.165534
0.165499
0.165358
0.165328
0.165211
0.165097
0.165072
0.164978
0.164888
0.164813
0.164794
0.164723
0.16466
0.164645
0.164589
0.164531
0.164475
0.164458
0.164394
0.164315
0.164218
0.16418
0.164054
0.163888
0.16367
0.163397
0.163072
0.162698
0.16254
0.162091
0.16161
0.161138
0.160747
0.160554
0.160789
0.16186
0.16449
0.169981
0.180677
0.199589
0.248497
0.318174
0.393444
0.508326
)
;
    }
}


// ************************************************************************* //
