/*--------------------------------*- C++ -*----------------------------------*\
| =========                 |                                                 |
| \\      /  F ield         | OpenFOAM: The Open Source CFD Toolbox           |
|  \\    /   O peration     | Version:  v2012                                 |
|   \\  /    A nd           | Website:  www.openfoam.com                      |
|    \\/     M anipulation  |                                                 |
\*---------------------------------------------------------------------------*/
FoamFile
{
    version     2.0;
    format      ascii;
    class       volScalarField;
    location    "1e-06";
    object      omega;
}
// * * * * * * * * * * * * * * * * * * * * * * * * * * * * * * * * * * * * * //

dimensions      [0 0 -1 0 0 0 0];


internalField   nonuniform List<scalar> 
10193
(
117401
125493
134145
128848
136038
132721
139089
132772
135315
138598
142509
136206
137621
145355
146226
139676
144448
153362
150219
143698
151837
161214
153128
158752
159526
163206
155432
158388
167381
165289
157887
166120
176368
167085
170289
174775
176600
167532
173791
183871
177007
217217
182951
186136
176552
181987
192464
185453
226002
192245
194205
184009
191412
202731
192035
195413
201970
199492
197019
201566
206715
195292
202325
213888
202507
206410
213943
208455
253283
215185
214139
209588
215031
219022
207177
91015.2
95553.4
94649.6
95330.3
98618.9
100343
97382.5
99910.3
111222
103847
101616
104107
110889
107445
106063
108168
113577
111386
110922
112260
116784
114711
115243
129480
119949
117173
119383
126502
122821
121601
123093
128222
125745
126042
139834
130777
127981
129513
136561
132932
132253
122225
137534
134075
135862
143776
139546
138480
153425
144356
140468
141937
149673
145441
144635
159496
149819
146680
150030
154024
148414
149806
159398
154015
152600
167629
157698
154505
143576
160466
156198
159748
164318
157810
158970
55218.1
57463.2
57614.7
57840.8
63027.8
61368
60112.8
61531
68846.2
64315.2
63322.6
64615.4
68737.3
67008.5
66331.6
67509.4
70575.6
69711
69386.4
71454.7
72885.8
72195.7
72258.2
81858.7
75220.3
73862.1
75049.5
79209.6
77361.5
76660.6
78627.9
80496.6
79495.2
79426
88201.5
82379.6
80940
82109.7
85807.3
84135.2
83616.8
94969.5
87026.9
85057.2
86244.9
90561.5
88439.6
87726.2
100507
91290.5
89173.9
90604.9
94414.6
92332.3
91748
100912
94897
93170.8
98097.8
97469.4
94480
95770.9
100692
97922.6
97061.1
106156
100225
98414.4
110701
102402
99630.6
104483
104464
100864
102899
52246.2
56549.5
56863.3
56956.9
55004.4
60390.7
59230
60516.6
63027.9
63312.1
62336.8
63387.1
66578.7
65978.8
65242.5
65746.3
69046.4
68608.3
68171
66750.8
71473
71028.6
70852.3
72625.1
73791.8
72530.5
73185
76848.1
75983.5
75177.4
73795.1
78725.2
78073.7
77657.8
80679
80692
79310.8
79147.6
83500.2
82516
81727.9
79049.4
84958.3
83257.5
83204.2
87780.9
86630.2
85600.5
82907.6
88970.8
87163.3
86379.4
91606.5
90376.5
89188
93245.2
92639.9
90855.1
87530.8
94739.4
92214.5
91531
97071
95676
94010
98724.8
97701.7
95664.9
92844.3
99311
96958
93677.9
101159
98203.9
95931.6
35304.8
37843.8
38333.8
38374.6
39092.4
41100.6
40476.7
41415.2
44332.4
43634.8
43086.4
43808.9
46306.1
45808.1
45368.6
45785.7
48021.4
47815.1
47506.5
47536
49847.9
49712.8
49517.5
52257.1
51629.3
50858.3
51325
53978.6
53332.3
52797.7
52732.6
55257
54941.3
54588.9
57898.3
56741.4
55861.7
55989.2
58780.1
58165.7
57598
56461.6
59857.3
58783.3
58925.2
61977.6
61163
60441.3
59269
62770.5
61607.7
61535.1
64714
63894.3
63082.4
66954.7
65476.8
64277.1
64355.8
66984.5
65300.9
65206
68729.9
67670.7
66594.6
70785.7
69201.2
67832.2
66563.9
70385
68815.8
68861.3
71835.1
69790.2
69311.5
25149.4
26456.7
26890.6
26924.9
28945.9
29114.5
28720.2
29476.6
32669.9
31301.9
30946.7
31543.4
33657.8
33124.3
32828.8
33320
34885.1
34708.2
34482.1
35494.7
36285.4
36219.5
36066.8
39637.7
37673
37123
37581
39630.4
39004.4
38617.3
39527.4
40491.6
40259.9
40014.4
43583.3
41604.2
40965
41440.7
43220.7
42690.2
42288.3
45666.8
44019.2
43186.5
43626.8
45689.5
44946.6
44444.8
48163.4
46225.7
45303.7
45898
47700.9
46995.3
46496.5
50286.3
48170.5
47305.5
49142.8
49358.3
48074.1
48574.3
50798
49803.3
49175.9
53028.8
50966.1
50012.2
53592.4
52024.7
50760.5
52575
53112.3
51522.1
52373.5
23818.9
26042.1
26570
26536.3
26397.5
28687.5
28333.9
29038.3
30211
30866.9
30514.7
31000.6
32610.2
32684.8
32355.9
32504.5
34182.4
34239.6
33960.4
33433.6
35658.7
35722.1
35457.1
36201.8
37057.7
36554.9
36741.7
38521.1
38418.1
37984.8
37385.3
39705.2
39655.7
39244.3
40446
40876.2
40272.3
40072.2
42168.4
42002.5
41472.7
41282.4
43149.7
42421.4
42233.7
44406.9
44176.3
43528
43390.9
45257
44449.4
43969.4
46424.9
46158.9
45366.9
46986.1
47193.7
46312.2
45372.1
48161.9
47111
46639.6
49131
48837.8
47817.1
49755.8
49864.5
48812.2
48661.6
50724.2
49612
48619.5
51640.4
50382
49365.9
17807.6
19011.3
19398
19400.8
20147.9
21120.8
20868.6
21446.1
23204.2
22978.1
22735.1
23166
24721.2
24542.4
24319.3
24593.9
25889.2
25858.3
25660.6
26033.2
27068.3
27100.4
26909
28503
28208.3
27815.8
28061.6
29607.6
29316.5
28996.7
29285.1
30427.3
30341.2
30053.4
31903.6
31341.3
30867
31009.7
32503.1
32235.3
31858
31722.2
33178.2
32604.3
32723.1
34370.2
33985.2
33511.4
34640.9
34893.2
34231.2
34353.9
35940.6
35568.4
35038.8
37134.2
36415.7
35727.7
36273.2
37260.5
36354.9
36423.5
38212.1
37695.6
37032.6
39268.2
38541.3
37753
37577.7
39263.5
38377.6
38913
40119.4
39001.6
39122.3
16914.1
18720.3
19178.4
19125.2
18509.8
20816.7
20601.3
21140.5
21571
22666.2
22434
22780.3
23864.5
24232.6
23989
24013.5
25343.6
25535.6
25293.9
24570.7
26608.6
26760.3
26486.9
26490
27777.2
27424.3
27475.4
28715.1
28908.3
28556.6
27776
29844.3
29928.2
29521.2
29832
30828.7
30388.9
30056.1
31684.6
31761.6
31287.1
30631.5
32589.9
32077.8
31756.3
33357.1
33449.9
32882.1
32372.4
34220.8
33642.2
33018.3
34953.2
34988.8
34261.1
34855.4
35725.3
35047
33628.2
36373.4
35692.2
35090.6
36905
37016.6
36098.3
36952.4
37750.5
36916.1
36163.5
38378.7
37580.3
36132.4
39009
38207.3
37023.3
13039.9
13976.9
14274.5
14244.5
14653.3
15559.4
15371.1
15812.1
16840.2
17061.9
16871.1
17204.3
18359.5
18371.7
18184.6
18366.3
19436.7
19475.4
19289
19440
20429.9
20500.1
20306
21136
21382.3
21067.3
21217.7
22416.7
22307.2
22022.8
22100.5
23168.3
23152.7
22865.9
23918.2
23935.1
23545.4
23567.6
24795.9
24671.4
24313.7
24381.3
25401.5
24933.6
24937.9
26246.9
26057.5
25628.4
25697.4
26736.1
26213.3
26181.5
27501.9
27305.3
26806.9
28049
27946.1
27371.1
27564.4
28563.4
27866.2
27795
29204.3
28936
28327.3
29701.4
29567.2
28894.3
28961.9
30128.3
29402.7
29585.7
30751.2
29900.1
29816.2
10385.9
10709.8
10871.1
10854.2
11814.4
11823.3
11648
12009.8
13457.8
12974.8
12802.2
13148.9
14238.6
14018
13861.4
14230.9
14986
14910
14773.3
15515
15752.2
15744.8
15635.9
17297.2
16506.7
16220.3
16516.4
17563.9
17246.7
17020.7
17738.1
18044.8
17942.7
17788.1
19491.5
18627.9
18279.3
18693.5
19483.1
19205.2
18968.2
20616.9
19873.6
19426
19802.5
20739.7
20349.7
20068.4
21805.7
20978.9
20482.6
21010.1
21730.2
21363.4
21121
22868.7
21928.7
21464.3
22551.1
22515.3
21831.7
22286.8
23208.5
22695.7
22424.7
24144.7
23229
22746.1
24464.8
23760.9
23101.7
24182.2
24318.4
23481.4
24178.7
9904.79
10550.9
10744.6
10699.7
10986
11650.3
11502.8
11816.2
12494.3
12789.4
12635.2
12884.4
13756.6
13829
13668
13804.1
14660.5
14717.4
14545.5
14674.1
15473.1
15541.3
15355.2
15932.4
16244.1
15978.6
16089.5
17033.7
17003.4
16743.6
16819.6
17685.2
17693
17423.7
18171.3
18317.7
17981.8
17997.2
18989.3
18921.5
18592.4
18822.4
19495
19099.3
19096.6
20135.8
20030.7
19643.1
19885.8
20559.2
20115.4
20095.8
21137.1
21019.2
20573.1
21464.5
21513.2
21019.9
21228.4
21986.9
21420.6
21364
22446
22296.6
21762.3
22739.8
22759.7
22185.4
22444.5
23189.1
22584.1
22782.7
23666
22981.7
22942.8
8200.4
8405.38
8489.53
8460.96
9062.33
9137.07
8993.12
9249.26
10240.8
9970.3
9825.95
10093.7
10928.8
10770.2
10634.4
10936.7
11531.5
11470.9
11353.1
11909.5
12136.1
12128.3
12032.4
13194.6
12739.2
12495.5
12742
13581.3
13334.1
13137.4
13697.3
13986.5
13899.2
13764.1
15019.6
14462.7
14162.1
14512.7
15158.6
14935.9
14727.5
15861.7
15484.1
15100.1
15421.5
16183.7
15874.3
15628.1
16824.9
16388.2
15963.1
16398
17001.2
16702.6
16492.5
17795.5
17163.8
16763.7
17545.7
17639.8
17057.8
17431.3
18179.2
17773.4
17541.7
18820.6
18190.8
17779.7
18936.9
18610.3
18056.7
18834
19052.1
18358.1
18892.4
7857.63
8278.45
8388.2
8338.43
8525.37
8997.52
8878.14
9089.52
9546.55
9818.69
9691.58
9872.61
10526.8
10611.1
10476.8
10582.9
11256.1
11307.5
11159.3
11280.1
11903.3
11955.4
11791.3
12205.9
12516
12295.6
12372.3
13121.2
13123.6
12898.4
12986.2
13680.1
13686.2
13445.8
13998.3
14194.5
13904.9
13925.6
14728.5
14691
14398.8
14608.9
15158.9
14817.5
14820.7
15655.6
15598.4
15255.3
15480.1
16028
15644.3
15647.4
16483.7
16405.4
16012.7
16678.9
16803.5
16376.2
16569.2
17184.8
16701.2
16665.3
17514.5
17427.2
16966.4
17688.2
17783.8
17291
17523.8
18126
17606.6
17795.7
18493
17921.1
17929.5
6700.97
6799.54
6822.89
6790.25
7212.79
7235.65
7115.37
7286.62
7996.39
7795.91
7675.14
7876.93
8511.65
8376.24
8259.9
8514.23
8963.55
8901
8801.8
9253.46
9416.5
9397.31
9321.3
10203.4
9874.59
9660.96
9882.48
10539.9
10327.4
10160.9
10631.4
10847.7
10763.5
10660.8
11640
11219.5
10959.3
11282.7
11787.8
11589.9
11420
12318.8
12040.8
11705.3
12009.5
12613.5
12344.7
12144.3
13091.6
12769.5
12399.8
12798.1
13272
13011.3
12854.3
13882.5
13393.5
13052.3
13707.2
13781.9
13279
13625.9
14219.9
13871.6
13703
14702.5
14207.4
13871.7
14784.2
14542.2
14079.2
14723.5
14897.9
14310.5
14771.7
6459.13
6705.58
6749.55
6699.3
6823.04
7132.94
7032.49
7165.59
7489.63
7683.81
7576.56
7703.89
8195.08
8255.48
8142.09
8234.55
8746.2
8775.78
8652.27
8790.76
9235.78
9264.95
9127.79
9453.92
9700.3
9511.25
9579.64
10164.9
10162.2
9970.38
10097.8
10604.7
10598.4
10398.4
10837.2
11006.4
10754.1
10810.6
11433
11396.5
11148.2
11315.7
11777.2
11478.5
11519.9
12174.1
12125.1
11833.2
12014.8
12476.2
12140.6
12203.1
12843.6
12775.7
12451
12984.3
13103.8
12731.8
12939.1
13412.7
12991.1
13013.7
13665.6
13594.9
13223.3
13788.1
13879.5
13464.5
13649.4
14153
13707.3
13913.7
14440.3
13949.2
14031.1
5656.19
5671.5
5651.01
5619.76
5946.5
5893.47
5790.03
5899.51
6431.52
6237.12
6134.77
6286.88
6761.4
6628.32
6530.41
6750.02
7071.93
7000.53
6918.54
7309.75
7393.45
7359.85
7308.3
8027.36
7725.1
7541.54
7746.06
8248.61
8053.08
7917.48
8332.18
8460.23
8370.5
8306.79
9103.79
8729.5
8508.78
8813.5
9187.32
9000.03
8876.05
9653.42
9365.27
9076.01
9370.38
9833.32
9584.57
9438.47
10257.4
9933.97
9617.23
9993.52
10347.2
10104.7
10010.5
10857.6
10417.2
10140.3
10745.2
10739.3
10304.1
10645.8
11106.4
10789.2
10690.5
11508.3
11063.8
10805
11607
11334.5
10952.9
11545.6
11622.1
11124.3
11554.6
5490.57
5619.66
5617.67
5569.54
5635.87
5837.94
5750.84
5827.52
6057.95
6178.29
6086.21
6173.38
6536.98
6567.22
6468.86
6554.42
6928.85
6938.81
6835.24
6974.19
7284.47
7296.54
7186.58
7443.04
7627.1
7463.08
7534.4
7980.98
7967.04
7808.07
7944.9
8307.46
8289.47
8133.15
8475.45
8607.53
8394.25
8477.99
8941.57
8899.87
8699.76
8787.83
9205.63
8947.72
9020.79
9516.42
9467.43
9231.2
9326.39
9753.9
9464.26
9565.96
10044
9979.94
9727.65
10141.4
10244.1
9933.82
10107.2
10494.6
10131.8
10207
10699.2
10638.2
10351.6
10786.2
10868.2
10527.5
10620.8
11082.1
10710.1
10888.7
11309.8
10895.1
11006.8
5326.93
5569.15
5593.82
5533.25
5458.8
5787.1
5724.06
5774.03
5839.41
6126.95
6052.29
6085.17
6317.56
6516.55
6425.03
6385.04
6770.78
6888.71
6775.73
6644.51
7169.49
7249.51
7096.51
7144.31
7535.82
7407.14
7357.44
7706.84
7891.59
7730.33
7558.06
8140.46
8224.92
7999.74
8106.05
8491.02
8314.24
8160.53
8673.71
8813.57
8568.12
8539.29
9051.77
8857.62
8693.67
9185.99
9362.76
9073.5
9066.28
9578.56
9352.03
9137.63
9718.69
9867.11
9494.26
9687.08
10077.9
9780.06
9594
10228.8
10004.9
9771.61
10293.6
10497.3
10056.8
10302.2
10677.9
10308
10288.4
10833
10523.7
10335.4
10973.2
10721
10451.6
4792.04
4843.18
4809.2
4765.47
4805.65
4916.73
4839.04
4877.84
5049.83
5099.65
5019.2
5079.76
5346.83
5339.53
5255.76
5338.28
5600.47
5586.02
5499.88
5631.5
5840.3
5832.36
5749.74
5972.53
6080.36
5937.42
6018.74
6356.32
6320.67
6187.9
6329.96
6581.34
6549.23
6436.09
6721.54
6792.06
6608.99
6720.21
7053.83
6997.64
6843.82
7021.16
7237.53
7012.38
7118.39
7483.74
7418.97
7239.59
7438.86
7649.68
7398.81
7529.43
7879.67
7803.77
7628.79
7961.33
8012.79
7760.44
7909.02
8216.75
7903.08
8019.16
8389.8
8313.67
8119.38
8464.69
8500.63
8236.62
8411.9
8676.87
8366.16
8517.47
8853.28
8500.25
8627.55
4670.67
4786.44
4772.04
4717.18
4696.02
4857.02
4797.3
4811.74
4879.21
5035.74
4968.2
4981.01
5159.83
5272.28
5192.73
5176.33
5449.33
5515.97
5420.57
5401.8
5719
5762.14
5639.92
5737.14
5973.36
5856.62
5836.18
6110.72
6221.21
6084.37
6049.4
6410.47
6455.71
6279.87
6421.03
6656.39
6499.19
6441.08
6801.04
6881.81
6684.03
6766.14
7067.74
6888.63
6821.73
7178.56
7283.92
7051.64
7152.11
7456.12
7249.52
7178.57
7570.92
7656.69
7375.26
7577.13
7822.78
7569.16
7574.96
7948.97
7735.02
7646.71
8014.27
8138.96
7814.3
8047.32
8284.56
7983.19
8089.51
8411.93
8138.59
8145.36
8524.87
8281.97
8209.67
4263.2
4255.47
4198.04
4160.52
4211.32
4228.41
4156.68
4172.72
4320.07
4295.29
4223.95
4269.71
4468.12
4418.55
4348
4430.05
4603.16
4560.24
4494
4624.97
4742.46
4712.17
4660.72
4884.09
4891.73
4769.83
4861.2
5118.36
5048.57
4945.65
5097.03
5252.21
5199.6
5134.43
5404.87
5384.65
5232.78
5363.46
5598.42
5515.54
5413.35
5635.62
5702.01
5512.89
5642.11
5909.36
5812.7
5694.75
5930.87
5993.81
5786.95
5937.62
6185.79
6082.46
5984.78
6285.58
6247.42
6055.58
6234.06
6413.69
6143.34
6287.37
6567.78
6454.72
6347.42
6653.03
6605.81
6418.85
6644.06
6749.87
6501.96
6678.65
6890.51
6591.12
6738.9
4177.76
4212.48
4170.85
4121.79
4114.4
4184
4125.98
4119.31
4172.56
4248.11
4185.78
4189.75
4323.31
4369.12
4299.56
4306.81
4488.09
4509.08
4430.79
4468.59
4650.45
4660.67
4569.97
4664.65
4811.64
4706.81
4717.22
4924.79
4974.47
4861.83
4904.28
5121.8
5130.28
5004.72
5137.48
5282.72
5144.72
5160.25
5402
5429.3
5279.85
5375.79
5573.11
5414.07
5424.3
5669.92
5711.52
5538.36
5643.13
5846.94
5666.51
5692.1
5944.08
5971.68
5782.44
5948.95
6101.5
5897.07
5975.03
6206.75
6006.32
6022.18
6268.03
6321.52
6109.83
6290.78
6438.22
6209.86
6319.12
6540.44
6312.67
6394.88
6632.34
6409.81
6447.28
3857.97
3805.01
3731.77
3700.88
3770.21
3713.37
3645.44
3649.69
3788.97
3701.53
3637.5
3675.03
3825.53
3741.2
3682.51
3761.25
3868.98
3804.25
3756.21
3894.86
3930.23
3883.51
3859.6
4088.57
4008.02
3905.72
4000.89
4196.94
4098.01
4023.1
4188.29
4256.25
4189.48
4165.15
4433.17
4327.76
4206.77
4346.98
4507.54
4404.79
4348.2
4604.89
4549.84
4394.06
4535.08
4729.64
4607.85
4543.01
4811.98
4749.18
4583.96
4748.31
4913.16
4789.06
4752.79
5042.26
4916.17
4781.33
5003.23
5051.57
4827.94
4985.19
5191.13
5047.75
5008.43
5296.93
5164.97
5046.15
5312.64
3786.71
3777.13
3717.79
3674.18
3655.76
3685.94
3628.65
3611.72
3649.76
3674.04
3615.87
3617.73
3714.31
3714.02
3653.23
3674.58
3790.16
3777.47
3714.53
3761.94
3871.55
3857.41
3795.44
3870.03
3959.93
3867.41
3899.43
4051.48
4057.22
3966.88
4028.99
4169.97
4153.67
4073.39
4180.52
4266.5
4149.35
4201.73
4366.99
4357.77
4253.99
4278.58
4466.85
4329.85
4381.12
4552.59
4551.33
4433.4
4497.08
4655.1
4503.95
4566.72
4739.04
4728.09
4612.79
4736.5
4825.8
4671.36
4731.66
4910.85
4736.09
4794
4965.19
4971.29
4845.12
4974.74
5060.51
4901.7
3716.72
3746.19
3705.97
3653.18
3598.69
3656.96
3616.5
3580.74
3580.1
3646.27
3600.05
3567.34
3626.44
3687.34
3631.35
3589.63
3709.92
3752.79
3682.48
3651.03
3807.45
3834.95
3742.71
3777.01
3910.18
3839.3
3803.68
3930.2
4017.16
3923.18
3890.83
4077.34
4121.43
3994.71
4058.22
4202.62
4105.6
4057.04
4235.27
4311.43
4174.9
4208.2
4381.3
4280.32
4227.8
4400.76
4493.7
4339.15
4383.29
4557.39
4440.98
4391.46
4582.53
4667.08
4482.58
4578.7
4731.18
4578.48
4575.2
4770.05
4662.66
4606.99
4784.62
4890.74
4687.21
4800.09
4951.84
3454.45
3419.19
3347.37
3309.43
3306.51
3292.2
3233.32
3214.72
3256.61
3232.7
3176.78
3181.19
3255.71
3218.62
3165.04
3193.36
3266.91
3228.04
3179.32
3227.88
3288.53
3255.43
3218.47
3302.02
3322.69
3241.16
3284.68
3400.06
3368.66
3300.22
3365.15
3455.74
3418.51
3375.59
3483.65
3502.31
3405.2
3470.08
3589.81
3549.99
3485.12
3573.87
3636.98
3519.13
3585.23
3715.63
3677.82
3604.44
3697.35
3761.68
3636.52
3708.19
3836.92
3792.94
3731.73
3850.46
3870.26
3757.45
3828.61
3941.6
3790.77
3859.14
3993.45
3957.98
3889.85
4009.63
3400.18
3386.16
3330.58
3281.53
3255.02
3261.1
3215.13
3177.63
3183.84
3202.18
3154.15
3129.01
3173.58
3188.31
3135.77
3122.26
3193.74
3198.26
3139.75
3151.09
3228.36
3226.43
3161.05
3201.25
3272.33
3204.07
3200.65
3289.39
3324.73
3248.07
3270.32
3371.01
3379.34
3296.49
3356.63
3438.59
3351.61
3361.99
3470.47
3498.83
3402.9
3453.38
3554.19
3458.84
3468.6
3576.86
3616.53
3509.83
3564.77
3668.4
3563.22
3583.65
3694.87
3727.72
3615.85
3689.77
3778.38
3660.21
3704.61
3813.3
3706.59
3723.59
3827.84
3875.86
3757.85
3834.88
3153.11
3090.65
3009.01
2979.17
3011.77
2948.27
2885.29
2873.39
2937.68
2862.68
2807.78
2819.67
2888.16
2815.15
2768.45
2805.38
2850.31
2789.06
2754.06
2822.07
2828.57
2780.25
2765.29
2871.46
2822.94
2751.98
2803.21
2897.93
2830.75
2782.64
2867.62
2899.64
2845.52
2833.13
2959.86
2906.83
2829.12
2905.59
2988.2
2920.34
2888.27
3013.42
2989.71
2892.03
2970.09
3070.52
2997.23
2960.69
3090.68
3066.3
2965.97
3054.43
3141.07
3065.94
3047.13
3184.02
3128.39
3050.51
3162
3192.53
3062.1
3146.18
3250.83
3172.9
3150.95
3285.36
3094.07
3064.01
2998.21
2954.06
2931.87
2925
2872.22
2841.53
2847.49
2841.65
2791.34
2777.75
2811.23
2795.9
2746.6
2749.88
2793.02
2771.28
2723.68
2740.43
2786.19
2763.85
2721.65
2749.53
2789.82
2725.61
2741.16
2803.61
2804.09
2743.96
2772.27
2839.25
2823.4
2775.37
2818.54
2865.42
2790.39
2820.59
2894.5
2890.31
2828.71
2854.02
2933.46
2848.78
2880.47
2956.32
2960.54
2893.05
2920.5
3002.47
2913.29
2948.37
3028.01
3027.21
2964.92
3014.14
3067.83
2981.59
3005.46
3098.22
3002.48
3036.25
3111.6
3123.05
3057.26
3107.74
3038.35
3033.1
2987.44
2932.07
2890.81
2898.31
2861.91
2812.1
2804.06
2818.09
2778.36
2736.31
2757.41
2774.86
2728.97
2693.49
2739.95
2752.56
2697.92
2683.27
2740.91
2747.4
2681.43
2701.18
2753.54
2704.57
2679.43
2735.2
2775.02
2710.91
2705.16
2779.05
2800.43
2720.37
2757.57
2820.5
2757.95
2742.48
2817.55
2857.35
2773.01
2802.29
2875.19
2812.46
2797.09
2871.7
2920.04
2828.8
2863.48
2937.84
2867.67
2860.83
2939.51
2984.8
2884.44
2936.46
3004.98
2917.72
2936.04
3013.74
2950.85
2942.14
3015.62
3069.03
2966.27
3022.29
2784.39
2748.07
2673.67
2638.34
2643.71
2612.45
2550.63
2533.93
2559.82
2521.51
2467.83
2468.45
2505.26
2460.83
2414.53
2430.21
2461.51
2417.49
2380.5
2408
2427.56
2389.14
2366.23
2410.93
2405.05
2344.75
2370.31
2424.82
2393.61
2348.37
2384.93
2424.06
2388.86
2366.37
2422.13
2420.51
2357.08
2394.09
2452.05
2419.85
2384.01
2434.83
2456.03
2381.73
2420.11
2484.25
2456.18
2416.64
2469.52
2492.59
2417.36
2457.73
2521.2
2490.54
2459.72
2520.81
2524.86
2461.7
2505.28
2554.59
2467.22
2505.88
2572.4
2549.03
2514.5
2575.82
2735.88
2715.16
2661.86
2610.88
2595.54
2585.26
2537.51
2501.12
2500.9
2498.39
2451.94
2428.65
2445.31
2440.8
2393.97
2384.29
2409.68
2399.97
2352.65
2358.76
2386.52
2373.79
2328.03
2342.26
2372.89
2321.78
2321.23
2355.94
2368.21
2315.23
2329.42
2370.68
2368.63
2319.38
2342.1
2381.87
2324.39
2336.55
2380.05
2391.83
2335.88
2346.88
2405.58
2345.9
2359.29
2402.75
2422.24
2363.41
2380.17
2436.77
2374.53
2392.42
2438.41
2455.19
2398.59
2424.6
2471.55
2407.65
2426.69
2479.68
2419.92
2437.05
2478.88
2504.49
2447.96
2474.54
2663.23
2679.15
2648.89
2586.59
2532.2
2554.72
2526.76
2470.01
2450.31
2472.11
2438.87
2386.46
2397.25
2418.02
2376.89
2327.63
2363.72
2380.37
2328.63
2295.74
2345.57
2357
2291.46
2292.56
2338.71
2303.31
2265.28
2303.45
2340.42
2286.57
2262.04
2321.52
2346.56
2271.94
2289.09
2342.1
2297.12
2266.36
2322.72
2361.45
2288.98
2296.69
2357.09
2315.95
2286.22
2341.54
2386.06
2309.97
2323.11
2384.17
2337.31
2314.12
2374.52
2417.64
2331.49
2363.47
2419.93
2355.59
2353.61
2416.16
2378.58
2355.13
2411.08
2458.74
2372.41
2409.58
2403.27
2389.41
2327.82
2288
2283.74
2275.52
2215.11
2199.03
2208.71
2193.9
2140.85
2137.44
2157.81
2134.29
2087.82
2094.15
2115.63
2087.07
2048.46
2058.93
2079.85
2051.51
2023.74
2041.31
2051.5
1999.52
2011.92
2042.08
2031.25
1989.16
2004.33
2036.93
2016.38
1989.36
2012.66
2028.04
1976.55
1994.42
2030.84
2019.75
1984.59
2003.15
2033.42
1977.97
1996.79
2034.38
2029.67
1992.65
2011.91
2043.99
1989.4
2007.53
2048.01
2041.41
2009.27
2035.1
2056.39
2008.33
2022.78
2065.32
2009.23
2026.81
2065.59
2067.07
2033.29
2060.15
2356.14
2348.34
2311.21
2254.68
2245.84
2241.27
2198.19
2161.15
2166.06
2164.6
2120.92
2094.49
2108.4
2108.88
2063.51
2049.27
2067.56
2064.98
2017.88
2020.48
2038.1
2032.2
1985.06
2000.08
2016.92
1974.69
1966.98
1990.2
2002.8
1955.87
1964.05
1989.17
1993.09
1946.09
1965.79
1989.63
1944.57
1948.58
1975.75
1989.78
1941.1
1959.88
1987.51
1943.9
1948.96
1976.2
1994.93
1946.05
1965.68
1994.79
1950.18
1960.19
1988.01
2005.69
1958.69
1980.03
2008.46
1961.31
1978.13
2006.64
1967.03
1976.65
2002.53
2024.43
1980.2
2001.48
2084.88
2054.32
1981.34
1959.03
1999.31
1958.99
1887.02
1893.86
1941.05
1888.69
1831.51
1848.92
1890.69
1834.55
1791.62
1817.84
1841.54
1789.19
1761.68
1798.17
1797.17
1752.63
1742.86
1788.26
1760.58
1708.72
1734.71
1773.52
1731.99
1700.53
1737.41
1748.75
1708.96
1701.21
1747.52
1724.21
1678
1710.18
1741.57
1703.76
1685.53
1730.2
1722.15
1669.36
1700.92
1737.33
1703.02
1683.19
1727.63
1721.47
1671.31
1705.09
1736.38
1702.51
1691.18
1735.61
1719.44
1682.04
1720.97
1734.53
1676.3
1707.73
1743.37
1714.81
1701.94
1744.23
2014.62
2014.37
1968.49
1926.18
1919.59
1927.09
1870.12
1857.92
1862.09
1863
1811.77
1809.21
1822.4
1813.75
1768.14
1772.4
1788.14
1772.25
1733.51
1739.15
1757.64
1738.73
1709.13
1716.2
1731.43
1686.24
1693.62
1711.04
1710.33
1671.92
1679.92
1703.47
1692.66
1665.21
1675.08
1693.08
1651.16
1661.53
1683.41
1682.25
1650.5
1656.37
1683.23
1641.59
1652.42
1673.75
1677.83
1646.16
1652.06
1679.85
1640.35
1650.15
1674.17
1676.94
1649.13
1659.67
1680.94
1645.74
1649.74
1680.14
1643.68
1653.27
1674.84
1683.34
1656.14
1667.46
1969.31
1972.86
1952.55
1892.88
1885.78
1892.02
1855.22
1820.16
1827.65
1833.46
1793.84
1767.41
1782.53
1789.04
1745.91
1730.13
1747.54
1751.77
1705.35
1705.11
1720.97
1721.92
1674.04
1687.01
1700.72
1665.32
1654.21
1673.2
1685.54
1643.39
1647.1
1665.84
1673.36
1628.71
1645.01
1661.56
1625.18
1624.49
1644.52
1657.86
1615.18
1629.75
1648
1614.97
1615.12
1635.1
1650.62
1609.65
1624.94
1643.64
1610.42
1615.11
1634.75
1649.87
1610.81
1627.87
1646.15
1610.47
1622.09
1640.7
1612.92
1617.39
1636.01
1652.61
1617.55
1634.31
1696.68
1689.19
1631.28
1606.99
1631.41
1618.5
1552.2
1559.78
1591.09
1567.4
1513.53
1527.96
1559.42
1527.44
1485.9
1504.28
1527.75
1492.5
1464.14
1486.76
1496.69
1463.09
1449.06
1476.75
1468.67
1422.46
1439.77
1467.51
1444.96
1414.6
1436.09
1451.77
1424.54
1411.79
1438.82
1433.25
1393.65
1412.52
1436.62
1415.63
1395.62
1420.15
1424.61
1382.59
1400.69
1425.96
1409.53
1388.81
1412.74
1418.2
1379.43
1397.83
1420.82
1404.36
1389.2
1413.76
1412.79
1382.51
1402.63
1417.77
1377.49
1394.32
1417.66
1406.57
1390.74
1413.88
1638.69
1645.22
1616.61
1573.76
1565.12
1582.24
1534.62
1524.05
1524.73
1537.86
1493.22
1490.01
1499.43
1503.62
1462.12
1463.94
1476.95
1473.37
1436.33
1439.47
1456.35
1447.79
1417.23
1419.65
1437.76
1400.54
1404.08
1415.23
1421.74
1387.66
1392.25
1409.65
1407.23
1380
1384.12
1402.1
1368.85
1374.65
1388.49
1393.54
1365.18
1365.75
1388.43
1357.73
1363.74
1376.39
1384.76
1357.9
1358.36
1381.05
1352.8
1358.31
1372.79
1379.95
1356.29
1360.45
1378.62
1352.89
1353.62
1374.29
1350.57
1355.94
1368.03
1378.24
1356.62
1361.14
1590.46
1604.06
1598.62
1540.2
1529.52
1546.26
1519.41
1486.03
1491.13
1506.82
1475.06
1447.95
1463.09
1477.27
1439.79
1420.99
1440.09
1451.36
1408.37
1403.31
1422.04
1429.71
1382.8
1391.68
1408.01
1380.25
1365.51
1382.76
1397.09
1360.39
1358.66
1376.86
1387.67
1345.47
1357.4
1373.29
1344.66
1339.02
1356.66
1370.35
1332.73
1341.95
1358.27
1333.69
1328.99
1345.87
1360.15
1325.21
1335.27
1351.17
1326.5
1326.03
1342.44
1356.1
1322.54
1335.31
1350.16
1322.46
1328.69
1343.96
1324.4
1324.01
1339.08
1352.72
1323.38
1335.88
1341.18
1348.9
1311.22
1285.75
1293.61
1300.53
1249.23
1253.22
1268.42
1267.89
1224.27
1232.7
1252.42
1242.96
1207.24
1216.84
1236.57
1220.44
1193.56
1203.67
1219.87
1200.92
1183.72
1197.28
1203.46
1166.97
1176.48
1194.58
1188.54
1161.66
1171.3
1188.21
1174.82
1159.02
1172.5
1178.56
1147.81
1156.85
1174.51
1167.76
1148.25
1159.39
1170.5
1140.28
1149.01
1165.87
1162.65
1143.5
1154.4
1165.31
1138.06
1146.34
1162.59
1158.61
1142.84
1155.03
1161.68
1139.21
1147.64
1161.57
1136.1
1143.57
1158.34
1157.71
1142.36
1153.94
1300.07
1306.97
1295.52
1254.52
1252.21
1264.88
1232.94
1219.93
1223.65
1237.93
1205.33
1198.24
1207.21
1218.19
1184.87
1183.21
1194.39
1200.29
1167.37
1171.24
1183.49
1184.79
1154.29
1160.2
1173.83
1146.66
1146.1
1155.33
1165.35
1136.8
1141.62
1152.83
1157.29
1130.9
1137.12
1150.05
1125.37
1128.68
1138.13
1146.51
1121.69
1127.37
1139.85
1118.38
1121.82
1130.46
1139.96
1117.44
1122.95
1135.06
1115.21
1119.82
1128.45
1136.85
1116.89
1122.29
1133.77
1114.68
1119.92
1129.54
1113.76
1117.91
1125.12
1134.08
1117
1121.85
1238.66
1269.19
1277.37
1224.71
1198.12
1231.42
1219.9
1184.62
1178.15
1208.61
1189.77
1156.02
1167.31
1192.86
1165.48
1135.01
1158.68
1178.8
1142.27
1122.94
1151.7
1166.95
1121.21
1120
1146.32
1129.18
1104.53
1121.2
1142.31
1112.26
1097.64
1122.63
1138.66
1096.75
1101.22
1124.08
1104.22
1087.27
1107.41
1125.39
1090.68
1090.89
1113.13
1097.57
1082.46
1100.31
1118.17
1085.95
1088.21
1108.93
1092.07
1081.27
1099.58
1115.93
1082.43
1090.7
1109.23
1086.39
1083.81
1102.46
1090.72
1080.91
1096.36
1112.19
1082.31
1091.38
1047.84
1060.24
1044.22
1018.2
1012.58
1031.04
998.965
997.36
998.745
1013.28
983.426
985.325
993.637
1000.77
973.434
976.428
988.863
989.329
965.52
966.728
983.383
979.31
960.229
962.239
977.534
952.82
956.632
965.612
971.893
950.101
952.152
966.913
966.285
949.419
952.631
965.826
944.748
948.343
959.039
963.06
945.715
947.084
961.729
942.685
946.443
955.68
961.329
945.194
946.792
960.306
943.144
946.107
955.971
960.296
946.147
949.469
960.011
944.719
945.541
957.729
943.504
946.251
954.061
959.668
946.899
950.217
1016.32
1027.34
1028.24
991.194
987.955
1001.68
984.918
967.897
973.606
987.269
967.051
953.891
965.306
978.098
953.961
945.778
959.416
969.955
942.261
941.94
955.445
963.112
933.245
940.557
952.786
935.009
928.408
940.101
951.013
927.805
928.91
940.969
949.43
923.36
931.858
942.599
924.822
923.46
934.635
944.041
921.289
928.152
938.303
923.346
922.303
932.73
941.824
921.193
928.231
937.575
922.789
923.819
933.461
941.677
922.238
930.206
938.621
922.447
926.98
935.46
923.786
924.439
932.967
940.557
923.956
931.276
853.502
862.131
843.412
828.284
833.836
842.557
812.481
817.288
827.116
831.399
805.457
812.299
825.256
823.939
802.385
809.377
823.288
817.213
800.757
807.557
820.257
811.52
800.731
809.524
816.664
794.698
801.577
813.672
813.201
796.755
803.188
815.408
809.73
799.733
808.364
814.587
796.154
802.287
813.98
812.294
800.198
807.229
815.726
797.795
803.568
814.249
814.245
802.348
808.965
816.795
800.563
805.714
815.798
814.926
804.995
812.183
817.304
803.851
808.79
817.554
802.731
807.193
815.917
816.627
807.167
813.745
827.154
833.547
831.055
806.397
808.013
817.615
800.172
794.337
799.378
809.798
791.294
788.694
796.183
805.447
785.893
786.495
795.092
801.656
781.776
785.865
794.924
798.656
779.788
785.677
795.152
779.379
780.384
787.737
795.693
778.552
783.138
791.084
795.965
779.691
785.806
794.05
779.545
782.908
789.843
796.225
781.146
786.979
794.253
781.622
784.819
791.069
797.401
783.686
789.171
795.723
783.843
787.639
793.315
798.823
786.663
791.636
797.778
786.247
790.85
796.076
786.556
789.734
794.509
799.74
789.518
793.793
703.895
705.832
686.53
679.051
693.827
693.349
666.655
675.079
692.093
687.008
665.325
675.721
692.335
683.284
666.804
678.36
691.404
680.022
669.268
682.385
689.275
677.509
673.015
687.584
686.882
667.809
678.002
691.764
684.843
672.784
684.517
692.538
682.889
678.557
691.666
691.074
674.954
684.95
695.834
688.787
681.124
692.881
695.582
678.617
687.748
698.438
692.876
684.913
695.753
698.273
682.887
691.677
700.707
694.883
689.352
699.514
699.375
687.668
696.6
702.093
686.49
694.047
702.641
698.647
692.983
701.832
673.718
681.982
678.077
662.021
659.936
673.14
657.023
656.884
658.568
670.095
654.25
656.103
661.53
669.283
653.902
656.823
664.383
668.602
654.361
656.952
666.878
668.322
656.108
658.015
669.074
655.699
658.899
664.614
671.14
658.266
661.308
669.815
672.551
661.693
664.197
673.522
661.612
665
671.183
675.996
665.194
665.472
676.078
665.464
668.648
673.799
678.973
668.973
669.902
678.808
669.124
671.902
677.187
681.436
672.677
674.575
681.616
672.748
673.939
680.757
672.987
675.386
679.377
683.861
676.275
677.973
650.198
662.356
668.051
645.267
641.682
655.363
649.031
638.017
641.126
654.155
644.702
635.051
643.444
655.195
642.119
634.888
646.373
656.428
639.653
637.452
649.828
658.081
638.1
642.251
653.715
644.737
638.628
647.978
657.923
643.695
642.527
653.517
661.718
643.382
648.814
658.818
648.632
645.606
655.204
663.727
647.991
651.607
661.112
652.638
649.691
658.266
666.318
651.682
655.483
664.145
655.223
653.815
662.032
669.308
654.755
660.062
667.74
656.835
658.43
666.112
659.373
657.828
664.78
671.445
658.802
663.839
555.778
564.208
559.592
549.273
549.593
559.985
545.718
548.203
551.417
559.963
546.629
550.216
556.157
561.371
549.246
552.73
560.592
562.648
552.267
554.678
564.31
564.029
555.901
558.901
567.447
555.953
559.581
565.637
570.057
560.075
562.482
571.063
571.926
564.354
567.463
574.802
564.734
567.584
574.179
577.068
568.933
570.966
578.729
569.376
572.015
577.65
581.066
573.309
575.165
582.253
573.79
575.806
581.605
584.206
577.362
579.877
585.431
577.955
579.08
585.47
578.402
580.136
584.732
587.761
581.543
583.927
541.196
547.779
551.051
535.361
536.994
544.861
538.021
533.301
538.319
546.256
537.642
534.548
541.608
549.144
538.551
537.611
545.32
551.975
539.628
541.942
549.485
554.944
541.563
546.894
553.873
545.801
544.964
551.841
558.278
547.572
550.065
556.812
562.173
550.156
555.612
561.653
553.258
554.292
560.563
566.042
555.305
559.798
565.356
558.094
558.91
564.629
569.713
559.866
564.16
569.208
561.998
563.582
568.788
573.358
564.137
568.608
573.112
565.338
568.302
572.776
567.037
568.19
572.716
576.789
568.973
572.94
466.637
472.798
467.769
461.384
464.604
471.187
458.852
462.557
467.747
472.662
461.634
466.04
472.765
475.168
465.693
469.881
477.435
477.439
469.948
473.828
481.37
479.659
474.486
479.158
484.659
474.8
478.866
485.301
487.361
479.615
483.17
490.176
489.426
484.327
488.778
493.496
484.869
488.223
494.5
495.431
489.352
492.91
498.271
489.909
492.976
498.606
500.097
494.135
497.459
502.35
494.784
497.456
502.835
503.716
498.618
502.231
505.784
499.379
501.839
506.738
500.012
502.303
506.845
508.24
503.472
506.774
454.863
459.243
461.174
450.533
453.152
458.734
452.442
451.152
455.462
461.422
454.158
454.221
459.423
465.168
456.905
458.402
463.812
468.751
459.8
463.093
468.446
472.309
463.316
467.807
473.057
466.33
467.678
472.546
477.474
469.545
472.767
477.481
481.31
473.304
477.575
482.091
475.474
477.751
482.015
486.093
478.676
482.463
486.455
480.664
482.678
486.556
490.384
483.639
487.162
490.77
485.251
487.55
491.029
494.426
488.362
491.623
494.935
489.431
492.225
495.238
490.834
492.707
495.705
498.729
493.676
496.482
398.586
402.555
397.662
393.852
398.687
402.395
392.095
396.145
402.279
404.478
395.579
400.229
407.036
407.328
400.05
404.765
411.385
409.969
404.67
409.604
415.06
412.528
409.495
415.079
418.173
409.925
414.328
420.561
420.803
414.911
419.406
424.748
422.936
419.791
424.944
427.548
420.318
424.275
429.781
429.247
424.914
429.374
432.823
425.523
429.153
434.296
434.316
429.943
434.103
437.266
430.651
434.041
438.684
438.306
434.825
438.928
440.933
435.586
438.933
442.591
436.357
439.286
443.405
443.614
440.263
443.899
387.788
391.423
392.607
385.416
387.396
392.244
386.905
387.262
390.105
395.377
389.549
390.858
394.495
399.284
392.999
395.106
399.178
403.032
396.606
399.412
403.869
406.688
400.604
403.594
408.387
403.034
405.021
408.493
412.638
406.82
409.548
413.415
416.319
410.846
413.609
417.756
412.677
414.949
418.129
421.445
416.241
418.76
422.426
417.97
420.043
422.848
426.07
421.348
423.649
426.993
422.867
424.941
427.565
430.378
426.207
428.258
431.361
427.432
429.456
432.044
428.812
430.567
432.712
435.316
431.858
433.608
346.395
348.817
344.476
342.308
347.671
349.506
341.183
345.12
351.291
351.803
344.802
349.312
355.594
354.664
349.185
353.977
359.455
357.355
353.69
358.935
362.732
359.99
358.422
364.118
365.585
358.902
363.329
368.93
368.087
363.713
368.521
372.47
370.185
368.496
373.691
374.862
369
373.197
377.818
376.482
373.552
378.244
380.345
374.207
378.082
382.555
381.723
378.679
383.05
385.008
379.445
383.158
387.045
385.986
383.811
387.903
388.884
384.597
388.274
390.999
385.501
388.734
392.337
391.875
389.688
393.262
336.462
339.806
340.617
335.756
336.743
341.361
337.082
338.097
339.754
344.549
340.032
341.67
344.309
348.288
343.613
345.587
348.866
351.888
347.296
349.271
353.289
355.395
351.234
352.879
357.501
353.403
355.332
357.97
361.454
357.222
359.136
362.635
364.884
361.079
362.643
366.644
362.837
364.687
367.333
370.074
366.379
367.577
371.416
368.075
369.804
372.093
374.855
371.482
372.563
376.114
373.064
374.661
376.942
379.32
376.349
377.542
380.619
377.788
378.943
381.598
379.259
380.653
382.45
384.739
382.259
383.323
306.319
307.819
304.256
303.074
308.279
309.08
302.515
306.124
311.779
311.451
306.059
310.179
315.63
314.223
310.15
314.648
319.044
316.86
314.364
319.341
321.969
319.457
318.796
324.055
324.593
319.327
323.473
328.249
326.971
323.791
328.398
331.299
329.06
328.31
333.098
333.466
328.867
332.914
336.694
335.131
333.233
337.671
338.93
333.979
337.742
341.507
340.371
338.342
342.487
343.7
339.225
342.858
346.064
344.817
343.562
347.338
347.755
344.446
348.032
350.096
345.496
348.692
351.775
351.079
349.732
353.023
297.658
300.709
301.46
298.065
298.48
302.734
299.44
300.629
301.789
305.853
302.458
304.019
306.089
309.351
305.918
307.56
310.285
312.717
309.435
310.757
314.319
315.998
313.091
314.118
318.173
315.101
316.76
318.906
321.794
318.715
320.009
323.158
324.99
322.283
323.33
326.871
324.06
325.491
327.802
330.097
327.433
327.718
331.613
329.166
330.536
332.541
334.893
332.457
332.689
336.353
334.158
335.338
337.428
339.447
337.288
338.175
340.947
338.908
339.509
342.159
340.495
341.572
343.234
345.221
343.395
344.256
291.075
295.311
298.346
293.048
293.011
297.638
296.884
294.939
296.466
301.063
299.327
297.628
300.569
304.902
301.991
300.823
304.749
308.681
304.515
304.564
308.948
312.445
307.116
308.84
313.142
311.18
310.085
313.373
317.278
313.583
313.75
317.742
321.146
316.003
318.006
321.868
319.344
318.919
322.344
325.768
321.392
322.836
326.489
324.446
324.039
327.151
330.442
326.365
327.896
331.312
329.07
329.098
332.149
335.169
331.027
333.02
336.137
333.209
334.087
337.083
335.483
335.48
338.098
340.891
337.304
339.228
268.299
270.982
271.759
269.381
269.846
273.334
270.889
272.071
273.109
276.39
273.889
275.293
277.019
279.673
277.176
278.551
280.827
282.835
280.478
281.494
284.488
285.911
283.846
284.731
288.005
285.768
287.151
288.956
291.326
289.116
290.1
292.795
294.337
292.415
293.334
296.247
294.222
295.383
297.388
299.307
297.406
297.957
300.929
299.166
300.287
302.049
304.025
302.282
302.844
305.623
304.046
305.007
306.873
308.585
307.027
307.872
310.195
308.734
309.246
311.567
310.395
311.298
312.827
314.528
313.205
314.066
263.551
266.762
269.188
265.389
265.872
269.308
268.716
267.651
269.168
272.585
271.278
270.449
272.862
276.11
273.97
273.581
276.583
279.569
276.565
277.051
280.311
283.001
279.235
280.832
284.012
282.553
282.175
284.763
287.695
285.051
285.604
288.603
291.216
287.633
289.4
292.29
290.451
290.587
293.225
295.835
292.778
294.166
296.905
295.403
295.528
297.955
300.473
297.637
299.069
301.659
300.039
300.456
302.833
305.169
302.315
304.017
306.404
304.339
305.316
307.625
306.451
306.821
308.911
311.096
308.639
310.284
245.93
248.242
249.092
247.404
248.024
250.848
249.065
250.213
251.218
253.855
252.047
253.323
254.812
256.979
255.187
256.402
258.302
259.98
258.307
259.226
261.664
262.903
261.45
262.301
264.9
263.293
264.504
266.042
268
266.431
267.322
269.553
270.895
269.548
270.441
272.796
271.371
272.403
274.116
275.733
274.405
275.031
277.404
276.173
277.163
278.684
280.332
279.116
279.731
281.969
280.876
281.729
283.339
284.789
283.7
284.525
286.438
285.425
285.971
287.907
287.109
287.932
289.3
290.754
289.834
290.694
242.357
244.986
247.065
244.294
244.979
247.729
247.338
246.799
248.195
250.911
249.981
249.627
251.635
254.219
252.67
252.654
255.055
257.448
255.269
255.89
258.461
260.644
257.92
259.324
261.827
260.783
260.753
262.852
265.194
263.296
263.966
266.353
268.478
265.922
267.452
269.761
268.454
268.821
270.952
273.065
270.892
272.144
274.333
273.272
273.619
275.583
277.614
275.607
276.873
278.945
277.801
278.344
280.266
282.167
280.148
281.597
283.531
282.069
283.011
284.89
284.065
284.577
228.82
230.817
231.747
230.549
231.274
233.608
232.358
233.447
234.425
236.601
235.323
236.486
237.797
239.62
238.349
239.457
241.057
242.519
241.331
242.219
244.205
245.336
244.314
245.148
247.251
246.132
247.224
248.555
250.206
249.115
249.987
251.822
253.032
252.104
252.979
254.909
253.936
254.909
256.377
257.78
256.876
257.557
259.496
258.673
259.604
260.921
262.329
261.51
262.147
263.97
263.247
264.037
265.395
266.645
265.908
266.679
268.278
267.61
268.169
269.792
269.291
225.998
228.288
230.156
228.101
228.836
231.182
230.989
230.757
232.012
234.307
233.685
233.58
235.292
237.47
236.36
236.507
238.521
240.545
238.943
239.571
241.719
243.579
241.549
242.774
244.874
244.159
244.289
246.057
248.038
246.66
247.33
249.343
251.162
249.27
250.604
252.569
251.648
252.097
253.911
255.729
254.138
255.266
257.136
256.407
256.845
258.52
260.255
258.799
259.917
261.664
260.871
261.434
263.043
264.653
263.19
264.429
266.066
265.033
265.896
267.486
266.939
215.654
217.376
218.377
217.516
218.319
220.278
219.436
220.457
221.42
223.255
222.373
223.445
224.63
226.205
225.313
226.353
227.725
229.04
228.2
229.091
230.725
231.796
231.072
231.892
233.645
232.887
233.9
235.079
236.512
235.759
236.637
238.159
239.281
238.643
239.501
241.124
240.477
241.426
242.708
243.972
243.367
244.104
245.745
245.218
246.151
247.332
248.585
248.056
248.758
250.285
249.833
250.647
251.811
252.919
252.455
253.202
254.545
254.137
254.735
256.09
255.813
213.291
215.377
217.115
215.549
216.249
218.358
218.344
218.276
219.386
221.438
221.059
221.069
222.56
224.504
223.716
223.91
225.674
227.483
226.278
226.85
228.746
230.411
228.833
229.9
231.773
231.307
231.488
233.034
234.809
233.781
234.391
236.172
237.814
236.331
237.504
239.276
238.63
239.073
240.696
242.359
241.128
242.153
243.866
243.378
243.838
245.359
246.959
245.839
246.866
248.463
247.915
248.482
249.929
251.387
250.27
251.376
252.839
252.094
252.886
254.298
253.954
205.398
206.869
207.901
207.271
208.199
209.804
209.256
210.22
211.206
212.755
212.16
213.168
214.279
215.659
215.04
216.046
217.256
218.46
217.866
218.802
220.158
221.188
220.672
221.523
222.989
222.49
223.449
224.522
225.786
225.275
226.172
227.452
228.502
228.066
228.922
230.302
229.882
230.81
231.945
233.101
232.699
233.463
234.899
234.574
235.516
236.61
237.762
237.429
238.219
239.562
239.294
240.205
241.279
242.309
242.049
242.89
244.02
243.786
244.557
245.656
245.511
198.96
200.171
200.353
200.298
201.969
202.989
201.906
203.324
204.996
205.786
204.903
206.353
207.953
208.518
207.878
209.345
210.775
211.15
210.804
212.305
213.474
213.72
213.715
215.219
216.067
215.26
216.624
218.058
218.608
218.162
219.574
220.754
221.083
221.062
222.475
223.291
222.626
223.955
225.25
225.742
225.525
226.908
227.867
227.157
228.466
229.776
230.356
230.119
231.479
232.44
231.815
233.126
234.37
234.935
234.838
236.128
236.948
236.529
237.787
238.819
238.226
197.227
198.498
199.531
199.067
200.128
201.428
201.098
202.006
203.065
204.36
203.977
204.933
206.022
207.239
206.822
207.804
208.918
210.029
209.619
210.601
211.762
212.752
212.4
213.352
214.55
214.242
215.167
216.192
217.313
216.983
217.919
219.02
220.004
219.721
220.624
221.769
221.513
222.412
223.43
224.471
224.217
225.093
226.226
226.039
226.933
227.934
228.984
228.778
229.672
230.784
230.637
231.554
232.585
233.585
233.447
234.378
235.407
235.284
236.193
237.176
237.114
191.78
193.006
193.464
193.398
194.768
195.878
195.156
196.388
197.769
198.724
198.125
199.36
200.718
201.504
201.06
202.284
203.566
204.191
203.938
205.17
206.316
206.817
206.788
208.039
208.994
208.477
209.63
210.874
211.62
211.325
212.493
213.617
214.173
214.146
215.326
216.223
215.819
216.914
218.053
218.711
218.567
219.687
220.635
220.218
221.272
222.386
223.082
222.922
224.019
224.959
224.587
225.654
226.765
227.463
227.392
228.512
229.397
229.141
230.232
231.249
230.905
190.55
191.714
192.76
192.404
193.498
194.657
194.495
195.348
196.45
197.594
197.372
198.276
199.369
200.478
200.211
201.159
202.231
203.281
203.001
203.99
205.05
206.027
205.778
206.789
207.841
207.67
208.566
209.592
210.618
210.41
211.365
212.382
213.334
213.154
214.116
215.11
214.971
215.852
216.816
217.763
217.613
218.516
219.472
219.384
220.217
221.14
222.067
221.949
222.817
223.764
223.702
224.546
225.493
226.429
226.357
227.266
228.225
228.177
229.069
230.012
230.023
185.947
187.172
187.847
187.794
188.947
190.109
189.688
190.782
191.956
193.01
192.655
193.733
194.916
195.843
195.573
196.621
197.789
198.583
198.424
199.464
200.576
201.252
201.226
202.295
203.304
203.014
204.019
205.133
205.995
205.828
206.837
207.922
208.635
208.629
209.67
210.624
210.419
211.384
212.435
213.207
213.143
214.112
215.05
214.86
215.76
216.744
217.499
217.431
218.339
219.225
219.065
219.931
220.893
221.63
221.611
222.55
223.416
223.313
224.224
225.167
225.04
185.068
186.206
187.268
187.001
188.069
189.188
189.16
189.967
191.058
192.148
192.053
192.907
193.992
195.049
194.896
195.8
196.856
197.87
197.684
198.641
199.666
200.629
200.444
201.443
202.444
202.371
203.221
204.244
205.23
205.099
206.037
207.041
207.988
207.863
208.85
209.811
209.746
210.622
211.598
212.512
212.422
213.343
214.251
214.226
215.036
215.943
216.802
216.741
217.586
218.44
218.433
219.213
220.088
220.939
220.911
221.766
222.638
222.639
223.47
224.35
224.407
181.349
182.556
183.386
183.371
184.375
185.548
185.371
186.364
187.392
188.488
188.329
189.298
190.354
191.35
191.226
192.156
193.233
194.118
194.048
194.958
196.027
196.803
196.801
197.732
198.744
198.626
199.515
200.519
201.434
201.368
202.254
203.296
204.093
204.113
205.055
206.034
205.968
206.852
207.86
208.707
208.712
209.617
210.571
210.531
211.384
212.329
213.141
213.162
214.01
214.881
214.868
215.657
216.536
217.286
217.334
218.162
218.989
219.007
219.8
220.664
220.69
180.725
181.867
182.939
182.751
183.762
184.88
184.96
185.723
186.768
187.851
187.855
188.653
189.711
190.755
190.687
191.529
192.574
193.577
193.453
194.354
195.372
196.327
196.175
197.122
198.108
198.102
198.885
199.878
200.852
200.767
201.644
202.642
203.592
203.476
204.432
205.409
205.387
206.226
207.218
208.163
208.082
209.007
209.957
209.967
210.774
211.724
212.619
212.565
213.438
214.319
214.329
215.103
215.981
216.819
216.791
217.629
218.475
218.486
219.283
220.132
220.199
177.918
179.072
179.98
180.014
180.924
182.065
182.059
182.979
183.912
184.995
184.977
185.879
186.845
187.845
187.832
188.697
189.695
190.606
190.611
191.441
192.461
193.281
193.321
194.161
195.146
195.149
195.964
196.878
197.786
197.801
198.59
199.569
200.383
200.433
201.267
202.224
202.251
203.042
203.985
204.848
204.894
205.715
206.675
206.725
207.526
208.451
209.307
209.377
210.214
211.123
211.193
211.991
212.879
213.663
213.767
214.586
215.408
215.497
216.275
217.107
217.207
177.433
178.575
179.652
179.514
180.449
181.575
181.733
182.445
183.425
184.52
184.594
185.325
186.337
187.396
187.384
188.151
189.178
190.195
190.101
190.927
191.95
192.922
192.77
193.661
194.659
194.7
195.411
196.366
197.343
197.28
198.074
199.054
200.003
199.868
200.752
201.725
201.73
202.48
203.441
204.403
204.3
205.161
206.137
206.166
206.914
207.872
208.837
208.742
209.613
210.58
210.591
211.361
212.305
213.232
213.138
214.003
214.919
214.894
215.69
216.586
216.635
175.444
176.495
177.411
177.48
178.37
179.427
179.52
180.386
181.288
182.302
182.371
183.233
184.153
185.104
185.159
186.008
186.936
187.825
187.88
188.706
189.648
190.475
190.551
191.374
192.302
192.378
193.177
194.043
194.906
194.975
195.76
196.652
197.448
197.533
198.314
199.196
199.28
200.03
200.877
201.69
201.769
202.477
203.393
203.495
204.225
205.06
205.883
205.972
206.695
207.624
207.74
208.497
209.37
210.176
210.294
211.1
211.941
212.058
212.83
213.673
213.81
173.904
174.88
175.625
175.776
176.797
177.726
177.673
178.631
179.646
180.516
180.485
181.439
182.43
183.235
183.242
184.188
185.138
185.874
185.938
186.876
187.768
188.447
188.586
189.523
190.347
190.312
191.216
192.141
192.89
192.927
193.831
194.701
195.379
195.51
196.401
197.18
197.174
198.032
198.888
199.578
199.658
200.507
201.278
201.255
202.075
202.904
203.586
203.648
204.48
205.251
205.23
206.065
206.91
207.607
207.695
208.552
209.317
209.327
210.183
211.002
210.972
173.539
174.5
175.395
175.478
176.408
177.346
177.483
178.303
179.233
180.145
180.253
181.081
181.999
182.88
182.965
183.801
184.696
185.542
185.617
186.463
187.33
188.139
188.225
189.082
189.929
190.03
190.824
191.692
192.511
192.597
193.419
194.261
195.042
195.143
195.974
196.771
196.872
197.638
198.45
199.207
199.305
200.079
200.846
200.959
201.671
202.437
203.171
203.272
204.005
204.768
204.891
205.602
206.384
207.137
207.253
208.015
208.792
208.914
209.658
210.447
210.598
172.168
173.118
173.911
174.049
174.96
175.884
175.937
176.804
177.717
178.604
178.656
179.515
180.423
181.261
181.324
182.171
183.064
183.847
183.934
184.771
185.637
186.356
186.483
187.322
188.15
188.202
189.01
189.872
190.657
190.736
191.555
192.41
193.134
193.266
194.097
194.899
194.968
195.76
196.589
197.317
197.43
198.219
198.99
199.063
199.811
200.587
201.277
201.384
202.122
202.846
202.924
203.637
204.391
205.064
205.185
205.921
206.635
206.726
207.454
208.199
208.284
171.913
172.846
173.729
173.8
174.69
175.605
175.766
176.533
177.432
178.324
178.448
179.228
180.124
180.988
181.08
181.874
182.752
183.589
183.656
184.468
185.32
186.123
186.181
187.005
187.836
187.943
188.691
189.54
190.361
190.436
191.228
192.074
192.875
192.942
193.766
194.58
194.677
195.432
196.259
197.04
197.115
197.898
198.68
198.785
199.498
200.276
201.009
201.088
201.818
202.552
202.656
203.341
204.085
204.802
204.891
205.611
206.337
206.441
207.143
207.879
208.009
170.724
171.636
172.435
172.572
173.409
174.31
174.428
175.229
176.073
176.947
177.056
177.852
178.701
179.535
179.64
180.423
181.274
182.06
182.171
182.941
183.78
184.509
184.64
185.41
186.222
186.33
187.067
187.872
188.648
188.759
189.499
190.325
191.051
191.187
191.956
192.754
192.869
193.599
194.407
195.146
195.276
196.026
196.808
196.932
197.648
198.425
199.137
199.275
200.005
200.737
200.867
201.558
202.295
202.956
203.108
203.812
204.497
204.634
205.308
206.009
206.15
170.477
171.4
172.288
172.321
173.146
174.066
174.245
174.948
175.795
176.703
176.835
177.548
178.412
179.3
179.38
180.11
180.979
181.841
181.874
182.628
183.491
184.321
184.318
185.099
185.946
186.049
186.733
187.555
188.395
188.435
189.166
190.009
190.836
190.83
191.614
192.452
192.525
193.23
194.057
194.885
194.892
195.652
196.477
196.56
197.248
198.055
198.865
198.873
199.616
200.413
200.482
201.165
201.943
202.714
202.722
203.449
204.212
204.256
204.945
205.693
205.778
169.51
170.354
171.136
171.267
172.084
172.922
173.076
173.828
174.654
175.476
175.611
176.372
177.195
177.993
178.116
178.878
179.691
180.454
180.575
181.338
182.132
182.858
182.99
183.757
184.52
184.652
185.366
186.139
186.877
187.001
187.726
188.492
189.196
189.333
190.07
190.813
190.946
191.642
192.398
193.108
193.24
193.954
194.696
194.838
195.515
196.263
196.968
197.107
197.828
198.558
198.705
199.39
200.13
200.801
200.957
201.677
202.356
202.5
203.189
203.877
204.031
168.583
169.397
170.1
170.25
171.07
171.876
171.946
172.737
173.568
174.352
174.425
175.219
176.043
176.796
176.882
177.67
178.478
179.189
179.298
180.081
180.861
181.528
181.672
182.454
183.197
183.265
184.017
184.794
185.497
185.591
186.343
187.096
187.751
187.888
188.638
189.346
189.42
190.147
190.888
191.548
191.659
192.386
193.088
193.154
193.86
194.587
195.246
195.35
196.072
196.772
196.842
197.552
198.281
198.937
199.054
199.773
200.455
200.539
201.247
201.943
202.013
168.394
169.197
169.96
170.074
170.865
171.664
171.828
172.54
173.345
174.136
174.277
175.003
175.808
176.581
176.703
177.442
178.233
178.982
179.093
179.84
180.608
181.333
181.443
182.201
182.949
183.079
183.774
184.536
185.262
185.374
186.09
186.834
187.535
187.648
188.375
189.089
189.211
189.89
190.614
191.303
191.416
192.113
192.811
192.939
193.59
194.295
194.974
195.09
195.776
196.47
196.601
197.257
197.964
198.644
198.766
199.455
200.14
200.266
200.932
201.619
201.761
167.523
168.308
169.012
169.159
169.907
170.695
170.827
171.548
172.313
173.09
173.216
173.94
174.714
175.464
175.588
176.307
177.081
177.794
177.924
178.637
179.396
180.067
180.215
180.936
181.672
181.795
182.481
183.22
183.921
184.049
184.738
185.475
186.129
186.279
186.981
187.681
187.807
188.47
189.181
189.831
189.969
190.64
191.321
191.448
192.082
192.765
193.397
193.533
194.183
194.844
194.973
195.596
196.273
196.89
197.037
197.688
198.334
198.468
199.096
199.753
199.891
167.356
168.141
168.908
168.982
169.723
170.519
170.686
171.349
172.113
172.911
173.047
173.726
174.502
175.289
175.392
176.082
176.86
177.631
177.702
178.407
179.177
179.925
179.974
180.696
181.457
181.571
182.227
182.973
183.725
183.798
184.481
185.231
185.966
186.012
186.719
187.454
187.546
188.198
188.923
189.642
189.693
190.37
191.081
191.176
191.805
192.501
193.199
193.252
193.909
194.602
194.689
195.316
196.007
196.699
196.747
197.408
198.096
198.164
198.804
199.484
199.576
166.646
167.384
168.068
168.211
168.927
169.674
169.835
170.509
171.246
171.984
172.131
172.818
173.563
174.282
174.422
175.113
175.853
176.545
176.682
177.375
178.098
178.757
178.902
179.599
180.297
180.441
181.094
181.804
182.478
182.616
183.282
183.986
184.627
184.777
185.46
186.131
186.274
186.913
187.602
188.236
188.38
189.039
189.692
189.839
190.452
191.118
191.731
191.877
192.516
193.146
193.292
193.89
194.538
195.126
195.279
195.906
196.509
196.654
197.25
197.867
198.022
163.253
163.896
164.567
165.185
165.315
166.002
166.704
167.335
167.481
168.195
168.904
169.003
169.7
170.432
171.135
171.234
171.94
172.674
173.358
173.464
174.171
174.894
175.551
175.67
176.373
177.076
177.698
177.842
178.541
179.212
179.302
179.98
180.678
181.323
181.429
182.108
182.791
183.404
183.539
184.218
184.869
184.958
185.62
186.293
186.908
187.024
187.684
188.324
188.409
189.052
189.71
190.317
190.427
191.071
191.697
191.785
192.414
193.053
193.642
193.758
194.383
194.981
195.075
195.689
196.292
196.374
163.055
163.175
163.789
164.451
165.095
165.215
165.876
166.57
167.237
167.359
168.051
168.757
168.919
169.558
170.271
170.979
171.124
171.781
172.499
173.197
173.328
173.996
174.709
175.391
175.511
176.186
176.883
177.543
177.662
178.342
179.018
179.153
179.785
180.47
181.132
181.251
181.899
182.576
183.22
183.337
183.998
184.652
184.779
185.401
186.063
186.699
186.814
187.451
188.092
188.221
188.823
189.47
190.092
190.207
190.829
191.457
191.583
192.177
192.807
193.411
193.527
194.133
194.736
194.854
195.44
196.038
196.167
162.01
162.573
162.697
163.275
163.907
164.502
164.636
165.258
165.929
166.544
166.688
167.342
168.028
168.171
168.803
169.481
170.166
170.305
170.947
171.637
172.308
172.444
173.088
173.78
174.423
174.562
175.207
175.888
176.498
176.65
177.299
177.958
178.093
178.706
179.369
179.999
180.134
180.752
181.412
182.003
182.155
182.785
183.416
183.551
184.144
184.786
185.377
185.518
186.122
186.74
186.877
187.45
188.074
188.652
188.794
189.388
189.991
190.129
190.693
191.304
191.857
192.007
192.59
193.16
193.297
193.853
194.429
194.569
160.724
160.818
161.328
161.914
162.511
162.604
163.161
163.793
164.434
164.516
165.123
165.799
166.472
166.544
167.188
167.887
168.039
168.634
169.309
170.022
170.15
170.76
171.451
172.164
172.263
172.887
173.587
174.291
174.36
174.995
175.694
176.383
176.428
177.079
177.771
177.876
178.472
179.143
179.83
179.896
180.512
181.192
181.867
181.902
182.539
183.211
183.292
183.884
184.542
185.205
185.245
185.859
186.513
186.594
187.172
187.813
188.466
188.503
189.11
189.754
189.823
190.4
191.034
191.674
191.7
192.299
192.927
192.973
193.547
194.16
194.227
160.393
160.501
160.99
161.537
162.064
162.182
162.727
163.314
163.881
164.006
164.601
165.226
165.818
165.953
166.586
167.228
167.382
167.974
168.632
169.278
169.424
170.036
170.702
171.34
171.479
172.102
172.764
173.385
173.521
174.151
174.796
175.393
175.536
176.172
176.795
176.939
177.529
178.17
178.773
178.909
179.514
180.141
180.719
180.863
181.48
182.077
182.217
182.793
183.407
183.977
184.115
184.706
185.291
185.432
185.985
186.583
187.14
187.279
187.855
188.425
188.567
189.109
189.691
190.227
190.369
190.931
191.474
191.61
192.146
192.692
192.836
160.082
160.179
160.644
161.154
161.645
161.753
162.274
162.832
163.361
163.482
164.053
164.652
165.207
165.342
165.951
166.569
166.688
167.284
167.917
168.542
168.66
169.271
169.914
170.53
170.651
171.268
171.909
172.507
172.634
173.251
173.879
174.448
174.59
175.206
175.815
175.929
176.522
177.142
177.728
177.848
178.444
179.054
179.611
179.749
180.347
180.931
181.043
181.62
182.215
182.769
182.895
183.472
184.042
184.152
184.711
185.291
185.835
185.957
186.521
187.075
187.186
187.731
188.292
188.814
188.939
189.482
190.01
190.12
190.648
191.176
191.28
160.035
160.127
160.575
161.078
161.585
161.684
162.188
162.74
163.294
163.392
163.949
164.546
165.134
165.235
165.831
166.452
166.596
167.159
167.782
168.416
168.548
169.132
169.769
170.404
170.52
171.116
171.755
172.381
172.484
173.087
173.719
174.332
174.425
175.035
175.655
175.774
176.346
176.963
177.575
177.675
178.259
178.872
179.472
179.561
180.153
180.754
180.86
181.421
182.019
182.607
182.696
183.268
183.851
183.957
184.502
185.085
185.661
185.748
186.306
186.877
186.976
187.512
188.078
188.636
188.717
189.26
189.808
189.895
190.418
190.957
191.05
159.743
159.838
160.254
160.729
161.186
161.295
161.769
162.294
162.795
162.914
163.441
164.011
164.541
164.674
165.238
165.833
165.979
166.523
167.118
167.719
167.86
168.423
169.037
169.629
169.766
170.338
170.956
171.53
171.668
172.243
172.852
173.401
173.547
174.13
174.718
174.859
175.405
176.001
176.562
176.7
177.251
177.844
178.376
178.523
179.089
179.652
179.79
180.318
180.894
181.422
181.561
182.099
182.654
182.794
183.302
183.863
184.377
184.516
185.043
185.58
185.718
186.211
186.754
187.239
187.382
187.896
188.394
188.527
189.006
189.514
189.652
159.471
159.551
159.956
160.395
160.82
160.911
161.38
161.871
162.34
162.446
162.97
163.506
164.006
164.128
164.69
165.251
165.343
165.906
166.494
167.065
167.16
167.742
168.341
168.908
169.009
169.597
170.193
170.747
170.859
171.447
172.031
172.565
172.691
173.274
173.839
173.927
174.5
175.082
175.628
175.727
176.299
176.867
177.392
177.509
178.075
178.62
178.705
179.262
179.821
180.342
180.444
180.993
181.527
181.607
182.147
182.694
183.208
183.303
183.838
184.359
184.436
184.96
185.486
185.982
186.074
186.584
187.079
187.155
187.654
188.145
188.21
159.422
159.506
159.892
160.324
160.755
160.852
161.299
161.785
162.266
162.37
162.872
163.403
163.922
164.035
164.578
165.137
165.276
165.796
166.367
166.94
167.073
167.615
168.201
168.776
168.902
169.457
170.045
170.611
170.731
171.293
171.873
172.425
172.544
173.11
173.675
173.804
174.338
174.909
175.462
175.581
176.124
176.685
177.225
177.342
177.89
178.435
178.557
179.077
179.626
180.155
180.269
180.796
181.328
181.45
181.955
182.489
183.006
183.118
183.631
184.147
184.265
184.755
185.27
185.765
185.873
186.365
186.854
186.962
187.434
187.915
188.026
159.156
159.238
159.592
159.998
160.396
160.493
160.908
161.373
161.817
161.928
162.398
162.911
163.389
163.514
164.026
164.567
164.7
165.202
165.745
166.299
166.43
166.95
167.513
168.063
168.194
168.723
169.294
169.828
169.961
170.496
171.061
171.572
171.713
172.254
172.801
172.935
173.444
173.997
174.521
174.652
175.168
175.716
176.211
176.352
176.878
177.401
177.532
178.025
178.558
179.048
179.182
179.687
180.199
180.33
180.806
181.324
181.803
181.935
182.424
182.918
183.046
183.506
184.002
184.452
184.585
185.055
185.513
185.635
186.078
186.536
186.66
158.922
158.985
159.337
159.715
160.082
160.159
160.578
161.014
161.43
161.521
161.999
162.481
162.935
163.04
163.56
164.069
164.137
164.667
165.213
165.736
165.81
166.36
166.917
167.441
167.525
168.082
168.638
169.152
169.246
169.806
170.35
170.852
170.96
171.512
172.037
172.102
172.651
173.199
173.71
173.788
174.333
174.866
175.359
175.456
175.992
176.503
176.563
177.096
177.621
178.112
178.191
178.713
179.216
179.269
179.787
180.302
180.786
180.856
181.363
181.852
181.9
182.398
182.893
183.355
183.422
183.902
184.362
184.409
184.881
185.336
185.37
158.872
158.947
159.274
159.645
160.016
160.107
160.499
160.928
161.351
161.453
161.903
162.38
162.841
162.956
163.448
163.954
164.089
164.562
165.086
165.609
165.739
166.238
166.777
167.301
167.43
167.943
168.487
169.003
169.129
169.65
170.187
170.69
170.819
171.344
171.865
171.997
172.491
173.019
173.526
173.651
174.154
174.675
175.164
175.292
175.8
176.302
176.427
176.909
177.415
177.896
178.018
178.508
178.998
179.125
179.589
180.083
180.551
180.672
181.145
181.615
181.738
182.185
182.655
183.098
183.216
183.665
184.104
184.217
184.645
185.077
185.193
158.663
158.734
159.035
159.382
159.728
159.814
160.182
160.591
160.988
161.09
161.513
161.972
162.405
162.521
162.989
163.478
163.598
164.061
164.56
165.066
165.188
165.671
166.19
166.696
166.818
167.313
167.84
168.335
168.46
168.961
169.483
169.96
170.094
170.6
171.105
171.228
171.709
172.22
172.708
172.831
173.316
173.822
174.284
174.417
174.908
175.392
175.513
175.978
176.469
176.927
177.052
177.524
177.997
178.117
178.569
179.044
179.49
179.612
180.068
180.52
180.636
181.068
181.52
181.938
182.058
182.489
182.906
183.016
183.427
183.84
183.947
158.637
158.695
158.991
159.332
159.695
159.762
160.124
160.53
160.951
161.023
161.441
161.9
162.367
162.439
162.901
163.397
163.511
163.965
164.461
164.98
165.086
165.562
166.079
166.61
166.702
167.192
167.721
168.254
168.331
168.829
169.36
169.889
169.953
170.458
170.985
171.078
171.557
172.074
172.598
172.67
173.158
173.676
174.194
174.248
174.744
175.255
175.332
175.802
176.305
176.813
176.866
177.345
177.844
177.919
178.379
178.868
179.362
179.411
179.876
180.357
180.421
180.864
181.334
181.805
181.844
182.287
182.741
182.788
183.211
183.649
183.703
158.478
158.544
158.823
159.144
159.467
159.55
159.896
160.278
160.655
160.75
161.154
161.584
162.001
162.11
162.558
163.02
163.146
163.579
164.06
164.54
164.665
165.122
165.622
166.106
166.229
166.702
167.207
167.684
167.806
168.289
168.788
169.252
169.379
169.869
170.352
170.479
170.938
171.431
171.9
172.021
172.49
172.974
173.425
173.55
174.024
174.489
174.611
175.056
175.53
175.974
176.095
176.551
177.004
177.128
177.556
178.015
178.445
178.563
179
179.433
179.552
179.961
180.394
180.796
180.91
181.322
181.721
181.83
182.219
182.612
182.722
158.345
158.405
158.668
158.968
159.272
159.351
159.679
160.043
160.398
160.492
160.876
161.29
161.684
161.792
162.221
162.667
162.778
163.204
163.666
164.13
164.243
164.692
165.173
165.642
165.756
166.218
166.705
167.165
167.284
167.752
168.236
168.681
168.807
169.281
169.751
169.867
170.317
170.794
171.249
171.364
171.819
172.289
172.722
172.847
173.304
173.756
173.869
174.306
174.764
175.192
175.309
175.751
176.192
176.303
176.726
177.168
177.583
177.696
178.119
178.538
178.645
179.046
179.463
179.848
179.959
180.354
180.738
180.838
181.214
181.591
158.327
158.379
158.635
158.932
159.25
159.312
159.635
159.997
160.373
160.441
160.82
161.235
161.657
161.728
162.151
162.603
162.71
163.128
163.585
164.062
164.162
164.603
165.081
165.572
165.662
166.118
166.607
167.1
167.178
167.642
168.135
168.625
168.691
169.163
169.652
169.744
170.191
170.672
171.158
171.232
171.686
172.167
172.648
172.706
173.165
173.642
173.719
174.158
174.625
175.096
175.154
175.599
176.062
176.137
176.564
177.017
177.474
177.527
177.955
178.398
178.463
178.872
179.303
179.734
179.776
180.18
180.595
180.644
181.028
181.425
158.213
158.271
158.512
158.793
159.08
159.153
159.462
159.805
160.145
160.232
160.598
160.99
161.371
161.47
161.881
162.305
162.423
162.823
163.266
163.711
163.827
164.252
164.716
165.167
165.282
165.723
166.193
166.64
166.753
167.205
167.672
168.107
168.225
168.683
169.135
169.255
169.684
170.147
170.586
170.7
171.138
171.591
172.014
172.131
172.575
173.011
173.125
173.543
173.986
174.403
174.515
174.942
175.368
175.483
175.884
176.311
176.713
176.823
177.229
177.632
177.742
178.122
178.522
178.895
179
179.379
179.747
179.846
180.202
180.562
158.113
158.167
158.394
158.659
158.929
158.999
159.292
159.62
159.943
160.028
160.377
160.756
161.117
161.216
161.61
162.021
162.128
162.52
162.947
163.38
163.487
163.903
164.351
164.788
164.898
165.327
165.785
166.215
166.328
166.764
167.219
167.636
167.756
168.2
168.642
168.754
169.173
169.621
170.048
170.159
170.584
171.026
171.431
171.551
171.981
172.405
172.514
172.92
173.352
173.753
173.866
174.279
174.693
174.802
175.193
175.608
175.993
176.103
176.496
176.887
176.99
177.359
177.746
178.101
178.206
178.572
178.926
179.021
179.364
179.711
158.03
158.073
158.297
158.547
158.803
158.862
159.154
159.466
159.774
159.848
160.197
160.558
160.907
160.995
161.389
161.783
161.854
162.259
162.684
163.099
163.175
163.605
164.047
164.469
164.551
164.994
165.44
165.86
165.951
166.398
166.839
167.251
167.351
167.796
168.225
168.298
168.739
169.182
169.6
169.681
170.119
170.552
170.956
171.05
171.483
171.897
171.967
172.394
172.82
173.22
173.302
173.723
174.13
174.192
174.607
175.019
175.406
175.479
175.88
176.266
176.322
176.713
177.098
177.457
177.525
177.895
178.247
178.301
178.658
179.002
158.012
158.06
158.271
158.518
158.776
158.84
159.118
159.428
159.74
159.816
160.151
160.511
160.865
160.953
161.333
161.726
161.832
162.205
162.617
163.033
163.14
163.539
163.972
164.398
164.502
164.917
165.357
165.782
165.885
166.311
166.749
167.165
167.269
167.7
168.128
168.238
168.644
169.078
169.497
169.6
170.013
170.44
170.848
170.951
171.368
171.78
171.885
172.28
172.698
173.097
173.197
173.599
174
174.104
174.485
174.886
175.269
175.365
175.746
176.124
176.221
176.579
176.952
177.307
177.396
177.748
178.093
178.178
178.51
178.844
157.934
157.98
158.178
158.415
158.657
158.72
158.983
159.283
159.578
159.656
159.974
160.325
160.658
160.751
161.114
161.5
161.603
161.963
162.362
162.766
162.871
163.256
163.68
164.09
164.195
164.594
165.028
165.432
165.541
165.949
166.383
166.774
166.889
167.307
167.725
167.836
168.226
168.653
169.054
169.162
169.558
169.981
170.36
170.474
170.882
171.283
171.391
171.768
172.181
172.557
172.666
173.055
173.448
173.555
173.916
174.311
174.671
174.776
175.142
175.511
175.613
175.949
176.317
176.643
176.745
177.087
177.414
177.507
177.819
178.145
157.865
157.906
158.099
158.321
158.552
158.609
158.869
159.153
159.437
159.51
159.824
160.158
160.482
160.568
160.928
161.296
161.381
161.747
162.138
162.528
162.616
163.006
163.417
163.817
163.908
164.314
164.732
165.13
165.227
165.638
166.054
166.441
166.547
166.96
167.366
167.456
167.857
168.271
168.666
168.76
169.161
169.568
169.948
170.049
170.451
170.842
170.929
171.319
171.717
172.093
172.187
172.575
172.956
173.039
173.415
173.797
174.157
174.244
174.61
174.968
175.046
175.396
175.75
176.081
176.163
176.498
176.82
176.892
177.212
177.524
157.854
157.893
158.08
158.3
158.535
158.59
158.842
159.125
159.417
159.482
159.789
160.123
160.46
160.532
160.884
161.254
161.351
161.702
162.087
162.482
162.577
162.953
163.359
163.768
163.859
164.252
164.669
165.08
165.166
165.568
165.986
166.395
166.477
166.884
167.297
167.392
167.779
168.191
168.599
168.684
169.076
169.485
169.885
169.965
170.359
170.76
170.847
171.225
171.624
172.018
172.094
172.477
172.865
172.95
173.313
173.695
174.07
174.143
174.504
174.869
174.946
175.287
175.641
175.988
176.051
176.383
176.716
176.78
177.093
177.409
157.793
157.833
158.01
158.222
158.441
158.499
158.741
159.015
159.288
159.359
159.657
159.98
160.294
160.379
160.721
161.079
161.178
161.515
161.893
162.272
162.372
162.736
163.136
163.523
163.623
164.004
164.414
164.799
164.9
165.293
165.7
166.076
166.182
166.583
166.977
167.083
167.457
167.861
168.243
168.345
168.726
169.124
169.491
169.596
169.985
170.365
170.467
170.83
171.221
171.581
171.684
172.056
172.426
172.529
172.875
173.246
173.589
173.687
174.037
174.382
174.478
174.801
175.143
175.454
175.547
175.868
176.175
176.261
176.559
176.859
157.742
157.781
157.949
158.152
158.362
158.418
158.649
158.915
159.178
159.248
159.536
159.851
160.154
160.238
160.569
160.92
161.012
161.345
161.711
162.084
162.178
162.536
162.926
163.306
163.403
163.775
164.177
164.554
164.654
165.036
165.437
165.803
165.909
166.299
166.688
166.789
167.157
167.552
167.928
168.027
168.399
168.791
169.147
169.254
169.632
170.006
170.106
170.462
170.843
171.197
171.298
171.661
172.025
172.124
172.464
172.827
173.162
173.259
173.599
173.938
174.03
174.346
174.68
174.982
175.074
175.386
175.686
175.77
176.058
176.352
157.707
157.741
157.906
158.099
158.303
158.352
158.583
158.838
159.094
159.158
159.445
159.749
160.046
160.125
160.455
160.793
160.87
161.209
161.571
161.933
162.013
162.378
162.76
163.131
163.217
163.597
163.988
164.36
164.45
164.837
165.226
165.59
165.688
166.076
166.456
166.539
166.918
167.307
167.677
167.764
168.143
168.523
168.882
168.976
169.354
169.72
169.802
170.17
170.543
170.897
170.985
171.349
171.706
171.783
172.136
172.493
172.83
172.911
173.252
173.585
173.656
173.984
174.312
174.619
174.693
175.004
175.303
175.366
175.663
175.949
157.702
157.736
157.896
158.087
158.293
158.343
158.568
158.822
159.083
159.145
159.424
159.728
160.033
160.104
160.428
160.768
160.857
161.183
161.539
161.903
161.994
162.345
162.723
163.101
163.189
163.558
163.947
164.328
164.415
164.792
165.182
165.559
165.645
166.026
166.411
166.505
166.869
167.254
167.633
167.72
168.088
168.469
168.839
168.923
169.293
169.667
169.754
170.109
170.482
170.845
170.927
171.284
171.645
171.731
172.071
172.425
172.771
172.847
173.182
173.518
173.597
173.913
174.24
174.554
174.623
174.927
175.231
175.297
175.584
175.871
157.686
157.721
157.873
158.059
158.257
158.309
158.526
158.775
159.026
159.092
159.363
159.663
159.954
160.033
160.348
160.683
160.776
161.091
161.441
161.799
161.893
162.235
162.608
162.975
163.07
163.427
163.813
164.18
164.277
164.644
165.03
165.388
165.489
165.863
166.24
166.343
166.695
167.075
167.441
167.539
167.896
168.273
168.622
168.724
169.088
169.451
169.551
169.893
170.261
170.605
170.703
171.052
171.405
171.504
171.829
172.178
172.505
172.598
172.924
173.251
173.344
173.644
173.964
174.258
174.346
174.643
174.932
175.015
175.287
175.567
157.701
157.736
157.882
158.064
158.257
158.309
158.519
158.768
159.014
159.08
159.343
159.643
159.928
160.009
160.314
160.649
160.741
161.053
161.396
161.753
161.847
162.183
162.551
162.916
163.011
163.361
163.745
164.108
164.206
164.564
164.951
165.303
165.406
165.773
166.151
166.253
166.599
166.977
167.338
167.438
167.785
168.165
168.507
168.611
168.97
169.332
169.432
169.766
170.135
170.474
170.573
170.916
171.268
171.368
171.686
172.035
172.356
172.45
172.771
173.097
173.19
173.482
173.803
174.09
174.179
174.472
174.758
174.842
175.108
175.388
157.769
157.803
157.947
158.124
158.319
158.37
158.582
158.825
159.074
159.138
159.405
159.698
159.987
160.064
160.374
160.701
160.79
161.105
161.449
161.8
161.892
162.231
162.597
162.959
163.053
163.409
163.786
164.149
164.245
164.611
164.988
165.344
165.445
165.814
166.185
166.282
166.637
167.011
167.372
167.467
167.824
168.193
168.541
168.641
169.001
169.357
169.453
169.798
170.157
170.5
170.595
170.941
171.286
171.379
171.708
172.049
172.373
172.464
172.786
173.105
173.193
173.496
173.808
174.101
174.185
174.478
174.762
174.84
175.115
175.386
157.798
157.832
157.99
158.165
158.35
158.402
158.629
158.867
159.109
159.175
159.455
159.741
160.024
160.105
160.425
160.745
160.817
161.151
161.501
161.845
161.923
162.282
162.65
163.006
163.091
163.464
163.838
164.198
164.29
164.668
165.041
165.396
165.496
165.872
166.238
166.321
166.694
167.068
167.426
167.515
167.885
168.251
168.601
168.697
169.062
169.415
169.498
169.859
170.218
170.562
170.65
171.004
171.347
171.425
171.77
172.112
172.438
172.52
172.85
173.169
173.241
173.559
173.872
174.168
174.246
174.543
174.828
174.895
175.18
175.451
157.97
158.008
158.16
158.338
158.529
158.588
158.808
159.054
159.3
159.376
159.646
159.942
160.226
160.316
160.626
160.957
161.043
161.371
161.713
162.066
162.158
162.508
162.871
163.235
163.334
163.694
164.07
164.433
164.539
164.904
165.283
165.636
165.749
166.116
166.489
166.591
166.951
167.321
167.684
167.789
168.146
168.515
168.86
168.972
169.328
169.686
169.788
170.135
170.493
170.836
170.942
171.284
171.63
171.73
172.06
172.399
172.724
172.824
173.143
173.463
173.558
173.862
174.172
174.464
174.559
174.848
175.133
175.219
175.491
175.764
158.291
158.333
158.473
158.664
158.874
158.937
159.145
159.414
159.678
159.759
160.009
160.335
160.633
160.727
161.015
161.38
161.483
161.804
162.127
162.515
162.622
162.958
163.316
163.708
163.817
164.158
164.547
164.928
165.041
165.379
165.789
166.152
166.267
166.613
167.021
167.14
167.479
167.852
168.238
168.351
168.68
169.076
169.432
169.545
169.882
170.273
170.391
170.711
171.082
171.441
171.551
171.869
172.248
172.366
172.671
173.019
173.359
173.464
173.761
174.112
174.223
174.501
174.825
175.13
175.225
175.502
175.813
175.909
176.156
176.454
158.848
158.896
159.036
159.244
159.478
159.548
159.759
160.054
160.342
160.427
160.678
161.032
161.353
161.448
161.731
162.129
162.25
162.572
162.897
163.312
163.434
163.769
164.14
164.55
164.67
165.009
165.417
165.815
165.933
166.265
166.702
167.081
167.197
167.542
167.976
168.108
168.444
168.832
169.233
169.354
169.675
170.098
170.466
170.58
170.92
171.332
171.46
171.775
172.167
172.536
172.65
172.962
173.368
173.498
173.797
174.164
174.514
174.622
174.914
175.292
175.413
175.683
176.03
176.343
176.44
176.722
177.053
177.156
177.392
177.72
159.762
159.817
159.976
160.198
160.471
160.547
160.793
161.102
161.433
161.521
161.815
162.17
162.533
162.627
162.963
163.349
163.502
163.83
164.201
164.609
164.756
165.103
165.502
165.921
166.059
166.423
166.839
167.26
167.387
167.765
168.188
168.601
168.719
169.11
169.527
169.681
170.038
170.442
170.852
170.986
171.353
171.759
172.154
172.275
172.655
173.051
173.197
173.545
173.935
174.32
174.445
174.807
175.187
175.333
175.665
176.034
176.394
176.516
176.856
177.208
177.344
177.654
177.994
178.322
178.435
178.75
179.067
179.186
179.475
179.779
161.204
161.269
161.42
161.672
162.034
162.114
162.366
162.717
163.143
163.224
163.523
163.92
164.381
164.452
164.793
165.227
165.454
165.763
166.141
166.606
166.809
167.139
167.548
168.036
168.205
168.557
168.99
169.492
169.621
169.994
170.445
170.95
171.039
171.433
171.895
172.101
172.445
172.857
173.333
173.482
173.843
174.27
174.75
174.846
175.226
175.668
175.854
176.193
176.594
177.049
177.17
177.529
177.942
178.136
178.459
178.836
179.261
179.383
179.721
180.107
180.284
180.589
180.941
181.336
181.44
181.757
182.117
182.259
182.547
182.875
163.408
163.481
163.549
163.861
164.417
164.491
164.669
165.109
165.738
165.785
166.003
166.515
167.177
167.173
167.438
168.012
168.398
168.623
168.944
169.576
169.888
170.119
170.509
171.184
171.403
171.651
172.118
172.82
172.927
173.205
173.748
174.455
174.439
174.769
175.377
175.694
175.931
176.34
176.997
177.155
177.42
177.92
178.597
178.589
178.917
179.498
179.765
180.004
180.431
181.065
181.135
181.43
181.954
182.254
182.48
182.871
183.463
183.546
183.827
184.316
184.583
184.803
185.185
185.744
185.777
186.065
186.544
186.722
186.947
187.34
164.074
164.187
164.609
164.906
165.121
165.306
165.826
166.215
166.476
166.73
167.258
167.661
167.93
168.254
168.774
169.176
169.172
169.837
170.343
170.734
170.81
171.464
171.949
172.317
172.488
173.11
173.571
173.907
174.185
174.75
175.183
175.478
175.863
176.367
176.758
176.874
177.497
177.952
178.293
178.541
179.084
179.495
179.78
180.158
180.624
180.985
181.152
181.707
182.119
182.418
182.735
183.197
183.554
183.695
184.23
184.624
184.912
185.211
185.641
185.971
186.129
186.612
186.968
187.222
187.539
187.916
188.2
188.412
188.818
189.121
167.68
167.823
168.238
168.638
169
169.219
169.727
170.266
170.663
170.951
171.439
172.017
172.401
172.749
173.215
173.812
173.879
174.575
175.039
175.63
175.767
176.414
176.904
177.455
177.674
178.248
178.791
179.274
179.581
180.073
180.657
181.062
181.447
181.897
182.474
182.66
183.241
183.725
184.229
184.513
184.98
185.518
185.915
186.282
186.706
187.236
187.466
187.958
188.436
188.872
189.192
189.599
190.106
190.323
190.801
191.244
191.668
191.97
192.354
192.825
193.052
193.478
193.902
194.276
194.576
194.94
195.361
195.61
195.97
196.378
172.962
173.141
173.555
174.109
174.669
174.933
175.424
176.185
176.768
177.096
177.518
178.363
178.909
179.283
179.651
180.553
180.712
181.454
181.841
182.736
182.951
183.599
184.094
184.903
185.185
185.701
186.367
187.053
187.397
187.769
188.598
189.153
189.535
189.884
190.752
191.029
191.559
192.084
192.82
193.148
193.491
194.241
194.79
195.14
195.479
196.281
196.59
196.986
197.577
198.203
198.527
198.818
199.584
199.897
200.287
200.809
201.432
201.735
202.015
202.733
203.046
203.372
203.913
204.463
204.734
205.049
205.705
205.999
206.25
206.854
180.577
180.806
181.258
182.023
182.842
183.16
183.668
184.726
185.554
185.931
186.286
187.5
188.264
188.673
188.895
190.24
190.52
191.342
191.618
192.937
193.255
193.937
194.458
195.593
195.955
196.431
197.278
198.208
198.604
198.818
200.008
200.755
201.146
201.328
202.628
203.014
203.515
204.106
205.127
205.516
205.69
206.764
207.501
207.843
208.037
209.239
209.645
209.937
210.704
211.557
211.9
211.979
213.161
213.589
213.883
214.534
215.399
215.717
215.796
216.916
217.335
217.528
218.262
219.026
219.27
219.482
220.494
220.847
220.898
221.842
191.468
191.763
192.315
193.352
194.511
194.899
195.517
196.936
198.093
198.533
198.896
200.544
201.609
202.062
202.113
204.061
204.502
205.452
205.655
207.483
207.94
208.709
209.338
210.828
211.3
211.804
212.887
214.104
214.575
214.669
216.292
217.284
217.704
217.701
219.542
220.074
220.599
221.324
222.646
223.124
223.164
224.627
225.592
225.954
226.008
227.685
228.217
228.46
229.452
230.551
230.938
230.698
232.48
233.05
233.3
234.132
235.247
235.609
235.379
237.079
237.629
237.73
238.716
239.701
239.956
240.068
241.491
241.93
241.711
243.142
207.125
207.489
208.142
209.518
211.141
211.62
212.445
214.307
215.923
216.44
216.977
219.092
220.59
221.097
221.224
223.719
224.381
225.521
225.874
228.168
228.813
229.731
230.591
232.487
233.108
233.726
235.113
236.704
237.275
237.427
239.443
240.776
241.239
241.302
243.573
244.295
244.913
245.86
247.52
248.121
248.194
250.002
251.265
251.675
251.817
253.852
254.554
254.847
256.091
257.472
257.94
257.652
259.864
260.616
260.915
261.971
263.349
263.793
263.535
265.631
266.346
266.479
267.713
268.937
269.249
269.466
271.173
271.732
271.481
273.26
230.066
230.502
231.201
232.975
235.21
235.787
236.76
239.217
241.477
242.091
242.822
245.589
247.7
248.277
248.732
251.759
252.728
254.13
254.791
257.652
258.558
259.687
260.883
263.356
264.18
264.973
266.775
268.908
269.612
269.934
272.409
274.229
274.745
275.08
277.772
278.76
279.511
280.764
282.887
283.655
283.864
286.052
287.738
288.209
288.591
290.999
291.932
292.329
293.885
295.658
296.236
296.266
298.688
299.685
300.08
301.414
303.15
303.711
303.759
306.048
306.986
307.219
308.729
310.279
310.679
311.127
313.112
313.843
313.802
315.789
264.544
265.082
265.781
268.106
271.198
271.881
272.843
276.143
279.275
279.992
280.628
284.417
287.328
287.964
288.324
292.49
293.89
295.599
296.343
300.312
301.586
302.933
304.476
307.914
309.024
309.941
312.333
315.281
316.165
316.532
319.789
322.303
322.878
323.344
326.86
328.222
329.095
330.721
333.58
334.575
334.807
337.636
339.939
340.469
340.991
344.116
345.38
345.819
347.829
350.215
350.928
351.041
354.095
355.458
355.893
357.607
359.915
360.619
360.757
363.622
364.892
365.146
367.069
369.122
369.609
370.216
372.743
373.713
373.716
376.176
318.036
318.722
319.282
322.56
327.021
327.885
328.663
333.328
337.699
338.559
338.591
344.09
348.057
348.761
348.151
354.508
356.469
358.501
358.592
364.678
366.437
367.843
369.444
374.561
376.048
376.68
379.884
384.13
385.25
384.915
389.776
393.279
393.894
393.762
399.145
401.057
401.829
403.811
408.015
409.328
408.986
413.128
416.358
416.915
417.072
421.761
423.523
423.668
426.405
429.816
430.685
430.251
434.796
436.719
436.924
439.176
442.471
443.333
442.994
447.215
448.995
448.927
451.549
454.437
454.954
455.413
459.088
460.392
459.909
463.448
404.588
405.48
405.519
410.481
417.136
418.304
418.273
425.524
431.802
432.981
431.329
440.233
445.705
446.659
443.345
454.132
456.742
459.304
457.256
467.401
469.748
471.04
472.065
480.121
482.113
481.712
486.067
492.367
493.844
491.104
499.212
504.049
504.72
502.064
511.537
514.249
514.376
516.444
523.095
524.876
522.367
529.228
533.806
534.316
532.538
540.714
543.236
542.106
546.004
551.193
552.217
549.192
557.426
560.263
559.403
562.402
567.544
568.545
565.864
573.507
576.139
574.704
578.633
583.036
583.393
582.632
589.002
590.811
588.158
594.397
549.748
551.062
551.454
559.21
567.542
569.614
568.822
580.561
587.975
590.545
585.684
601.095
607.024
609.792
599.214
620.083
621.91
627.182
619.967
637.836
639.985
642.762
642.368
654.492
656.992
655.996
662.129
670.203
672.88
665.678
679.757
684.915
687.156
678.22
695.709
698.813
698.908
700.566
710.351
713.14
706.313
718.311
723.574
725.219
718.257
733.277
736.64
733.453
739.185
746.385
748.365
737.198
754.701
758.583
755.953
759.944
767.661
769.425
759.079
775.538
779.375
775.019
781.394
787.811
788.406
783.664
795.923
798.695
789.583
802.685
783.108
785.618
798.524
808.379
807.56
812.983
823.264
837.106
835.111
843.775
847.272
863.968
860.282
872.411
869.354
888.118
879.67
898.591
894.819
910.055
906.154
921.999
922.897
930.184
931.841
941.143
948.477
948.902
956.683
955.354
970.19
966.277
979.49
973.317
988.719
987.291
997.806
999.826
1004.98
1011.01
1009.19
1022.12
1019.41
1031.44
1025.44
1039.06
1041
1044.54
1050.93
1052.72
1061.88
1054.31
1069.53
1070.79
1074.78
1079.03
1082.76
1090.95
1083.51
1098.02
1100.84
1101.15
1108.05
1110.13
1118.18
1113.42
1125.03
1130.28
1124.35
1136.77
1492.92
1493.03
1476.4
1493.6
1530.05
1528.79
1514.73
1538.96
1573.44
1569.29
1555.61
1583.07
1614.01
1605.43
1594.59
1624.77
1644.31
1637.44
1631.46
1664.66
1678.67
1666.82
1668.19
1703.46
1710.64
1695.89
1707.21
1741.56
1740.14
1727.61
1748.02
1778.62
1766.79
1761.36
1788.98
1805.18
1791.85
1796.56
1828.76
1831.82
1820.12
1836.19
1866.69
1854.93
1851.94
1877.58
1891.11
1878.43
1887.26
1917.62
1912.89
1907.83
1928.26
1946.24
1934.33
1941.01
1969.58
1966.35
1962.55
1981.72
1997.81
1987.61
1995.98
2023.54
2016.19
2016.29
2037.65
2045.55
2039.83
2052.63
2743.37
2742.04
2685.02
2720.07
2790
2785.72
2726.29
2784.48
2849.17
2839.25
2775.02
2850.83
2908.05
2889.06
2828.04
2917.05
2953.27
2933.88
2886.58
2983.37
3008.29
2973.35
2955.17
3050.26
3061.63
3008.92
3034.69
3117.81
3111.39
3050.34
3118.08
3185.2
3153.7
3108.02
3199.91
3231.71
3186.1
3185.31
3278.18
3280.11
3220.87
3277.82
3352.48
3315.62
3278.49
3368.68
3395.94
3340.84
3364.99
3452.01
3431.28
3385.6
3464
3504.86
3452.02
3465.98
3554.72
3535.22
3493.5
3569.11
3606.46
3552.51
3577.97
3663.26
3626.78
3602.13
3684.08
3696.66
3648.81
3700.51
4662.36
4665.23
4758.88
4765.77
4731.73
4742.91
4855.37
4850.81
4826.03
4848.23
4955.28
4944.77
4927.03
4964.69
5019.41
5044.55
5008.85
5093.06
5161.92
5151.02
5132.34
5236.83
5311.17
5263.54
5266.03
5393.66
5421.58
5380.98
5412.15
5517.83
5526.66
5501.23
5573.23
5622
5636.77
5619.55
5750.3
5802.79
5752.79
5781
5892.53
5905.8
5869.41
5959.75
6007.18
6006.19
6003.9
6142.38
6165.36
6113.5
6185.46
6200.89
6251.93
6235.53
6375.56
6403.64
6348.03
6424.67
6433.03
6482.22
6476.28
6604.53
6625.68
6568.1
6677.13
6702.7
6693.95
6730.75
6773.46
6823.78
15066.5
15168.5
15338.3
15469.3
15589.8
15694
15888.9
16004.4
16132.9
16240
16477.3
16556
16688
16799.6
17081.7
17112.3
17199.9
17367
17640.7
17675.3
17766.9
17948.9
18161
18241.6
18338.4
18550.5
18693.1
18802.4
18907.2
19191.3
19235.1
19357.5
19478.5
19781
19779.2
19861.3
20063.3
20245.2
20316.1
20413.9
20699.7
20735.8
20839.6
20965.6
21250.6
21236.4
21315.5
21551.2
21657.7
21730.4
21842.6
22158.7
22114.3
22179.7
22406.5
22526.3
22575.7
22687.3
22994.8
22938.5
23001.3
23251.1
23315.9
23362.8
23495.8
23740.1
23698
23779.2
24085.7
24037.3
)
;

boundaryField
{
    inlet
    {
        type            turbulentMixingLengthFrequencyInlet;
        mixingLength    0.0044;
        phi             phi;
        k               k;
        value           nonuniform List<scalar> 0();
    }
    outlet
    {
        type            zeroGradient;
    }
    front
    {
        type            empty;
    }
    back
    {
        type            empty;
    }
    hub
    {
        type            fixedValue;
        value           nonuniform List<scalar> 
75
(
186793
198875
204974
204974
204974
211960
211960
211960
218065
218065
218065
224073
224073
230027
230027
235891
235891
241968
241968
241968
248023
248023
248023
253902
253902
253902
259793
259793
265446
265446
271015
271015
276675
276675
276675
282330
282330
282330
287959
287959
287959
293557
293557
293557
299117
299117
304631
304631
310093
310093
310093
315501
315501
320851
320851
320851
326146
326146
326146
331380
331380
331380
336553
336553
336553
341772
341772
341772
346634
346634
346634
351199
351199
351199
355900
)
;
    }
    tip
    {
        type            omegaWallFunction;
        blending        binomial2;
        n               2;
        beta1           0.075;
        value           nonuniform List<scalar> 
70
(
15066.5
15168.5
15338.3
15469.3
15589.8
15694
15888.9
16004.4
16132.9
16240
16477.3
16556
16688
16799.6
17081.7
17112.3
17199.9
17367
17640.7
17675.3
17766.9
17948.9
18161
18241.6
18338.4
18550.5
18693.1
18802.4
18907.2
19191.3
19235.1
19357.5
19478.5
19781
19779.2
19861.3
20063.3
20245.2
20316.1
20413.9
20699.7
20735.8
20839.6
20965.6
21250.6
21236.4
21315.5
21551.2
21657.7
21730.4
21842.6
22158.7
22114.3
22179.7
22406.5
22526.3
22575.7
22687.3
22994.8
22938.5
23001.3
23251.1
23315.9
23362.8
23495.8
23740.1
23698
23779.2
24085.7
24037.3
)
;
    }
    procBoundary3to2
    {
        type            processor;
        value           nonuniform List<scalar> 
165
(
216801
168046
106424
102652
72819.3
53898
52177.9
40655.4
39323.3
31127.7
24722.7
23942.2
19380.2
18705.8
15166.1
14610.1
11841.8
11443.5
11031
8962.09
8575.28
6981.72
5280.75
5093.95
5312.52
5394.18
5148.96
6674.28
5322.9
5280.75
4911.69
4911.69
4771.06
4771.06
4027.2
4027.2
3922.38
3228.93
3159.76
3089.82
2580.19
2521.06
2465.17
2081.62
2030.06
1729.87
1688.25
1652.44
1413.5
1378.19
1349.9
1159.93
1132.35
1108.17
959.409
938.753
818.081
799.135
701.603
684.017
670.614
588.631
576.864
509.739
499.336
445.556
436.281
394.083
385.974
353.405
346.658
342.02
316.11
312.464
286.309
288.115
286.385
292.417
287.805
286.309
270.058
270.058
267.487
256.564
254.499
246.321
239.423
237.985
231.957
230.871
225.927
225.196
221.457
220.941
217.949
217.365
214.561
211.82
211.318
209.001
208.687
206.797
206.432
204.674
202.703
202.396
200.498
200.192
198.585
196.971
196.725
195.098
194.778
193.338
191.789
191.554
190.101
188.696
188.476
187.077
185.826
185.596
184.334
184.106
183.083
181.687
181.687
181.482
180.663
179.805
179.044
178.93
178.237
177.589
177.475
176.945
176.434
176.006
175.938
175.65
175.471
175.461
175.511
175.846
176.559
177.835
179.904
183.048
187.63
189.24
196.582
207.174
222.299
243.748
274.039
316.802
377.548
465.406
597.419
807.324
1139.66
2073.46
3757.86
6791.53
24072.1
)
;
    }
    procBoundary3to4
    {
        type            processor;
        value           nonuniform List<scalar> 
160
(
122183
88892.5
52843
52063.1
34417.6
23892.6
23551.7
17186.1
16961.7
12743.3
9889.66
9764.33
7895.9
7797.35
6503.97
6431.58
5520.22
5482.49
5455.32
4795.73
4757.77
4267.48
4237.56
3853.02
3832.78
3817.21
3487.16
3464.79
3154.85
3133.89
3115.96
2796.87
2772.74
2752.21
2418.31
2388.2
2058.36
2027.9
1998.16
1682.22
1651.12
1621.12
1340.64
1311.39
1285.37
1056.5
1031.59
852.581
831.76
693.019
676.873
661.756
557.312
544.388
465.272
455.069
395.235
387.277
342.126
335.959
301.875
297.206
292.732
267.781
264.161
245.261
242.423
228.02
225.787
214.744
212.972
204.388
197.304
196.157
190.423
189.483
184.807
184.045
180.356
179.762
177.004
176.545
174.53
172.881
172.615
171.259
171.036
169.892
169.677
168.705
167.778
167.626
166.797
166.646
163.791
164.441
165.149
165.821
165.956
165.956
163.134
163.134
162.443
162.443
160.774
160.888
161.418
161.418
160.207
159.937
159.663
159.607
159.357
159.12
159.066
158.832
158.629
158.576
158.391
158.356
158.229
158.114
158.089
157.999
157.914
157.845
157.825
157.761
157.704
157.689
157.641
157.6
157.572
157.565
157.556
157.575
157.642
157.682
157.847
158.149
158.683
159.564
160.922
162.938
163.929
167.387
172.467
179.822
190.389
205.644
228.036
261.645
313.723
397.961
541.103
783.49
1455.83
2670.65
4707.88
14963.1
)
;
    }
}


// ************************************************************************* //
