/*--------------------------------*- C++ -*----------------------------------*\
| =========                 |                                                 |
| \\      /  F ield         | OpenFOAM: The Open Source CFD Toolbox           |
|  \\    /   O peration     | Version:  v2012                                 |
|   \\  /    A nd           | Website:  www.openfoam.com                      |
|    \\/     M anipulation  |                                                 |
\*---------------------------------------------------------------------------*/
FoamFile
{
    version     2.0;
    format      ascii;
    class       volScalarField;
    location    "1e-06";
    object      p_rgh;
}
// * * * * * * * * * * * * * * * * * * * * * * * * * * * * * * * * * * * * * //

dimensions      [1 -1 -2 0 0 0 0];


internalField   nonuniform List<scalar> 
10193
(
101824
101249
103639
103592
99952.3
102531
101332
100787
99316.9
99249.7
99482.9
98463.6
97381.3
97010
96994
95848.1
94644.5
94586.9
94584.9
93464.2
92787.1
92079
93173.9
90998.6
90784.7
90542.2
90350.7
89479.6
88458
88293.1
87858.6
87272.1
85747.6
87040
85400.2
84444.4
84301.1
84060.1
83503.8
81834.1
82716.1
81448.6
80794.2
80157.4
79985.6
79452.2
77534.1
78626.5
77285.8
76192.8
75840.9
75713.1
75026.4
73360.8
74089.1
72768.3
71373.3
71929.1
71324.1
70510.3
68700.5
68921.6
68251
66378.6
66479.5
65821.9
63644.4
64212.9
63446.9
61979.6
61273.3
61102.3
60150.7
58521.6
58271.9
101832
101265
103650
103600
99956.8
102531
101332
100766
99303.1
99239.3
99471.3
98440.6
97358.2
97001
96986.1
95849.4
94648.7
94592.8
94590.2
93466.1
92788.1
92083.2
93180.1
90999.7
90781.5
90539.5
90351.3
89466.2
88451.6
88289.1
87854.3
87255.9
85747.4
87039.9
85382.6
84439
84296.9
84060.2
83485
81834.4
82690.4
81448.6
80800.2
80149.9
79985.8
79432.3
77534.8
78613.7
77286
76199.1
75843.1
75717.1
75030.5
73364.5
74095.7
72768.5
71366.8
71886.1
71287
70469.8
68675
68893.3
68197.9
66343.5
66471.7
65782.4
63637.6
64158.5
63408
61980.4
61240.1
61078.7
60115.7
58501.7
58280.4
101805
101247
103635
103592
99949
102525
101333
100755
99313.8
99256.7
99478.9
98442.4
97366.2
97011.5
96986.5
95835.7
94644.2
94589
94587.2
93448.9
92774.7
92078.4
93173.3
90990.1
90781.5
90536.7
90344.3
89453.5
88453.9
88290
87846.9
87237.3
85750.9
87037.5
85365.4
84439.9
84293.5
84053
83465.7
81843.9
82715.4
81450
80764.4
80143.3
79978.6
79411.1
77551.6
78613
77287.5
76175.2
75835.1
75701.7
75003.2
73359.7
74080
72742
71375.9
71896.2
71295.9
70473.5
68695
68902.4
68215.5
66360.1
66483.8
65786.5
63661.3
64233.3
63410.4
61936
61242.8
61078.7
60081.5
58502.4
58250.6
101808
101255
103639
103592
99950.4
102527
101333
100735
99306.6
99258
99476.3
98429.9
97349.1
97009.7
96983.7
95835.7
94644.3
94590
94585.1
93449.8
92775.1
92080.2
93170.6
90990.6
90783
90534
90341.4
89438.3
88453.9
88284.5
87847.6
87217.2
85754.2
87032.3
85361
84441
84288.5
84053
83443.2
81851.8
82677.8
81451.1
80771.7
80136.3
79979.3
79385.9
77563.3
78587.6
77289
76179.2
75830
75701.8
75004.1
73359.9
74075.5
72744
71382.1
71868.1
71279
70444.7
68689.8
68901.6
68185.9
66345
66486.4
65749.8
63675.4
64144.7
63410.4
61944.9
61225.2
61078.6
60082.8
58485
58250.6
101810
101253
103643
103601
99950.5
102523
101340
100725
99306.7
99264.8
99480.2
98432.1
97340.7
97016.8
96985.9
95837.4
94644.6
94594.5
94590.5
93451.1
92764
92085.9
93173.8
90990.6
90778.8
90535.6
90342.7
89439.1
88456.2
88288
87848.2
87196.7
85763.5
87037.1
85362.1
84442
84289.7
84055.6
83421.8
81865.5
82678.9
81453.1
80760
80137.3
79982.1
79360.6
77582.2
78568.7
77291.2
76179.1
75830.6
75702
74981.5
73363.1
74071.3
72746
71395.6
71863.2
71280.5
70410.5
68697.3
68905
68186.5
66340
66501.6
65715.7
63694.9
64155.1
63411.7
61947.4
61227.8
61078.5
60039.6
58487.1
58250.6
101795
101242
103638
103600
99945
102512
101343
100699
99297.1
99264.5
99476
98414.6
97322.2
97015.9
96981.4
95820.8
94638.3
94591.5
94591.4
93438.2
92745.3
92086.1
93172.2
90981.9
90770.4
90531.9
90334.7
89415.9
88449.2
88289.9
87838.9
87162.4
85768.8
87031.1
85338.4
84434.5
84284.7
84048.1
83386.1
81876.1
82672.5
81453.3
80738.8
80129.2
79977.6
79322.9
77599.4
78569.1
77294.6
76159.7
75824.6
75694.7
74949.4
73362.7
74063.6
72747.4
71404.3
71843.7
71258.2
70366.7
68699.2
68899.4
68146.4
66325.2
66505
65673.9
63711.9
64134.5
63382.1
61913.2
61217.8
61065.4
59991.4
58471.8
58233.9
101796
101250
103638
103599
99942.8
102513
101351
100675
99291.3
99275.4
99477
98400.6
97307.6
97022.5
96979.9
95821.1
94638.6
94595.1
94589.8
93439.9
92746.5
92089.8
93159.9
90982.9
90773
90533.1
90328.7
89399.6
88451.5
88291.4
87839.9
87163.6
85780
87015.7
85338.4
84438
84280.6
84048.8
83364.4
81893.8
82647
81455.3
80741.5
80122.7
79979
79296.9
77623.3
78532.9
77299
76163.8
75818.9
75688.7
74952.3
73364.7
74046.6
72750.3
71429.3
71819.4
71236.5
70359.7
68707.1
68896.1
68117.5
66319.1
66503.6
65636.1
63739.8
64103.1
63382.2
61920.2
61206.2
61054
59994.9
58455.2
58216.3
101784
101241
103637
103603
99938.2
102501
101360
100652
99283.5
99280.9
99477.6
98385.1
97290.6
97027.1
96980.2
95805.4
94633.7
94597.7
94594.2
93427.8
92723
92094.1
93171.1
90975.8
90765.5
90534.8
90321.5
89378.3
88452.3
88297.5
87835.5
87119.7
85792.1
87021.5
85316
84435.4
84281.4
84048.9
83330.4
81911.2
82639.5
81455.8
80732.1
80116.8
79979.2
79261.5
77644.9
78531.2
77303.2
76163.5
75819.4
75680.2
74914.8
73366.5
74051.4
72751.8
71433.8
71809.3
71212.8
70314.1
68721.3
68892.3
68078.1
66317.3
66510
65596.2
63760.5
64079.6
63381
61922.7
61209.6
61042.8
59943.9
58461
58200.7
101785
101238
103636
103600
99933.4
102497
101371
100618
99274.7
99293.6
99479.8
98365.5
97273.5
97034.4
96978
95787.8
94629.8
94601.3
94589.3
93415
92712.4
92098.4
93144.8
90969
90768.3
90536.5
90310.3
89356.7
88454.4
88298.8
87825.7
87093.9
85805.8
86998.2
85292.2
84441.2
84276.5
84039.9
83300.2
81930.5
82619.1
81451
80733.5
80108.3
79972.4
79230.6
77667.7
78494.9
77304.4
76168.5
75810.2
75669.8
74915.2
73366
74026.9
72755.6
71456.2
71787
71185.9
70281.2
68737.7
68885.2
68040.6
66321.8
66504.6
65556.2
63790.5
64054.6
63348.9
61926.6
61190.2
61028.7
59947.5
58444.6
58182.3
101788
101243
103646
103619
99933.9
102491
101394
100601
99268.8
99308.5
99490.7
98368.1
97259.8
97046.2
96984.6
95791.9
94635.7
94614.1
94599.9
93417.7
92698.5
92114.6
93158.1
90971.1
90769.5
90544.4
90312.6
89339.2
88459.4
88311.9
87828.1
87063
85829
87000.2
85293
84444.8
84281.8
84043.4
83271.2
81955.6
82614.8
81453
80734.9
80112.3
79975.9
79200
77696
78483
77306.5
76171.1
75812.9
75671
74883
73374.1
74031.4
72764.1
71469.9
71789.5
71164.4
70232.9
68767.1
68885.6
68000
66333.2
66517.4
65548.2
63814.4
64047.4
63351.7
61927.9
61199
61018.4
59892.5
58452.6
58183.7
101766
101218
103632
103612
99922.8
102469
101399
100561
99252.5
99307.9
99484.9
98340.2
97233.1
97043.7
96977.7
95766.8
94616.5
94609.9
94598.9
93400.6
92661.3
92115.2
93145.4
90958.6
90757
90545.3
90292.6
89306.1
88450.6
88315.6
87812.6
87011.3
85838.8
86984.1
85261.7
84435.2
84277
84029.1
83225.3
81966
82601.3
81430.7
80708.5
80104.4
79965.2
79155.2
77709.3
78462.3
77279.6
76149
75806.2
75657.4
74836
73371.9
74014.1
72765
71474.4
71772.8
71132.5
70173.5
68782
68869.8
67941.6
66328.1
66512.4
65500.3
63825.9
64030.4
63315.7
61879.6
61184.7
60998.5
59827.8
58442
58160.4
101771
101215
103632
103614
99918.5
102464
101416
100523
99242.4
99325.9
99488.9
98316.3
97214.8
97053.2
96978.3
95747.3
94626.5
94617.8
94595.6
93402.8
92670.1
92124.3
93128.9
90958.5
90762.3
90549.3
90276.5
89283.8
88452.9
88319.3
87800
86985.8
85857.8
86961.7
85235.8
84443.8
84277.2
84018.2
83196.8
81986
82574.8
81430.9
80715.1
80097.5
79957.9
79126.6
77730.7
78426.5
77281.1
76158.6
75799.2
75645.3
74837.5
73372.8
73989.2
72766.5
71499.6
71752.2
71103.5
70132.9
68801.1
68856.1
67899.1
66333.8
66498
65501.1
63854.5
63998.1
63286.3
61890.5
61168.3
60977
59831.1
58418
58130.8
101776
101204
103629
103620
99912.7
102449
101430
100487
99230.3
99336.2
99492
98292
97192.9
97059.4
96980.3
95726.7
94611.7
94624.7
94597.5
93403.2
92624
92136.5
93124.8
90950.4
90755.5
90554.8
90258.3
89255.7
88455.3
88331.1
87785.7
86939.9
85877.8
86950.3
85208.3
84446
84279.5
84004.3
83158
82005.3
82568
81409.4
80695.5
80099.5
79949.5
79089.1
77751.7
78413.3
77281.9
76160
75801.7
75634.1
74793.8
73376.5
73983.4
72768.1
71509
71739.3
71074.3
70084.1
68826.2
68843.3
67850.7
66345.2
66498
65497.9
63876.8
63987.2
63286.5
61869.8
61174
60955.6
59776.9
58427
58110.9
101782
101198
103626
103622
99907.4
102443
101446
100442
99219
99356.1
99495.6
98263.4
97172.9
97069.8
96981.2
95704.7
94609.3
94633.7
94592.9
93404.1
92626.2
92150.1
93102.3
90950.4
90762.8
90560
90235.3
89230.7
88458.9
88336
87770.1
86910.5
85899.5
86919.8
85181.9
84457.8
84280.5
83987.1
83129.4
82025.1
82540.3
81407.2
80702.5
80092.2
79937.3
79060.7
77774.1
78376.9
77282.7
76171.1
75793.1
75619.6
74794.3
73381.6
73947.9
72771.9
71537.5
71714.7
71042.6
70084.9
68845.1
68824.4
67851.3
66356.1
66481.7
65499.1
63910.8
63957.7
63286.6
61881
61155.6
60931.7
59780.9
58429.5
58080.2
101788
101185
103621
103629
99900.8
102428
101461
100400
99205.1
99367.8
99498.8
98234.4
97152
97076.2
96982.9
95681.7
94597.9
94642.2
94593.8
93390
92594.9
92165
93092.2
90942.3
90755.6
90566.9
90211.4
89200.8
88461
88348.4
87750.1
86867.8
85923.7
86901.1
85153.8
84461
84284.6
83967.2
83092.3
82044.8
82530.6
81383.8
80683.5
80095
79924.8
79023.1
77796
78360.4
77267.8
76174.2
75796
75604.5
74748.7
73389.1
73937.9
72772.1
71551.7
71695.4
71007.8
70041.9
68869
68805.7
67803.7
66369.4
66479.5
65468
63932.5
63945.6
63257.9
61882.6
61160.7
60904.8
59725.9
58434.7
58060.5
101795
101177
103617
103633
99895.2
102423
101478
100353
99192.2
99390.9
99502.5
98201.9
97133.2
97088.7
96984.2
95658.1
94591.4
94653.2
94589.3
93391.5
92576.4
92180.9
93064.4
90942.2
90764.7
90573.9
90182
89174.8
88466.4
88353.6
87728.7
86839
85949.2
86862.4
85154.1
84473.7
84286.7
83944.5
83065.6
82065.2
82499.9
81365.4
80691.6
80089.1
79908.2
79023.4
77819
78320.8
77250.1
76186.9
75785.2
75587
74750.6
73397.7
73898.8
72776.2
71583.6
71666.4
70969.9
70045.9
68881.9
68778.7
67805.8
66382.6
66458.7
65470.1
63968.3
63912.8
63257.7
61892.2
61147.2
60875.8
59734.8
58437.9
58025.3
101803
101166
103613
103646
99890.2
102411
101494
100312
99178.2
99406.9
99507.8
98171.4
97113.6
97098
96987.3
95635.6
94581.8
94663.7
94594.2
93391.8
92547.1
92201.3
93056.7
90942.3
90763
90582.4
90156
89144.1
88471.3
88368
87703.5
86798.6
85979.3
86841.6
85154.2
84478.1
84290.1
83920.1
83031
82084.9
82493.6
81361.8
80673.7
80090.8
79891.9
78986.4
77841.5
78308.3
77240.8
76190.3
75786.9
75568.8
74705.9
73412.1
73888.5
72737
71600.6
71648.5
70930.6
70006.4
68899
68754.4
67757.5
66399
66455.5
65471
63991.4
63901.1
63213.8
61880.5
61152.7
60844.8
59679.9
58449.1
58002.7
101811
101131
103577
103620
99871.7
102382
101496
100237
99152.4
99412.5
99489.2
98116.6
97082.4
97093.8
96965.4
95594.7
94557.8
94656
94571.9
93361.8
92506.7
92198.9
93002.6
90925
90757.6
90570
90104.7
89103.8
88460.9
88355.5
87667.6
86751.5
85986.2
86780.1
85119.1
84482.6
84270.8
83878.9
82991.5
82085
82442.4
81329.6
80677.9
80062.9
79858.2
78945.1
77846.7
78250.8
77202.3
76197.8
75755.6
75535.1
74658.9
73406
73834.5
72692.3
71622.6
71598.5
70882.7
69966.8
68883.6
68712.2
67706.3
66399
66420.7
65419.1
64014.6
63842.9
63164.6
61890
61105.8
60804.1
59682.5
58393.5
57956.5
101838
101157
103602
103656
99881.2
102401
101535
100211
99148.2
99457.1
99513.6
98117.5
97076.3
97128.6
96983.1
95600.4
94571.3
94689.4
94588.7
93367.4
92513.4
92243.3
92996.1
90928.3
90781
90596.6
90083.5
89106.6
88488.2
88376.9
87649
86757.1
86035
86758.3
85122.8
84506.2
84285.6
83859.1
82998
82123.9
82436.3
81330.4
80691
80073.7
79844.5
78951.6
77888.8
78237
77202.4
76215.7
75763.5
75516.6
74664.7
73438.7
73815.1
72696.7
71672.3
71581.5
70844.1
69982.1
68902.2
68683.4
67715
66437.2
66410.7
65422.4
64059.7
63822.4
63151.9
61906.1
61113.8
60765.4
59692.1
58404.2
57917
101850
101139
103586
103665
99874.3
102382
101547
100164
99128.6
99468.4
99513.6
98080.5
97051.5
97133.2
96985.4
95571.3
94554.5
94691.3
94592.3
93342.4
92471.6
92263.6
92974.5
90914.2
90782.9
90602.6
90051.5
89068.6
88490.6
88387.6
87618.3
86711
86062.1
86727.3
85087
84509.2
84290.3
83832.1
82957
82140.5
82420.7
81296.9
80669.7
80077.6
79823.7
78906.3
77908.2
78217.5
77162
76221.1
75767.2
75492.2
74607.9
73455.2
73792.5
72649.9
71682.6
71565.2
70799.3
69933.8
68917.3
68652.6
67653.5
66457.6
66401.8
65361.6
64073
63819.4
63100
61906.2
61122.8
60721.1
59622.3
58417.6
57916.9
101867
101134
103576
103671
99875.9
102374
101560
100113
99113.2
99489.2
99515.4
98039.2
97031.6
97147.3
96987.1
95539.7
94547.7
94704.9
94593.4
93319.2
92452.6
92287.2
92945.9
90903.6
90798.3
90607.9
90010.6
89039
88502.5
88391.2
87586.1
86684.9
86091.6
86686.9
85061.6
84521.7
84291.5
83798.8
82952.3
82163.4
82397.6
81282.5
80677.3
80080.6
79791.5
78907.9
77935.3
78187.9
77133.9
76230.9
75752.9
75457.8
74609.5
73474.7
73753.3
72653.2
71703.8
71531.8
70756.1
69938.5
68923.5
68608.3
67657.1
66478.2
66373.6
65364
64094.2
63783.6
63099.4
61916.1
61126.9
60675.7
59630.5
58424.8
57870
101886
101122
103562
103681
99878.8
102354
101572
100070
99098.1
99497.1
99516
98003.6
97009.3
97150.1
96990.7
95511.4
94532.3
94710.4
94600.4
93292.3
92421.1
92308.1
92926.3
90891.4
90801.7
90613.6
89975.9
89003.8
88505.8
88401.6
87553.4
86639.7
86118
86658.7
85027.7
84527.9
84296.3
83770
82912.6
82178.2
82384.2
81251.2
80678.8
80087
79764.4
78864.3
77954.9
78168.9
77095.5
76236.8
75758.5
75427.5
74555.4
73494
73729.3
72607.3
71710.9
71506.7
70712.7
69894.6
68936.3
68572.7
67598.8
66491.9
66358.7
65304.8
64109.9
63783.3
63047.6
61923.1
61139.6
60632.9
59632.9
58437.2
57872.6
101909
101122
103551
103684
99888.1
102344
101586
100019
99086.3
99514.8
99515.1
97960.9
96993.3
97162.2
96991.9
95480.1
94525.9
94722.2
94603.1
93266.6
92405.1
92331.5
92894
90879.7
90822.4
90619.4
89931.5
88975.6
88519.3
88404.8
87519.9
86610.8
86143.4
86616.6
84995.8
84547.4
84297.5
83733.6
82890.3
82198.6
82359.2
81219.1
80687.4
80091
79726.1
78865.4
77981.4
78137.8
77074.3
76248.8
75759.3
75388
74539.4
73515.6
73690.8
72608.1
71726.6
71468.2
70665.6
69900.8
68944.5
68522.9
67600.7
66507.9
66321.4
65306.6
64130.6
63743.7
62991.8
61931.1
61145.5
60582
59645.6
58449.1
57871.9
101935
101121
103541
103698
99907.6
102325
101602
99983
99079.7
99521.3
99517.7
97929
96976.5
97165.9
96997.9
95481.2
94513.2
94728.7
94618.2
93268.5
92381.1
92358.2
92881.7
90870.5
90830.7
90628.4
89897.9
88942.3
88525.2
88419.2
87489
86573.4
86171.4
86595.9
84964.9
84553.2
84305.8
83704.5
82854.6
82214.6
82354.4
81188
80687.9
80100
79698.1
78823.9
78000.7
78128.1
77036
76253.6
75766.4
75356.2
74487
73534.4
73676.6
72561.1
71732.1
71442.1
70622.1
69857.6
68957.4
68485.3
67543.3
66519.4
66321.6
65246.6
64146.9
63746
62942.3
101941
101075
103467
103636
99894.7
102269
101543
99885.9
99045.9
99498.9
99466.8
97849.8
96938.4
97137.8
96949.2
95421.6
94478.1
94694.5
94577.4
93217.3
92334.5
92338.8
92807.1
90838.8
90821.2
90584.4
89821.6
88890.7
88501.4
88379.2
87430.9
86517.8
86157.9
86516.6
84917.4
84540.9
84258.7
83640.7
82804.6
82200
82288.2
81132.7
80661.5
80055.4
79631.2
78770.5
77993.7
78060.3
76977
76255.3
75718.4
75288.6
74424.7
73524.9
73604.3
72498.4
71725.3
71363.9
70550.1
69805.7
68906.7
68406.6
67478.9
66514.9
66248.9
65174.6
64163.1
63676.5
101989
101142
103514
103686
99945.2
102306
101586
99900.7
99062
99554.5
99502.2
97860.8
96951.7
97187.9
96980.3
95436.9
94508.5
94747.4
94618.5
93232.1
92362.7
92406
92814.4
90851.9
90880.2
90618.1
89825.3
88900.3
88553.2
88411.5
87438.9
86532.4
86222
86510.2
84928.2
84590.8
84283.2
83645.7
82819.5
82255.1
82300
81140.6
80684.4
80079.6
79634.2
78784.9
78051.7
78064.5
76987
76281.4
75737.4
75291.5
74438.5
73581.3
73599.8
72511
71752.5
71373.5
70554.9
69824.6
68930.1
68408.2
67494.9
66547.8
66251.9
65186.9
64206.6
102011
101137
103484
103681
99960.7
102273
101588
99858
99049.8
99546.2
99486.7
97822
96931.7
97176.8
96980.9
95437.4
94487.4
94735.7
94624.4
93200.7
92330.5
92419.6
92791.4
90836.5
90883.2
90623.5
89783.6
88859.7
88553.7
88416.6
87399.4
86487
86235.5
86481.6
84896.3
84595
84289.8
83610.1
82775.6
82261.1
82288.7
81099.2
80661.1
80087.6
79598
78736.3
78062.5
78051.1
76940.9
76285.6
75746.5
75251.6
74377.6
73595.7
73582.6
72457.4
71757.8
71374.1
70502.7
69777.8
68943.4
68362.7
67433.8
66562
66225.1
65121.5
102037
101161
103471
103668
99985.1
102265
101591
99806.5
99044
99557.7
99471.7
97773.7
96923.7
97185.8
96966.5
95414
94486.5
94741.8
94625.1
93202.6
92324.3
92441.5
92756.4
90826.7
90908
90626.6
89731.6
88834.5
88567.8
88417.3
87359.2
86469.3
86255.6
86439.4
84871
84613.6
84292.5
83566.7
82776.8
82282
82266.1
81060.1
80670.5
80095
79550.9
78738.3
78086.6
78023.5
76898.6
76299
75751
75202.7
74378.6
73618.4
73547.7
72457.5
71771.7
71331.7
70447.9
69786
68956
68303.9
67439.2
66580.8
66174.4
65126.3
102067
101178
103462
103680
100026
102246
101603
99810.1
99049.3
99555.7
99471.9
97777.1
96916.9
97182.7
96971.6
95417.5
94478.6
94743.6
94642.2
93207.9
92307.6
92468.7
92747.3
90823.2
90919.2
90636.8
89698.5
88806.1
88573.5
88427.9
87361.6
86442.3
86277.9
86425.7
84850.3
84620
84304.8
83567
82740.7
82294.6
82267.7
81060
80671.2
80109.9
79538.1
78696.2
78098.5
78024.4
76900.7
76304.8
75764.2
75175.1
74325
73631.8
73543.6
72434.3
71775.3
71337.5
70444.7
69786.8
68972.8
68305.2
67384.9
66598.1
66185.2
65127.5
102006
101127
103352
103567
100001
102173
101493
99688.3
99002.2
99508.7
99380.9
97673.6
96872.7
97129.8
96887
95337.3
94434.6
94684.6
94570.9
93137.4
92254.2
92422
92649.1
90777.5
90892
90558.7
89600.4
88748.2
88530.7
88354.8
87281
86387.6
86234.3
86328.4
84794.8
84589.4
84231.2
83478.7
82678.2
82253.5
82184
80982.3
80625.7
80042.9
79444.7
78629.4
78062
77936.5
76818.3
76261.3
75692.2
75080.1
74250.5
73592.2
73449.2
72348.7
71722.7
71237
70348.5
69719.5
68900.9
68196.4
67308
66548.2
66081.2
65037.4
102064
101244
103437
103626
100076
102237
101549
99711.7
99035.9
99584.4
99427.8
97695
96909.4
97202.7
96927.9
95360.7
94487.8
94761.8
94623.1
93163.5
92310.4
92509.7
92671.1
90809.1
90969.5
90603.6
89613.4
88772.4
88607.1
88395.5
87299.4
86430.7
86315.7
86342.6
84815.3
84657.3
84273.2
83494.4
82701.8
82322.3
82210.1
80995.9
80665.5
80086
79457.3
78650.6
78125.2
77953.6
76835.6
76299
75726
75094.7
74273.8
73652.8
73462.8
72368.9
71757.4
71262.9
70365.6
69750.2
68943.8
68212
67334
66596
66105.7
65063.8
102090
101263
103420
103621
100107
102211
101554
99718.3
99028.4
99576.3
99409.3
97698.8
96894.3
97194.4
96932.1
95367.6
94472.4
94756.2
94629.8
93168.4
92291.1
92523.9
92653.6
90797.9
90974.3
90613.5
89574.3
88744.6
88609.9
88402.2
87292.7
86406.2
86326.3
86325.9
84797.1
84661.4
84285.4
83482.2
82662.4
82327.1
82197
80957.8
80665.6
80099.6
79420.2
78605.9
78131.9
77931.7
76788.1
76303.8
75738.4
75049.5
74220.5
73663.3
73432.7
72314.1
71763.1
71268.6
70327.9
69752.9
68962.1
68213.5
67334.9
66612.8
66112.3
65065.7
102011
101200
103291
103483
100069
102118
101420
99587.5
98958.7
99512.7
99291.7
97581
96828.6
97128
96825
95271.2
94414.9
94684.9
94539.5
93082.9
92226.8
92457.1
92545.9
90736.7
90924.8
90513.1
89465.2
88676.5
88551.1
88309.5
87198.5
86341.9
86261.3
86223.5
84730.7
84609.3
84195.8
83381.5
82585.2
82263.8
82101.6
80872.1
80601.1
80015
79314.8
78524.1
78069.9
77829.2
76691.4
76239.5
75650.2
74941.3
74131.5
73597
73320.6
72211.3
71689.7
71159.1
70219.5
69667.6
68876.1
68093.5
67241
66546.8
66001.6
64960.1
102081
101342
103402
103543
100161
102197
101492
99623
99002.2
99605.1
99350.6
97609.2
96870.8
97216
96878.7
95299.7
94479.6
94783.2
94600.1
93115.6
92302.1
92561.8
92580.3
90783.9
91016.9
90573.7
89488.8
88720.2
88644.8
88355.7
87225.4
86406.3
86357.2
86249.9
84773
84693.7
84250.2
83402.3
82619.9
82343.3
82131.3
80895.5
80659
80068.2
79335.6
78554.3
78140.9
77852.5
76717.1
76294.4
75691.9
74963.9
74164.5
73663.8
73342.5
72240.1
71736.9
71192.3
70245.4
69708.9
68926.7
68120.7
67282.3
66604
66033.6
64993.7
102097
101337
103369
103524
100175
102147
101444
99625.7
98969
99575.3
99314.7
97612.9
96832.5
97186.4
96879.5
95301.2
94443.4
94760.2
94602.9
93075.5
92262.7
92554
92562.7
90754
90996.4
90578.3
89473
88679.1
88629.6
88359.6
87171.8
86367.3
86354
86223.9
84740.9
84680.9
84258.1
83353.7
82567.1
82339.8
82104.7
80843.8
80625.6
80078.8
79285.4
78496.1
78143.7
77838
76650.2
76262.2
75703.6
74906.2
74099.8
73670.6
73322.8
72167.3
71739.4
71198.6
70178
69680.2
68945.9
68091.6
67218.9
66625.3
66046.3
64941.1
102118
101370
103360
103481
100199
102139
101450
99577.8
98949.5
99581.9
99274.9
97563.9
96813
97189.2
96850.3
95304.2
94439.6
94766.6
94583.7
93079.7
92260.3
92560.8
92532.8
90742.3
91005.2
90583.7
89422.3
88662.7
88643.8
88360.4
87172.6
86361.3
86364.6
86186.5
84724.6
84700
84267.2
83303.4
82567.7
82350.2
82069.9
80808.3
80633.4
80091
79232.4
78496.5
78155.5
77793
76599.5
76272.2
75713.8
74866.4
74101
73684.8
73297.1
72166.8
71749
71207.7
70173.7
69688.7
68966.1
68093.5
67227.6
66649
66058.4
64950.3
102158
101392
103360
103495
100252
102112
101470
99607.6
98959.8
99574.4
99284.6
97588.5
96803.5
97178.8
96865.7
95323
94432.3
94770.3
94601.4
93102.8
92246.9
92579.4
92546
90750.3
91004.7
90602.5
89435.5
88648.3
88651.2
88379.4
87189
86341
86380.7
86197.5
84725.9
84707
84290.3
83317.8
82539
82358.7
82085.5
80811.9
80635.3
80112.2
79244.9
78473.9
78163.5
77808.3
76607.1
76278.7
75733.9
74878.8
74086.6
73696.4
73315.6
72173.6
71754.6
71224.2
70185.2
69697.7
68990.6
68109.9
67238.3
66675
66094.3
64971.1
102028
101299
103182
103288
100164
101990
101278
99417.6
98851
99479.7
99110.2
97429.6
96705.8
97075
96710.5
95181.4
94345.8
94659
94455
92972.3
92159.3
92460.5
92397
90651.4
90921
90458.1
89285.8
88558
88554.9
88236.8
87051.2
86256.9
86265.4
86048
84626.3
84626.7
84150.9
83166.3
82438.5
82252.6
81934.2
80689.5
80545.5
79982.3
79088.3
78363
78057.6
77648.2
76471.4
76186.7
75600.6
74719.1
73971.9
73584
73148.7
72028.3
71647.9
71069.4
70025.1
69589.3
68860.5
67940
67114.3
66566.1
65937
64827.7
102135
101466
103350
103382
100271
102099
101397
99474.8
98912.1
99598.2
99190.7
97474.4
96767.8
97198.2
96787.6
95228.3
94436.3
94795.3
94536.7
93023.9
92259.5
92597.1
92465.6
90721.4
91034.2
90546.3
89332.8
88632.8
88681.2
88314.3
87097.3
86347.8
86396.6
86112.1
84698
84739.7
84240.4
83213
82500.1
82365.3
81999.4
80739.5
80629.1
80070.9
79134.3
78410.4
78156.8
77705
76510.6
76262.3
75681.2
74767.3
74018.7
73682.3
73201.5
72068.8
71721
71133.1
70067.2
69646.1
68939.6
67999.3
67169.7
66658.9
66011.5
64889.9
102168
101477
103335
103374
100294
102064
101413
99484.4
98909.4
99588.5
99195
97482.1
96744.4
97189.7
96794.4
95238.1
94418.7
94794
94540.7
93036.5
92240.6
92598.7
92446.9
90706.4
91033.5
90559.2
89336.4
88608.8
88681.3
88322.6
87106.1
86319.9
86395.2
86114
84684.2
84741.6
84257.5
83220.8
82474.9
82367.6
82009.4
80720
80629.7
80088.9
79142.4
78410.2
78161.6
77717
76514.3
76268.1
75697.4
74775.3
74019.1
73688.9
73216.7
72074.9
71726.7
71152
70079
69657.8
68963.6
68015.6
67183.5
66680.7
66040
64910.8
102005
101356
103132
103137
100152
101922
101199
99260.1
98762
99476.3
98996
97281.1
96611
97074.4
96603.6
95055.8
94303.5
94668.8
94356.5
92866.6
92135.1
92454.4
92268
90567.8
90931.2
90386
89152.8
88485.6
88563.7
88144.5
86933.3
86210.1
86251.2
85927.5
84549.3
84630.1
84093.6
83041.8
82348.9
82234
81829.6
80571.1
80517.4
79933
78957.5
78267.7
78025.3
77533.6
76353.6
76146.2
75539.2
74587.4
73873.3
73545
73027.5
71899.8
71588.1
70973.9
69887.8
69518.3
68804.6
67819.7
67026.7
66539.2
65858.8
64735.4
102131
101539
103330
103247
100263
102053
101340
99322.9
98835.3
99612
99096.4
97331.3
96689.7
97223.6
96690
95109.2
94411.5
94832.9
94440.6
92925.3
92259.6
92613.7
92349
90653.2
91067.1
90494.4
89207.6
88582.3
88712.4
88230.9
86993.4
86326.6
86402
86000.9
84646.2
84754.1
84197.5
83102.3
82439.7
82363.8
81908
80654.1
80625.2
80035
79017.9
78343.4
78136.7
77606.8
76426.7
76240.7
75634
74651.5
73950.2
73657.7
73101.1
71967.2
71680.6
71055.2
69951.6
69603.6
68900.7
67896.8
67107.7
66651.8
65951.2
64818.1
102153
101537
103319
103234
100241
102030
101366
99327.6
98806.6
99607.2
99107.2
97322.4
96649.9
97222.1
96702.8
95070.1
94381.8
94840.5
94446.5
92919.2
92239.2
92616.6
92313.3
90608.4
91065.6
90513
89176.8
88543
88715.9
88241.7
86958.4
86292.4
86401.5
86007.9
84609.3
84757.8
84219.5
83107.2
82407.6
82368.4
81920.5
80614.9
80626.5
80056.8
79021.8
78310.6
78143.3
77619.9
76389.3
76247.8
75654.7
74657.9
73950.2
73666.4
73112.6
71967.2
71689.7
71073.3
69954.6
69616.8
68929.4
67913.7
67123
66677.9
65983.1
64840.7
101966
101374
103089
102974
100047
101853
101123
99086.3
98628
99465.2
98876.8
97095.7
96481
97073.9
96482.6
94868.9
94228
94688
94237.6
92726.8
92092
92445.2
92113.6
90440.6
90919.3
90306.7
88974.6
88382.9
88562.3
88036.5
86765.6
86137.7
86219.8
85803.9
84442.5
84606.2
84027.8
82913
82246.8
82204.3
81724.7
80451.3
80473.2
79868.6
78821.2
78141.8
77972.4
77425.9
76221.2
76088.8
75469.4
74455
73769.2
73486.8
72911.3
71775.6
71511.2
70878.1
69753.7
69437.1
68741.5
67704.8
66935.4
66503
65794.2
64647.6
102092
101584
103330
103096
100147
102006
101289
99161.3
98707.1
99626.4
99001.5
97152.9
96577.5
97244.8
96593.8
94928.7
94352.3
94880.4
94335.1
92791.1
92243.2
92637.3
92197.3
90547.2
91089.8
90437
89039.5
88508.1
88739.5
88134.6
86842.6
86285.2
86395.6
85886.7
84560.4
84761.7
84143.1
82985
82373.8
82362.9
81807.9
80568
80618.1
79980.1
78894.6
78260.1
78113.6
77509.3
76339.5
76234.1
75574.9
74534.4
73890.3
73622.9
72998.5
71888.2
71638.8
70974.3
69852.9
69569.3
68858.1
67800.9
67064
66651.9
65906.4
64769.8
102039
101542
103298
103066
100072
101938
101297
99109.2
98614.7
99577.4
99005.8
97074.7
96488.5
97206.2
96603
94841
94271.5
94854.6
94342.5
92688.8
92173.6
92620.7
92173.7
90458.2
91046.4
90448.8
88962.1
88429.4
88713.8
88143.8
86751.4
86218.5
86382.2
85890.4
84490.8
84734.2
84158.3
82902.3
82311.1
82351.6
81817.3
80502.9
80588.6
79995.2
78832.7
78197.6
78107.6
77519.2
76278.8
76204.9
75591.4
74497
73825.5
73627.1
73006.5
71823.3
71640.5
70993.4
69819.8
69570.8
68889.5
67816.6
67068.6
66685.6
65943.1
64783.2
102049
101535
103288
103013
100036
101913
101312
99086
98567.1
99557.9
99012.8
97006.8
96440.9
97200.7
96614.1
94807.4
94236.5
94861.7
94351.9
92674.2
92143.4
92625.9
92176.4
90421.2
91033.7
90460.5
88962.8
88398.2
88713.6
88152.7
86756
86199
86389
85899.5
84477.5
84736.2
84172.9
82913
82306.7
82359
81832.5
80497.3
80589.2
80011.1
78841.8
78196.8
78112.2
77537.3
76279.4
76209.1
75614
74513.3
73835.7
73640.3
73026.2
71832
71648.6
71020.7
69838.7
69590
68925.7
67850.6
67099
66728.7
66007.1
64839.5
102059
101518
103287
103020
99996.3
101875
101329
99101.4
98528.1
99524.6
99027.9
97015.2
96390.9
97181
96638.4
94813.3
94192.9
94858.4
94372.8
92675.5
92101.6
92634.6
92192.3
90380.5
91017
90485.7
88968.8
88358.5
88710.2
88173.4
86757.2
86163.8
86403.3
85916.4
84453.8
84739.1
84195.8
82919.6
82293.7
82370.6
81852.4
80481.3
80595.5
80036.5
78851.9
78196.3
78122.8
77556.7
76278.7
76219.2
75636.3
74523.9
73839.5
73656.3
73047
71837.7
71662.3
71042.3
69846.3
69608
68958.6
67875.4
67116.8
66758.8
66045.8
64871.6
102002
101498
103270
102963
99941
101845
101333
99034.1
98479.4
99509.8
99036.2
96974.6
96342.6
97172.2
96650.3
94800.1
94156.7
94858.1
94386
92676.6
92069.8
92636.5
92201.8
90342.8
91003.7
90502.6
88971.8
88322.9
88707.5
88190.3
86757.2
86131.1
86410.3
85926.4
84422.8
84739.1
84217.8
82923.7
82278.7
82381
81870.4
80461.3
80596.6
80062.4
78860.7
78181.2
78133.4
77578.1
76264.2
76224.7
75665.5
74538.1
73842.9
73672.7
73068.5
71840.3
71675
71070.5
69851.1
69616.1
68988.4
67895.3
67126.7
66784.3
66080.1
64890.4
102036
101509
103299
102989
99946.4
101827
101366
99060.9
98476.4
99506.6
99069.9
97001
96341.4
97181.9
96688.3
94822.6
94156.4
94875.4
94421.2
92705.1
92062.4
92662.4
92237.3
90351.5
91011.9
90538.5
88999.4
88325.4
88721.1
88227.2
86783.6
86116.8
86432.7
85971.2
84430.5
84757.7
84254.2
82953.5
82284.7
82409.9
81908.6
80475.7
80621.4
80099.3
78893.1
78195
78165.4
77622.5
76287.1
76260.7
75710.4
74581
73868.3
73704.8
73119.9
71871
71707.8
71121.4
69890.7
69657.8
69041.3
67953.2
67172.8
66838.2
66159.1
64955
101805
101305
103035
102722
99720.4
101595
101089
98789.7
98256.9
99309.1
98806
96734.7
96143.3
96988.7
96444.7
94572.9
93977.8
94675.7
94181.2
92467.8
91882
92444.7
92010.3
90155.2
90834.6
90293.7
88762.7
88144.8
88522.7
87989.5
86554.8
85936.5
86208.2
85749.6
84225.1
84571.8
84016.1
82713.7
82099.1
82211.3
81667.7
80274.9
80440.7
79864.2
78649.8
78009
77968.4
77387.5
76094.5
76081.9
75485
74345.7
73678.8
73505.6
72889.6
71674.5
71523.2
70899
69686.1
69475.2
68827.7
67726.8
66984.3
66654.1
65949.2
64763.8
101959
101503
103296
102888
99866.8
101739
101300
98914.8
98356.9
99479.6
98976.9
96825.5
96254.4
97180.8
96596.2
94655.7
94123.8
94889.6
94318.7
92564.3
92046.8
92665.5
92147.8
90289.7
91024.3
90448.7
88879.6
88307.3
88727.5
88134.1
86681.1
86111.7
86418.9
85909.9
84384.3
84755.5
84169.5
82836.7
82264.5
82414.2
81814.3
80438.8
80619.4
80021.7
78775.2
78179.6
78164.6
77539.5
76269.1
76262.8
75642.8
74481.1
73847
73704.5
73045.9
71847.3
71708.2
71059.7
69860.6
69657.5
68998.3
67883
67168.3
66865.2
66138.1
64964.3
101886
101453
103241
102828
99800.4
101653
101287
98880.9
98268.4
99424.3
98967.3
96732.5
96173.1
97140.3
96598.7
94553.9
94056.1
94860.5
94304.5
92455
91990.6
92636.1
92060.6
90204.5
90986.4
90427.7
88782
88241.7
88694.4
88130.4
86583.2
86061.6
86385.6
85915.4
84327
84729.1
84178.7
82798.1
82216.8
82398.7
81823
80386.7
80600.6
80037.2
78776.6
78142.6
78163.3
77554.2
76229.2
76257.6
75663.8
74490.3
73846.3
73715.9
73064.9
71845.9
71717.6
71080.7
69858.3
69660.4
69014.4
67887.6
67164.9
66871.4
66146.9
64966.4
101891
101429
103222
102774
99773.8
101620
101291
98889.7
98220.6
99401.1
98974
96736.4
96131.4
97130.8
96610.6
94558.2
94026.9
94862.6
94317.3
92458.2
91968
92644.1
92074.5
90178
90982.3
90442.5
88792
88217.9
88696.7
88143.6
86597.7
86060.7
86388.9
85937.5
84331.1
84733
84200.4
82817.7
82223
82410.4
81849.5
80399.6
80608.2
80065.3
78801.3
78160.1
78181.1
77589.5
76254.5
76275.5
75700.2
74523.2
73863.7
73737.7
73103.7
71867.2
71739.8
71124.1
69888
69692.3
69064.7
67941.3
67210.3
66926.8
66220.6
65026.9
101896
101406
103207
102782
99739.6
101591
101294
98900.1
98184.9
99376.8
98985.4
96743.1
96094.9
97116.8
96626.6
94564
94000.3
94861
94334.7
92459.8
91945.9
92654.6
92088.7
90152.5
90975.5
90463.4
88800.1
88194.9
88705
88160.2
86604.4
86058.1
86403.7
85951.4
84324.1
84744.8
84222.3
82829.6
82226.4
82429.9
81870.5
80403.8
80628.6
80093.1
78819
78176.3
78210.6
77618.8
76272.2
76308.6
75736
74551.2
73889.1
73772.8
73140.2
71892.6
71779.7
71167.3
69921.2
69736
69116.1
67988.4
67258.9
66986
66284.7
65092.3
101882
101376
103176
102723
99698
101564
101250
98841
98147.5
99357.5
98987.8
96749.9
96060.9
97102.5
96634.3
94568.8
93976.3
94857.8
94349.2
92462.8
91925.6
92661.1
92102.6
90133.9
90968.9
90481.5
88809.4
88176.5
88714
88179.9
86612.6
86054.2
86425.9
85968.5
84321.2
84752.8
84248.5
82846.6
82228.4
82447.8
81897.3
80410.5
80639.5
80125.1
78842.6
78187.8
78235.9
77654.5
76290.7
76329.2
75778.4
74584.8
73909.8
73806.6
73183.3
71918
71809.8
71217.9
69959
69775.5
69172.5
68040.8
67303.7
67044.7
66356.4
65155.4
101895
101354
103154
102729
99674.9
101544
101252
98844.6
98126.7
99336
98991.3
96760.7
96048.9
97082.4
96645.2
94580.8
93961.5
94848.7
94366
92471.9
91908.6
92662.6
92116.5
90127.2
90965.2
90500.2
88819.8
88168
88717.7
88200.5
86626.2
86050.6
86455.9
85983
84328.3
84766.5
84269
82864.2
82242.1
82465.9
81923.4
80430.5
80666.1
80152.1
78867.5
78215.1
78265.6
77690.5
76324.8
76369.6
75818.5
74624.8
73946.9
73846
73229.9
71962.6
71859.8
71268.9
70008.3
69833.5
69238.9
68111.9
67374.8
67116.1
66434
65232.2
101846
101323
103115
102662
99629.8
101520
101203
98743.3
98086.8
99316.7
98932.8
96731.2
96029.9
97071.2
96646.6
94587.2
93942.8
94839
94378.3
92475.4
91892.2
92661.6
92127
90112.7
90961
90515.9
88827.8
88154.9
88725
88219.7
86635.6
86043.7
86497.6
85995.1
84321.3
84776.7
84294.4
82878
82244.2
82486.2
81948.5
80434.3
80681.1
80186.3
78891.3
78226.6
78294.5
77725.6
76341.5
76396.3
75863.4
74660.5
73972.7
73888.8
73275
71991.4
71902
71323
70048.6
69877.6
69302.7
68173.1
67433.3
67190
66515.3
65305.3
101865
101300
103084
102667
99617.6
101499
101157
98747.2
98076.1
99294.6
98904.9
96739.3
96026.5
97056.5
96651.3
94604.3
93938.1
94820.5
94395.6
92493.1
91878.3
92654.8
92142.9
90119.8
90957.8
90532
88841.6
88155.7
88723.4
88240.1
86654.8
86042.5
86528.9
86017.2
84340.4
84789.7
84319.6
82905.3
82262.5
82502.4
81982.8
80467.2
80710.2
80218
78926.8
78259.3
78323
77770.3
76387.6
76439.7
75907
74708.5
74019.3
73930.7
73334.8
72052.7
71957.7
71385.3
70110.8
69947.7
69372.2
68249.4
67506.8
67263.1
66608.3
65394.5
101795
101269
103038
102598
99569
101473
101103
98641.8
98032.4
99276.7
98837.6
96634.9
96000.3
97051.2
96610.8
94607
93932.1
94809
94403
92501.6
91863.4
92642.8
92150.1
90108.7
90955
90548.1
88849.4
88143.3
88725.5
88258.8
86665
86046.3
86556.4
86029.3
84332.3
84801
84346.5
82919.7
82265
82516.7
82007.6
80469.2
80725.2
80254.9
78952.3
78272.9
78350.2
77807.2
76403.4
76468.6
75958.6
74751.4
74054.8
73974
73383.8
72087.1
72005.2
71446.4
70155.9
69998.7
69450.4
68324.7
67575.5
67340.8
66693.3
65472.8
101840
101297
103052
102627
99588.5
101482
101130
98673.6
98058.9
99294.2
98866.8
96668.7
96031.3
97082.2
96644.8
94641.8
93972.6
94847.4
94443.3
92549.7
91890.4
92668.1
92194.4
90139.4
90986.6
90586.6
88893.2
88176.8
88758.4
88303.3
86711.3
86092.4
86617.3
86089.1
84369.7
84850.2
84401.9
82974.3
82306.2
82571.6
82075.3
80519.5
80786
80318.6
79016.9
78323.4
78417.6
77887.4
76466.2
76547
76036.3
74829.7
74122.9
74059.5
73482.4
72172.7
72102.1
71546.4
70255.5
70114.4
69555.6
68435.9
67686
67460.3
66831.3
65610.9
101544
101017
102667
102257
99310.1
101177
100724
98308.7
97786.5
98995.3
98478.1
96318
95770.7
96783.9
96279.9
94297.6
93718.5
94549.7
94097.8
92251
91650.3
92332
91874.6
89891.4
90713.3
90228.1
88568.5
87931.9
88454.7
87948
86392.8
85847.8
86289.8
85744.5
84108
84576.5
84056.9
82658.8
82060.1
82280.4
81744.9
80265
80531.2
79993.4
78717.1
78087.6
78146.8
77580.2
76225.9
76308
75743.3
74556.3
73901.5
73802
73204.8
71954.5
71871.5
71282.5
70042.3
69897.3
69304.1
68200.4
67495.6
67247.3
66601.4
65433.1
101743
101292
103010
102488
99521.4
101433
101014
98513.9
97977.6
99259.8
98730.3
96493.9
95976.7
97067.4
96508.2
94454.1
93943.5
94862
94294.1
92421.4
91922.6
92642.8
92098.3
90133.3
91003.1
90483.2
88776.4
88198.9
88766.7
88186.3
86608.5
86146.2
86623.2
85977.6
84358.3
84861.6
84306.1
82868
82325.4
82590.8
81990.9
80523.7
80812.6
80254.2
78944.2
78362.2
78458.8
77846.2
76497.9
76604.1
76020.5
74807.8
74189.7
74130.7
73493.1
72246.7
72193.5
71584.9
70347.7
70232
69632.8
68512.9
67835.7
67628.4
66964.9
65789.6
101655
101230
102921
102387
99440
101331
100919
98419.6
97899.3
99182.2
98630.8
96395.2
95903.4
97000.8
96403.9
94345.9
93873.8
94808.8
94171
92306.9
91868.4
92574.3
91973.6
90056.2
90938.2
90396
88689.3
88141.9
88716.4
88163.8
86589.4
86118.3
86585.7
85980
84310.4
84829.8
84316
82876
82297.6
82573.1
82001.9
80484
80794.4
80276.8
78965.6
78354.2
78463.2
77873.4
76501.5
76611.4
76058.7
74845.1
74207.6
74155.9
73536.9
72270.1
72228.4
71645.7
70384.2
70267.4
69706.4
68590.6
67901.1
67696.9
67048.1
65867.6
101653
101205
102877
102305
99409.5
101297
100849
98423.7
97862.9
99155.5
98637
96403.6
95878.8
96982.5
96413.3
94356.9
93858.2
94798.9
94186.6
92319.2
91862.2
92569.6
91989.2
90058.6
90930.1
90413
88709.1
88144.3
88715.9
88181.9
86612.8
86131.6
86591.2
86012
84338.6
84846.3
84346.3
82908.8
82321.5
82593.9
82043.4
80525.5
80825.8
80320.3
79012.7
78395.6
78502.3
77935
76558.4
76664.2
76125.9
74915.9
74271
74221.4
73623.7
72353.9
72306.5
71740.6
70478.9
70366.7
69807.8
68698.1
68003.8
67805.3
67183.3
65999.8
101658
101176
102854
102314
99378.4
101257
100851
98434.8
97829.3
99124.4
98649
96416.8
95853.8
96963.3
96427.1
94368.5
93841.4
94792.2
94206.7
92328.7
91851.5
92586.3
92003
90049.1
90926.3
90439.5
88730
88150
88737.6
88209.7
86637.8
86156.5
86622.7
86037.2
84362.4
84873.2
84384
82941.2
82350.4
82634.6
82079.6
80558.8
80861.6
80370.1
79059.4
78441.4
78560.3
77988.7
76608.6
76722.1
76196.4
74985.8
74347.6
74306.6
73698.1
72434.3
72398.1
71835.2
70575.3
70464.1
69921.4
68818.3
68132.2
67944.3
67310.9
66142.3
101586
101143
102808
102227
99336.1
101222
100768
98400.4
97793.7
99092.7
98638.7
96423.4
95831.2
96940.3
96430
94377.1
93827.2
94778.5
94219.9
92337.9
91838
92593.2
92024.2
90031.7
90925.7
90457.3
88746.4
88153.9
88746.2
88226.7
86656
86167.5
86633.1
86066.2
84386.9
84894
84414.2
82973.8
82374.7
82659.5
82120.1
80594.9
80897.7
80415.6
79107.7
78481
78602.7
78049.5
76662.4
76779.1
76262.4
75055.4
74410.1
74374.9
73787.7
72516.8
72481.6
71934.5
70675.9
70575.4
70034.7
68940.7
101594
101112
102784
102237
99311.5
101178
100769
98415
97767.7
99060.2
98648.7
96438.8
95810.6
96921
96443
94392.8
93812.1
94774.9
94241.5
92352.1
91827.4
92613.5
92042.5
90025.6
90929.5
90486.7
88771.3
88168.1
88774.6
88256.6
86684.4
86202.4
86668.3
86091.3
84418.6
84928.3
84451.5
83010.4
82413.9
82706.2
82159.1
80639.4
80942.8
80468.5
79161.3
78539.6
78668.5
78107.7
76727.1
76848.8
76339.6
75134.7
74501.1
74469.5
73870.6
72613
72585.5
72037.6
70787.2
70681.7
70154.7
101517
101073
102735
102168
99267
101129
100688
98419.5
97725.3
99019.6
98632.6
96447.7
95778.6
96890.7
96447.2
94404.2
93787.2
94757.1
94257.6
92363
91804.6
92613.7
92059.3
90022.3
90924.8
90507.9
88786.5
88172.2
88786.1
88280.3
86706.2
86215
86678.7
86123.2
84439.9
84949
84485.1
83046
82434.4
82730.7
82206.2
80674.7
80978.1
80517.4
79212.7
78578
78713.5
78177.1
76783.8
76907.7
76413.9
75211.2
74564.4
74540
73968.8
72698
72670.9
72144.9
70892
70800.9
70284
101533
101045
102711
102184
99258.6
101061
100697
98449.5
97700.8
98978.3
98650.3
96474.6
95755.4
96867.6
96469
94431.5
93766.8
94752.1
94288.8
92385.5
91799.3
92632.6
92085
90034.1
90925
90545.8
88821.9
88192
88818.6
88318.1
86747.7
86257
86718.3
86156.7
84483.9
84987.4
84530.4
83096.9
82486.5
82786.3
82256.3
80736.8
81034.4
80581.2
79282.3
78651.2
78792.7
78246.3
76866.7
76992.1
76500.5
75305
74672.1
74650.6
74064.6
72816.8
72795.6
72262.1
71028.6
70932.4
70419.1
101404
100946
102596
102044
99166.8
100923
100561
98296.7
97575.4
98865
98524.5
96320.1
95640
96767.4
96352.4
94291.6
93673.8
94655.6
94169.4
92249.6
91719
92545.8
92033.2
89968.6
90859.2
90449.6
88771.7
88135
88767.2
88319.1
86749.6
86199.4
86653.9
86163.3
84445.3
84941.2
84530.8
83106.5
82443.5
82745
82279.7
80719.3
81012.6
80600.5
79310.7
78631.5
78777.6
78296.2
76879
77002.7
76552.3
75363.3
74690.1
74666.3
74147.9
72863.1
72830.8
72352.5
71087.2
71000.9
70518.7
101698
101297
103051
102380
99502.2
101233
101010
98633.2
97884.9
99227.1
98945.7
96624.6
95958.2
97166
96737.8
94578.2
94016.4
95099.4
94541.1
92557.5
92094.9
92989.3
92340.5
90300.5
91228.2
90839.8
89076
88478.8
89179
88695.1
87101.3
86595
87118
86490.3
84809.2
85351.6
84930.3
83444.8
82845.5
83205.5
82644.5
81111
81432
81023
79685.9
79062.3
79258.1
78690.1
77305.2
77462.9
77009.8
75788.9
75166.8
75202.3
74583.8
73335.6
73357.5
72836.7
71588.6
71528.2
71070.8
101310
100885
102500
101893
99123.4
100769
100469
98180.4
97509.2
98779.5
98436.8
96185.9
95573.9
96708.4
96240.7
94156.2
93633.2
94614.3
94033.8
92145.6
91695.2
92480.3
91878.7
89913.7
90798.9
90316
88631
88088
88715.2
88210.3
86673.2
86158.5
86636.9
86048.7
84431.2
84951.5
84458.6
83033.9
82481.5
82783.3
82223.3
80752.6
81074.9
80585.6
79299
78719.7
78871.3
78309.4
76970.5
77134.9
76622.6
75440
74842.6
74849.8
74269.2
73036.2
73059.5
72531.7
71309.4
71279.5
70773.5
101349
100919
102511
101923
99162
100772
100502
98222.3
97549.6
98812.4
98470.3
96228.1
95630.8
96759.3
96276.9
94204.4
93711.6
94663.5
94080.3
92214.4
91777.1
92532.8
91935.7
90010.1
90865.9
90381.8
88718.6
88192.1
88798
88299.2
86773.5
86256.1
86716.1
86127.1
84539.3
85031.8
84543.4
83135.1
82599.1
82883.6
82325
80883.2
81165.1
80690.5
79423.2
78858.2
78989.3
78434.3
77128
77248.4
76756
75596.3
75027.3
75004.3
74429.1
73243.7
73223.8
72715.1
71537
71469.3
70992.5
101355
100880
102446
101929
99126.4
100734
100443
98227.5
97518.6
98770.9
98401.2
96230.9
95611.6
96735.7
96276.9
94210.1
93708.4
94636.1
94090.4
92236.2
91767.7
92517.5
91959.3
90013.2
90866.1
90398.2
88752.5
88200.8
88802.5
88337.6
86810.9
86269.6
86721.2
86170.1
84556.6
85051.9
84581
83186.1
82626
82909.9
82383.6
80925.4
81215.8
80749.6
79496.9
78914.4
79047
78520.5
77205.2
77336.5
76851.7
75707.3
75121.2
75101.9
74558
73357.5
73346.5
72855.8
71672.6
71630.3
71149.8
101348
100852
102374
101816
99097.3
100700
100371
98162.5
97509.2
98734.8
98312.5
96173.2
95617.9
96710.5
96194.6
94223.8
93732.6
94619.2
94101.3
92266.7
91775.4
92514.4
91977.9
90040.1
90879.8
90421.6
88791.4
88236.1
88833.6
88381.8
86858.9
86318.6
86749.8
86209.4
84614
85090.1
84630.4
83249.5
82693.6
82965.4
82446.2
81004.2
81275
80822.2
79584
79006.5
79126.9
78608.4
77309.7
77418.9
76952.7
75826.5
75245.2
75213.9
74682.3
73502.7
73475.4
73002.7
71843.5
71775.2
71315.8
101358
100822
102324
101819
99072.1
100683
100362
98168
97493
98712.1
98301.1
96177.2
95612
96694
96198.1
94243
93728
94614.9
94113
92293.9
91785.7
92518.1
92002
90055.9
90909.9
90445.6
88826.5
88272.1
88880.5
88422.7
86903.4
86360.3
86783.4
86254.3
84658.4
85137.3
84677.6
83305.4
82741.9
83015.4
82509.1
81068.1
81347.7
80893.2
79661.8
79082.5
79204.8
78699
77405.3
77525.6
77059
75943.1
75367.5
75335.1
74817.1
73651.8
73631
73158.2
72014.5
71966.1
71496
101267
100778
102252
101705
99031.1
100648
100280
98097.9
97472
98671.8
98190
96177.7
95618.9
96667.3
96200.6
94255.8
93727.4
94601.9
94123.2
92316.9
91794.6
92514.1
92020.6
90085.5
90897.9
90471.2
88863.3
88313
88911.7
88462.6
86948.1
86397.3
86813.8
86295.9
84706.4
85173.7
84729.7
83367.9
82800.8
83073.1
82577.5
81142.8
81414
80974
79752.8
79174
79298.3
78801.1
77514.8
77629.6
77175.6
76070.2
75495.6
75465.7
74959.2
73801.4
73777.3
73322.6
72193.7
72132
71684.4
101283
100750
102208
101708
99008.8
100632
100284
98109.9
97463.3
98647.7
98192.1
96199.7
95612.8
96649.8
96213.7
94277
93736.1
94608.8
94139
92345.3
91826.5
92541.4
92035.7
90121.2
90919.7
90524.9
88910.1
88369.6
88966.5
88508.5
87003.5
86461.5
86866.4
86345.2
84773.7
85240.2
84789.7
83437.4
82878.6
83146.5
82650.1
81229.4
81503.8
81059.9
79844.7
79273
79395.6
78900.9
77624.3
77748.7
77294.5
76196.9
75636.8
75606.6
75105.4
73969.5
73952.1
73496.2
72388.3
72340.4
71893.5
101176
100688
102136
101600
98944.7
100585
100193
98001
97413.3
98598.8
98187.8
96206.4
95574.2
96612.8
96223.3
94284.5
93713.3
94602.4
94157.1
92357.3
91807.5
92535.5
92054.2
90146.5
90922
90559.9
88942.9
88391.7
88987.5
88549.9
87045.5
86479.4
86887.6
86389.1
84808.8
85269.1
84839.4
83494.1
82917.9
83191
82719.5
81292
81562
81138.7
79932.6
79346.7
79482.1
79011.4
77729.5
77856.9
77421
76328.3
75756.1
75744.6
75268.5
74122
74108.4
73677.4
72576.9
72525.5
72099.3
101207
100672
102108
101616
98948.6
100561
100205
98045.2
97409.8
98575.4
98212.9
96241.6
95559
96604
96257.3
94338.2
93710.9
94616.1
94191
92407.6
91854.2
92594.1
92096.5
90185.1
90967.9
90620.4
89012.9
88466.4
89053
88614.5
87124.6
86565.2
86963
86452.1
84907.6
85358.5
84920.2
83591.1
83040
83302.5
82813.3
81422.5
81684.1
81250.2
80060.6
79501.4
79630.9
79138.3
77885.9
78015
77569
76490.5
75949.9
75940.8
75437.8
74333
74333.2
73888.5
72822
72773.7
72360.9
101003
100509
101935
101425
98759.7
100366
99981.6
97855.2
97204.6
98405.6
98048.1
96036.2
95391.7
96455
96058.4
94133.6
93550.3
94491.4
94034.7
92219.5
91701.1
92464.4
91974.8
90063.7
90881.2
90527.2
88935.3
88370.4
88950.4
88518
87021.8
86459
86877.7
86455.2
84839.6
85294.4
84916.2
83594.2
82976.7
83246.2
82836.2
81383.3
81655.3
81272.9
80090.5
79473.2
79614.5
79198.4
77901.9
78034
77635.2
76561.3
75975.7
75975.9
75553.5
74402.6
74397.8
74017.3
72923.3
72873.9
72496.4
101463
101032
102573
101945
99344.5
100915
100630
98393.1
97728.1
98958.3
98669.5
96530.1
95941.2
97088.3
96665
94681.7
94135.2
95152
94594.8
92740.3
92283.2
93130.4
92505.7
90616.5
91475.3
91142.5
89565.1
89021.8
89628.4
89135.3
87617.1
87122.2
87601
87027.1
85482.1
85976.7
85579.1
84220.8
83668.7
83984
83469.8
82078
82367.5
81987.6
80781.6
80220.1
80390.4
79891
78653.3
78801.7
78411
77339.6
76803.5
76856.1
76336.4
75248.7
75297.4
74892.2
73805.6
73763
73410.2
100844
100408
101807
101248
98743.9
100234
99858.3
97743.1
97132
98312
97951.1
95862.9
95316.2
96398.4
95911.2
93996.5
93478.8
94419.3
93887.8
92109.3
91655.3
92399.8
91840.2
89982.6
90867.4
90418.6
88875
88328.8
88926.5
88456.3
86983
86500.8
86935.1
86414.4
84890.5
85383.8
84938.5
83610.5
83085.7
83378.3
82892.7
81520
81827
81392.1
80209.7
79679
79843.2
79373.8
78154.3
78326.8
77891.5
76835.2
76309.2
76361.4
75894.7
74805.1
74869.9
74464.4
73388.8
73424.8
73016.5
100915
100476
101858
101303
98831.4
100293
99908.8
97813.1
97227.3
98377.8
98011.6
95951.5
95442.2
96456.1
95984.6
94107.7
93626.2
94526.6
93976.4
92218.9
91774.1
92508
91962.1
90158.4
90955.9
90527
89048.6
88541.1
89072.5
88581.3
87132.8
86680.7
87090.2
86552.8
85080.7
85542.2
85087.9
83792.2
83305.3
83575
83070.3
81754.4
82031.6
81602.5
80457.6
79957.2
80095.7
79617
78447.8
78585.3
78169.6
77160
76664.1
76666.2
76217.2
75191.6
75205.4
74832
73822.3
73781.7
73416
100923
100425
101779
101304
98781.8
100248
99881.9
97817
97204.3
98334.9
97921.3
95961
95437.6
96420.6
96005.1
94137.1
93595.3
94495.1
94005.6
92267.8
91802.9
92496.8
91987.2
90171.6
90958.5
90601.9
89113.9
88575.3
89103.7
88641.7
87206
86723.4
87123.6
86624.3
85129.4
85596
85165.3
83880.7
83370.9
83637.3
83170.1
81831.4
82120.4
81708.6
80571.5
80055.4
80197.5
79750.3
78568
78725.5
78317
77317.2
76821.9
76834.8
76408.5
75376.6
75440.7
75065.4
74064.2
74047
73685
100821
100359
101696
101184
98716.7
100197
99766.1
97730.9
97132.4
98272.8
97924
95987.4
95418.9
96357.9
96012.1
94165.9
93597.5
94480.8
94033.4
92289.7
91789.3
92482.9
92034.7
90224
90958.1
90652.5
89173.4
88605.5
89128.7
88700.2
87274.1
86756.1
87158
86690.9
85194.1
85644.7
85240.7
83970.1
83439.3
83712.3
83272.6
81938.3
82213.7
81820.9
80700.6
80175.5
80331.6
79904.1
78726.5
78878.3
78482.4
77493.5
76998.3
77027.3
76631.7
75593.5
75668.2
75309.1
74321.1
74307.2
73972.3
100863
100349
101666
101208
98730.5
100187
99780
97792.4
97177.8
98266
97958
96034
95433.8
96407.8
96063.6
94221.9
93624.2
94493.9
94096.3
92379.9
91888.2
92542.1
92098.9
90303.1
91032.2
90745.7
89282.8
88706.5
89218.1
88798.2
87395.6
86883.4
87263.8
86785.6
85333.9
85772.5
85358.1
84110.7
83608.9
83865.8
83404
82116.4
82385.3
81974.5
80877.2
80390
80532.6
80078.8
78936.5
79101.7
78705
77741.5
77268.9
77311.5
76892.7
75882.8
75974.8
75614.5
74649.2
74667.7
74349.1
100597
100132
101436
100936
98418.3
99919.9
99518.6
97565.7
96939.2
98077.5
97730.5
95771.7
95167.5
96203
95812.3
93983
93449.3
94314.6
93887.8
92147.1
91684.3
92383.3
91963.5
90142.7
90895.6
90587.6
89087.2
88529.8
89063.3
88642.5
87220.8
86720.6
87142
86755.3
85221.6
85679.7
85314.4
84065.9
83507
83792.6
83427.2
82054.3
82352.6
82001.7
80904.1
80348.1
80521.5
80156.2
78948.5
79126.6
78775.5
77806.8
77289.6
77367.9
77016.8
75948.1
76067.3
75759.5
74748.6
74800
74501.9
101233
100825
102257
101657
99234
100657
100341
98249.7
97615.9
98818.8
98530.3
96531.8
95964.5
97080.5
96635
94740.8
94243.9
95143.5
94653.7
92921.9
92483.1
93223.3
92690.9
90977.2
91797.4
91495.8
89939.7
89401.6
89968.7
89510
88090.7
87637.3
88098.6
87570
86127.5
86597.3
86229.8
84974.3
84472.8
84783.3
84314
83025.7
83314.5
82974.8
81881.5
81386.4
81576.9
81136.9
80011.6
80189.3
79865.9
78903.9
78413.7
78503.7
78077
77113.7
77233.2
76892.6
75953.5
76004.1
75731.6
100438
100021
101308
100777
98421.8
99781.1
99424.7
97435.3
96854.2
98023.8
97578.4
95662.1
95137.6
96138
95680
93888.4
93427.7
94241
93781
92102.8
91670.5
92354.1
91858.1
90100
90910.5
90533.8
89077.6
88585.3
89129.6
88681.4
87298.7
86838.7
87254.9
86789.5
85374
85840.9
85432.5
84204.7
83725.5
84017.7
83586.8
82335.8
82644
82256.7
81175.3
80702.9
80883.6
80480
79374.7
79567.2
79202.8
78237
77790.7
77909.8
77525.7
76554.9
76683.6
76349.4
75420.5
75511.5
75207.1
100514
100091
101378
100846
98503.7
99844.9
99476
97526.2
96956.5
98076.1
97649.5
95775.3
95291.6
96239.5
95801.3
94024.1
93577.6
94381.5
93900.9
92245
91799.3
92480.9
92002.8
90329.5
91159.1
90722.1
89268.9
88775.3
89303.6
88860.3
87505.2
87055.1
87460.8
86985.2
85608.1
86057
85655.6
84465.2
84004.2
84286
83861.3
82636.7
82915.9
82547.1
81500.7
81042.6
81211.1
80826.3
79747.9
79904.1
79568.5
78640.8
78210
78312.3
77950.2
77017.1
77125.7
76821.8
75940.1
75989.3
75718.7
100546
100069
101315
100863
98511.2
99817.7
99489.5
97556.9
96951.9
98053.6
97700
95846.8
95316.4
96230.4
95852.8
94091.9
93566.9
94387.5
93957
92339.6
91895.4
92561.6
92090.8
90386.3
91208.1
90822.6
89386.5
88869.2
89379.6
88969
87636.3
87180.1
87558
87095.4
85733.9
86185.6
85785.2
84615.6
84182.6
84442.2
84013.2
82810
83102.7
82729.3
81704.5
81281.3
81434.5
81040.1
79983.3
80175.6
79838.9
78930
78535.9
78625.4
78257.4
77352.9
77481.2
77179.1
76309
76409.4
76138.7
100248
99801.9
101042
100534
98102.4
99513
99214.7
97336.4
96754.9
97805.6
97391.8
95551
95003.3
95971.9
95573
93833.6
93339.8
94207.2
93732
92079.8
91654.7
92366.5
91917.9
90177.1
91012.2
90621.1
89174.1
88661.4
89196.5
88803.9
87455.4
86994.9
87428.4
87083
85625.5
86093.5
85767.7
84594.6
84085.1
84380.2
84052.6
82757.4
83072.7
82763.5
81736.8
81239.8
81421.6
81119.4
80010
80212.9
79913.2
79004.2
78556.4
78681.9
78391.6
77430.2
77587.6
77326.5
76416.6
76540.8
76288.2
101047
100659
102033
101473
99096.8
100458
100171
98139.5
97592.3
98717.4
98424.3
96526.8
96013.4
97050.3
96590.6
94795.7
94313.6
95198.6
94678.8
93024.4
92660.4
93449.5
92951.1
91294.5
92074.7
91726
90257.5
89758.2
90316.9
89895.8
88560.8
88149
88609
88125.8
86768
87238.8
86911.7
85732.8
85276.7
85586.9
85164.1
83963.8
84272.2
83982.7
82971.3
82539.5
82750.8
82354.8
81293.5
81485.1
81210.4
80333.3
79953.7
80092.1
79712.1
78844.1
79003.2
78715.8
77892.2
77987
77769.2
103886
101831
101391
102687
102132
100087
99685.3
100919
100430
98063
99450.6
99101.6
97185.4
96685.6
97710.4
97298
95466.8
94956
95916.6
95449.6
93770.8
93347.2
94176.2
93716.8
92089.6
91652.5
92288.3
91835
90199.9
91001.4
90654.6
89249
88783.3
89322.1
88913.8
87606.1
87184.6
87605.9
87195.1
85857.5
86331.6
85971.1
84814.2
84381.3
84682.8
84301
83123.9
83454.1
83118.6
82111.3
81694.8
81892.1
81542.6
80519.2
80760.2
80442.4
79560.9
79180.5
79335.5
79016.9
78139.5
78310.2
78035.9
77211.7
77354.8
77114.1
104535
103935
101897
101449
102753
102204
100174
99768.4
101008
100520
98163.2
99532.7
99162.2
97293
96760
97791.4
97393.9
95627.8
95170.2
96128.8
95646.1
93946.6
93479.5
94267.8
93832.3
92257
91832.8
92531.8
92134.8
90516
91234.8
90874
89493.7
89028.2
89552.9
89157.7
87875.6
87458.8
87874.3
87468.3
86154.3
86607.8
86262.1
85141.6
84712.5
85005.4
84636.9
83486.7
83791.3
83473
82505.7
82089.1
82292.2
81971.3
80957.8
81176.9
80881.2
80042.8
79674.9
79824.2
79526.5
78684.8
78834.4
78590
77792.2
77914.6
77693.8
103219
104445
103956
101930
101429
102685
102234
100222
99755.6
100948
100564
98189.3
99483.7
99142.9
97387.9
96858.6
97877.4
97505.4
95722.4
95157.1
96048.8
95696.7
94040.9
93596.8
94364.7
93951.1
92414.3
91958.3
92608.8
92238.3
90617.5
91336.5
91003.6
89649.7
89182.8
89679.8
89300.8
88053.2
87651.4
88023.6
87616.1
86334.6
86792.4
86465.6
85381.7
84968.8
85231.3
84845.7
83739.7
84053.2
83742.7
82807.3
82431.1
82617.1
82262.7
81296
81528.4
81233.2
80436.9
80112.8
80232.6
79919.6
79119.3
79282.4
79039.7
78265
78407.9
78201.5
105868
105257
103381
102889
104145
103586
101550
101097
102372
101877
99838.5
99387.2
100540
100108
97814.1
99308.9
98933.2
97059.7
96422.2
97476.9
97097.4
95316.4
94815.1
95801.4
95445.9
93716.8
93260.6
94091
93690.7
92102.9
91647.4
92354.8
92015.4
90328.7
91108.8
90760.7
89371.2
88905.4
89456.7
89098.7
87809.3
87392.7
87847
87535.6
86150.1
86649.8
86336.4
85211
84785.1
85130.9
84861.7
83629.9
83987.7
83748.4
82807.1
82351.2
82591.6
82325.6
81269
81537.6
81291
80470.1
80090.3
80264.2
80040.3
79155
79364.4
79171.3
78336.7
78523.8
78331.8
106596
106016
104129
103663
105054
104492
102444
102026
103433
102875
100852
100494
101838
101270
98981.6
100212
99954.2
98092.1
97613.4
98697.2
98396.8
96551.6
96010.3
96935.1
96585.6
94893.1
94485.8
95357.4
94918.6
93383.5
93016.6
93739.3
93246.7
91651.5
92401
92100.6
90720.6
90270.4
90817.5
90429.3
89176.5
88812.7
89270.9
88826.7
87550.2
88022.5
87728.3
86648.1
86266.8
86607.1
86247.8
85148.6
85492.2
85233.3
84285.9
83881.9
84131.2
83798
82864.2
83100.4
82864.4
82088.3
81774.4
81935.9
81634.5
80853.2
81038.3
80818.3
80088.1
80236.1
80073.4
105571
105025
103177
102703
103919
103400
101417
100984
102212
101729
99776.6
99380.8
100499
100032
97886.4
99161.6
98853.2
96898.1
96385.7
97426.2
97085.4
95375.2
94947.5
95849
95473.4
93757.6
93329.7
94097.1
93659.3
92150
91784
92426.4
92042.5
90529
91278.8
90915.4
89583.3
89178
89689
89306.3
88093.5
87734.6
88145.3
87769.8
86537.5
87016.1
86702.7
85639.4
85273.1
85584.2
85259.4
84192.3
84534.6
84244.8
83340.9
82986.8
83206.1
82893.3
81978.3
82236.1
81980.9
81194.9
80893.3
81065
80802.1
80034.9
80245
80033.9
79313
79501.2
79318.8
105419
104839
103001
102515
103777
103230
101265
100821
102091
101593
99643
99213
100336
99806
97617.6
98990
98719.1
96976.7
96415.4
97417.7
97079.5
95331.4
94773.4
95649.8
95294.9
93732.2
93308.8
94104.6
93740.3
92240.8
91833.3
92457.1
92126.4
90549.2
91271.2
90970.6
89663.3
89201.8
89721.1
89398.3
88193.3
87787.2
88223.9
87913.4
86641.7
87109.5
86828.2
85782.2
85394.8
85717.1
85425.8
84344.9
84701.2
84433.8
83525
83163.2
83396.4
83143.8
82219.3
82474.6
82245.4
81475.7
81161.1
81357.4
81142.8
80371.3
80586.4
80412.1
79688.2
79881.9
79719.3
106243
105719
103845
103417
104785
104257
102266
101881
103249
102711
100760
100407
101674
101103
98973.1
100267
100007
98109.8
97550
98640.9
98493
96717
96217.1
97153.9
96732.3
95006.7
94587.6
95471
95077.2
93615.7
93320.7
94039
93577.5
92030.3
92752.7
92484.6
91154.6
90721.8
91265.2
90908.7
89705.1
89363.2
89806.8
89384.1
88183.6
88669.6
88409.7
87377.5
87028.8
87379.5
87037.7
85996.3
86293.1
86046.9
85182.2
84869.1
85120.2
84816.9
83942.8
84210.1
84010.9
83279.2
83006.6
83200.5
82916.7
82213.4
82432.4
82245.7
81573.4
81751
81628.7
105083
104589
102721
102268
103507
103013
101037
100635
101873
101387
99460.5
99079.3
100216
99696.9
97590.2
98953.9
98633.5
96819.5
96304
97239.7
96908.5
95212.2
94753.2
95701.3
95349.9
93772.6
93370.7
94163
93719.9
92205.7
91806.9
92461.5
92107.2
90598.7
91393.1
91085.6
89782.2
89378.4
89929.1
89592.2
88383.7
88032.3
88493.5
88171.6
86947.4
87461.6
87172.5
86127.1
85774
86139
85829.1
84773.3
85170
84923.3
84017.6
83697.5
83978
83727.6
82825.3
83139
82915
82158.7
81884.6
82126.3
81924.3
81175.5
81437.3
81275.6
80578.3
80814
80667.3
104965
104438
102661
102167
103411
102922
101048
100574
101812
101379
99497.7
99041.1
100161
99704.6
97520.2
98775.8
98471.2
96848.8
96329
97341.7
97026
95381.4
94828.7
95679.8
95314.3
93761
93269.2
94132
93813.4
92390.1
92000.9
92656.9
92295.4
90771
91473.9
91186.7
89945.6
89527.4
90036.7
89733.8
88597.3
88227
88655.8
88359.5
87173.8
87632.4
87370.1
86399
86017.8
86328.7
86081.1
85102.2
85416
85180.8
84357.6
84035
84285.5
84056.5
83210
83475.8
83280
82590.8
82322.2
82527.5
82348.1
81651.6
81873.3
81732.7
81090.6
81291
81161.1
105890
105419
103577
103172
104517
104049
102117
101736
103065
102591
100688
100341
101541
101035
98968.5
100259
100067
98241.9
97692.9
98666.1
98361.3
96707.3
96300.5
97268.1
96927.7
95306.5
94811
95560.8
95223.6
93860.3
93598.3
94335.7
93902.1
92394
93105.1
92843.6
91568.8
91168.5
91699.8
91365.4
90228.6
89913.2
90343.4
89960.8
88827.1
89317.1
89078.8
88119.9
87810.2
88146.6
87804.8
86775.2
87132.9
86959.9
86155.9
85873.9
86138.9
85871.8
85058.2
85350.1
85176.9
84505.2
84280.4
84481.8
84250.4
83603
83840.6
83685.5
83073.1
83286.2
83180.5
104603
104137
102292
101835
103105
102654
100706
100282
101538
101117
99182.7
98800.5
99942.2
99523.7
97395.1
98683.5
98407.5
96662.7
96168.9
97197
96839.4
95092.6
94589
95500.8
95220.5
93716.3
93404.3
94234.3
93875.1
92286.1
91847
92555.2
92217.8
90690.8
91511.1
91229.5
89954.3
89575.8
90174.2
89868.3
88686.3
88346
88859.1
88578.7
87376.1
87924.6
87663.5
86642.4
86291.8
86671.3
86463.7
85448.1
85895
85666
84785.2
84486.3
84826
84624.5
83736.9
84096.9
83917.6
83184.4
82943.5
83240.4
83093.2
82363.5
82675.2
82561.9
81879.7
82158.8
82055.2
104715
104205
102438
102029
103259
102756
100916
100531
101731
101249
99450.1
99115.8
100167
99671
97699.1
98944.3
98587.8
96915.1
96399.9
97406.1
97110.9
95556
95213.8
96066.3
95651.3
94094.5
93654.9
94356.5
94043.7
92722.6
92409.2
93070.9
92698.7
91239.5
91935.8
91651.1
90482.1
90108
90619.1
90316.3
89244.3
88930.1
89358.2
89059.6
87955.7
88421.4
88177.6
87262.8
86963.7
87307.1
87072.5
86100.5
86462.6
86259.8
85496.1
85219.1
85487.5
85280
84489.7
84777.5
84620.2
83988.5
83769.5
83992.6
83835.5
83197.3
83437.9
83330.2
82745.5
82958.6
82876.5
104584
104205
102428
101986
103164
102778
100936
100504
101647
101275
99479.4
99121.1
100101
99681.6
97589.4
98890
98667.7
97109.8
96652.9
97596.9
97223.8
95590.5
95110.9
95926.5
95667.7
94213
93847.9
94564.4
94202.7
92843.8
92527.1
93153.4
92831.6
91386.1
92085.6
91830.3
90660.5
90300.7
90792.4
90516.6
89455.4
89159.7
89553.9
89284.2
88200.5
88664.9
88461.5
87575.6
87291.4
87592.8
87352.7
86415.6
86791.6
86604.1
85855.1
85604.2
85858.5
85648.8
84895.2
85199.2
85041.7
84434.7
84250.4
84462.1
84298.8
83696.4
83951
83838.8
83275.4
83512.6
83424.2
104271
103804
101981
101574
102820
102364
100473
100077
101277
100837
98932.5
98543.3
99686.8
99438
97388.8
98700.8
98254.3
96491.3
95972
97082.2
96796.4
95177.4
94751.9
95688.3
95334.6
93765.8
93414.3
94215
93871.3
92445.4
92119.6
92841.7
92570.2
91043.9
91820.6
91553.9
90325.5
89959.2
90535.8
90283.6
89161.5
88841.1
89338.5
89131.5
87960
88512.9
88322.1
87349
87016.4
87419.3
87242.7
86222.7
86671.1
86509.4
85703.4
85429
85778.8
85660.2
84800.8
85166.8
85056.3
84386.6
84153.6
84449
84362.3
83676.8
83992.5
83919.6
83285.9
83575.4
83505.9
105309
104857
103045
102669
104034
103567
101692
101343
102664
102202
100445
100107
101266
100652
98620.3
99921.5
99786.3
98100.2
97581.2
98547.5
98299.9
96712
96307.4
97255.2
96976.3
95492
95133.7
95915.5
95519.2
94145.6
93879.6
94599.5
94203.1
92780.6
93507.5
93282.8
92099.6
91751.5
92303.2
92019
90960.4
90696.9
91174.1
90863.8
89785.1
90264.2
90063
89173.3
88901
89280.9
89032
88126.6
88518
88374.2
87648
87417.2
87724.7
87535.3
86794.6
87112
87001
86410.2
86231.6
86478
86322.8
85736.1
86000
85910
85369.2
85602.4
85552
104124
103710
101932
101547
102737
102323
100499
100130
101275
100880
99143.8
98712.4
99765.8
99323.2
97381.5
98574.9
98367.9
96784.7
96389.6
97307.4
96996.9
95406.9
94982.3
95801.6
95443.4
94012
93690.3
94457
94109.4
92797.6
92547.2
93176
92856.7
91496.1
92208.1
91945.9
90803.4
90499
91014.2
90743.5
89714.5
89459
89882.9
89636.7
88591.6
89096.4
88889.4
88003.6
87746.4
88089.1
87870.3
86997.1
87399.8
87241.7
86521.6
86313.9
86607.3
86438.7
85726.2
86060.4
85940.8
85357.3
85198.9
85441.8
85311.8
84748.7
85025.6
84941.8
84419.7
84678.4
104029
103556
101729
101355
102647
102182
100311
99951.2
101183
100704
98840.7
98475.2
99718
99418.5
97381.9
98630.4
98282.2
96542.5
96102.9
97134
96840.4
95276.7
94868
95796.5
95505.8
94052.1
93634.3
94454.9
94153.3
92769.3
92484.1
93211
92938.2
91480.5
92261.8
92019.9
90838.4
90487.4
91079.2
90839.5
89767.6
89471
89975.3
89769.8
88648.9
89203.3
89001
88080.2
87798
88225
88059.1
87111
87574.5
87434
86670.7
86434.5
86804.7
86688.2
85904.7
86296.5
86200.6
85572.2
85384.5
85702.3
85623.3
85000.4
85340.1
85276.5
84701.9
85014.1
104788
104346
102542
102170
103539
103078
101240
100895
102217
101762
99970.4
99615.8
100792
100286
98270.5
99533.7
99368.6
97698.5
97273.1
98267.3
98013.6
96480.6
96088.5
96987.7
96692.7
95293.1
94920.9
95732.7
95384
94064.8
93820.9
94526.1
94146.9
92800.2
93519.9
93306.9
92176.7
91857.6
92412.1
92145.6
91135.6
90887.1
91374.8
91066
90026.9
90530.8
90352.9
89499.4
89260.2
89660.9
89438.7
88582
88997.2
88872.1
88186.6
87981.5
88308.1
88146.1
87448.5
87793.3
87706.6
87157.2
86998.3
87264
87143.4
86595.6
86885.8
86819.5
86319.6
86580.9
104654
104263
102422
102080
103409
102999
101141
100818
102094
101661
99816.4
99511.4
100717
100346
98310.5
99556.7
99428.5
97764.6
97278
98249.5
98019.7
96417.7
96026.5
96930.6
96614.3
95156.1
94821.7
95678.4
95444.6
94167.5
93904.1
94571.1
94216.2
92845.1
93577.6
93405.3
92263.9
91937.7
92495.9
92259.1
91242.6
90998
91473.1
91195.7
90183.3
90689.2
90518.9
89655.5
89426.1
89828.3
89637.9
88781.3
89207.1
89110.2
88413.7
88215.7
88546.7
88402.6
87708.9
88062.3
87992.8
87438.6
87293.8
87566.7
87453.9
86916.4
87210.3
87157.2
86659.1
86923.4
103747
103378
101522
101143
102439
102057
100177
99821.5
101058
100659
98801.8
98467.1
99633.9
99344.5
97284.6
98578.8
98289.9
96669
96198.1
97177.9
96916.4
95380.4
95032.8
95999.4
95742.7
94298.7
93932.1
94672.8
94357.1
92991.7
92705.3
93455.5
93213.1
91822
92608.6
92402.5
91249.1
90939.1
91535.4
91313.8
90261.7
90010.3
90530.9
90310.7
89229.4
89810.8
89659.6
88782.1
88544.1
88977.2
88820.7
87923.9
88394.1
88273.4
87549.6
87359.3
87738.7
87632.9
86900.9
87300.5
87220.1
86635.1
86494.1
86823.5
86759
86178
86521.5
86486.5
85948.2
86259
103687
103281
101538
101136
102392
101991
100214
99835.7
101023
100635
98873.8
98509.1
99578.4
99208.4
97287.4
98564.7
98329.3
96801
96373
97288.5
96993.6
95514
95154.6
95992.8
95718.8
94321.7
93987.2
94730
94490.5
93268.4
92942.9
93582
93322.5
92009.3
92723.2
92511.2
91454
91151.1
91687.1
91472.5
90511.1
90246.1
90692.9
90494.7
89520.9
90036.6
89863.7
89065.2
88835.9
89222.8
89068.2
88247.2
88661.8
88549.1
87903.1
87720.9
88047
87939.7
87282.8
87629.2
87551.3
87040.6
86913.1
87193.6
87121.1
86612.7
86912.7
86859.5
86400.4
86679.3
104521
104152
102339
101991
103341
102950
101121
100791
102072
101655
99890.8
99603.8
100808
100376
98459.9
99700.7
99469.8
97841.9
97439.6
98426.2
98201.2
96669
96313.5
97226.2
96999.7
95569.7
95269.8
96094.8
95812.5
94532.7
94259
94939.8
94599
93286.8
94034.4
93866.4
92761.3
92467.6
93041.3
92813.5
91834.9
91623.9
92121.7
91846.3
90843.5
91375.6
91247
90438.9
90241.5
90656.1
90467.8
89663.6
90094
90009.6
89348.8
89187.5
89535
89396.1
88754.3
89113.8
89057.8
88536.9
88434
88724.2
88613.1
88126.9
88431.7
88384.1
87922.9
88189.1
103510
103160
101363
100998
102248
101884
100073
99725.5
100903
100537
98804.7
98497
99575.2
99167.2
97269.8
98540.5
98271.7
96726.3
96304.5
97281.9
97039.5
95596.9
95251.8
96126
95818
94372.4
94016.1
94791.5
94560.3
93330.7
93078.9
93733.5
93483.4
92167.2
92916.6
92717.1
91644.4
91365
91923
91716.9
90755.4
90528
90989.4
90808.8
89830.3
90379.6
90225.9
89415
89216.2
89624.5
89485.1
88668.7
89119.4
89016.9
88362.6
88205.6
88559.4
88467
87810.6
88192.3
88129.3
87612.8
87506
87812.2
87756.6
87245.8
87570.2
87546
87076.3
87370.6
103471
103078
101289
100929
102219
101830
100020
99676.1
100879
100477
98713.5
98411.6
99564.7
99232.6
97336.4
98617.3
98322.4
96754.5
96296.4
97266.2
97006.7
95518.9
95186
96129
95863.6
94451.1
94124.8
94931.4
94664.5
93415.3
93151.5
93826.9
93577.5
92259.8
93019.6
92820.2
91754.6
91470.8
92048.5
91844.1
90879.5
90664.3
91162.7
90989.8
89979.1
90533.3
90394.1
89595.9
89389.1
89821.8
89696.9
88874.5
89337.7
89246.7
88596.7
88431.1
88805.3
88730.1
88068
88464.5
88407.3
87894.7
87784
88107.7
88059.8
87551.7
87895.4
87862.4
87398.9
87715.4
104121
103749
101954
101604
102961
102570
100769
100440
101728
101340
99618
99304.7
100428
99969
98094.8
99351
99220.3
97645.7
97227.2
98204
98038.8
96541.8
96174.4
97090.6
96814.9
95429.8
95149.2
95964.6
95679.9
94445.1
94201.6
94895.6
94576
93310.9
94043
93875.6
92820.1
92550.5
93125.9
92921.6
91979.6
91771.3
92249.7
92020.6
91086.5
91624.1
91501
90729.6
90549
90979.9
90816.9
90043.5
90482.3
90410.9
89790.8
89647.4
90010.6
89901
89285.8
89655.1
89615.7
89132.3
89038.7
89341.6
89266.8
88801.5
89118.4
89086
88662.5
88943.7
104027
103681
101860
101534
102871
102504
100688
100383
101647
101266
99504.6
99225.8
100395
100024
98150.2
99368.8
99247.7
97654.6
97215.4
98182.1
97993
96448.1
96091.6
97005.4
96789.6
95447.5
95180.4
96018.6
95752.1
94496.5
94239.6
94923.1
94628.5
93347.8
94089.1
93950.2
92889
92618.7
93197.2
93010.6
92061.4
91867
92351.2
92127.1
91186
91734
91638
90863.3
90685.8
91114.3
90973.7
90199.7
90644.6
90593.3
89971.7
89830.4
90192.9
90100.3
89487.4
89861
89837.5
89354.7
89264.8
89569
89505.4
89043.6
89358
89347.3
88919.3
89197.1
103282
102952
101144
100797
102077
101740
99923.5
99605.9
100806
100467
98705.2
98420.1
99539.6
99209.2
97329.6
98523.4
98313
96789.8
96379
97368.4
97193.7
95769.9
95406.7
96264.5
96012.8
94631.3
94312.8
95106.7
94865.6
93630.2
93405.2
94086
93861.9
92569.4
93331.5
93162.5
92116.1
91853.9
92430.5
92258.6
91309
91100.2
91602.8
91453.9
90494.9
91055.5
90937.4
90160
89986.1
90420.3
90315.1
89524.8
89996.8
89928
89305.4
89171.6
89548.4
89488.5
88858
89259.2
89226.4
88737.9
88652.1
88977.8
88951.5
88466.6
88808.6
88810.6
88367.3
88679.5
103245
102875
101096
100756
102046
101678
99910.1
99583.5
100775
100381
98642.3
98380.2
99546
99257.6
97383.6
98584
98338.9
96826
96414.6
97391.5
97144.7
95757.7
95373.7
96251.2
96038.2
94690.5
94402.7
95226
94963.2
93726.1
93485.3
94159.1
93935.9
92664.8
93422.2
93246
92225.9
91964.8
92537.6
92355.9
91441.9
91239.9
91742.3
91583.2
90636.3
91198.1
91084.3
90331.6
90153.8
90591.9
90491.7
89716.1
90186.6
90121.9
89518.5
89382.3
89762
89708.4
89092.2
89495.1
89457.7
88988.1
88903.4
89234.8
89205.1
88738.9
89089.1
89072.5
88649.9
88972.2
103834
103480
101683
101351
102711
102341
100563
100257
101540
101141
99419
99142.3
100289
99910.1
98041.5
99275.6
99144.7
97615.4
97227
98227.7
98048.2
96642.1
96226.6
97107.9
96893.8
95545.7
95279.7
96126.3
95841
94615.8
94394.4
95098.3
94814.6
93580.1
94319.9
94171
93145
92894.9
93481.1
93291.7
92378
92179.1
92695.6
92495.7
91598.5
92150.1
92050.4
91310.9
91153.5
91597.6
91464.4
90726.4
91178.9
91131.3
90543.4
90424.8
90801.8
90719.7
90139.6
90522
90497.2
90044.2
89976.4
90295
90242.8
89807.9
90134.6
90117
89721.4
90009
103763
103427
101614
101302
102644
102292
100504
100220
101482
101075
99335.9
99112.5
100291
99989.2
98085.2
99297.4
99162.7
97621.1
97186.8
98180.1
97986.4
96542.4
96189.9
97103.9
96925.8
95599.7
95333.4
96152.3
95882.7
94661.7
94440.1
95135.9
94864.9
93625.5
94371.8
94245.9
93212.4
92965.8
93554.5
93378
92466
92283.6
92787.3
92592.7
91699.2
92257.4
92179.4
91436.9
91282.8
91726.7
91608.3
90872.1
91327
91298
90707.2
90590.3
90969.4
90897.7
90320.8
90703.5
90700
90244.6
90177.7
90496.1
90450
90021.1
90344.3
90351
89952.4
90236.7
103101
102781
101000
100675
101940
101614
99849.1
99560
100741
100372
98654.3
98438.5
99513.6
99215.6
97338
98586.5
98403.2
96943.5
96541.8
97534.4
97306.2
95910.3
95558.9
96396.9
96160.3
94852.8
94587.3
95375.5
95159.7
93966.5
93753
94407.2
94203.8
92964.3
93711.7
93555.7
92563.2
92325
92887.7
92723.3
91824
91654.3
92146.3
92014.3
91106.2
91659.8
91566
90845.4
90696.6
91120.2
91036.7
90298.5
90766
90719.1
90148.6
90040.7
90408.7
90366
89786.3
90182.7
90169.4
89728.9
89667.3
89981.3
89968.1
89529.9
89863.4
89881.7
89484.9
89792.4
103076
102716
100919
100611
101919
101556
99764.9
99466.7
100692
100374
98671.4
98431.6
99546.6
99232.7
97347.4
98603
98349.3
96841.9
96475.1
97524.3
97308.3
95844.9
95519.3
96432.9
96206.4
94893.2
94619.1
95425.4
95201.7
93990
93767.2
94462.3
94263.3
93002
93786
93620.8
92603.9
92357.7
92955.8
92806.9
91896.4
91716.2
92239.2
92112.4
91179.3
91772.8
91677.3
90937.3
90780.5
91247
91175.7
90408.8
90911.7
90866.1
90274.3
90157.1
90567.3
90534.3
89928.2
90361.7
90342.4
89884.6
89814.9
90172.9
90160.7
89698.2
90068
90090.8
89666.7
90002.9
103621
103268
101421
101127
102533
102161
100353
100096
101391
100951
99189.6
98980.8
100252
99874.8
97982.6
99264.5
99122.4
97569.1
97171.9
98225.3
98042.9
96553.1
96223
97178.9
96971.9
95628.2
95371.6
96217.8
95956.1
94730.8
94553.9
95287.3
95012.4
93766.4
94551.9
94418
93385.5
93159.3
93765.9
93583.7
92671.3
92529.7
93073.3
92884
91988.9
92582.2
92497.1
91762.9
91630.1
92102.1
91993.7
91257.3
91749.1
91719.3
91137.4
91040.1
91444
91385.5
90805.2
91221.1
91215.1
90768.5
90717.4
91058.7
91030.1
90593.2
90943.9
90965.4
90567.1
90881.3
103474
103137
101317
101013
102390
102027
100247
99952.2
101237
100877
99217.8
98920.4
100086
99694.1
97825.1
99090.3
99000.5
97481.5
97124.6
98123.7
97932.1
96467.5
96156.6
97083.7
96891.9
95571.6
95312.9
96141.5
95886.7
94695.4
94504.7
95220.7
94959.3
93753.5
94503.3
94387.6
93389.5
93152
93746.5
93583.7
92689.6
92528.4
93061.8
92887.9
92017.5
92578
92512.5
91794.4
91660.1
92121.4
92020.1
91314.1
91779.1
91766.6
91199.6
91101.9
91495.3
91443.2
90890.9
91281.7
91295.9
90861.6
90810.6
91141.9
91116.1
90708
91040.9
91069.4
90692.3
90985.2
103438
103111
101292
100982
102366
102026
100247
99936.4
101227
100878
99188.1
98897.1
100105
99773.4
97902.1
99133.1
99027.2
97483.2
97092.8
98068.6
97920.8
96490.4
96197.9
97144.6
96938.6
95614.9
95355.8
96195.3
95934.9
94754.2
94564.9
95282.4
95019.1
93828.3
94577.5
94468.1
93467.2
93237.6
93836
93673.8
92792.2
92638
93164.5
92984.2
92133.6
92698.3
92634.3
91921.1
91788.8
92255.5
92153.1
91458.5
91924.2
91912.8
91351.8
91258.1
91655.5
91598.7
91060.1
91453.1
91467.8
91040.5
90993.4
91328
91296.5
90903.3
91239.7
91265.4
90898.6
91192.1
103372
103060
101232
100919
102303
101974
100182
99887.6
101175
100831
99125
98859.7
100059
99730.1
97829.8
99098.8
99015.7
97506.4
97125.8
98107.1
97939.8
96476.5
96111.8
97049.9
96878.6
95617.8
95376.6
96210.5
95955
94764.1
94581.8
95297.2
95050.4
93836.1
94606.1
94496.1
93499.3
93266.8
93872.1
93717
92832.4
92692
93221.7
93051.8
92179.3
92764.5
92700.7
91992
91863.6
92332.5
92240.6
91533.9
92017.9
92002.5
91446
91355.9
91757
91709.7
91162
91570.8
91578.3
91156.9
91115.1
91453.5
91433.9
91032
91377.2
91405.7
91036
91345
103408
103113
101258
100952
102349
102034
100209
99943
101237
100903
99165.2
98934.4
100139
99815.8
97887.7
99192.5
99116.5
97591.7
97187.4
98192.7
98046.1
96607.4
96295.2
97247.9
97024.1
95648.2
95390.1
96269.6
96092.3
94899.2
94715
95438.3
95197.8
93952.2
94750.1
94646.8
93632.3
93400
94024.7
93879.7
92978.3
92838.6
93389.5
93241
92340.2
92942.3
92882.4
92164.5
92040.1
92521.9
92441.6
91712.8
92218.4
92208.9
91643.6
91555.6
91967.4
91932
91364.5
91790.8
91807.2
91375.3
91334.7
91684.7
91678.9
91258.1
91618.2
91655
91270.7
91597.1
102864
102577
100795
100474
101770
101478
99717.2
99442.2
100628
100338
98662.3
98407.7
99510.3
99251.5
97377.5
98650.2
98447.7
97005.9
96653.3
97643.4
97435.7
96068.4
95765
96648.7
96466.5
95207.9
94967.1
95720.7
95499.7
94317.5
94129.3
94824
94663.2
93443.5
94229.2
94088.3
93116.2
92904
93497.5
93364.4
92491.4
92342.5
92858.9
92765.7
91879.3
92480.9
92405.8
91703.4
91582.7
92042
91990.5
91267.4
91778.1
91749.3
91198.1
91120.2
91522.5
91511.1
90946
91381.3
91387.6
90963.9
90928.5
91274.7
91297.6
90872.4
91240.1
91284.3
90899.3
91242.1
102844
102534
100778
100467
101752
101440
99700.4
99411.3
100610
100350
98688.3
98421.4
99501.5
99257.9
97412.5
98688.6
98466.3
97049.9
96684.8
97643.7
97427.8
96082.7
95782.5
96669.7
96478.1
95223.5
94967.8
95744.2
95565.9
94421.2
94204.6
94872.3
94709.9
93511
94279.7
94138.8
93196.9
92978.2
93558.5
93432.8
92589.6
92435.2
92943.9
92848.5
91975.7
92556.2
92487.7
91815.5
91689.7
92141.4
92094.5
91391
91885.4
91861.1
91335.8
91252
91648.1
91634.4
91090.9
91515.7
91519.2
91121.5
91080.9
91419.3
91445.6
91035
91390.5
91439.6
91073.7
91402.6
103310
102998
101181
100891
102270
101944
100175
99901.5
101170
100814
99111.7
98930.8
100124
99791.9
97918.5
99220.7
99067.5
97590.5
97209.1
98227.9
98068.4
96656.1
96339.5
97278.6
97089.6
95784
95547.3
96389.3
96178.6
94996.8
94819.1
95538.4
95306.6
94101.8
94893.5
94781.3
93800.1
93587.3
94201.5
94055.7
93187.9
93055.4
93603
93457.5
92594.3
93193.1
93133.8
92440.5
92330.9
92809.3
92732
92033.5
92534.3
92525.1
91980
91910.4
92320.8
92287.2
91748.3
92173.6
92192.6
91780.2
91753.3
92102.2
92100
91700.5
92059.2
92101.7
91738.6
92061
103190
102879
101080
100789
102149
101823
100068
99777.6
101074
100739
99042.6
98794.2
99956
99654.1
97845.4
99106.2
98954
97480.2
97118.4
98119.1
97960.9
96558.6
96258
97178.7
96987.5
95697.8
95469.2
96300.2
96088.9
94928.6
94752.6
95456.3
95226.1
94048.4
94822.4
94715.8
93746
93539.7
94147.7
94001.7
93144.5
93019.5
93555.1
93408
92566.7
93154.4
93100.8
92414.6
92307.9
92782.6
92707
92025.4
92515.6
92516
91981.7
91906.4
92313.5
92286.2
91758.7
92171.4
92202.5
91798.3
91771.3
92115.3
92113
91730.3
92082.1
92127.5
91775.4
92088.5
103171
102858
101062
100773
102137
101806
100061
99774.1
101065
100709
99061.1
98834.5
99987.8
99619.5
97822.5
99083.3
98975.5
97492.4
97133.5
98132.2
97979.8
96574.1
96280.4
97202.3
97007.7
95722.6
95498.1
96335.2
96112.6
94966.7
94794.5
95501.1
95257
94101.7
94869.7
94765.4
93796.9
93595.8
94206.4
94058.1
93210.1
93090.6
93624.5
93466.8
92644.5
93230.3
93176
92494.1
92391.5
92870
92785.8
92119.8
92607.8
92607.1
92075.1
92006.7
92417.8
92380
91868.8
92282
92310.3
91911.4
91888.9
92234.5
92223.7
91856.4
92209.1
92248.6
91905.5
92216.4
103141
102826
101035
100752
102112
101777
100041
99764.7
101045
100684
99048.7
98817.6
99986.1
99635
97853.5
99053.7
98937.7
97461.8
97135.9
98135.6
97985.5
96580.8
96291.5
97212.5
97016.5
95735.1
95515.7
96352.8
96123.9
94989.2
94822.1
95526
95274.1
94136.5
94903
94796.7
93830.9
93635.7
94246.4
94096.1
93256.9
93144.8
93679.2
93508.2
92701.4
93289.3
93232.1
92554.6
92457.3
92935.8
92845
92192.9
92681.2
92679.9
92150.3
92088.3
92499.9
92455.6
91957.5
92371.7
92397.6
92001.7
91985.2
92331.3
92315.1
91958.7
92313.7
92348.6
92013.1
92324.1
103113
102794
101008
100734
102088
101749
100021
99758
101025
100659
99032.9
98814.3
99968.8
99602.3
97856.1
99083.8
98957.7
97445.9
97103
98112.5
97972
96587.6
96302.5
97222.2
97024.2
95744.8
95532.1
96368
96132.5
95004
94846.9
95545.8
95290.2
94160.8
94931.5
94822
93858.5
93668.3
94281.8
94129.5
93295
93185.7
93723.8
93552.8
92750.3
93340.1
93279.7
92606.8
92514.2
92993
92899.9
92253.5
92745.4
92743.4
92216.9
92159.1
92571.1
92525.9
92033.2
92450.3
92475.3
92082.5
92070.1
92416.3
92400
92048.1
92404.8
92438.7
92106.9
92420
103087
102762
100985
100721
102065
101721
100002
99754.2
101006
100635
99015.5
98814.7
99951.3
99582.9
97838.5
99074.4
98952
97463
97121.9
98119.2
97947.7
96560.7
96290.1
97227.3
97034.7
95752.4
95548.6
96382.4
96139.5
95014.2
94869
95562
95305
94179.4
94958.8
94842.9
93880.9
93697.2
94314.1
94158.2
93325.6
93224.9
93757.4
93588.9
92790.5
93390.7
93325.3
92649.5
92564.2
93043.6
92950
92303.9
92803.2
92799.8
92274.7
92222.2
92634.5
92591.1
92098
92519.8
92545.1
92154.1
92146.1
92491.8
92477.6
92126.6
92485.5
92520.3
92189
92506.3
103064
102732
100967
100713
102047
101695
99989
99755.5
100991
100611
99001.1
98819.8
99936.4
99562.5
97826
99080.2
98937.6
97451.7
97121.7
98135.4
97953.5
96569.7
96292.9
97220.7
97022.1
95757.4
95566.9
96396.8
96144
95022.9
94890.7
95576.3
95317.2
94196
94987
94859.7
93899.4
93724
94345.6
94182.7
93352.5
93262.1
93787.9
93620.7
92823.8
93433.2
93366.3
92691.9
92614.6
93089.6
92991.5
92350.6
92859.9
92849.6
92325.6
92280.1
92692.9
92648.4
92157.6
92585.8
92607.4
92217.7
92215.4
92560.1
92546.4
92198.4
92560.5
92593.1
92262.7
92585.7
103042
102702
100952
100711
102033
101672
99980.3
99759.4
100980
100590
98990.9
98827.5
99926.5
99544
97820.4
99089.4
98927.7
97450.5
97117.8
98143.6
97951.3
96575.9
96307.3
97246.6
97023.8
95761.4
95574.2
96408.1
96144.6
95028.7
94913
95589.5
95326.2
94209.3
95017.2
94870.7
93912.8
93748.1
94378.3
94201.9
93374.5
93297.9
93816.3
93644.8
92851.8
93474.2
93393.9
92721.4
92658.5
93140.2
93033.5
92393.3
92912.9
92888.6
92367.1
92332.8
92748.6
92696.1
92210.4
92649.7
92660.2
92272.1
92277.8
92622.3
92605.4
92262.5
92631.7
92655
92328.1
92659.9
103026
102680
100953
100719
102028
101659
99984.3
99773.7
100981
100586
98994
98843.8
99930.1
99547.8
97830
99103.5
98929.8
97457.4
97123.1
98163.9
97960.2
96596.5
96325
97281.2
97032.6
95779.6
95596.6
96432
96151.4
95043.2
94947.2
95613.3
95340.9
94230.6
95062
94888.5
93934.6
93783.4
94424.4
94227.5
93403.7
93346.8
93854.4
93676.5
92887.6
93529.1
93426.5
92758.4
92704.6
93188.4
93070.6
92440.4
92982.3
92940.1
92418.3
92391.8
92811
92743.5
92266.5
92722.6
92712.6
92328.3
92347.4
92690.4
92665.4
92330.7
92712.5
92716.7
92395.6
92742.2
102942
102579
100884
100669
101949
101561
99915.4
99721.7
100899
100489
98912.7
98771
99846.5
99450.3
97756.3
99049
98839.8
97380.7
97055.9
98105.1
97849.9
96509.1
96249.3
97225.2
96934.8
95700.9
95550.1
96375.7
96053.9
94961.6
94903.6
95538.8
95247.8
94157.8
95038.1
94806.3
93860.1
93735
94385.4
94149.7
93334.2
93318.9
93794.5
93600.1
92828.2
93512.3
93360.6
92698.8
92668.5
93149.7
92991.1
92384.8
92976.8
92885
92367.3
92364.4
92790.1
92680.1
92226.7
92731.5
92672.4
92290
92333.1
92669.8
92621.2
92302.4
92711.9
92674
92369
92755.9
102974
102782
101068
100695
102021
101793
100102
99751
101006
100753
99103.4
98797.2
99996.4
99733.6
97915.6
99061.8
99019.6
97654.8
97200.8
98175.1
98052.9
96751.8
96380.6
97350.4
97171.4
95917.3
95649.6
96527.9
96315
95155.9
94982.4
95726.7
95531
94314.2
95153
95020
94096.3
93863.2
94542.3
94389.3
93527
93434.8
93983.7
93864.6
92987.9
93666.8
93572.9
92913.4
92805.3
93339.1
93241.1
92561.4
93122.2
93084.4
92576.7
92510.2
92982.1
92915.5
92406.6
92898.5
92873
92490.8
92486.9
92868.5
92845.6
92478.5
92903.1
92883
92555.7
92932.1
103099
102799
101078
100841
102156
101860
100135
99880.7
101138
100883
99148.8
98864.2
100120
99908.8
98006.6
99129.8
99142.4
97805.7
97312.6
98236.3
98164.1
96864.2
96530.7
97454.9
97291.7
95984.3
95806.9
96648.3
96493.4
95210.4
95116.6
95843.6
95698.6
94421.4
95261.1
95140.2
94192.7
94005.7
94656.6
94566.8
93595.5
93578.3
94093.3
94019.4
93089.6
93763.4
93726
93006.8
92934.6
93451.4
93414.9
92664.2
93217.4
93246.8
92687.1
92634.3
93089.8
93080.9
92513.6
92992.7
93043.5
92595.3
92608.4
92987.8
92987.9
92598.2
92994.3
93057.7
92660.9
93043.7
102999
102397
100799
100837
102007
101414
99880.6
99894.5
100939
100456
98916
98839.3
99878.3
99566.8
97790.3
98950
98837.9
97434.3
97137.6
98074.4
97823.6
96425.7
96423.6
97340.4
96886.4
95632.8
95749.3
96452.3
96126.8
94950
94982.1
95571.1
95340.2
94206
95027.7
94794.5
93822.4
93873.6
94477.8
94225.2
93315.9
93423.8
93853
93666.7
92904.3
93568.6
93363.4
92668.2
92845.8
93294.4
93106.6
92434.6
93038.7
92905.6
92340.9
92541.3
92949.3
92795.7
92298.9
92836.6
92734.7
92284.9
92524.2
92814.5
92686.5
92442
92864.4
92812.3
92421.7
92925.6
102478
102909
101123
100176
101546
102016
100125
99175.2
100589
101062
99075.8
98183.7
99681.9
100029
97854.6
98507.4
98887.5
97987.3
97069.7
97576.7
98135.8
97000.1
96109.5
96695.5
97351.7
96012.7
95116.4
95970.6
96579.7
95119.9
94317.7
95501.7
95753.9
94194.2
94541
95178.3
94296.5
93483.6
93978.9
94614.9
93548.2
92821.2
93821.1
94073.7
92834.6
93106.4
93801
93052.6
92345.2
92974.3
93376.9
92464.2
92693.6
93270.4
92771.4
92134.6
92641.6
93042
92303.6
92545.3
93070.9
92659.8
92114.7
92696.7
93012.2
92275.9
92546.7
93019
92590.5
92644.7
102753
103138
101294
100483
101791
102354
100308
99386.4
100815
101661
99276.8
98119.8
99892
101019
98055.8
97975.7
99094.9
98838.3
97289.5
97143.3
98417
97414.9
96383.6
96699.1
97733.3
96334.3
95334.7
96170.2
97364.2
95431.3
94034.9
95765.4
96694.1
94472.4
93909.1
95547.9
94693.3
93690.7
93987
95410
93892.3
92521.8
94104.5
94932.7
93134.4
92621.6
94343.7
93373.6
92403
93119.2
94480
92775
92047.7
93758.8
93112.3
92186
92702.4
94117.6
92582.6
91815.5
93655
92965.2
91958.1
92856.3
93842.6
92501.6
92127.2
93989.1
92877.8
91968
)
;

boundaryField
{
    inlet
    {
        type            fixedFluxPressure;
        gradient        nonuniform List<scalar> 0();
        value           nonuniform List<scalar> 0();
    }
    outlet
    {
        type            prghPressure;
        p               nonuniform List<scalar> 0();
        value           nonuniform List<scalar> 0();
    }
    front
    {
        type            empty;
    }
    back
    {
        type            empty;
    }
    hub
    {
        type            zeroGradient;
    }
    tip
    {
        type            zeroGradient;
    }
    procBoundary3to2
    {
        type            processor;
        value           nonuniform List<scalar> 
165
(
57373.5
57387.7
57327.2
57330.5
57289
57240.4
57241
57191.9
57195.4
57144.2
57079.3
57082.1
57027.3
57032.9
56979.8
56986.9
56956.5
56914.3
56928.5
56859.1
56866.6
56817.2
61936.3
61147.2
60531.7
59587.5
58461.1
56822.4
57818.7
61936.3
62860.3
62860.3
63704.7
63704.7
64194.9
64194.9
64219.8
64234.5
64235.2
64280.3
64302
64237.1
64293.4
64305
64332.7
64359.8
64258
64343.9
64371.7
64235.9
64346.3
64374.4
64204.4
64358.3
64387.9
64445
64492.9
64524.7
64585.2
64417.7
64637.7
64659.6
64717.2
64795.1
64865.3
64949.5
65029.8
65124.2
65215
65359.2
65173.5
65568.6
65650.6
65783.2
68237.9
68060
67452.5
65932.3
66275.8
68237.9
69059
69059
69188.4
69336.8
69440.1
69979.5
69698.2
69950.2
70116.3
70314
70501.1
70717.1
70942.6
71150.7
71423.5
71563.6
72501.5
72101.9
72557.6
72838.6
73149.7
73552.4
73698.6
74960.9
74436.3
74993.7
75434.3
75573.6
77093.7
76419
77034.8
77577.7
77681.9
79492.3
78725.1
79129.1
81088
80095.7
80645.1
82692.9
81506.7
82422.2
82984.5
83019.2
85138.5
84616.7
84616.7
84950.4
86536.4
86901.5
86233.3
86636.1
88187.1
87359.7
87691.4
88935.5
89217
88688.2
88968.3
90042.6
90281.8
89822
90042.8
90928.7
91046.8
91255.7
91402.2
91654.4
91292.2
91459.6
92127.1
92161.3
92291.4
92399.3
92495.7
92581.6
92659
92726.5
92795
92775.3
92970.1
93124.2
92892.2
93072.5
93529.5
)
;
    }
    procBoundary3to4
    {
        type            processor;
        value           nonuniform List<scalar> 
160
(
106624
106639
106626
106628
106638
106635
106640
106647
106654
106682
106678
106691
106706
106718
106733
106743
106756
106725
106762
106759
106751
106742
106721
106709
106601
106629
106588
106537
106514
106346
106389
106354
106157
106210
106158
106074
106059
105788
105875
105833
105526
105630
105590
105260
105387
105344
105263
105247
105175
105191
104885
105059
104995
104928
104931
104864
104868
104795
104798
104722
104749
104358
104596
104497
104403
104417
104317
104331
104229
104248
104086
104425
103911
103938
103943
103822
103826
103703
103707
103583
103598
103384
103880
103163
103207
103196
103062
103085
102813
103466
102585
102644
102660
102358
104873
102741
102309
103756
103162
103162
104506
104506
103266
103266
106147
105626
103771
103771
104385
105010
104143
103950
104710
103658
103537
104412
103174
103332
103243
102851
103827
102774
102584
103294
103203
102316
102292
103077
102125
102053
102661
102589
101883
101836
102380
102329
101724
101656
102128
102011
101975
101909
101938
101479
101470
101869
101768
101752
101732
101717
101708
101707
101712
101729
101692
101723
101885
101907
101392
101684
)
;
    }
}


// ************************************************************************* //
