/*--------------------------------*- C++ -*----------------------------------*\
| =========                 |                                                 |
| \\      /  F ield         | OpenFOAM: The Open Source CFD Toolbox           |
|  \\    /   O peration     | Version:  v2012                                 |
|   \\  /    A nd           | Website:  www.openfoam.com                      |
|    \\/     M anipulation  |                                                 |
\*---------------------------------------------------------------------------*/
FoamFile
{
    version     2.0;
    format      ascii;
    class       volScalarField;
    location    "1e-06";
    object      totalP;
}
// * * * * * * * * * * * * * * * * * * * * * * * * * * * * * * * * * * * * * //

dimensions      [1 -1 -2 0 0 0 0];


internalField   nonuniform List<scalar> 
10193
(
107581
106947
109282
109507
105890
108765
107437
107342
106063
106117
106312
105786
104914
104500
104520
103828
102629
102414
102568
101878
101095
100219
101704
99555.1
99492.3
99161.7
99444.4
98679.9
97525.8
97459.5
97489.9
96831.3
95117.5
96844.5
95318.4
94388
94200
94489.5
93941
92060.3
93309.3
90939.6
91649.3
90964.6
91363.9
90865.7
88713.6
90240.6
87723.4
88058.4
87681.7
88187.4
87473.3
85561.4
86797.5
85490.8
83892.5
84635.4
84541.9
83977.3
82142.4
83082
82587.8
80669.5
81426.3
80815.7
78470.4
79440.8
77457.8
77685.1
77157.7
77596.6
76789.2
75268.2
75918.2
108799
108269
110910
110967
107436
110216
109162
108803
107149
107639
108035
107272
106187
106210
106336
105442
104195
104370
104450
103533
102840
102357
103599
101025
101433
101325
101328
100349
99665.4
99593.3
99362.1
98753.6
97501.2
98961
96930.4
96591.4
96578.4
96569
95905.5
94539.2
95590.6
94757.3
94002.4
93556.1
93629.9
92945.9
91346.9
92699.6
90942.1
90591.6
90450.3
90609.4
89813.7
88483.6
89442.2
87557.7
86599.5
87299.7
86929.9
86407.5
85021
85571.4
84864.8
83642.1
84210.1
83056.5
81527.2
82424.8
82321.6
80826.9
80468.1
80583.5
79813.8
78802.5
79048.4
110667
110262
112943
113028
109377
112376
111325
110996
109363
109955
110340
109616
108576
108650
108773
107897
106715
106916
107005
106004
105457
105003
106265
103631
104179
104068
104097
103156
102521
102446
102141
101669
100452
101921
99866.2
99640.2
99619.3
99607
99010.4
97697.2
98772.6
96890.5
97186.1
96788.4
96874.3
96250.8
94712.7
96037.8
94058.7
94002.9
93888
94009.8
93313.5
92032.3
92987.2
91110.2
90273.1
90951.3
90390.4
90158
88781.2
89299
88747.5
87542.2
88098.4
87013.3
85607.7
86567.7
85159.1
84892.4
84651.2
84581.4
84055.5
83074.9
83154.3
110944
110382
113055
113144
110074
112511
111457
111122
109863
110108
110487
109775
108801
108809
108935
108124
106918
107092
107186
106512
105661
105194
106471
104468
104395
104273
104358
103444
102750
102674
102695
101913
100695
102182
100601
99904.7
99873.2
100002
99316.6
97987.7
99028.1
98149
97500.2
97072.7
97296.5
96616
95055.8
96351.9
95462.4
94353.6
94210
94560.3
93715.6
92368.1
93376.4
91954.1
90709.3
91361.6
91597.2
90580.3
89190.1
89917.9
89269
87950.5
88585.9
87855.3
86111.5
86982.4
86767.9
85414.2
85125.3
85937
84598.3
83525.1
84104.1
112533
112115
114848
114956
111683
114413
113383
113076
111720
112157
112548
111876
110891
110994
111128
110339
109175
109399
109501
108711
108019
107603
108892
106700
106870
106763
106870
105960
105337
105268
105172
104528
103379
104881
103138
102663
102641
102758
102100
100875
101919
101048
100430
100027
100248
99574.1
98150
99424.5
98553.5
97485.4
97353.2
97651.3
96874.8
95610
96618.3
95051
94057.4
94719.3
94568.2
93915.6
92611.8
93310.9
92728.4
91491.6
92155.1
91260.9
89827.4
90725.2
90504.1
89181.3
88915.8
89333.9
88381.8
87405.5
87796.6
113845
113599
116397
116524
113106
116086
115083
114792
113351
113991
114390
113735
112756
112956
113099
112299
111204
111480
111592
110642
110147
109785
111081
108657
109109
109021
109128
108220
107679
107627
107369
106897
105818
107308
105386
105160
105157
105223
104618
103493
104524
103076
103071
102709
102893
102251
100954
102215
100687
100294
100206
100396
99729.1
98554
99545
97857.3
97101.8
97740.5
97283.6
96960.8
95726.7
96328.1
95827.8
94686.3
95338.2
94326.1
93190.1
94058.2
93136.2
92516.4
92320.8
92403.1
91794.7
90899.6
91048.3
114101
113720
116506
116641
113583
116221
115230
114922
113822
114157
114549
113904
113001
113127
113268
112540
111418
111664
111779
111138
110360
109984
111286
109383
109334
109239
109403
108527
107914
107871
107924
107174
106081
107574
106098
105437
105422
105643
104943
103803
104809
103960
103389
103003
103338
102636
101315
102539
101658
100651
100538
100963
100153
98901
99939.5
98699.3
97568.5
98175.5
98297.7
97442
96185.1
96991.5
96387
95135.9
95866.8
95178.3
93706.4
94531.1
94263.3
93011.7
92774.4
93503
92333
91351.9
91951.5
115161
114951
117804
117953
114765
117638
116692
116405
115200
115751
116157
115528
114610
114851
114998
114249
113182
113486
113606
112790
112209
111897
113212
111099
111295
111222
111384
110492
109977
109944
109827
109235
108240
109732
108041
107628
107630
107802
107134
106118
107103
106327
105713
105344
105642
104950
103778
104988
103939
103121
103025
103333
102610
101463
102495
101093
100233
100858
100643
100101
98949.4
99650.8
99080.9
97964.6
98674.8
97779.9
96597.7
97391.2
97248.6
95937.5
95718.4
96091.8
95252.7
94379.7
94718.9
115390
115052
117901
118056
115187
117753
116830
116517
115618
115900
116301
115679
114859
115005
115150
114457
113388
113653
113774
113242
112398
112079
113384
111696
111502
111420
111630
110798
110190
110166
110337
109466
108479
109971
108674
107887
107870
108181
107442
106398
107371
106870
106006
105608
106045
105326
104094
105275
104746
103455
103323
103857
103030
101778
102848
101891
100667
101274
101630
100529
99386.5
100281
99633.5
98401
99175.9
98603.9
97049
97789.9
97972.6
96396.3
96120.5
97140
95778.7
94789
95563.4
116337
116185
119104
119274
116149
119047
118175
117887
116835
117383
117803
117215
116334
116640
116795
116093
115077
115439
115565
114800
114205
113974
115280
113321
113449
113390
113578
112685
112237
112234
112154
111492
110626
112112
110544
110085
110092
110309
109595
108711
109665
108874
108349
107988
108341
107607
106568
107712
106931
105950
105852
106217
105482
104386
105435
104205
103342
103996
103791
103145
102171
102920
102252
101244
102016
101161
99973.7
100698
100512
99351.2
99137.1
99568.8
98712.4
97895.2
98303.2
117124
117139
120125
120315
117021
120165
119338
119048
117866
118690
119127
118529
117646
118091
118261
117495
116583
117039
117178
116197
115833
115693
116982
114706
115219
115194
115316
114424
114112
114135
113804
113358
112604
114046
112184
112107
112148
112214
111586
110853
111779
110441
110495
110193
110409
109730
108863
109961
108587
108240
108201
108338
107756
106813
107791
106340
105836
106477
105926
105613
104756
105283
104713
103875
104554
103456
102686
103374
102550
102039
101911
101937
101439
100759
100815
117330
117232
120219
120417
117328
120276
119466
119142
118229
118839
119257
118671
117856
118236
118394
117704
116777
117200
117344
116602
116033
115874
117167
115294
115423
115392
115575
114699
114317
114362
114277
113589
112841
114286
112774
112359
112395
112623
111877
111120
112042
111233
110790
110460
110847
110087
109166
110253
109455
108573
108503
108876
108155
107122
108173
107098
106255
106879
106695
106049
105205
105928
105214
104272
105041
104234
103110
103787
103526
102495
102326
102740
101922
101162
101568
118003
118041
121087
121304
118085
121230
120474
120132
119102
119968
120403
119793
118967
119491
119663
118893
118061
118577
118719
117809
117422
117365
118626
116498
116951
116955
117067
116200
115961
116020
115710
115221
114594
115974
114202
114135
114194
114268
113627
113010
113883
112707
112669
112394
112629
111938
111190
112212
111043
110597
110564
110711
110128
109255
110227
108946
108461
109084
108636
108245
107536
108021
107370
106605
107247
106249
105474
106096
105463
104847
104743
104831
104290
103664
103748
118186
118127
121179
121411
118343
121335
120601
120219
119426
120116
120532
119929
119175
119634
119795
119095
118244
118741
118888
118177
117612
117553
118809
117018
117160
117152
117323
116477
116171
116255
116148
115445
114837
116214
114752
114396
114450
114671
113922
113282
114154
113390
112972
112670
113063
112298
111498
112515
111798
110940
110876
111241
110535
109577
110611
109673
108890
109499
109325
108719
107995
108643
107914
106999
107728
107008
105914
106521
106339
105305
105168
105556
104780
104105
104454
118786
118854
121967
122224
119014
122191
121509
121095
120180
121131
121560
120921
120147
120758
120931
120142
119388
119983
120125
119236
118873
118904
120110
118080
118544
118584
118649
117815
117667
117765
117433
116942
116455
117739
116028
116033
116110
116150
115525
115039
115846
114742
114714
114468
114685
114000
113391
114323
113254
112829
112800
112924
112371
111586
112505
111355
110953
111549
111111
110772
110172
110539
109873
109174
109749
108813
108120
108654
108101
107528
107416
107495
106982
106436
106488
118946
118925
122043
122325
119247
122286
121623
121163
120468
121267
121674
121035
120340
120888
121047
120322
119551
120135
120280
119563
119028
119080
120272
118546
118739
118761
118880
118071
117860
117980
117806
117142
116684
117951
116556
116278
116350
116518
115806
115295
116099
115369
115000
114728
115089
114372
113679
114607
113948
113154
113092
113411
112758
111889
112868
112029
111340
111921
111711
111191
110573
111080
110368
109528
110199
109524
108533
109053
108923
107948
107820
108143
107447
106854
107111
119504
119603
122770
123078
119841
123076
122465
121958
121124
122198
122612
121917
121198
121908
122073
121243
120573
121259
121405
120519
120161
120306
121430
119461
119986
120052
120043
119249
119210
119334
118944
118484
118155
119300
117686
117759
117849
117827
117241
116898
117622
116545
116584
116363
116543
115906
115418
116246
115212
114883
114849
114936
114427
113750
114581
113487
113237
113780
113286
113047
112541
112776
112131
111534
112030
111164
110566
110994
110441
109984
109881
109886
109459
108998
108974
119686
119645
122795
123128
120085
123162
122584
122009
121418
122327
122717
122015
121385
122021
122166
121401
120691
121331
121475
120758
120231
120398
121505
119859
120093
120153
120207
119442
119315
119464
119245
118610
118304
119428
118118
117900
117971
118087
117421
117025
117751
117129
116757
116488
116826
116144
115568
116399
115854
115082
114998
115289
114660
113904
114812
114021
113462
113967
113777
113257
112724
113144
112447
111717
112330
111713
110811
111223
111171
110257
110099
110423
109774
109194
109441
119918
119755
122887
123242
120321
123286
122737
122112
121651
122479
122857
122165
121599
122159
122296
121605
120870
121446
121570
121053
120354
120526
121618
120142
120229
120279
120389
119699
119456
119604
119588
118800
118486
119591
118466
118062
118096
118366
117672
117184
117894
117421
116940
116619
117119
116446
115748
116557
116162
115295
115151
115669
114968
114092
115038
114446
113709
114133
114236
113538
112901
113532
112833
111935
112620
112172
111080
111440
111555
110546
110322
110933
110121
109408
109947
120459
120414
123598
123989
120908
124020
123540
122867
122305
123330
123730
122981
122351
123091
123249
122438
121779
122480
122616
121856
121362
121665
122689
121066
121371
121465
121440
120729
120686
120855
120552
119980
119829
120824
119540
119398
119475
119509
118918
118635
119281
118608
118360
118127
118392
117773
117325
118049
117445
116855
116770
116987
116419
115791
116579
115841
115423
115828
115610
115168
114704
114998
114373
113785
114274
113676
112937
113244
113114
112398
112235
112481
111896
111398
111581
120616
120472
123642
124071
121062
124092
123624
122914
122474
123436
123813
123063
122517
123187
123336
122583
121933
122607
122744
122099
121503
121813
122816
121313
121544
121605
121620
120961
120854
121015
120826
120154
120011
120989
119831
119606
119647
119794
119197
118841
119474
118893
118596
118323
118704
118111
117560
118269
117750
117126
116983
117356
116773
116046
116865
116265
115711
116060
115970
115506
114960
115390
114801
114069
114626
114142
113264
113544
113515
112759
112556
112892
112308
111713
112032
121170
121123
124333
124798
121662
124804
124402
123626
123092
124242
124636
123807
123205
124051
124218
123328
122752
123563
123714
122869
122436
122871
123793
122154
122598
122693
122555
121877
121975
122148
121725
121201
121222
122079
120781
120814
120889
120820
120299
120152
120702
119959
119893
119671
119831
119277
118980
119578
118900
118524
118423
118546
118049
117576
118217
117486
117239
117541
117253
116954
116563
116714
116160
115735
116087
115471
114935
115142
114926
114425
114258
114344
113960
113477
113559
121307
121168
124346
124853
121805
124866
124471
123659
123267
124336
124699
123877
123363
124131
124287
123455
122887
123662
123831
123058
122557
123000
123910
122403
122757
122823
122711
122081
122116
122294
121942
121350
121376
122230
121060
121003
121051
121061
120537
120336
120887
120234
120103
119854
120090
119584
119190
119787
119219
118763
118634
118840
118351
117805
118476
117894
117490
117755
117547
117253
116804
117028
116546
115982
116388
115914
115221
115425
115287
114768
114606
114716
114377
113839
114017
121915
121856
125053
125574
122399
125595
125269
124367
123844
125132
125506
124579
124013
124966
125128
124177
123654
124556
124732
123802
123418
123975
124788
123112
123735
123825
123552
122899
123145
123322
122769
122312
122484
123199
121857
122113
122184
122000
121529
121531
121986
121126
121273
121070
121108
120614
120469
120944
120163
120016
119916
119914
119469
119174
119671
118903
118850
119045
118649
118529
118208
118212
117724
117463
117690
117010
116703
116795
116399
122122
121931
125076
125615
122636
125668
125326
124408
124106
125246
125578
124658
124211
125062
125197
124308
123783
124600
124784
123969
123489
124034
124834
123377
123824
123883
123659
123074
123222
123406
122962
122416
122571
123275
122136
122206
122246
122155
121681
121610
122075
121467
121380
121144
121271
120806
120567
121051
120498
120166
120010
120111
119653
119283
119818
119239
118991
119146
118931
118683
118312
118411
117967
117591
117865
117352
116875
116933
122373
122117
125224
125785
122896
125826
125476
124563
124326
125423
125734
124841
124430
125224
125350
124539
123991
124746
124923
124217
123657
124192
124977
123587
123994
124013
123866
123306
123384
123558
123235
122609
122742
123435
122365
122375
122363
122393
121897
121761
122225
121645
121547
121270
121517
121046
120736
121213
120715
120352
120150
120390
119900
119460
120024
119501
119178
119314
119203
118917
118469
118702
118247
117767
118114
117642
117122
123007
122831
125964
126551
123544
126545
126286
125288
124962
126195
126540
125543
125075
126021
126185
125239
124713
125610
125810
124906
124473
125145
125834
124344
124921
124987
124657
124083
124366
124537
124001
123484
123792
124354
123195
123400
123422
123233
122786
122857
123235
122524
122581
122394
122418
121969
121893
122265
121645
121469
121322
121331
120883
120692
121088
120478
120379
120491
120205
120020
119727
119720
119290
119072
119222
118702
123172
122922
125971
126581
123673
126605
126322
125310
125099
126261
126559
125593
125215
126072
126213
125346
124837
125671
125898
125065
124584
125239
125929
124516
125055
125086
124778
124255
124479
124659
124148
123628
123914
124483
123399
123567
123565
123414
123016
123013
123396
122703
122768
122554
122606
122225
122067
122440
121837
121676
121501
121529
121145
120878
121292
120759
120589
120660
120385
120271
119931
119924
119587
119276
119428
118981
123938
123780
126862
127445
124385
127418
127226
126108
125726
127074
127390
126317
125850
126888
127031
126034
125544
126510
126727
125756
125362
126135
126707
125171
125925
125979
125507
124954
125393
125551
124907
124452
124893
125324
124111
124530
124557
124257
123837
124050
124338
123509
123751
123593
123484
123057
123144
123413
122680
122705
122568
122428
122028
122013
122279
121608
121683
121722
121321
121305
121057
120915
120493
120466
120477
119915
124082
123849
126833
127451
124637
127478
127229
126141
125993
127174
127428
126382
126066
126972
127072
126142
125696
126557
126772
125902
125455
126182
126744
125405
126017
126013
125580
125128
125457
125606
125046
124556
124937
125369
124332
124598
124590
124358
123974
124092
124398
123736
123834
123641
123586
123221
123201
123481
122915
122801
122629
122553
122181
122074
122369
121845
121765
121780
121513
121426
121125
121027
120681
120528
120570
120153
124330
124076
126979
127599
124864
127647
127359
126304
126210
127382
127597
126597
126304
127169
127246
126387
125938
126750
126960
126141
125675
126385
126937
125617
126232
126178
125810
125361
125656
125784
125283
124775
125125
125553
124523
124785
124727
124569
124174
124255
124565
123896
124014
123787
123800
123428
123371
123653
123083
122988
122784
122778
122397
122249
122572
122044
121946
121959
121708
121639
121295
121256
120906
120704
120796
120362
125172
124984
127932
128509
125650
128470
128284
127122
126906
128199
128447
127344
126974
127987
128091
127088
126638
127596
127797
126855
126440
127282
127715
126331
127080
127078
126525
126074
126551
126663
126032
125567
126075
126372
125289
125694
125673
125358
124950
125222
125434
124679
124923
124764
124596
124219
124363
124533
123886
123930
123775
123600
123221
123287
123451
122867
122942
122933
122574
122581
122331
122168
121814
121776
121742
121283
125268
125065
127893
128513
125829
128546
128282
127165
127090
128297
128459
127404
127155
128068
128115
127172
126774
127624
127822
126928
126519
127295
127736
126459
127144
127071
126565
126198
126587
126684
126093
125652
126084
126405
125420
125755
125690
125420
125062
125249
125480
124795
124996
124793
124657
124340
124402
124580
123993
124012
123816
123663
123337
123327
123507
122990
123009
122973
122647
122677
122377
122219
121935
121825
121799
121399
125583
125332
128071
128675
126148
128753
128453
127378
127360
128538
128655
127653
127404
128295
128315
127458
127035
127845
128022
127215
126761
127511
127937
126712
127376
127237
126800
126431
126799
126854
126357
125880
126274
126588
125638
125962
125838
125652
125261
125428
125651
124999
125195
124945
124890
124540
124583
124756
124203
124214
123973
123911
123544
123511
123717
123199
123200
123153
122888
122885
122544
122468
122150
122007
122028
121608
126445
126253
129050
129600
126935
129542
129333
128204
128062
129325
129507
128409
128077
129080
129171
128157
127731
128680
128876
127889
127502
128396
128728
127428
128187
128141
127533
127146
127660
127724
127044
126642
127187
127369
126384
126810
126743
126356
126001
126334
126457
125739
126016
125868
125614
125290
125504
125581
124949
125054
124899
124651
124316
124464
124532
123966
124113
124051
123658
123731
123505
123268
122950
122991
122898
122433
126624
126436
129115
129676
127086
129648
129370
128228
128128
129369
129464
128438
128158
129098
129155
128246
127824
128702
128912
127978
127589
128429
128800
127519
128275
128210
127617
127272
127750
127831
127171
126779
127285
127491
126527
126972
126883
126470
126185
126466
126582
125847
126184
126017
125729
125476
125647
125703
125045
125230
125060
124775
124507
124616
124683
124136
124285
124226
123797
123923
123676
123434
123145
123159
123083
122611
127541
127411
130184
130659
127953
130558
130409
129128
128860
130232
130355
129200
128804
129905
129963
128950
128488
129512
129675
128666
128290
129256
129517
128161
129029
129002
128317
127903
128552
128605
127878
127480
128146
128251
127212
127802
127748
127240
126880
127351
127396
126570
126990
126885
126509
126174
126528
126519
125781
126047
125923
125565
125238
125521
125506
124875
125136
125074
124581
124723
124559
124255
123914
124089
123948
123398
127646
127460
130066
130570
128146
130568
130318
129101
129080
130307
130331
129231
129004
129960
129955
129002
128646
129539
129676
128772
128403
129259
129525
128342
129108
128996
128337
128059
128580
128597
127945
127569
128107
128221
127338
127825
127717
127257
126978
127328
127375
126692
127037
126868
126519
126275
126514
126493
125890
126097
125912
125588
125328
125501
125487
124974
125158
125051
124643
124789
124550
124256
124004
124077
123937
123490
127902
127772
130306
130788
128372
130802
130497
129294
129260
130548
130528
129478
129248
130229
130195
129264
128926
129816
129939
129002
128678
129531
129797
128571
129384
129236
128593
128320
128852
128838
128160
127832
128355
128450
127534
128058
127911
127445
127179
127538
127575
126843
127250
127064
126706
126458
126719
126686
126030
126304
126110
125770
125513
125707
125684
125128
125357
125246
124788
124979
124741
124443
124183
124276
124144
123655
128808
128688
131315
131700
129219
131652
131473
130120
129982
131335
131351
130184
129874
130980
130951
129936
129551
130573
130650
129669
129325
130298
130449
129194
130086
129983
129256
128932
129604
129569
128849
128494
129165
129180
128224
128832
128716
128179
127856
128353
128331
127539
128000
127867
127444
127158
127524
127442
126751
127058
126901
126514
126227
126527
126446
125856
126136
126029
125542
125728
125548
125210
124922
125111
124933
124416
128834
128718
131176
131580
129314
131666
131379
130071
130129
131407
131307
130169
130008
131030
130913
129934
129671
130593
130619
129702
129419
130277
130424
129287
130138
129939
129218
129011
129600
129513
128831
128535
129090
129100
128272
128835
128656
128139
127906
128309
128271
127586
128023
127819
127395
127196
127484
127379
126783
127074
126856
126469
126256
126479
126382
125872
126124
125967
125518
125742
125496
125142
124933
125061
124865
124416
129111
129038
131449
131810
129531
131909
131582
130278
130326
131689
131548
130439
130265
131344
131175
130215
129966
130916
130894
129957
129728
130590
130714
129542
130453
130203
129487
129285
129902
129761
129066
128809
129352
129322
128473
129072
128859
128338
128116
128536
128477
127762
128249
128021
127592
127385
127697
127580
126946
127286
127059
126663
126448
126695
126591
126035
126328
126167
125679
125938
125690
125338
125110
125268
125076
124576
129916
129829
132327
132591
130243
132643
132407
130954
130927
132349
132250
131034
130822
132001
131842
130762
130521
131590
131525
130544
130302
131272
131279
130096
131083
130889
130059
129849
130581
130428
129662
129415
130083
129984
129088
129755
129570
128986
128724
129248
129142
128372
128912
128726
128238
127990
128397
128240
127556
127953
127754
127320
127095
127406
127254
126689
127011
126845
126337
126601
126390
126004
125770
125980
125753
125249
129857
129804
132162
132442
130215
132654
132320
130909
130987
132412
132175
130982
130881
132031
131775
130726
130569
131573
131453
130493
130322
131201
131203
130070
131065
130783
129972
129831
130519
130319
129566
129380
129965
129884
129051
129713
129474
128899
128701
129171
129054
128327
128879
128635
128142
127956
128318
128151
127504
127913
127670
127219
127047
127318
127158
126622
126942
126750
126232
126540
126294
125881
125697
125886
125647
125157
130173
130133
132476
132660
130456
132903
132580
131168
131266
132750
132471
131282
131185
132388
132070
131047
130899
131941
131737
130807
130661
131549
131483
130383
131397
131040
130242
130121
130826
130545
129834
129657
130232
130099
129301
129970
129673
129129
128941
129420
129256
128584
129129
128829
128369
128187
128552
128357
127758
128163
127868
127455
127279
127549
127382
126856
127168
126953
126471
126771
126487
126114
125920
126114
125877
125374
130704
130719
133134
133248
130914
133359
133154
131618
131657
133207
133027
131679
131576
132868
132623
131422
131310
132465
132288
131192
131109
132117
131982
130813
131909
131643
130668
130580
131384
131119
130253
130135
130811
130621
129757
130495
130252
129539
129407
129977
129786
129039
129641
129407
128802
128653
129108
128885
128224
128681
128444
127925
127754
128120
127901
127324
127718
127502
126953
127307
127070
126626
126449
126690
126406
125903
130807
130813
133182
133281
130948
133403
133162
131614
131615
133200
133017
131641
131549
132869
132632
131424
131307
132477
132319
131207
131120
132138
132045
130813
131949
131699
130755
130622
131457
131215
130347
130218
130903
130740
129824
130594
130355
129652
129498
130072
129905
129109
129740
129511
128913
128743
129202
129007
128299
128784
128559
128038
127856
128223
128023
127406
127817
127622
127042
127410
127183
126740
126546
126804
126547
126008
131305
131283
133714
133765
131365
133835
133664
132036
131961
133564
133438
132013
131864
133250
133051
131794
131625
132880
132722
131583
131446
132558
132433
131155
132321
132128
131142
130964
131869
131647
130764
130599
131387
131191
130239
131043
130829
130094
129916
130548
130362
129537
130192
129993
129367
129185
129682
129474
128756
129248
129042
128503
128306
128709
128490
127866
128285
128091
127503
127870
127665
127207
126998
127280
127014
126472
131325
131351
133746
133778
131386
133887
133720
132034
131981
133587
133443
131983
131842
133237
133056
131790
131616
132871
132743
131596
131438
132549
132460
131141
132330
132159
131177
130974
131888
131702
130809
130628
131438
131281
130292
131127
130928
130175
129997
130631
130463
129595
130283
130098
129453
129264
129769
129577
128819
129343
129151
128589
128401
128798
128588
127946
128377
128192
127567
127957
127760
127280
127076
127358
127098
126542
131726
131738
134194
134179
131730
134241
134144
132420
132305
133960
133844
132328
132126
133576
133392
132091
131887
133203
133060
131903
131716
132892
132771
131418
132639
132492
131495
131256
132228
132047
131143
130923
131821
131666
130633
131512
131333
130564
130344
131053
130871
129967
130679
130518
129862
129632
130202
130002
129208
129755
129579
129011
128784
129233
129018
128336
128789
128618
127973
128353
128178
127701
127459
127783
127526
126935
131579
131607
133963
133971
131614
134099
133961
132271
132271
133924
133742
132240
132151
133569
133329
132020
131916
133169
132972
131840
131726
132817
132685
131399
132608
132369
131369
131215
132122
131890
130998
130823
131616
131486
130523
131391
131156
130399
130255
130905
130696
129872
130578
130348
129693
129547
130059
129834
129118
129654
129419
128849
128689
129081
128851
128238
128668
128453
127845
128244
128015
127525
127343
127625
127352
126810
131806
131861
134262
134195
131820
134283
134198
132488
132458
134194
134029
132497
132406
133913
133653
132307
132230
133552
133298
132121
132057
133211
133015
131701
132968
132682
131669
131527
132461
132158
131249
131093
131899
131723
130737
131633
131362
130604
130481
131167
130917
130096
130821
130561
129903
129778
130316
130059
129350
129897
129634
129063
128914
129339
129081
128459
128907
128670
128073
128471
128221
127736
127556
127871
127585
127026
132023
132107
134523
134424
132031
134460
134443
132676
132593
134357
134258
132622
132547
134098
133894
132424
132385
133760
133523
132243
132226
133435
133173
131867
133187
132947
131839
131748
132732
132456
131445
131345
132182
132017
130982
131911
131684
130860
130744
131474
131234
130365
131124
130907
130214
130064
130642
130387
129636
130214
129980
129385
129233
129671
129404
128777
129228
128994
128375
128774
128539
128025
127842
128158
127861
127308
132073
132134
134540
134418
132040
134474
134458
132692
132534
134326
134245
132626
132500
134082
133894
132430
132358
133757
133537
132246
132211
133439
133200
131844
133196
132970
131877
131749
132773
132523
131515
131409
132245
132104
131032
131975
131762
130940
130807
131545
131326
130426
131195
130994
130301
130136
130719
130486
129705
130291
130074
129470
129302
129748
129499
128834
129298
129084
128433
128843
128623
128106
127907
128240
127955
127368
132328
132353
134783
134664
132239
134678
134708
132919
132698
134486
134442
132805
132640
134252
134093
132612
132508
133946
133736
132433
132367
133644
133396
132012
133382
133193
132084
131929
132997
132761
131756
131647
132523
132364
131284
132245
132046
131216
131074
131838
131612
130707
131484
131293
130590
130422
131022
130781
129999
130590
130375
129767
129589
130045
129789
129119
129587
129370
128716
129122
128905
128385
128180
128515
128230
127645
132348
132368
134783
134647
132233
134696
134702
132905
132699
134493
134443
132811
132605
134228
134091
132613
132487
133934
133749
132430
132351
133643
133414
131993
133383
133217
132105
131928
133021
132804
131787
131684
132587
132432
131326
132307
132125
131281
131133
131908
131694
130759
131553
131379
130661
130487
131097
130867
130059
130663
130467
129840
129657
130121
129871
129177
129655
129455
128773
129191
128988
128449
128239
128584
128304
127703
132574
132549
134978
134854
132407
134873
134907
133102
132869
134670
134635
132987
132741
134358
134245
132769
132611
134078
133908
132587
132476
133800
133572
132136
133534
133393
132277
132081
133202
133000
131989
131866
132830
132656
131547
132538
132362
131523
131361
132154
131940
131003
131797
131623
130909
130726
131348
131117
130309
130912
130712
130092
129891
130365
130115
129416
129893
129688
129008
129419
129216
128689
128463
128809
128527
127917
132558
132560
134964
134824
132401
134893
134896
133040
132877
134696
134616
132991
132762
134361
134244
132770
132597
134058
133916
132583
132459
133787
133580
132122
133530
133412
132290
132084
133217
133037
132016
131889
132895
132709
131588
132595
132435
131577
131418
132214
132009
131052
131861
131704
130970
130789
131414
131191
130366
130981
130797
130156
129958
130434
130186
129476
129961
129764
129061
129483
129297
128750
128529
128874
128595
127979
132758
132710
135121
135002
132552
135041
135023
133210
133022
134846
134758
133162
132908
134514
134394
132914
132705
134164
134045
132716
132556
133903
133707
132240
133648
133546
132432
132208
133360
133197
132186
132034
133101
132902
131772
132782
132629
131780
131597
132409
132211
131248
132053
131892
131170
130970
131607
131389
130559
131172
130980
130352
130137
130623
130381
129660
130144
129942
129239
129658
129459
128927
128686
129041
128767
128133
132722
132717
135096
134963
132545
135057
135010
133142
133030
134870
134730
133093
132933
134547
134390
132940
132725
134149
134046
132717
132536
133873
133704
132225
133635
133561
132437
132209
133363
133229
132213
132065
133142
132945
131813
132830
132694
131827
131646
132451
132268
131294
132105
131966
131223
131025
131655
131450
130611
131229
131060
130414
130202
130674
130441
129718
130199
130011
129288
129713
129541
128989
128749
129087
128823
128190
132922
132899
135279
135143
132701
135216
135190
133321
133188
135040
134906
133266
133091
134731
134566
133110
132890
134323
134190
132858
132650
133992
133826
132328
133753
133677
132569
132326
133503
133371
132368
132225
133340
133125
131956
133002
132861
131996
131790
132628
132442
131437
132268
132119
131383
131157
131824
131615
130747
131392
131209
130570
130336
130846
130607
129854
130360
130157
129431
129868
129667
129130
128874
129240
128972
128323
132660
132655
134907
134798
132468
134958
134843
133023
133017
134849
134638
133040
132989
134593
134377
132947
132843
134225
134040
132747
132596
133798
133629
132209
133586
133401
132298
132145
133230
133032
132061
132007
133019
132798
131734
132750
132540
131701
131576
132345
132126
131217
132033
131814
131094
130946
131554
131315
130532
131162
130928
130299
130127
130572
130322
129643
130116
129883
129205
129635
129402
128860
128658
128970
128692
128103
132899
132954
135276
135059
132712
135232
135147
133280
133256
135164
134961
133328
133295
134986
134739
133271
133220
134712
134434
133126
133067
134311
134044
132616
134025
133785
132632
132502
133622
133330
132322
132327
133379
133050
131988
133050
132797
131927
131846
132674
132384
131471
132321
132075
131330
131215
131878
131584
130789
131456
131195
130547
130399
130905
130601
129908
130424
130160
129479
129935
129683
129133
128938
129310
128995
128380
132946
133034
135325
135096
132755
135247
135170
133285
133274
135169
134952
133308
133306
134993
134717
133234
133231
134734
134400
133098
133116
134352
134030
132651
134070
133815
132643
132548
133666
133403
132385
132379
133402
133115
132007
133074
132868
131983
131870
132693
132438
131476
132338
132138
131379
131239
131896
131634
130818
131478
131253
130593
130429
130919
130644
129935
130443
130211
129500
129945
129737
129173
128967
129313
129024
128405
132978
133032
135308
135041
132749
135234
135106
133298
133237
135144
134949
133316
133273
134973
134716
133245
133210
134728
134416
133118
133118
134377
134077
132678
134094
133860
132699
132573
133697
133446
132431
132406
133432
133158
132034
133099
132901
132022
131892
132728
132482
131511
132370
132176
131425
131269
131942
131688
130856
131521
131302
130648
130467
130981
130707
129982
130497
130269
129551
130002
129784
129230
129008
129381
129096
128457
133112
133136
135412
135176
132835
135307
135226
133408
133302
135200
135052
133407
133332
135029
134812
133328
133273
134793
134515
133203
133183
134469
134183
132767
134181
133982
132803
132664
133788
133546
132515
132485
133495
133222
132097
133154
132972
132076
131947
132776
132536
131562
132414
132240
131474
131321
131984
131736
130902
131562
131362
130695
130523
131018
130748
130031
130538
130319
129596
130039
129840
129276
129060
129411
129125
128499
133071
133126
135391
135114
132816
135295
135155
133390
133273
135179
135043
133423
133311
135015
134817
133348
133263
134793
134537
133225
133181
134498
134229
132774
134210
134026
132854
132691
133827
133585
132555
132507
133529
133263
132124
133183
133005
132117
131969
132815
132580
131594
132451
132278
131521
131349
132032
131789
130940
131609
131408
130750
130560
131082
130813
130076
130596
130378
129653
130103
129892
129344
133205
133223
135488
135244
132905
135360
135272
133504
133347
135237
135148
133521
133380
135077
134916
133440
133332
134863
134639
133315
133249
134588
134330
132859
134293
134142
132955
132786
133918
133680
132638
132590
133589
133322
132195
133241
133070
132173
132031
132862
132628
131654
132496
132335
131570
131406
132072
131833
130995
131653
131465
130800
130622
131118
130852
130132
130637
130426
129703
130140
129952
133161
133207
135464
135200
132885
135333
135203
133528
133317
135214
135143
133552
133362
135069
134937
133476
133323
134872
134677
133352
133245
134624
134378
132877
134317
134184
133001
132810
133959
133722
132674
132609
133621
133361
132211
133267
133101
132208
132044
132898
132671
131674
132527
132370
131610
131425
132119
131886
131026
131696
131512
130853
130655
131181
130921
130176
130695
130490
129761
130210
130013
133300
133306
135559
135336
132986
135371
135323
133653
133395
135268
135263
133670
133440
135136
135054
133588
133395
134945
134795
133458
133330
134712
134477
132964
134382
134295
133096
132893
134036
133807
132749
132680
133666
133410
132274
133308
133152
132254
132092
132924
132703
131720
132551
132406
131643
131465
132138
131909
131068
131724
131548
130890
130708
131208
130950
130236
130735
130530
129817
130247
130060
133207
133229
135468
135220
132921
135247
135193
133523
133289
135181
135161
133556
133355
135073
134970
133492
133328
134878
134705
133362
133276
134660
134451
132920
134342
134215
133074
132850
134008
133821
132762
132623
133621
133420
132229
133263
133144
132261
132037
132890
132715
131682
132518
132401
131651
131417
132118
131931
131041
131709
131558
130909
130682
131207
130988
130224
130730
130559
129809
130253
130076
133622
133706
136043
135677
133357
135627
135701
133907
133630
135539
135586
133853
133652
135418
135314
133730
133623
135254
135006
133580
133561
135002
134677
133176
134639
134563
133340
133179
134413
134224
133135
133037
134083
133760
132597
133666
133549
132584
132420
133308
133055
132031
132885
132786
131968
131784
132510
132256
131385
132075
131937
131239
131062
131620
131325
130596
131137
130941
130199
130658
130521
133365
133418
135624
135303
133081
135266
135244
133515
133293
135127
135081
133401
133237
134934
134761
133241
133165
134706
134419
133087
133083
134419
134117
132692
134123
133940
132810
132712
133894
133683
132699
132622
133639
133344
132244
133290
133086
132192
132065
132899
132632
131674
132518
132318
131561
131409
132090
131825
130999
131685
131464
130813
130650
131187
130909
130188
130732
130502
129789
130273
130054
133428
133483
135645
135353
133143
135302
135316
133586
133375
135201
135159
133473
133337
135021
134837
133315
133281
134789
134508
133187
133202
134497
134201
132814
134211
134027
132894
132813
133954
133763
132792
132727
133713
133427
132360
133376
133187
132293
132191
132993
132736
131799
132605
132433
131670
131539
132187
131936
131129
131772
131586
130928
130796
131285
131018
130336
130829
130630
129939
130385
130216
133567
133563
135703
135472
133216
135369
135361
133698
133446
135264
135186
133573
133405
135090
134921
133408
133357
134842
134587
133285
133255
134544
134283
132868
134251
134069
132959
132833
133976
133825
132863
132763
133748
133495
132403
133420
133237
132373
132237
133044
132812
131864
132666
132488
131756
131592
132239
132007
131192
131826
131628
130995
130824
131311
131064
130357
130846
130648
129956
130409
130209
133579
133563
135646
135378
133207
135366
135326
133663
133471
135267
135140
133545
133448
135104
134888
133457
133417
134853
134628
133338
133294
134564
134321
132909
134279
134107
132989
132874
134022
133884
132909
132817
133775
133534
132462
133461
133296
132432
132310
133096
132873
131939
132724
132567
131831
131678
132303
132081
131275
131886
131715
131078
130915
131378
131143
130450
130918
130743
130056
130482
130318
133716
133645
135706
135486
133288
135447
135414
133769
133556
135340
135217
133640
133528
135173
134967
133557
133483
134914
134702
133433
133357
134615
134390
132963
134334
134143
133049
132934
134083
133926
132957
132850
133796
133565
132490
133486
133311
132468
132330
133119
132905
131975
132763
132591
131876
131714
132339
132125
131327
131939
131754
131138
130966
131420
131194
130509
130969
130782
130113
130541
130344
133639
133623
135651
135393
133263
135439
135366
133730
133565
135337
135149
133679
133573
135179
135001
133596
133515
134934
134744
133478
133396
134638
134430
133003
134331
134194
133103
132985
134122
133970
132991
132881
133823
133596
132523
133513
133358
132510
132374
133165
132956
132026
132811
132659
131939
131781
132410
132198
131402
132012
131842
131221
131052
131508
131285
130600
131059
130888
130219
130634
130467
133771
133699
135706
135493
133341
135515
135464
133836
133654
135405
135239
133782
133648
135234
135087
133693
133595
135002
134818
133569
133483
134708
134485
133090
134394
134272
133169
133050
134167
134001
133029
132915
133830
133603
132544
133519
133350
132513
132376
133149
132940
132024
132801
132637
131928
131773
132391
132183
131401
132013
131837
131233
131074
131517
131303
130640
131090
130912
130268
130683
130503
133679
133653
135654
135405
133292
135493
135403
133761
133638
135395
135267
133822
133639
135236
135137
133737
133606
135038
134871
133602
133487
134745
134540
133135
134419
134329
133216
133075
134197
134045
133064
132925
133856
133640
132562
133538
133390
132551
132392
133182
132988
132054
132833
132690
131980
131807
132451
132254
131455
132078
131916
131307
131135
131611
131403
130720
131182
131019
130371
130784
130622
133817
133738
135715
135514
133391
135558
135515
133898
133721
135444
135372
133937
133713
135306
135253
133869
133676
135113
134979
133725
133593
134838
134624
133219
134499
134424
133312
133173
134263
134113
133143
133006
133902
133685
132643
133590
133435
132601
132463
133215
133012
132108
132862
132707
132001
131851
132461
132250
131476
132088
131917
131315
131174
131626
131404
130764
131218
131043
130426
130834
130667
133634
133590
135566
135344
133220
135391
135319
133744
133543
135311
135249
133780
133573
135184
135079
133706
133551
135025
134847
133557
133455
134744
134530
133117
134438
134350
133256
133081
134176
134023
133045
132899
133837
133693
132570
133527
133423
132603
132387
133163
133024
132051
132814
132701
132008
131786
132425
132272
131445
132061
131924
131330
131132
131618
131449
130751
131211
131079
130431
130829
130661
134190
134211
136293
135958
133884
135974
135978
134285
134068
135837
135860
134266
134111
135780
135647
134193
134076
135609
135341
134008
133977
135342
135021
133646
135016
134981
133907
133762
134865
134662
133654
133576
134552
134273
133225
134206
134094
133222
133074
133870
133641
132723
133487
133387
132648
132478
133114
132894
132112
132728
132613
131995
131841
132342
132092
131445
131933
131786
131106
131487
131355
133682
133690
135636
135355
133372
135378
135270
133679
133494
135205
135123
133568
133446
135058
134845
133457
133366
134844
134592
133330
133286
134549
134278
132931
134328
134151
133145
133044
134168
133976
133019
132948
133890
133647
132614
133600
133422
132595
132467
133252
133035
132137
132921
132746
132047
131898
132536
132326
131561
132190
132004
131412
131254
131762
131541
130883
131384
131212
130538
130962
130735
133770
133785
135698
135429
133476
135468
135364
133780
133625
135315
135233
133687
133609
135159
134976
133610
133553
134976
134714
133474
133454
134691
134426
133114
134417
134287
133328
133257
134307
134100
133155
133122
134027
133772
132791
133745
133568
132754
132672
133423
133192
132347
133101
132943
132259
132147
132746
132532
131811
132403
132249
131679
131554
131994
131799
131197
131637
131492
130853
131195
131026
133906
133845
135728
135535
133536
135525
135439
133889
133711
135374
135239
133800
133709
135213
135069
133725
133602
135013
134809
133596
133537
134716
134487
133174
134454
134373
133401
133284
134320
134136
133207
133129
134017
133798
132790
133739
133575
132780
132665
133407
133209
132343
133100
132947
132284
132150
132750
132564
131832
132435
132275
131726
131591
132035
131860
131248
131711
131536
130907
131258
131072
133820
133802
135668
135438
133489
135506
135363
133841
133675
135367
135299
133869
133727
135196
135126
133799
133647
135039
134868
133638
133559
134753
134568
133241
134470
134438
133459
133305
134341
134188
133258
133146
134045
133847
132829
133768
133631
132839
132701
133459
133280
132409
133158
133026
132368
132223
132846
132670
131934
132536
132389
131838
131703
132170
132010
131370
131835
131669
131042
131396
131238
133991
133913
135745
135572
133618
135608
135498
134020
133836
135442
135418
134013
133851
135336
135261
133935
133766
135138
135015
133803
133714
134847
134678
133368
134571
134550
133578
133414
134416
134274
133364
133251
134102
133903
132929
133837
133690
132913
132800
133516
133322
132494
133222
133070
132426
132318
132903
132708
132007
132610
132462
131933
131822
132274
132083
131463
131925
131758
131151
131526
131380
133753
133716
135545
135327
133334
135386
135280
133842
133635
135290
135212
133785
133603
135172
135059
133745
133616
134992
134831
133595
133531
134730
134569
133222
134448
134388
133386
133229
134267
134110
133182
133076
133991
133862
132797
133732
133620
132848
132669
133435
133317
132396
133156
133048
132409
132220
132857
132727
131953
132574
132453
131926
131759
132262
132099
131409
131912
131773
131115
131525
131380
134503
134526
136471
136157
134224
136140
136112
134540
134333
136061
136062
134563
134408
136032
135871
134474
134386
135781
135577
134347
134318
135552
135312
134086
135380
135339
134258
134121
135172
134991
134049
133990
134920
134668
133689
134621
134522
133720
133598
134360
134155
133307
134045
133965
133303
133171
133795
133608
132900
133504
133424
132862
132706
133186
132969
132371
132852
132698
132091
132487
132387
133840
133842
135642
135384
133519
135364
135268
133777
133607
135289
135115
133699
133578
135090
134911
133627
133569
134875
134675
133503
133473
134637
134404
133139
134462
134367
133405
133307
134338
134155
133259
133184
134074
133872
132918
133845
133689
132928
132819
133567
133386
132575
133322
133173
132534
132412
133025
132859
132171
132779
132635
132081
131942
132437
132237
131622
132105
131935
131342
131766
131607
133935
133938
135731
135475
133622
135468
135370
133907
133749
135392
135249
133869
133797
135252
135079
133799
133766
135063
134839
133674
133634
134806
134594
133394
134721
134566
133591
133493
134511
134335
133455
133394
134272
134059
133138
134050
133907
133166
133076
133810
133634
132840
133560
133437
132816
132707
133305
133157
132487
133058
132947
132401
132269
132741
132562
131974
132434
132299
131738
132115
131998
134102
134040
135780
135605
133754
135563
135508
134059
133876
135485
135400
134040
133929
135334
135216
133952
133840
135155
134994
133859
133799
134930
134728
133494
134789
134677
133719
133595
134576
134433
133576
133502
134332
134138
133234
134132
133986
133266
133199
133891
133714
132944
133663
133530
132931
132854
133416
133262
132616
133204
133071
132534
132433
132870
132689
132128
132586
132450
131898
132311
132184
133829
133794
135538
135304
133379
135318
135297
133905
133709
135256
135110
133776
133636
135120
134988
133742
133641
135010
134796
133627
133584
134780
134581
133295
134604
134474
133509
133381
134401
134261
133385
133303
134210
134110
133099
134022
133935
133214
133063
133811
133713
132843
133592
133508
132911
132753
133364
133279
132570
133166
133046
132512
132351
132847
132717
132091
132588
132469
131873
132316
132189
134744
134769
136633
136350
134433
136267
136266
134733
134601
136224
136203
134784
134672
136199
136014
134696
134613
135986
135752
134580
134614
135881
135659
134452
135689
135612
134602
134488
135509
135353
134472
134436
135340
135119
134201
135111
135037
134287
134191
134929
134756
133972
134703
134655
134048
133955
134563
134386
133703
134274
134198
133671
133577
134052
133851
133311
133788
133659
133131
133531
133457
135624
134036
133989
135771
135479
133917
133916
135641
135416
133514
135365
135272
133837
133737
135255
135100
133748
133633
135094
134896
133704
133669
134971
134763
133608
133546
134662
134495
133351
134629
134540
133605
133513
134514
134356
133508
133450
134319
134156
133254
134163
134038
133321
133235
133966
133817
133055
133799
133685
133095
133005
133603
133456
132798
133399
133254
132732
132622
133118
132957
132399
132886
132750
132226
132666
132544
136041
135705
134127
134078
135861
135577
134024
134024
135752
135532
133643
135492
135386
133988
133856
135398
135270
133976
133906
135349
135120
133888
133817
135092
134918
133821
133782
134947
134817
133668
134861
134764
133839
133746
134734
134590
133757
133705
134567
134406
133521
134411
134307
133612
133529
134251
134114
133370
134090
134000
133434
133343
133943
133813
133152
133729
133609
133114
133016
133503
133361
132830
133294
133192
132681
133100
133009
134434
136112
135883
134315
134207
135929
135742
134207
134140
135806
135699
133804
135575
135505
134218
134085
135581
135465
134146
133980
135354
135276
134098
134041
135267
135112
134046
133963
135057
134955
133799
134973
134901
133997
133904
134844
134718
133918
133876
134671
134518
133668
134545
134458
133796
133727
134394
134245
133545
134258
134174
133637
133577
134122
133960
133345
133920
133797
133336
133278
133708
133559
133068
133527
133427
132936
133363
133287
136064
135700
134262
134138
135847
135544
133973
133903
135651
135413
133853
133794
135438
135290
133490
135461
135307
133892
133644
135193
135079
133796
133680
135152
135052
133808
133729
135036
134878
133759
133668
134839
134740
133506
134745
134637
133710
133608
134621
134495
133657
133596
134502
134415
133453
134382
134285
133589
133499
134273
134211
133379
134144
134109
133573
133415
134035
133930
133222
133843
133744
133268
133146
133659
133565
132985
133506
133429
132882
133361
133273
136964
136640
135165
135068
136909
136609
135002
134970
136841
136549
134981
135013
136818
136502
134660
136370
136402
135007
134907
136470
136442
135063
134905
136304
136234
135015
134997
136339
136170
135092
135092
136252
136015
134857
136053
136012
135067
134978
135967
135830
135007
134996
135879
135682
134818
135707
135651
134974
134924
135666
135536
134820
135551
135504
134923
134818
135424
135275
134672
135245
135180
134719
134658
135130
134983
134493
134970
134892
134430
134855
134823
136122
135823
134390
134278
135937
135671
134133
134075
135761
135535
134042
134024
135597
135378
133683
135417
135370
133872
133744
135270
135199
133960
133916
135271
135130
133876
133833
135070
134899
133865
133878
134970
134836
133759
134945
134829
133940
133890
134837
134697
133920
133904
134734
134597
133775
134658
134568
133913
133867
134572
134466
133783
134503
134409
133869
133795
134359
134220
133635
134218
134118
133654
133595
134072
133955
133477
133971
133889
133439
133896
133827
136007
135672
134251
134123
135827
135533
134011
133940
135669
135425
133931
133878
135462
135188
133464
135318
135313
134026
133817
135276
135195
133923
133752
135112
135017
133917
133867
135136
135025
133986
133949
135026
134929
133779
134942
134884
134017
133907
134869
134780
134004
133940
134805
134717
133848
134725
134659
134016
133944
134667
134579
133877
134614
134527
133976
133891
134479
134387
133788
134373
134292
133841
133766
134278
134196
133711
134216
134161
133705
134170
134114
137006
136729
135260
135190
136990
136718
135158
135146
136960
136680
135174
135195
136906
136582
134880
136623
136638
135207
135037
136586
136699
135375
135256
136648
136489
135213
135177
136524
136407
135407
135489
136638
136420
135294
136442
136424
135514
135435
136397
136282
135493
135491
136333
136149
135349
136226
136191
135543
135512
136234
136104
135421
136076
136029
135503
135471
136049
135919
135363
135944
135906
135473
135442
135920
135785
135364
135852
135799
135381
135820
135819
136027
135771
134307
134202
135876
135625
134082
134041
135729
135488
134007
133990
135578
135294
133617
135423
135353
133994
133851
135245
135163
133935
133852
135270
135168
134034
133967
135201
135008
133957
133929
135047
134948
133871
135092
135016
134146
134081
135058
134944
134157
134133
135005
134899
134067
134970
134883
134232
134183
134931
134813
134118
134867
134781
134223
134166
134785
134685
134097
134724
134637
134192
134146
134686
134609
134136
134672
134620
134182
134675
134624
135944
135657
134281
134137
135809
135568
134121
134011
135692
135510
134068
133980
135545
135334
133583
135300
135265
134091
133944
135419
135333
134113
133925
135238
135133
134039
133917
135230
135163
134184
134155
135252
135135
134030
135160
135114
134292
134211
135143
135069
134341
134297
135129
135052
134252
135100
135048
134456
134377
135067
135020
134386
135045
134982
134491
134429
135011
134940
134400
134976
134927
134535
134493
134990
134942
134514
135007
134985
134593
135048
135027
137043
136812
135368
135308
137071
136851
135343
135320
137080
136859
135395
135409
137043
136787
135147
136856
136913
135530
135353
136777
136736
135525
135481
136885
136798
135621
135487
136672
136605
135694
135794
136957
136773
135679
136799
136778
135914
135848
136781
136678
135946
135951
136764
136611
135862
136727
136703
136117
136104
136785
136635
135948
136643
136647
136167
136142
136716
136614
136103
136689
136666
136282
136281
136751
136661
136278
136770
136739
136372
136828
136834
135933
135693
134242
134123
135821
135602
134075
134001
135701
135514
134016
133992
135584
135394
133687
135402
135353
134046
133907
135388
135264
133961
133810
135179
135140
134082
134112
135356
135194
134045
133967
135142
135054
133959
135204
135141
134291
134242
135258
135157
134385
134362
135280
135195
134373
135304
135228
134589
134529
135277
135232
134546
135322
135233
134686
134633
135299
135229
134642
135303
135243
134810
134783
135370
135330
134863
135439
135420
134986
135514
135492
136081
135802
134424
134358
136003
135741
134313
134286
135915
135679
134310
134343
135830
135579
134027
135709
135597
134341
134187
135655
135612
134479
134479
135745
135549
134413
134333
135475
135407
134511
134552
135647
135532
134494
135611
135565
134799
134757
135675
135597
134919
134925
135738
135656
134925
135767
135731
135178
135169
135855
135788
135133
135819
135780
135325
135295
135872
135816
135314
135895
135879
135524
135521
136015
135985
135601
136096
136105
135755
136208
136234
136118
135969
134581
134476
136060
135911
134484
134402
135964
135837
134475
134481
135892
135717
134053
135790
135814
134669
134547
135903
135767
134564
134444
135693
135669
134633
134610
135744
135623
134691
134718
135759
135690
134663
135769
135746
134980
134948
135833
135779
135113
135129
135895
135843
135133
135960
135958
135430
135418
136042
135971
135351
136041
136011
135572
135563
136112
136053
135586
136172
136150
135820
135846
136315
136281
135930
136428
136430
136100
136569
136583
135845
135600
134173
134095
135752
135526
134054
134001
135630
135425
133958
133939
135542
135527
133873
135585
135360
134041
133878
135435
135378
134199
134120
135494
135358
134215
134197
135432
135308
134311
134324
135480
135431
134315
135504
135448
134634
134588
135573
135520
134795
134782
135674
135655
134853
135777
135755
135140
135074
135824
135794
135094
135865
135839
135354
135316
135981
135987
135415
136073
136075
135693
135666
136243
136256
135825
136397
136414
136019
136549
136559
137029
136807
135373
135326
137096
136868
135393
135387
137127
136907
135562
135561
137131
136766
135160
136896
137007
135734
135558
136962
136969
135805
135750
137129
137093
136014
135986
137184
137025
136059
136126
137253
137096
136070
137197
137204
136407
136374
137314
137247
136562
136600
137444
137343
136616
137449
137440
136885
136879
137585
137507
136908
137610
137626
137195
137199
137799
137756
137290
137884
137910
137582
137608
138110
138079
137734
138238
138262
137944
138405
138460
135990
135800
134403
134345
135932
135749
134329
134297
135852
135692
134375
134283
135741
135531
134012
135640
135679
134508
134454
135783
135694
134517
134438
135680
135565
134569
134598
135776
135659
134757
134832
135855
135768
134804
135906
135865
135111
135118
136011
135949
135296
135335
136114
136071
135378
136222
136192
135642
135647
136306
136253
135688
136394
136387
135965
135988
136565
136538
136101
136704
136713
136395
136436
136927
136918
136596
137106
137130
136831
137312
135930
135674
134235
134180
135874
135634
134170
134142
135790
135539
134102
134085
135757
135676
134028
135679
135560
134264
134178
135650
135578
134438
134362
135716
135649
134631
134555
135802
135714
134739
134772
135910
135847
134781
135956
135915
135129
135083
136065
136012
135317
135311
136188
136159
135385
136286
136243
135666
135643
136407
136384
135745
136520
136511
136056
136046
136719
136721
136214
136884
136896
136543
136552
137139
137156
136776
137361
137384
137038
137580
136816
136599
135166
135114
136878
136651
135204
135190
136918
136696
135294
135260
136845
136592
134988
136666
136749
135500
135421
136850
136842
135717
135656
136971
136915
135931
135898
137122
137002
136070
136136
137231
137078
136112
137215
137220
136462
136442
137368
137305
136653
136690
137526
137406
136700
137544
137548
137020
137037
137755
137697
137137
137853
137881
137482
137501
138110
138088
137654
138265
138308
138013
138049
138562
138559
138243
138765
138806
138521
139001
136807
136638
135170
135143
136862
136681
135216
135217
136893
136689
135240
135254
136860
136730
135103
136753
136854
135589
135434
136821
136839
135661
135616
136937
136859
135821
135835
137102
137100
136214
136252
137297
137166
136173
137278
137318
136547
136517
137436
137400
136742
136776
137588
137500
136815
137643
137650
137112
137136
137845
137817
137257
137975
138026
137616
137639
138243
138238
137808
138419
138475
138175
138222
138732
138739
138431
138949
139002
138718
139194
136023
135864
134379
134311
136005
135839
134350
134316
135961
135776
134317
134305
135885
135819
134164
135866
135791
134570
134422
135823
135793
134683
134675
136067
136022
134968
134907
136050
135950
135006
135048
136202
136165
135151
136315
136302
135528
135509
136477
136436
135746
135772
136646
136591
135839
136750
136747
136193
136198
136949
136931
136330
137096
137102
136673
136699
137364
137375
136907
137570
137594
137272
137318
137900
137931
137581
138155
138205
137884
138412
135987
135796
134422
134334
135977
135798
134409
134356
135941
135776
134412
134377
135850
135716
134205
135899
135892
134748
134638
135960
135882
134800
134778
136042
136006
135012
134995
136127
136103
135285
135285
136313
136268
135328
136417
136411
135718
135707
136607
136584
135973
135985
136774
136758
136106
136941
136928
136438
136453
137147
137143
136610
137317
137345
136979
137014
137616
137637
137237
137843
137885
137622
137683
138205
138241
137958
138484
138529
138280
138771
136930
136777
135328
135293
137025
136857
135412
135405
137076
136886
135518
135559
137156
136943
135409
137049
137062
135843
135779
137165
137157
136012
135992
137320
137336
136308
136330
137534
137466
136579
136624
137679
137558
136618
137730
137769
137020
137020
137943
137910
137277
137343
138164
138068
137385
138229
138265
137760
137808
138515
138481
137964
138677
138737
138348
138406
139014
139009
138623
139233
139300
139019
139107
139624
139628
139367
139886
139942
139687
140161
136025
135884
134452
134395
136029
135880
134455
134425
135997
135850
134517
134536
136012
135812
134294
135964
135929
134792
134703
136086
136050
134990
134952
136223
136133
135093
135061
136241
136231
135399
135459
136495
136453
135505
136618
136613
135904
135909
136822
136799
136188
136229
137023
137012
136345
137200
137195
136694
136731
137438
137441
136909
137641
137669
137296
137348
137971
138001
137598
138230
138278
138011
138085
138628
138675
138386
138928
138996
138735
139235
136010
135824
134404
134350
136021
135847
134424
134395
135993
135810
134450
134481
136039
135915
134391
136060
135984
134820
134688
136068
136030
134943
134922
136264
136212
135198
135189
136397
136342
135484
135529
136589
136542
135589
136714
136706
136002
135999
136934
136908
136290
136345
137177
137162
136461
137326
137334
136843
136870
137607
137619
137078
137825
137862
137491
137534
138182
138223
137813
138463
138513
138249
138319
138884
138933
138646
139211
139266
139010
139535
136752
136592
135156
135112
136846
136675
135251
135238
136913
136747
135405
135403
136914
136691
135211
136867
136968
135783
135686
137067
137131
136018
135961
137271
137221
136224
136261
137460
137389
136534
136597
137660
137552
136645
137736
137768
137060
137071
137991
137972
137360
137416
138215
138159
137532
138375
138410
137933
137988
138707
138692
138194
138911
138978
138623
138689
139311
139329
138960
139576
139655
139406
139495
140024
140058
139809
140338
140405
140181
140665
136747
136612
135150
135127
136838
136689
135250
135256
136905
136744
135366
135398
136951
136804
135315
136917
137017
135810
135690
137051
137086
135938
135906
137218
137231
136282
136330
137546
137487
136609
136653
137700
137614
136692
137785
137842
137128
137135
138051
138046
137428
137490
138285
138232
137598
138446
138505
138025
138079
138791
138797
138298
139015
139099
138743
138808
139424
139459
139091
139706
139798
139550
139640
140165
140211
139964
140486
140573
140344
140821
136090
135964
134515
134467
136126
135997
134558
134550
136139
136011
134637
134665
136175
136053
134553
136136
136142
135008
134913
136301
136338
135301
135245
136489
136439
135445
135438
136628
136603
135756
135831
136884
136856
135919
137034
137048
136354
136364
137284
137283
136669
136714
137536
137540
136881
137740
137764
137287
137339
138064
138092
137577
138321
138375
138025
138092
138730
138785
138399
139043
139114
138867
138956
139512
139581
139311
139864
139952
139711
140222
136073
135906
134488
134447
136111
135953
134563
134546
136123
135943
134597
134655
136213
136131
134630
136218
136181
135051
134949
136319
136284
135299
135238
136506
136494
135528
135545
136758
136705
135850
135908
136953
136925
136006
137117
137124
136451
136460
137375
137363
136782
136834
137652
137645
136997
137860
137889
137432
137480
138210
138242
137738
138483
138542
138206
138271
138913
138973
138600
139246
139314
139082
139173
139735
139800
139547
140109
140180
139956
140479
136738
136591
135146
135114
136844
136689
135281
135285
136947
136762
135410
135438
136969
136826
135348
136972
137059
135904
135823
137211
137246
136227
136132
137401
137397
136421
136458
137681
137608
136755
136832
137893
137811
136924
138011
138052
137362
137382
138300
138284
137690
137745
138569
138532
137932
138779
138830
138376
138446
139170
139178
138707
139428
139513
139182
139266
139893
139933
139592
140212
140300
140075
140184
140721
140773
140548
141080
141158
140956
141439
136739
136608
135148
135135
136844
136704
135286
135310
136950
136755
135388
135468
137026
136949
135424
137010
137087
135917
135794
137178
137210
136157
136130
137430
137464
136510
136544
137730
137670
136819
136892
137939
137868
136976
138064
138125
137425
137448
138363
138358
137763
137829
138633
138602
138006
138855
138926
138467
138540
139258
139280
138811
139530
139632
139296
139382
140006
140056
139717
140334
140442
140213
140322
140853
140912
140693
141217
141318
141112
141590
136149
136028
134600
134571
136205
136085
134691
134709
136271
136109
134765
134852
136308
136226
134731
136360
136382
135293
135196
136576
136559
135540
135491
136711
136682
135760
135806
136972
136958
136137
136215
137224
137213
136319
137407
137430
136775
136801
137693
137694
137116
137192
137985
138003
137389
138232
138279
137847
137920
138621
138671
138199
138930
139006
138696
138785
139401
139474
139131
139762
139853
139644
139753
140284
140369
140139
140675
140782
140579
141079
136141
135977
134539
134523
136200
136039
134624
134632
136244
136134
134806
134867
136367
136252
134732
136366
136317
135198
135145
136589
136576
135496
135472
136769
136740
135812
135844
137031
137000
136161
136227
137284
137267
136350
137477
137480
136804
136819
137752
137760
137172
137234
138068
138081
137441
138329
138366
137918
137981
138734
138785
138285
139056
139123
138796
138874
139543
139613
139245
139918
139994
139771
139871
140458
140531
140277
140857
140957
140729
141262
136745
136594
135098
135093
136865
136702
135260
135295
136959
136730
135357
135465
137120
136950
135416
137072
137146
135973
135881
137323
137355
136243
136210
137545
137544
136577
136618
137837
137776
136912
137018
138106
138022
137111
138234
138280
137579
137607
138538
138520
137923
138020
138870
138834
138226
139107
139166
138716
138798
139550
139575
139098
139851
139947
139621
139715
140369
140426
140077
140725
140826
140606
140722
141283
141352
141117
141671
141781
141573
142077
136653
136518
135045
135031
136771
136617
135198
135199
136850
136699
135411
135413
136950
136781
135289
136937
137067
135923
135870
137255
137280
136187
136177
137478
137494
136543
136582
137775
137720
136885
136977
138038
137969
137098
138182
138247
137572
137592
138503
138501
137914
137997
138828
138811
138229
139075
139154
138714
138799
139531
139565
139118
139842
139957
139638
139736
140371
140437
140115
140735
140858
140644
140764
141306
141381
141176
141706
141827
141637
142119
136668
136542
135069
135049
136792
136660
135242
135227
136884
136743
135422
135430
137006
136890
135383
136981
137090
135923
135849
137217
137291
136234
136245
137563
137564
136607
136644
137842
137778
136950
137042
138099
138027
137172
138251
138320
137640
137668
138578
138576
137997
138083
138903
138880
138318
139165
139244
138807
138895
139627
139660
139225
139946
140060
139746
139849
140484
140544
140236
140856
140977
140768
140894
141434
141503
141314
141845
141961
141781
142262
136647
136535
135053
135026
136770
136646
135215
135214
136869
136733
135396
135426
136996
136879
135342
136976
137106
135971
135896
137252
137288
136197
136138
137464
137512
136624
136675
137868
137805
136965
137057
138113
138055
137173
138270
138335
137661
137680
138598
138602
138023
138115
138937
138921
138333
139199
139277
138846
138931
139668
139709
139259
139997
140104
139798
139898
140538
140606
140287
140921
141033
140833
140957
141504
141584
141381
141922
142039
141856
142350
136724
136624
135115
135093
136851
136738
135274
135300
136965
136835
135465
135528
137106
136989
135423
137095
137228
136079
135974
137356
137408
136338
136317
137637
137613
136616
136664
137922
137939
137096
137182
138249
138192
137275
138399
138466
137777
137792
138732
138743
138149
138240
139086
139083
138462
139343
139420
138983
139067
139819
139867
139394
140153
140261
139949
140046
140701
140776
140436
141087
141204
140996
141117
141680
141768
141546
142102
142223
142026
142537
136215
136116
134680
134645
136302
136203
134804
134827
136384
136289
134983
135026
136501
136439
134929
136573
136572
135505
135455
136826
136809
135805
135794
137049
137053
136159
136206
137323
137292
136480
136577
137619
137633
136746
137860
137880
137234
137273
138184
138198
137636
137721
138533
138575
137971
138852
138900
138479
138568
139299
139366
138900
139667
139747
139450
139560
140206
140295
139961
140624
140721
140524
140652
141212
141320
141096
141662
141782
141586
142117
136200
136079
134669
134645
136287
136170
134792
134803
136374
136311
135018
135049
136498
136454
134972
136617
136592
135537
135470
136808
136791
135815
135811
137070
137068
136175
136208
137347
137358
136577
136643
137655
137669
136800
137897
137921
137299
137330
138227
138252
137716
137794
138594
138636
138044
138904
138965
138567
138652
139374
139448
138999
139749
139839
139561
139665
140304
140394
140077
140730
140830
140652
140775
141327
141440
141229
141782
141911
141731
142246
136685
136566
135091
135082
136817
136690
135276
135288
136918
136772
135448
135567
137128
136999
135484
137151
137201
136084
135996
137389
137431
136385
136361
137667
137673
136726
136774
137974
137956
137130
137230
138290
138239
137359
138474
138531
137866
137898
138822
138831
138265
138363
139201
139199
138612
139486
139561
139139
139237
139982
140031
139583
140335
140444
140144
140259
140908
140984
140668
141316
141436
141241
141376
141933
142024
141820
142372
142500
142319
142824
136575
136456
134996
134987
136700
136572
135169
135165
136820
136685
135352
135404
136944
136854
135405
137027
137079
135962
135894
137265
137309
136269
136261
137545
137548
136614
136671
137856
137836
137027
137127
138168
138118
137265
138359
138421
137763
137802
138715
138721
138160
138266
139088
139086
138520
139381
139462
139045
139147
139883
139935
139503
140241
140361
140068
140179
140820
140903
140598
141231
141364
141174
141309
141857
141949
141762
142304
142435
142264
142758
136553
136431
134972
134964
136678
136544
135150
135149
136797
136641
135353
135418
136934
136776
135349
136979
137076
135948
135883
137248
137297
136250
136249
137531
137530
136598
136658
137845
137812
137016
137118
138157
138093
137261
138346
138409
137750
137794
138705
138707
138152
138261
139078
139064
138518
139374
139455
139039
139146
139883
139925
139509
140243
140361
140068
140187
140828
140899
140611
141242
141371
141184
141326
141871
141954
141783
142323
142447
142285
142775
136507
136382
134926
134921
136630
136490
135102
135112
136747
136584
135308
135366
136895
136743
135319
136885
136983
135870
135840
137204
137254
136205
136206
137484
137480
136549
136613
137797
137755
136968
137073
138106
138032
137217
138296
138356
137696
137746
138655
138653
138106
138220
139033
139005
138475
139330
139407
138994
139106
139840
139874
139473
140204
140320
140027
140153
140792
140855
140580
141209
141335
141149
141296
141840
141917
141756
142296
142415
142259
142748
136444
136313
134861
134862
136562
136417
135035
135056
136677
136507
135238
135308
136819
136651
135259
136841
136918
135765
135724
137103
137165
136135
136139
137412
137404
136472
136540
137720
137669
136885
136996
138022
137942
137132
138213
138268
137609
137661
138572
138567
138024
138140
138955
138924
138395
139251
139322
138913
139028
139761
139791
139393
140126
140240
139949
140077
140715
140777
140505
141135
141259
141075
141225
141767
141842
141685
142225
142342
142189
142678
136355
136217
134772
134782
136471
136318
134944
134978
136581
136404
135139
135225
136716
136544
135150
136739
136816
135677
135627
136989
137020
135991
136012
137303
137298
136359
136432
137606
137546
136760
136881
137898
137814
137005
138093
138140
137481
137538
138450
138441
137899
138022
138830
138800
138272
139135
139200
138785
138905
139637
139665
139265
140004
140115
139824
139955
140592
140654
140379
141013
141136
140952
141104
141644
141721
141562
142103
142220
142065
142557
136232
136085
134649
134668
136343
136181
134819
134864
136449
136262
135005
135107
136576
136397
135008
136610
136665
135526
135483
136852
136867
135835
135846
137126
137119
136199
136280
137447
137373
136588
136719
137726
137638
136830
137928
137961
137302
137365
138280
138263
137721
137853
138652
138622
138093
138964
139025
138609
138733
139458
139480
139082
139829
139932
139640
139776
140411
140470
140196
140834
140951
140768
140924
141461
141537
141378
141921
142034
141879
142375
136054
135895
134472
134500
136159
135985
134635
134690
136257
136058
134811
134927
136376
136185
134809
136420
136454
135320
135274
136648
136647
135617
135631
136916
136881
135964
136050
137218
137132
136351
136493
137487
137393
136588
137697
137709
137050
137121
138042
138010
137470
137612
138402
138366
137840
138719
138766
138350
138486
139214
139223
138824
139577
139665
139374
139518
140153
140203
139932
140578
140683
140499
140660
141195
141266
141112
141658
141761
141608
142110
135790
135622
134219
134249
135888
135702
134368
134427
135975
135767
134528
134649
136082
135887
134520
136125
136145
135011
134967
136346
136329
135305
135314
136606
136541
135633
135723
136890
136785
136015
136167
137149
137042
136247
137369
137353
136695
136779
137705
137650
137116
137270
138047
138003
137483
138374
138396
137985
138126
138853
138850
138464
139230
139297
139003
139151
139786
139819
139560
140215
140298
140118
140288
140819
140880
140734
141288
141369
141224
141736
135314
135123
133744
133785
135390
135180
133871
133936
135450
135220
133999
134114
135535
135317
133985
135586
135571
134439
134410
135776
135708
134703
134725
136027
135919
135028
135143
136298
136146
135398
135575
136527
136393
135630
136784
136708
136053
136162
137093
136995
136476
136660
137406
137338
136845
137764
137735
137331
137491
138212
138163
137816
138614
138630
138341
138508
139146
139129
138907
139593
139625
139449
139637
140159
140192
140069
140640
140676
140556
141094
134754
134727
133296
133169
134839
134777
133394
133294
134905
134814
133497
133436
134998
134893
133420
134875
135047
133978
133809
135104
135179
134183
134088
135394
135395
134458
134450
135677
135619
134789
134846
135929
135861
134962
136080
136110
135453
135450
136423
136398
135820
135923
136764
136744
136142
137059
137090
136672
136748
137538
137531
137102
137873
137947
137654
137754
138450
138460
138175
138852
138918
138732
138867
139448
139488
139315
139904
139951
139802
140329
133283
133144
131752
131741
133317
133195
131816
131788
133319
133247
131870
131809
133347
133333
131780
133190
133344
132355
132144
133361
133436
132486
132423
133637
133634
132682
132755
133875
133893
132954
133084
134072
134108
133139
134238
134234
133602
133638
134530
134573
133899
134077
134813
134887
134219
135115
135172
134726
134835
135549
135633
135121
135881
135981
135668
135777
136408
136501
136143
136806
136917
136685
136836
137365
137459
137249
137796
137920
137697
138236
130753
130303
129090
129320
130688
130264
129145
129326
130587
130289
129187
129252
130523
130418
129077
130420
130410
129372
129434
130556
130423
129408
129715
130826
130516
129672
130019
130923
130771
130015
130198
130991
130965
130211
131195
131047
130434
130727
131483
131360
130821
131067
131651
131644
131202
131992
131857
131496
131839
132402
132355
131988
132714
132613
132353
132712
133208
133177
132950
133591
133516
133343
133702
134059
134063
134039
134528
134529
134373
134981
127206
127782
126183
125473
127165
127789
126089
125405
127133
127765
125992
125376
127178
127683
125776
126729
127265
126638
125927
126770
127473
126589
125897
126843
127643
126525
125868
127047
127793
126566
126004
127472
127835
126535
127148
127902
127215
126587
127378
128116
127244
126711
127965
128281
127262
127770
128553
127947
127410
128294
128747
128054
128457
129122
128735
128243
128982
129411
128872
129262
129861
129544
129123
129909
130218
129646
130079
130581
130287
130454
120834
121346
119630
119045
120629
121329
119360
118732
120415
121413
119007
118256
120253
121545
118444
118945
120165
120160
118477
118886
120258
119457
118468
119186
120333
119037
118241
119354
120685
118656
117685
119606
120663
118286
118265
119972
119234
118301
118916
120439
118798
117795
119547
120455
118508
118473
120243
119257
118468
119407
120840
118895
118669
120416
119751
118945
119698
121159
119378
119080
120948
120158
119343
120432
121401
119908
119911
121802
120426
119913
)
;

boundaryField
{
    inlet
    {
        type            calculated;
        value           nonuniform List<scalar> 0();
    }
    outlet
    {
        type            calculated;
        value           nonuniform List<scalar> 0();
    }
    front
    {
        type            empty;
    }
    back
    {
        type            empty;
    }
    hub
    {
        type            calculated;
        value           nonuniform List<scalar> 
75
(
101490
100923
103320
103281
99647.7
102234
101041
100502
99039.1
98978.3
99217.7
98204.7
97128.5
96763.1
96752.9
95612.8
94414.9
94362.8
94366.3
93251
92579.1
91876.2
92976.2
90805.8
90596.9
90359.2
90172.5
89305.9
88289
88128.5
87698.5
87116.3
85596
86892.6
85256.9
84305.1
84165.8
83928.7
83376.2
81710.3
82596
81332
80681.2
80047.9
79879.6
79349.5
77434.8
78530.4
77192.9
76103
75754.3
75629.5
74945.7
73283.1
74014.3
72696.3
71304.1
71862.6
71260.2
70449.1
68641.9
68865.5
68197.4
66327.4
66430.7
65775.5
63600.4
64171.1
63407.3
61942.2
61238.2
61069.2
60119.7
58492.7
58245
)
;
    }
    tip
    {
        type            calculated;
        value           nonuniform List<scalar> 
70
(
102332
102727
100892
100090
101407
101978
99940.3
99027.2
100464
101318
98941.6
97792.3
99572.1
100707
97750.7
97677.8
98804
98554.3
97012.3
96872.8
98153.1
97157.5
96132.5
96454.2
97494.5
96101.5
95107.8
95949.2
97148.8
95221.5
93830.6
95566.5
96500.5
94284
93725.8
95369.7
94520
93522.2
93823.3
95251
93737.9
92371.9
93959.1
94791.6
92997.6
92489
94215.3
93249.2
92282.6
93002.8
94367.4
92666.2
91942.6
93657.3
93014.5
92091.6
92611.5
94030.1
92498.4
91734.6
93577.4
92890.7
91886.8
92788
93777.3
92439.2
92067.7
93932.5
92823.9
91916.9
)
;
    }
    procBoundary3to2
    {
        type            processor;
        value           nonuniform List<scalar> 
165
(
75226.8
78337.8
82648.6
83228.7
87090.3
90555.1
91153.4
94107
94704.4
97654.8
100400
100950
103310
103874
106067
106601
108627
108970
109392
111147
111616
113201
116204
116062
115964
115771
115375
113654
115306
116204
116785
116785
117235
117235
118403
118403
118613
119787
119933
120128
121184
121260
121458
122421
122610
123517
123540
123742
124562
124540
124745
125441
125356
125585
126140
126261
126737
126817
127223
127086
127328
127617
127685
127959
128026
128239
128298
128459
128508
128660
128406
128736
128738
128804
129101
129480
129199
128827
128553
129101
129382
129382
129450
129493
129521
129932
129496
129658
129672
129782
129825
129955
130015
130111
130140
130135
130820
130203
130518
130585
130760
130919
130921
131930
131163
131578
131778
131778
133056
132139
132627
132932
132908
134495
133494
133786
135516
134307
134752
136578
135190
136003
136367
136310
138259
137347
137347
137593
139057
139268
138462
138820
140254
139306
139591
140749
140930
140308
140554
141561
141722
141188
141374
142207
142266
142409
142489
142671
142235
142378
142969
142910
142929
142901
142831
142708
142522
142249
141859
141182
140438
138349
134929
130954
121522
)
;
    }
    procBoundary3to4
    {
        type            processor;
        value           nonuniform List<scalar> 
160
(
111954
113331
115202
115299
116892
118225
118324
119426
119517
120530
121375
121455
122194
122263
122941
122989
123640
123685
123804
124457
124474
125143
125163
125916
125888
125969
126766
126792
127718
127629
127744
128746
128637
128769
129800
129824
130866
130697
130885
131845
131640
131842
132683
132446
132655
133316
133314
133833
133825
134252
133992
134211
134471
134446
134715
134683
134912
134869
135067
135017
135218
134847
135108
135171
135098
135262
135183
135342
135260
135423
135283
135769
135394
135443
135586
135487
135621
135518
135638
135534
135659
135465
136074
135470
135535
135649
135539
135692
135447
136234
135483
135567
135717
135442
136461
134793
134767
136699
136379
136379
135985
135985
134308
134308
136303
136035
134607
134607
134171
134969
134288
134136
135077
134201
134123
135181
134108
134314
134401
134046
135170
134268
134113
134951
134990
134219
134228
135127
134277
134232
134935
134955
134333
134310
134932
134956
134421
134372
134902
134843
134861
134841
134909
134483
134485
134903
134814
134798
134763
134714
134645
134546
134399
134176
133752
133175
131823
129483
125797
119477
)
;
    }
}


// ************************************************************************* //
